Name: Limestone
Type:  Rocks
Class:  Sedimentary
Subclass: Limestone
Particle Size:  0 - 75 Micrometers
Sample No.:  limestone.3
Owner:  JHU
Wavelength Range:  All
Origin:  Sample No. 381,  The Hunt and Salisbury Collection at the U.S. 
Geological Survey, Denver, Co.
Description: This is a very clean fine-grained to microcrystalline 
carbonate with little, if any, trace of clay.  There is, however, a trace 
of opaque material present.



Measurement:  Directional (10 Degree) Hemispherical Reflectance
First Column:  X
Second Column:  Y  
X Units:  Wavelength (micrometers)
Y Units:  Reflectance (percent)
First X Value:  14.0112
Last X Value:  0.4
Number of X Values:  2844
Additional Information:  None
14.983   16.3460
14.940   16.8230
14.897   17.5130
14.854   18.3180
14.812   18.4170
14.770   18.6950
14.728   18.6010
14.686   18.6360
14.645   18.8390
14.603   18.9790
14.562   19.0900
14.521   19.6360
14.481   19.6430
14.441   19.5210
14.400   19.7470
14.361   19.8620
14.321   19.7900
14.281   19.5880
14.242   18.9710
14.203   18.4680
14.164   18.1400
14.126   17.5660
14.087   16.4130
14.049   14.9440
14.011   13.4830
13.973   11.9650
13.936   10.2900
13.899    8.5604
13.861    6.6545
13.824    4.8429
13.788    3.3514
13.751    2.2829
13.715    1.6923
13.679    1.3953
13.643    1.3361
13.607    2.1626
13.571    4.0867
13.536    6.6500
13.500    9.5316
13.465   12.3100
13.430   14.8040
13.396   17.1650
13.361   19.4050
13.327   21.5640
13.293   23.5500
13.259   25.3070
13.225   26.9260
13.191   28.3840
13.158   29.5990
13.124   30.6810
13.091   31.6650
13.058   32.5790
13.026   33.3180
12.993   34.0050
12.960   34.5880
12.928   34.9440
12.896   35.2020
12.864   35.4400
12.832   35.6320
12.800   35.8840
12.769   36.1590
12.737   36.4530
12.706   36.7890
12.675   37.1260
12.644   37.3770
12.614   37.6280
12.583   37.7920
12.552   37.9190
12.522   38.0180
12.492   38.2300
12.462   38.4870
12.432   38.7760
12.402   39.0350
12.373   39.1890
12.343   39.2560
12.314   39.3810
12.285   39.4580
12.256   39.5100
12.227   39.5480
12.198   39.5770
12.169   39.5140
12.141   39.4370
12.113   39.3000
12.084   39.2320
12.056   39.1120
12.028   38.9100
12.000   38.6660
11.973   38.3960
11.945   37.9760
11.918   37.5310
11.890   36.8770
11.863   35.9660
11.836   34.4760
11.809   31.8880
11.782   27.2100
11.755   19.9070
11.729   13.0130
11.702   15.5080
11.676   22.6030
11.650   24.5420
11.624   23.2670
11.598   20.8950
11.572   17.9340
11.546   14.5660
11.520   11.2890
11.495    8.4093
11.469    6.4577
11.444    5.4603
11.419    5.1919
11.394    5.2654
11.369    5.7172
11.344    6.2846
11.319    6.9103
11.294    7.6288
11.270    8.6807
11.245   10.3020
11.221   12.7750
11.197   16.3710
11.173   21.2320
11.149   26.4060
11.125   29.9020
11.101   30.9830
11.077   31.1070
11.054   31.1520
11.030   31.2590
11.007   31.3700
10.983   31.4570
10.960   31.5360
10.937   31.7040
10.914   31.9070
10.891   32.0870
10.868   32.2270
10.846   32.3820
10.823   32.5110
10.800   32.6360
10.778   32.7800
10.755   33.0360
10.733   33.2690
10.711   33.4370
10.689   33.5200
10.667   33.5300
10.645   33.4950
10.623   33.4530
10.602   33.4540
10.580   33.4940
10.558   33.5100
10.537   33.6290
10.516   33.7570
10.494   33.9050
10.473   34.1050
10.452   34.2470
10.431   34.2960
10.410   34.2060
10.389   33.9610
10.368   33.5880
10.348   33.2400
10.327   32.9460
10.306   32.5770
10.286   32.2500
10.266   31.9900
10.245   31.7100
10.225   31.4620
10.205   31.2540
10.185   30.9890
10.165   30.6690
10.145   30.3160
10.125   29.9550
10.106   29.5210
10.086   29.0840
10.066   28.6720
10.047   28.4130
10.027   28.2740
10.008   28.0700
 9.989   27.8050
 9.970   27.4340
 9.950   26.9920
 9.931   26.6860
 9.912   26.5110
 9.893   26.3050
 9.875   26.1370
 9.856   26.0480
 9.837   25.9410
 9.819   25.8260
 9.800   25.5050
 9.781   25.0030
 9.763   24.5410
 9.745   24.2280
 9.726   24.0210
 9.708   23.8850
 9.690   23.7100
 9.672   23.6100
 9.654   23.6710
 9.636   23.7770
 9.618   23.9050
 9.600   24.0530
 9.582   24.2030
 9.565   24.5570
 9.547   25.1250
 9.530   25.8080
 9.512   26.3710
 9.495   26.6590
 9.477   26.8170
 9.460   26.8010
 9.443   26.6390
 9.426   26.5650
 9.409   26.5870
 9.392   26.4420
 9.375   26.0980
 9.358   25.7920
 9.341   25.5560
 9.324   25.4310
 9.307   25.4090
 9.291   25.4290
 9.274   25.5280
 9.257   25.7360
 9.241   25.9920
 9.225   26.2060
 9.208   26.3070
 9.192   26.3680
 9.175   26.3870
 9.159   26.1810
 9.143   25.5320
 9.127   24.2580
 9.111   22.1190
 9.095   20.5710
 9.079   21.3930
 9.063   23.6100
 9.047   25.3780
 9.032   26.3490
 9.016   26.7530
 9.000   26.6910
 8.985   26.3930
 8.969   26.0190
 8.954   25.7190
 8.938   25.6350
 8.923   25.6380
 8.908   25.5670
 8.892   25.3900
 8.877   25.3890
 8.862   25.6140
 8.847   25.9420
 8.832   26.3270
 8.817   26.6180
 8.802   26.6800
 8.787   26.4430
 8.772   25.8240
 8.757   25.0820
 8.742   24.5190
 8.727   24.2990
 8.713   24.3100
 8.698   24.3670
 8.684   24.4790
 8.669   24.7070
 8.655   24.9100
 8.640   25.0220
 8.626   25.0460
 8.612   24.8520
 8.597   24.4320
 8.583   23.9070
 8.569   23.3120
 8.555   22.7870
 8.541   22.3490
 8.527   21.9310
 8.513   21.4870
 8.499   20.9850
 8.485   20.3170
 8.471   19.5910
 8.457   19.0160
 8.443   18.6060
 8.430   18.2850
 8.416   18.0360
 8.402   17.8430
 8.389   17.7420
 8.375   17.8370
 8.361   18.2810
 8.348   19.0030
 8.335   19.8270
 8.321   20.5620
 8.308   21.0690
 8.295   21.2760
 8.281   21.2200
 8.268   21.0600
 8.255   20.8730
 8.242   20.6530
 8.229   20.3580
 8.216   19.9240
 8.203   19.2630
 8.190   18.3840
 8.177   17.4530
 8.164   16.5680
 8.151   15.7960
 8.138   15.3120
 8.126   15.1340
 8.113   15.2310
 8.100   15.5200
 8.088   15.8170
 8.075   16.0270
 8.062   16.1690
 8.050   16.2420
 8.037   16.3430
 8.025   16.4590
 8.013   16.5430
 8.000   16.5870
 7.988   16.6220
 7.976   16.6600
 7.963   16.7160
 7.951   16.7590
 7.939   16.7420
 7.927   16.6990
 7.915   16.7020
 7.903   16.7540
 7.891   16.8230
 7.879   16.8990
 7.867   16.9830
 7.855   16.9890
 7.843   16.8740
 7.831   16.6590
 7.819   16.3230
 7.808   15.9270
 7.796   15.4760
 7.784   15.0070
 7.772   14.5760
 7.761   14.1830
 7.749   13.8450
 7.737   13.5580
 7.726   13.2880
 7.715   13.0520
 7.703   12.8300
 7.692   12.6260
 7.680   12.5180
 7.669   12.5320
 7.657   12.6350
 7.646   12.7850
 7.635   12.9030
 7.624   12.9390
 7.613   12.8720
 7.601   12.7770
 7.590   12.6330
 7.579   12.4610
 7.568   12.2390
 7.557   11.9860
 7.546   11.6960
 7.535   11.3370
 7.524   10.9420
 7.513   10.5550
 7.502   10.1900
 7.492    9.9174
 7.481    9.7073
 7.470    9.5565
 7.459    9.4307
 7.449    9.3424
 7.438    9.2439
 7.427    9.1458
 7.417    9.0812
 7.406    9.0402
 7.395    8.9076
 7.385    8.6750
 7.374    8.3928
 7.364    8.0967
 7.353    7.8348
 7.343    7.6210
 7.333    7.3950
 7.322    7.1627
 7.312    6.9226
 7.302    6.6844
 7.291    6.4760
 7.281    6.2927
 7.271    6.0975
 7.261    5.9024
 7.251    5.7087
 7.240    5.5619
 7.230    5.4326
 7.220    5.3544
 7.210    5.2755
 7.200    5.1811
 7.190    5.1237
 7.180    5.0842
 7.170    5.0184
 7.160    4.9746
 7.151    4.9854
 7.141    5.0195
 7.131    5.0217
 7.121    5.0520
 7.111    5.0996
 7.102    5.1834
 7.092    5.3004
 7.082    5.4657
 7.072    5.7508
 7.063    6.1364
 7.053    6.6081
 7.044    7.1064
 7.034    7.5189
 7.025    7.8102
 7.015    7.9788
 7.006    8.0560
 6.996    8.0418
 6.987    8.0001
 6.977    7.9850
 6.968    7.9442
 6.959    7.8758
 6.949    7.8651
 6.940    7.8737
 6.931    7.8599
 6.921    7.8462
 6.912    7.8741
 6.903    7.8992
 6.894    7.9194
 6.885    7.9487
 6.875    7.9771
 6.866    8.0162
 6.857    8.0944
 6.848    8.1630
 6.839    8.2248
 6.830    8.2665
 6.821    8.3189
 6.812    8.3710
 6.803    8.4539
 6.794    8.5107
 6.785    8.5614
 6.777    8.5820
 6.768    8.6201
 6.759    8.6741
 6.750    8.7596
 6.741    8.8107
 6.733    8.8929
 6.724    8.9995
 6.715    9.0795
 6.707    9.1605
 6.698    9.2524
 6.689    9.3315
 6.681    9.4371
 6.672    9.5697
 6.663    9.7386
 6.655    9.8721
 6.646    9.9804
 6.638   10.1490
 6.629   10.3510
 6.621   10.4970
 6.612   10.6480
 6.604   10.8530
 6.596   11.0540
 6.587   11.2140
 6.579   11.3800
 6.571   11.5470
 6.562   11.7420
 6.554   11.9350
 6.546   12.1550
 6.537   12.3770
 6.529   12.5960
 6.521   12.8290
 6.513   13.0830
 6.505   13.3100
 6.496   13.4970
 6.488   13.6790
 6.480   13.9000
 6.472   14.1170
 6.464   14.3210
 6.456   14.5080
 6.448   14.7120
 6.440   14.8730
 6.432   15.0380
 6.424   15.1850
 6.416   15.3320
 6.408   15.5560
 6.400   15.7980
 6.392   16.0580
 6.384   16.3890
 6.377   16.7550
 6.369   17.1460
 6.361   17.3860
 6.353   17.2360
 6.345   16.6010
 6.338   15.6170
 6.330   14.5350
 6.322   13.4190
 6.314   12.2930
 6.307   11.2380
 6.299   10.2440
 6.291    9.3078
 6.284    8.4098
 6.276    7.5899
 6.269    6.9529
 6.261    6.4603
 6.253    6.0476
 6.246    5.7063
 6.239    5.3781
 6.231    5.1462
 6.223    5.0039
 6.216    4.9125
 6.209    4.8673
 6.201    4.8917
 6.194    4.9310
 6.186    4.8936
 6.179    4.8377
 6.172    4.7908
 6.164    4.7394
 6.157    4.6814
 6.150    4.6080
 6.142    4.5379
 6.135    4.4076
 6.128    4.2452
 6.121    4.1170
 6.113    3.9799
 6.106    3.8582
 6.099    3.7786
 6.092    3.7367
 6.085    3.7547
 6.078    3.8407
 6.070    3.9411
 6.063    4.0394
 6.056    4.1196
 6.049    4.1980
 6.042    4.2892
 6.035    4.3671
 6.028    4.4251
 6.021    4.5218
 6.014    4.6321
 6.007    4.7635
 6.000    4.8997
 5.993    5.0416
 5.986    5.1934
 5.979    5.3241
 5.973    5.4344
 5.966    5.5879
 5.959    5.7499
 5.952    5.8733
 5.945    6.0298
 5.938    6.2212
 5.931    6.4224
 5.925    6.6105
 5.918    6.7971
 5.911    6.9666
 5.904    7.1192
 5.898    7.2636
 5.891    7.3827
 5.884    7.4971
 5.878    7.6873
 5.871    7.8540
 5.864    7.9885
 5.858    8.1735
 5.851    8.3785
 5.845    8.5779
 5.838    8.7309
 5.831    8.8652
 5.825    8.9621
 5.818    9.0179
 5.812    9.0800
 5.805    9.1638
 5.799    9.2801
 5.792    9.4314
 5.786    9.5728
 5.779    9.6834
 5.773    9.8023
 5.767    9.8935
 5.760    9.9711
 5.754   10.0320
 5.747   10.1100
 5.741   10.2190
 5.735   10.3810
 5.728   10.5850
 5.722   10.8240
 5.716   11.0340
 5.709   11.2220
 5.703   11.3980
 5.697   11.4600
 5.691   11.4390
 5.684   11.5120
 5.678   11.5790
 5.672   11.5640
 5.666   11.5220
 5.660   11.4250
 5.653   11.3100
 5.647   11.1810
 5.641   11.0280
 5.635   10.8980
 5.629   10.7640
 5.623   10.6000
 5.617   10.4070
 5.611   10.2070
 5.604    9.9950
 5.598    9.7817
 5.592    9.5027
 5.586    9.1340
 5.580    8.7475
 5.574    8.3039
 5.568    7.8142
 5.562    7.2923
 5.556    6.7220
 5.551    6.1548
 5.545    5.5794
 5.539    5.0015
 5.533    4.4545
 5.527    3.9593
 5.521    3.5589
 5.515    3.3353
 5.509    3.2430
 5.503    3.1885
 5.497    3.1610
 5.492    3.1994
 5.486    3.3607
 5.480    3.6801
 5.474    4.2489
 5.468    5.1910
 5.463    6.5314
 5.457    8.2031
 5.451   10.0490
 5.446   11.9320
 5.440   13.7670
 5.434   15.5300
 5.428   17.2290
 5.423   18.8070
 5.417   20.3190
 5.411   21.7140
 5.406   22.9500
 5.400   24.0900
 5.394   25.1210
 5.389   26.0400
 5.383   26.8680
 5.378   27.6020
 5.372   28.2990
 5.367   28.9760
 5.361   29.5920
 5.356   30.1770
 5.350   30.7470
 5.345   31.2630
 5.339   31.6960
 5.333   32.0810
 5.328   32.4230
 5.322   32.7140
 5.317   32.9940
 5.312   33.2760
 5.306   33.6060
 5.301   33.9680
 5.295   34.3710
 5.290   34.8290
 5.285   35.2700
 5.279   35.7340
 5.274   36.2320
 5.268   36.7220
 5.263   37.2330
 5.258   37.7460
 5.252   38.2490
 5.247   38.7520
 5.242   39.2470
 5.237   39.7100
 5.231   40.1620
 5.226   40.6000
 5.221   40.9910
 5.215   41.3450
 5.210   41.6670
 5.205   41.9780
 5.200   42.2990
 5.194   42.6080
 5.189   42.9140
 5.184   43.1940
 5.179   43.4740
 5.174   43.7890
 5.169   44.0900
 5.164   44.3990
 5.158   44.6720
 5.153   44.8860
 5.148   45.1040
 5.143   45.3100
 5.138   45.4640
 5.133   45.6100
 5.128   45.7450
 5.123   45.8970
 5.118   46.0460
 5.113   46.1640
 5.107   46.2400
 5.103   46.2940
 5.098   46.3110
 5.093   46.2410
 5.088   46.0530
 5.082   45.7210
 5.077   45.0850
 5.073   44.0400
 5.068   42.9430
 5.063   42.4610
 5.058   42.9970
 5.053   44.1310
 5.048   45.3260
 5.043   46.2960
 5.038   47.0180
 5.033   47.5490
 5.028   47.9110
 5.023   48.1940
 5.019   48.4020
 5.014   48.5580
 5.009   48.6770
 5.004   48.7870
 4.999   48.8900
 4.994   48.9640
 4.990   49.0190
 4.985   49.0820
 4.980   49.1400
 4.975   49.2070
 4.970   49.2440
 4.966   49.2760
 4.961   49.3430
 4.956   49.3900
 4.951   49.4210
 4.947   49.4790
 4.942   49.5150
 4.937   49.5650
 4.933   49.6200
 4.928   49.6250
 4.923   49.6070
 4.919   49.6410
 4.914   49.6960
 4.909   49.7260
 4.905   49.7520
 4.900   49.7340
 4.895   49.7090
 4.891   49.7480
 4.886   49.8110
 4.882   49.8180
 4.877   49.7940
 4.872   49.8240
 4.868   49.8410
 4.863   49.8350
 4.859   49.8130
 4.854   49.8210
 4.849   49.8440
 4.845   49.8450
 4.840   49.8100
 4.836   49.7800
 4.832   49.7780
 4.827   49.8140
 4.822   49.8060
 4.818   49.7800
 4.814   49.7690
 4.809   49.7290
 4.805   49.7390
 4.800   49.7520
 4.796   49.7130
 4.791   49.6680
 4.787   49.6400
 4.782   49.6230
 4.778   49.5950
 4.774   49.5550
 4.769   49.5450
 4.765   49.5440
 4.761   49.4830
 4.756   49.4330
 4.752   49.3770
 4.747   49.3020
 4.743   49.2360
 4.739   49.1850
 4.734   49.1030
 4.730   48.9730
 4.726   48.8220
 4.721   48.6410
 4.717   48.4720
 4.713   48.2340
 4.709   47.9480
 4.704   47.6780
 4.700   47.3570
 4.696   46.9980
 4.691   46.5490
 4.687   45.9790
 4.683   45.2990
 4.679   44.4920
 4.675   43.5580
 4.670   42.5510
 4.666   41.5340
 4.662   40.5450
 4.658   39.7000
 4.654   39.0170
 4.649   38.4810
 4.645   38.0920
 4.641   37.8210
 4.637   37.6100
 4.633   37.4660
 4.629   37.3650
 4.625   37.2760
 4.620   37.2140
 4.616   37.2000
 4.612   37.2820
 4.608   37.4930
 4.604   37.8180
 4.600   38.2480
 4.596   38.7450
 4.592   39.2980
 4.588   39.8480
 4.584   40.3860
 4.580   40.9240
 4.576   41.4480
 4.572   41.8840
 4.567   42.2690
 4.564   42.6510
 4.559   43.0090
 4.556   43.3420
 4.551   43.6460
 4.548   43.9290
 4.543   44.1890
 4.540   44.4230
 4.536   44.6410
 4.532   44.8060
 4.528   44.9740
 4.524   45.1710
 4.520   45.4040
 4.516   45.6950
 4.512   45.9930
 4.508   46.4180
 4.504   46.8950
 4.500   47.3050
 4.496   47.6550
 4.492   47.8850
 4.488   48.0160
 4.485   48.0400
 4.481   47.9910
 4.477   47.8680
 4.473   47.6400
 4.469   47.3980
 4.465   47.1020
 4.461   46.7010
 4.458   46.2770
 4.454   45.9080
 4.450   45.6000
 4.446   45.3410
 4.442   45.2060
 4.439   45.1610
 4.435   45.1830
 4.431   45.2670
 4.427   45.4270
 4.423   45.6420
 4.420   45.9480
 4.416   46.2580
 4.412   46.5440
 4.408   46.8590
 4.404   47.1510
 4.401   47.4220
 4.397   47.6980
 4.393   47.9540
 4.390   48.1550
 4.386   48.3750
 4.382   48.5790
 4.378   48.7610
 4.375   48.9500
 4.371   49.1000
 4.367   49.1650
 4.364   49.2700
 4.360   49.3670
 4.356   49.3660
 4.353   49.2240
 4.349   48.9120
 4.346   48.4880
 4.342   47.9660
 4.338   47.4580
 4.335   47.0210
 4.331   46.6260
 4.327   46.2460
 4.324   45.8760
 4.320   45.5060
 4.316   45.0630
 4.313   44.6070
 4.309   44.1910
 4.306   43.7650
 4.302   43.3090
 4.299   42.8420
 4.295   42.3670
 4.292   41.8600
 4.288   41.3570
 4.284   40.8480
 4.281   40.3660
 4.277   39.9550
 4.274   39.5560
 4.270   39.2470
 4.267   39.2840
 4.263   39.7170
 4.260   40.2960
 4.256   40.8100
 4.253   41.2150
 4.249   41.5410
 4.246   41.7710
 4.242   41.9810
 4.239   42.2580
 4.235   42.6290
 4.232   43.0610
 4.229   43.5670
 4.225   44.1020
 4.222   44.6060
 4.218   45.1230
 4.215   45.6130
 4.211   46.0950
 4.208   46.5730
 4.205   46.9860
 4.201   47.3470
 4.198   47.5830
 4.194   47.7030
 4.191   47.7450
 4.188   47.7410
 4.184   47.7280
 4.181   47.6660
 4.177   47.5930
 4.174   47.4990
 4.171   47.4040
 4.167   47.2840
 4.164   47.1210
 4.161   46.9310
 4.157   46.7110
 4.154   46.4520
 4.151   46.2680
 4.147   46.2110
 4.144   46.2070
 4.141   46.1860
 4.137   46.1920
 4.134   46.1930
 4.131   46.1590
 4.128   46.1100
 4.124   46.0570
 4.121   45.9960
 4.118   45.8940
 4.114   45.7690
 4.111   45.6740
 4.108   45.5450
 4.105   45.3870
 4.101   45.2240
 4.098   45.0570
 4.095   44.8590
 4.092   44.6250
 4.088   44.3750
 4.085   44.0980
 4.082   43.7560
 4.079   43.4120
 4.076   43.0490
 4.072   42.6430
 4.069   42.2270
 4.066   41.7990
 4.063   41.3360
 4.060   40.8560
 4.056   40.3310
 4.053   39.7710
 4.050   39.1580
 4.047   38.4930
 4.044   37.7980
 4.041   37.0250
 4.037   36.1720
 4.034   35.3010
 4.031   34.3600
 4.028   33.3820
 4.025   32.3300
 4.022   31.1590
 4.019   29.9210
 4.016   28.5920
 4.013   27.1460
 4.009   25.6050
 4.006   24.0480
 4.003   22.4930
 4.000   21.0050
 3.997   19.5680
 3.994   18.1850
 3.991   16.8120
 3.988   15.4260
 3.985   13.9890
 3.982   12.4760
 3.979   10.9210
 3.976    9.4542
 3.973    8.2279
 3.970    7.3569
 3.966    6.8506
 3.963    6.6237
 3.960    6.5427
 3.957    6.5044
 3.954    6.5456
 3.951    6.6275
 3.948    6.6694
 3.945    6.7279
 3.942    6.8302
 3.939    6.9650
 3.936    7.1315
 3.933    7.3039
 3.930    7.4910
 3.927    7.6378
 3.924    7.7595
 3.921    7.9056
 3.918    8.0880
 3.916    8.3901
 3.913    8.8626
 3.910    9.5015
 3.907   10.2540
 3.904   11.0410
 3.901   11.8290
 3.898   12.5240
 3.895   13.0750
 3.892   13.3980
 3.889   13.5130
 3.886   13.5370
 3.883   13.5730
 3.880   13.7100
 3.877   13.9650
 3.875   14.2750
 3.872   14.5870
 3.869   14.9300
 3.866   15.3280
 3.863   15.8650
 3.860   16.6130
 3.857   17.6460
 3.854   18.9840
 3.852   20.5680
 3.849   22.1530
 3.846   23.4260
 3.843   24.2100
 3.840   24.4900
 3.837   24.3600
 3.834   23.9540
 3.832   23.3620
 3.829   22.6060
 3.826   21.7060
 3.823   20.7300
 3.820   19.6950
 3.817   18.6230
 3.815   17.5340
 3.812   16.4840
 3.809   15.6760
 3.806   15.2400
 3.804   15.2430
 3.801   15.6640
 3.798   16.3170
 3.795   17.0940
 3.792   17.9950
 3.790   18.9730
 3.787   20.0190
 3.784   21.1020
 3.781   22.2180
 3.779   23.2990
 3.776   24.4120
 3.773   25.5490
 3.770   26.6690
 3.768   27.7970
 3.765   28.9870
 3.762   30.2310
 3.759   31.5490
 3.757   32.9470
 3.754   34.3680
 3.751   35.8430
 3.748   37.3230
 3.746   38.7000
 3.743   39.9340
 3.740   40.9800
 3.738   41.8010
 3.735   42.4730
 3.732   43.0190
 3.730   43.4050
 3.727   43.7420
 3.724   44.0210
 3.722   44.2580
 3.719   44.5040
 3.716   44.7210
 3.714   44.9180
 3.711   45.0550
 3.708   45.2360
 3.706   45.4630
 3.703   45.6870
 3.700   45.8710
 3.698   46.0580
 3.695   46.2710
 3.692   46.4450
 3.690   46.6010
 3.687   46.7760
 3.684   46.9170
 3.682   47.0350
 3.679   47.1140
 3.677   47.2190
 3.674   47.3190
 3.672   47.3670
 3.669   47.4100
 3.666   47.4840
 3.664   47.5230
 3.661   47.5650
 3.659   47.6060
 3.656   47.6450
 3.653   47.6820
 3.651   47.6830
 3.648   47.6720
 3.646   47.6810
 3.643   47.7170
 3.641   47.7390
 3.638   47.7340
 3.636   47.7110
 3.633   47.7180
 3.630   47.7330
 3.628   47.7150
 3.625   47.6690
 3.623   47.6180
 3.620   47.5900
 3.618   47.5720
 3.615   47.5900
 3.613   47.5660
 3.610   47.5060
 3.608   47.4640
 3.605   47.4140
 3.603   47.3660
 3.600   47.3480
 3.598   47.3070
 3.595   47.2470
 3.593   47.2000
 3.590   47.1320
 3.588   47.0550
 3.585   46.9770
 3.583   46.9420
 3.580   46.8900
 3.578   46.7510
 3.575   46.6100
 3.573   46.4740
 3.570   46.3080
 3.568   46.1070
 3.565   45.8220
 3.563   45.5050
 3.561   45.0760
 3.558   44.4710
 3.556   43.7520
 3.553   42.9800
 3.551   42.2750
 3.548   41.9040
 3.546   41.9720
 3.543   42.2630
 3.541   42.5310
 3.539   42.6140
 3.536   42.5010
 3.534   42.2830
 3.531   41.9140
 3.529   41.3890
 3.527   40.7870
 3.524   40.1300
 3.522   39.2870
 3.519   38.3150
 3.517   37.2420
 3.515   36.0440
 3.512   34.6930
 3.510   33.1960
 3.507   31.5940
 3.505   29.9080
 3.503   28.1580
 3.500   26.3550
 3.498   24.5540
 3.496   22.8400
 3.493   21.2890
 3.491   19.9550
 3.489   18.8690
 3.486   18.0010
 3.484   17.2380
 3.482   16.5950
 3.479   16.0520
 3.477   15.5240
 3.475   15.0040
 3.472   14.5070
 3.470   14.0630
 3.468   13.6800
 3.465   13.3480
 3.463   13.0660
 3.461   12.7860
 3.458   12.5510
 3.456   12.3600
 3.454   12.1530
 3.451   12.0080
 3.449   11.9900
 3.447   12.1250
 3.445   12.4330
 3.442   12.9020
 3.440   13.4890
 3.438   14.2690
 3.436   15.1450
 3.433   16.0490
 3.431   16.9020
 3.429   17.6490
 3.426   18.2160
 3.424   18.6230
 3.422   18.9860
 3.420   19.3100
 3.417   19.5830
 3.415   19.7650
 3.413   19.9590
 3.411   20.1380
 3.408   20.2920
 3.406   20.4080
 3.404   20.5040
 3.402   20.6740
 3.399   20.9140
 3.397   21.1550
 3.395   21.3430
 3.393   21.5350
 3.391   21.7400
 3.388   21.8900
 3.386   22.0800
 3.384   22.4760
 3.382   23.0700
 3.380   23.6860
 3.377   24.1470
 3.375   24.3470
 3.373   24.2650
 3.371   23.9760
 3.369   23.5170
 3.366   22.9850
 3.364   22.4940
 3.362   21.9640
 3.360   21.4300
 3.358   20.9350
 3.355   20.4970
 3.353   20.1280
 3.351   19.7950
 3.349   19.4160
 3.347   19.0330
 3.345   18.7490
 3.342   18.5110
 3.340   18.3490
 3.338   18.2780
 3.336   18.2670
 3.334   18.3200
 3.332   18.3890
 3.330   18.4380
 3.327   18.3670
 3.325   18.1810
 3.323   17.9280
 3.321   17.6100
 3.319   17.2150
 3.317   16.8070
 3.315   16.3370
 3.313   15.8170
 3.310   15.5290
 3.308   15.5000
 3.306   15.7840
 3.304   16.4050
 3.302   17.4300
 3.300   19.1460
 3.298   21.5860
 3.296   24.4900
 3.294   27.4680
 3.292   29.9820
 3.289   31.8720
 3.287   33.2560
 3.285   34.3430
 3.283   35.2350
 3.281   35.9370
 3.279   36.4580
 3.277   36.9350
 3.275   37.3370
 3.273   37.6610
 3.271   37.9550
 3.269   38.2160
 3.267   38.4620
 3.265   38.6920
 3.263   38.8900
 3.261   39.0520
 3.258   39.1580
 3.256   39.3080
 3.254   39.5040
 3.252   39.6690
 3.250   39.8020
 3.248   39.8560
 3.246   39.9070
 3.244   39.9980
 3.242   40.0760
 3.240   40.1440
 3.238   40.2360
 3.236   40.2990
 3.234   40.2930
 3.232   40.2840
 3.230   40.3210
 3.228   40.3820
 3.226   40.4280
 3.224   40.4570
 3.222   40.4260
 3.220   40.4260
 3.218   40.4340
 3.216   40.4370
 3.214   40.4660
 3.212   40.4740
 3.210   40.4370
 3.208   40.3820
 3.206   40.3580
 3.204   40.3670
 3.202   40.3170
 3.200   40.2390
 3.198   40.2120
 3.196   40.2170
 3.194   40.1710
 3.192   40.1050
 3.190   40.0580
 3.188   39.9930
 3.186   39.9290
 3.184   39.8490
 3.182   39.8000
 3.180   39.7580
 3.179   39.6780
 3.177   39.6180
 3.175   39.5570
 3.173   39.5160
 3.171   39.4230
 3.169   39.3200
 3.167   39.2140
 3.165   39.1300
 3.163   39.0710
 3.161   38.9710
 3.159   38.8670
 3.157   38.7740
 3.155   38.6180
 3.153   38.4310
 3.152   38.2740
 3.150   38.1340
 3.148   37.9690
 3.146   37.7840
 3.144   37.6270
 3.142   37.5110
 3.140   37.3650
 3.138   37.2570
 3.136   37.1460
 3.134   37.0120
 3.132   36.9310
 3.131   36.8810
 3.129   36.7920
 3.127   36.6840
 3.125   36.6280
 3.123   36.5630
 3.121   36.4650
 3.119   36.4070
 3.117   36.3410
 3.115   36.2070
 3.114   36.0560
 3.112   35.9800
 3.110   35.9250
 3.108   35.8550
 3.106   35.8140
 3.104   35.7210
 3.102   35.5660
 3.101   35.4920
 3.099   35.4410
 3.097   35.3100
 3.095   35.1810
 3.093   35.0650
 3.091   34.9690
 3.090   34.7950
 3.088   34.6740
 3.086   34.6100
 3.084   34.5680
 3.082   34.5210
 3.080   34.4330
 3.079   34.3380
 3.077   34.3020
 3.075   34.3040
 3.073   34.2920
 3.071   34.3020
 3.069   34.3130
 3.067   34.3380
 3.066   34.3250
 3.064   34.2680
 3.062   34.2280
 3.060   34.2270
 3.059   34.2170
 3.057   34.1750
 3.055   34.1060
 3.053   34.0830
 3.051   34.0900
 3.050   33.9860
 3.048   33.9200
 3.046   33.8640
 3.044   33.8210
 3.042   33.7290
 3.041   33.6580
 3.039   33.6310
 3.037   33.5740
 3.035   33.5500
 3.033   33.5370
 3.032   33.4910
 3.030   33.4680
 3.028   33.4530
 3.026   33.4180
 3.025   33.3660
 3.023   33.2870
 3.021   33.1990
 3.019   33.2060
 3.018   33.1690
 3.016   33.0890
 3.014   33.0380
 3.012   32.9860
 3.011   32.9010
 3.009   32.8280
 3.007   32.7630
 3.005   32.6550
 3.004   32.5830
 3.002   32.5910
 3.000   32.5590
 2.998   32.4770
 2.997   32.3640
 2.995   32.2090
 2.993   32.1190
 2.991   32.0470
 2.990   31.9710
 2.988   31.9090
 2.986   31.8380
 2.985   31.7850
 2.983   31.7650
 2.981   31.6980
 2.979   31.5560
 2.978   31.4280
 2.976   31.3970
 2.974   31.3650
 2.973   31.3320
 2.971   31.2390
 2.969   31.1560
 2.967   31.1180
 2.966   31.0580
 2.964   31.0360
 2.962   31.0060
 2.961   30.9270
 2.959   30.8560
 2.957   30.8270
 2.956   30.7880
 2.954   30.7550
 2.952   30.6870
 2.951   30.6490
 2.949   30.6310
 2.947   30.5650
 2.946   30.5280
 2.944   30.5370
 2.942   30.5500
 2.941   30.4660
 2.939   30.4400
 2.937   30.4500
 2.936   30.4240
 2.934   30.3720
 2.932   30.3610
 2.931   30.3820
 2.929   30.4040
 2.927   30.4420
 2.926   30.4440
 2.924   30.4060
 2.922   30.3980
 2.921   30.3980
 2.919   30.4370
 2.917   30.4770
 2.916   30.5040
 2.914   30.5250
 2.912   30.5230
 2.911   30.5470
 2.909   30.5340
 2.908   30.5460
 2.906   30.6320
 2.904   30.6880
 2.903   30.7000
 2.901   30.7290
 2.899   30.8330
 2.898   30.9330
 2.896   30.9740
 2.895   30.9930
 2.893   31.0340
 2.891   31.0770
 2.890   31.1270
 2.888   31.1980
 2.886   31.2710
 2.885   31.2980
 2.883   31.3200
 2.882   31.4500
 2.880   31.6100
 2.878   31.6730
 2.877   31.7170
 2.875   31.7740
 2.874   31.8670
 2.872   31.9520
 2.870   32.0460
 2.869   32.1240
 2.867   32.2380
 2.866   32.3380
 2.864   32.4100
 2.863   32.4790
 2.861   32.5630
 2.859   32.6580
 2.858   32.7640
 2.856   32.8320
 2.855   32.9010
 2.853   32.9790
 2.852   33.0330
 2.850   33.1610
 2.848   33.3240
 2.847   33.4370
 2.845   33.5590
 2.844   33.6490
 2.842   33.7840
 2.841   33.9630
 2.839   34.0530
 2.837   34.0640
 2.836   34.1250
 2.834   34.2580
 2.833   34.3880
 2.831   34.5280
 2.830   34.6580
 2.828   34.8100
 2.827   34.9130
 2.825   34.9870
 2.824   35.1250
 2.822   35.2160
 2.821   35.2960
 2.819   35.3930
 2.817   35.5610
 2.816   35.6450
 2.814   35.7330
 2.813   35.8680
 2.811   35.9900
 2.810   36.1230
 2.808   36.2010
 2.807   36.2850
 2.805   36.3570
 2.804   36.4020
 2.802   36.5570
 2.801   36.6430
 2.799   36.7120
 2.798   36.8120
 2.796   36.8730
 2.795   36.9780
 2.793   37.0560
 2.792   37.0690
 2.790   37.1250
 2.789   37.2180
 2.787   37.3100
 2.786   37.3880
 2.784   37.4020
 2.783   37.4390
 2.781   37.5590
 2.780   37.5690
 2.778   37.5040
 2.777   37.5280
 2.775   37.5340
 2.774   37.5470
 2.772   37.5550
 2.771   37.5320
 2.769   37.6020
 2.768   37.6590
 2.766   37.6790
 2.765   37.6430
 2.763   37.5170
 2.762   37.6330
 2.761   38.1220
 2.759   38.5950
 2.757   38.9510
 2.756   39.2410
 2.755   39.5370
 2.753   39.8370
 2.752   40.0940
 2.750   40.3610
 2.749   40.6160
 2.747   40.8510
 2.746   41.0440
 2.744   41.2080
 2.743   41.3820
 2.741   41.5250
 2.740   41.6830
 2.739   41.9030
 2.737   42.2380
 2.736   42.5510
 2.734   42.8390
 2.733   43.1330
 2.731   43.3680
 2.730   43.5760
 2.728   43.7060
 2.727   43.8510
 2.726   43.9720
 2.724   44.1470
 2.723   44.3970
 2.721   44.6070
 2.720   44.8530
 2.719   45.1130
 2.717   45.2770
 2.716   45.3750
 2.714   45.4250
 2.713   45.4370
 2.711   45.3980
 2.710   45.3250
 2.708   45.3300
 2.707   45.3880
 2.706   45.4510
 2.704   45.6270
 2.703   45.8860
 2.701   46.1590
 2.700   46.4870
 2.699   46.7690
 2.697   46.9340
 2.696   47.0550
 2.695   47.1160
 2.693   47.2360
 2.692   47.4710
 2.690   47.6260
 2.689   47.6700
 2.688   47.7080
 2.686   47.8130
 2.685   47.9380
 2.683   48.0060
 2.682   48.0590
 2.680   48.1770
 2.679   48.2720
 2.678   48.3120
 2.676   48.3450
 2.675   48.4000
 2.674   48.5030
 2.672   48.5220
 2.671   48.4030
 2.670   48.4500
 2.668   48.5950
 2.667   48.6510
 2.665   48.6500
 2.664   48.6900
 2.663   48.7800
 2.661   48.8130
 2.660   48.8460
 2.659   48.8900
 2.657   48.8890
 2.656   48.8580
 2.655   48.9090
 2.653   48.9220
 2.652   48.9280
 2.650   48.9590
 2.649   48.9740
 2.648   48.9730
 2.646   48.9860
 2.645   49.0170
 2.644   49.0580
 2.642   49.0060
 2.641   48.9730
 2.640   49.0030
 2.638   48.9980
 2.637   48.9970
 2.636   49.0190
 2.634   48.9810
 2.633   48.9160
 2.632   48.8790
 2.630   48.8870
 2.629   48.9360
 2.627   48.8810
 2.626   48.8760
 2.625   48.9430
 2.624   48.9480
 2.622   48.9490
 2.621   48.8780
 2.620   48.8550
 2.618   48.9100
 2.617   48.9070
 2.616   48.9370
 2.614   48.9310
 2.613   48.8940
 2.612   48.9100
 2.610   48.9360
 2.609   48.9420
 2.608   48.9140
 2.606   48.8540
 2.605   48.8330
 2.604   48.8850
 2.603   48.8740
 2.601   48.8690
 2.600   48.9150
 2.599   48.9220
 2.597   48.8760
 2.596   48.7300
 2.595   48.6510
 2.593   48.7610
 2.592   48.8400
 2.591   48.8270
 2.590   48.7980
 2.588   48.7750
 2.587   48.7550
 2.586   48.7660
 2.584   48.6760
 2.583   48.6700
 2.582   48.7130
 2.580   48.7060
 2.579   48.7100
 2.578   48.6780
 2.577   48.6490
 2.575   48.6800
 2.574   48.6470
 2.573   48.6160
 2.571   48.6260
 2.570   48.5670
 2.569   48.5370
 2.568   48.5490
 2.566   48.4870
 2.565   48.4080
 2.564   48.3670
 2.563   48.3450
 2.561   48.3240
 2.560   48.3220
 2.559   48.3330
 2.558   48.3170
 2.556   48.2580
 2.555   48.2300
 2.554   48.1480
 2.553   48.0620
 2.551   47.9920
 2.550   47.9650
 2.549   47.9750
 2.547   47.8710
 2.546   47.7370
 2.545   47.5740
 2.544   47.4570
 2.543   47.3560
 2.541   47.2060
 2.540   47.0200
 2.539   46.8420
 2.538   46.6590
 2.536   46.4900
 2.535   46.3220
 2.534   46.1190
 2.533   45.9620
 2.531   45.8340
 2.530   45.6790
 2.529   45.5030
 2.528   45.3550
 2.526   45.2630
 2.525   45.2010
 2.524   45.0420
 2.523   44.8790
 2.522   44.8160
 2.520   44.7550
 2.519   44.6660
 2.518   44.6410
 2.517   44.6790
 2.515   44.6930
 2.514   44.6600
 2.513   44.6030
 2.512   44.6320
 2.511   44.7300
 2.509   44.7800
 2.508   44.7860
 2.507   44.8330
 2.506   44.8820
 2.504   44.9360
 2.503   45.0290
 2.502   45.0840
 2.501   45.1240
 2.500   45.1770
 2.498   45.2330
 2.497   45.2860
 2.496   45.3360
 2.495   45.3670
 2.494   45.4420
 2.492   45.5060
 2.491   45.5720
 2.490   45.6300
 2.489   45.6970
 2.488   45.7720
 2.486   45.8560
 2.485   45.9020
 2.484   45.9540
 2.483   46.0390
 2.482   46.1150
 2.481   46.1490
 2.479   46.1690
 2.478   46.2030
 2.477   46.2610
 2.476   46.2800
 2.474   46.2890
 2.473   46.3140
 2.472   46.3050
 2.471   46.2680
 2.470   46.2920
 2.469   46.3160
 2.467   46.3220
 2.466   46.2950
 2.465   46.2660
 2.464   46.3350
 2.463   46.3940
 2.462   46.3750
 2.460   46.4170
 2.459   46.4600
 2.458   46.4410
 2.457   46.4590
 2.456   46.4520
 2.455   46.4670
 2.454   46.4780
 2.452   46.5600
 2.451   46.6600
 2.450   46.7750
 2.449   46.7470
 2.448   46.6970
 2.446   46.8170
 2.445   46.9440
 2.444   46.9970
 2.443   47.0230
 2.442   47.0810
 2.441   47.1510
 2.440   47.1930
 2.438   47.1960
 2.437   47.2030
 2.436   47.2830
 2.435   47.3410
 2.434   47.3840
 2.433   47.4050
 2.432   47.3850
 2.430   47.4270
 2.429   47.4670
 2.428   47.5460
 2.427   47.5810
 2.426   47.5470
 2.425   47.6100
 2.424   47.6970
 2.422   47.6610
 2.421   47.6640
 2.420   47.7120
 2.419   47.7150
 2.418   47.7160
 2.417   47.7540
 2.416   47.8040
 2.415   47.8510
 2.414   47.8480
 2.412   47.8950
 2.411   47.8360
 2.410   47.7770
 2.409   47.7910
 2.408   47.7860
 2.407   47.8560
 2.406   47.8630
 2.405   47.8800
 2.403   47.9050
 2.402   47.8750
 2.401   47.9060
 2.400   47.9260
 2.399   47.8970
 2.398   47.8430
 2.397   47.8290
 2.396   47.8780
 2.394   47.8960
 2.393   47.8900
 2.392   47.8880
 2.391   47.9100
 2.390   47.9130
 2.389   47.8580
 2.388   47.8990
 2.387   47.9130
 2.386   47.8610
 2.385   47.8700
 2.384   47.8800
 2.382   47.8020
 2.381   47.8160
 2.380   47.8600
 2.379   47.8690
 2.378   47.9290
 2.377   47.9010
 2.376   47.8630
 2.375   47.8960
 2.374   47.9070
 2.373   47.9260
 2.372   47.9230
 2.370   47.9370
 2.369   47.9350
 2.368   47.8930
 2.367   47.9060
 2.366   47.9170
 2.365   47.8970
 2.364   47.8980
 2.363   47.9320
 2.362   47.9010
 2.361   47.8530
 2.360   47.8490
 2.359   47.9180
 2.357   47.9090
 2.356   47.8060
 2.355   47.7570
 2.354   47.7120
 2.353   47.6950
 2.352   47.6360
 2.351   47.5660
 2.350   47.5300
 2.349   47.4990
 2.348   47.4680
 2.347   47.4320
 2.346   47.3290
 2.345   47.2390
 2.344   47.1950
 2.343   47.1500
 2.341   47.0610
 2.341   47.0050
 2.339   46.9790
 2.338   46.8940
 2.337   46.7510
 2.336   46.6800
 2.335   46.6660
 2.334   46.5230
 2.333   46.4720
 2.332   46.4590
 2.331   46.3420
 2.330   46.2090
 2.329   46.1420
 2.328   46.1490
 2.327   46.1270
 2.326   46.1180
 2.325   46.0990
 2.324   46.0710
 2.323   46.0350
 2.322   45.9970
 2.321   46.0510
 2.320   46.0790
 2.318   46.0440
 2.317   46.1010
 2.316   46.1610
 2.315   46.1510
 2.314   46.1320
 2.313   46.1190
 2.312   46.1460
 2.311   46.2430
 2.310   46.2430
 2.309   46.2210
 2.308   46.2320
 2.307   46.2500
 2.306   46.3030
 2.305   46.2960
 2.304   46.2890
 2.303   46.2900
 2.302   46.3290
 2.301   46.3710
 2.300   46.3550
 2.299   46.3120
 2.298   46.3370
 2.297   46.3890
 2.296   46.4030
 2.295   46.3580
 2.294   46.3760
 2.293   46.4850
 2.292   46.4780
 2.291   46.4670
 2.290   46.5960
 2.289   46.6020
 2.288   46.5050
 2.287   46.5750
 2.286   46.5980
 2.285   46.5580
 2.284   46.5880
 2.283   46.5790
 2.282   46.5370
 2.281   46.5770
 2.280   46.5970
 2.279   46.6000
 2.278   46.5750
 2.277   46.5370
 2.276   46.5200
 2.275   46.5230
 2.274   46.5200
 2.273   46.5400
 2.272   46.5770
 2.271   46.5940
 2.270   46.5880
 2.269   46.5900
 2.268   46.6120
 2.267   46.6200
 2.266   46.6190
 2.265   46.6660
 2.264   46.6550
 2.263   46.6500
 2.262   46.6720
 2.261   46.7310
 2.260   46.7390
 2.259   46.7920
 2.258   46.8380
 2.257   46.8150
 2.256   46.7430
 2.255   46.7610
 2.254   46.8220
 2.253   46.8450
 2.252   46.8780
 2.251   46.9460
 2.250   46.9300
 2.249   46.9040
 2.248   46.9330
 2.247   46.9670
 2.246   46.9990
 2.245   46.9980
 2.244   46.9980
 2.243   47.0000
 2.242   47.0260
 2.241   47.0330
 2.240   47.0270
 2.239   47.0060
 2.238   47.0580
 2.237   47.1070
 2.236   47.0910
 2.236   47.0260
 2.235   47.0250
 2.234   47.0780
 2.233   47.1040
 2.232   47.0850
 2.231   46.9930
 2.230   47.0230
 2.229   47.1110
 2.228   47.1270
 2.227   47.1140
 2.226   47.0950
 2.225   47.0700
 2.224   47.0410
 2.223   47.0640
 2.222   47.0650
 2.221   47.0690
 2.220   47.1120
 2.219   47.1120
 2.218   47.1210
 2.217   47.0690
 2.216   47.0590
 2.216   47.0680
 2.215   47.1300
 2.214   47.0970
 2.213   47.0750
 2.212   47.1050
 2.211   47.1390
 2.210   47.1210
 2.209   47.0570
 2.208   47.0730
 2.207   47.0570
 2.206   47.0140
 2.205   47.0780
 2.204   47.1080
 2.203   47.0640
 2.202   47.0180
 2.201   46.9780
 2.200   46.9660
 2.200   47.0510
 2.199   47.0900
 2.198   47.0340
 2.197   46.9940
 2.196   47.0560
 2.195   47.1110
 2.194   47.0810
 2.193   47.0550
 2.192   47.0900
 2.191   47.0820
 2.190   47.0250
 2.189   46.9860
 2.188   47.0030
 2.187   46.9540
 2.187   46.9730
 2.186   47.0100
 2.185   47.0180
 2.184   47.0320
 2.183   47.0550
 2.182   47.1160
 2.181   47.0900
 2.180   46.9980
 2.179   47.0170
 2.178   47.0880
 2.177   47.0420
 2.176   46.9990
 2.176   46.9780
 2.175   46.9050
 2.174   46.9190
 2.173   46.9400
 2.172   46.9780
 2.171   47.0370
 2.170   47.0530
 2.169   47.0450
 2.168   46.9810
 2.167   46.8650
 2.166   46.8760
 2.166   46.9920
 2.165   47.0160
 2.164   46.9460
 2.163   46.8830
 2.162   46.9250
 2.161   46.9780
 2.160   46.9800
 2.159   47.0040
 2.158   46.9680
 2.157   46.8990
 2.156   46.9230
 2.156   46.9110
 2.155   46.8360
 2.154   46.7600
 2.153   46.7380
 2.152   46.8170
 2.151   46.8940
 2.150   46.8370
 2.149   46.8080
 2.148   46.8550
 2.148   46.8210
 2.147   46.9370
 2.146   46.9700
 2.145   46.8380
 2.144   46.7810
 2.143   46.8310
 2.142   46.8080
 2.141   46.7890
 2.140   46.7730
 2.140   46.7970
 2.139   46.7910
 2.138   46.7040
 2.137   46.6890
 2.136   46.7430
 2.135   46.7700
 2.134   46.7290
 2.133   46.6290
 2.132   46.6690
 2.132   46.7830
 2.131   46.8050
 2.130   46.7360
 2.129   46.7200
 2.128   46.7660
 2.127   46.7810
 2.126   46.7510
 2.126   46.6850
 2.125   46.6730
 2.124   46.6080
 2.123   46.5540
 2.122   46.5620
 2.121   46.6110
 2.120   46.6990
 2.119   46.6800
 2.119   46.6420
 2.118   46.7000
 2.117   46.7030
 2.116   46.6750
 2.115   46.6670
 2.114   46.6890
 2.113   46.7110
 2.112   46.6900
 2.112   46.5900
 2.111   46.6190
 2.110   46.7160
 2.109   46.7380
 2.108   46.7510
 2.107   46.7250
 2.107   46.6230
 2.106   46.5820
 2.105   46.6340
 2.104   46.7010
 2.103   46.6630
 2.102   46.6180
 2.101   46.5960
 2.100   46.5950
 2.100   46.5980
 2.099   46.6080
 2.098   46.6560
 2.097   46.5860
 2.096   46.5370
 2.095   46.6190
 2.095   46.6520
 2.094   46.6090
 2.093   46.5520
 2.092   46.5440
 2.091   46.5690
 2.090   46.6130
 2.090   46.5850
 2.089   46.5350
 2.088   46.5840
 2.087   46.5800
 2.086   46.6170
 2.085   46.6930
 2.084   46.7020
 2.084   46.5290
 2.083   46.4600
 2.082   46.4470
 2.081   46.5690
 2.080   46.6590
 2.079   46.5870
 2.076   46.5870
 2.072   46.8040
 2.068   46.9350
 2.064   46.8970
 2.060   46.5000
 2.056   46.5740
 2.052   46.8530
 2.048   46.7720
 2.044   46.4010
 2.040   46.0950
 2.036   45.9600
 2.032   46.1440
 2.028   46.1580
 2.024   45.6230
 2.020   45.8410
 2.016   45.8410
 2.012   45.9320
 2.008   45.7220
 2.004   45.2740
 2.000   45.2320
 1.996   45.0680
 1.992   44.8450
 1.988   45.1090
 1.984   45.0680
 1.980   44.8220
 1.976   44.6330
 1.972   44.5920
 1.968   44.5520
 1.964   44.4110
 1.960   44.1100
 1.956   44.0310
 1.952   44.3010
 1.948   44.1200
 1.944   43.9890
 1.940   43.7170
 1.936   43.3950
 1.932   43.5020
 1.928   43.4680
 1.924   43.6060
 1.920   43.8720
 1.916   43.5950
 1.912   44.0260
 1.908   44.6010
 1.904   44.8870
 1.900   45.1310
 1.896   45.4080
 1.892   45.0000
 1.888   44.3810
 1.884   44.0320
 1.880   43.5790
 1.876   43.3910
 1.872   42.9850
 1.868   42.9490
 1.864   43.2760
 1.860   44.3620
 1.856   44.7160
 1.852   44.6340
 1.848   44.3700
 1.844   43.6230
 1.840   43.2400
 1.836   43.3160
 1.832   43.6530
 1.828   43.9010
 1.824   43.8700
 1.820   43.5170
 1.816   43.2850
 1.812   43.1920
 1.808   43.2690
 1.804   43.2460
 1.800   42.9160
 1.796   42.9160
 1.792   42.7890
 1.788   42.6000
 1.784   42.6260
 1.780   42.5250
 1.776   42.5630
 1.772   42.5500
 1.768   42.5500
 1.764   42.4370
 1.760   42.3990
 1.756   42.4490
 1.752   42.3610
 1.748   42.3370
 1.744   42.5500
 1.740   42.7390
 1.736   42.3990
 1.732   42.4740
 1.728   42.5880
 1.724   42.6260
 1.720   42.6130
 1.716   42.4230
 1.712   42.5240
 1.708   42.1210
 1.704   42.3730
 1.700   42.3480
 1.696   42.2230
 1.692   42.2600
 1.688   42.2600
 1.684   42.0060
 1.680   41.9950
 1.676   41.9580
 1.672   41.9210
 1.668   41.8470
 1.664   41.7550
 1.660   41.8520
 1.656   41.6670
 1.652   41.6160
 1.648   41.5060
 1.644   41.5060
 1.640   41.5130
 1.636   41.4400
 1.632   41.4030
 1.628   41.5360
 1.624   41.3370
 1.620   41.2270
 1.616   41.1540
 1.612   41.2270
 1.608   41.2270
 1.604   41.3150
 1.600   41.1540
 1.596   40.8900
 1.592   41.1450
 1.588   41.2180
 1.584   41.3580
 1.580   41.1450
 1.576   41.1450
 1.572   40.9470
 1.568   40.8590
 1.564   40.8950
 1.560   40.7190
 1.556   40.8020
 1.552   40.8430
 1.548   41.2120
 1.544   40.8430
 1.540   40.6990
 1.536   40.7670
 1.532   40.6280
 1.528   40.5040
 1.524   40.2750
 1.520   40.2770
 1.516   40.4550
 1.512   40.1370
 1.508   39.9960
 1.504   39.6460
 1.500   39.4000
 1.496   39.5740
 1.492   39.9620
 1.488   40.5350
 1.484   40.0430
 1.480   39.9620
 1.476   39.7850
 1.472   39.6620
 1.468   39.5920
 1.464   39.5150
 1.460   39.6800
 1.456   39.7440
 1.452   39.7610
 1.448   39.7090
 1.444   39.3940
 1.440   39.0740
 1.436   39.0740
 1.432   39.2190
 1.428   39.3680
 1.424   39.3680
 1.420   39.3330
 1.416   39.2190
 1.412   38.8010
 1.408   38.5920
 1.404   38.4990
 1.400   38.6060
 1.396   39.0200
 1.392   39.2300
 1.388   39.4250
 1.384   39.3000
 1.380   39.0160
 1.376   38.8370
 1.372   39.4320
 1.368   39.7930
 1.364   39.3670
 1.360   38.3860
 1.356   38.5420
 1.352   39.4920
 1.348   39.6070
 1.344   39.8230
 1.340   39.1760
 1.336   38.5380
 1.332   38.2710
 1.328   38.1850
 1.324   38.2640
 1.320   38.4640
 1.316   38.5320
 1.312   38.3780
 1.308   38.1910
 1.304   38.1240
 1.300   37.8840
 1.296   37.7970
 1.292   37.7210
 1.288   37.6110
 1.284   37.5240
 1.280   37.4790
 1.276   37.5560
 1.272   37.7210
 1.268   37.8210
 1.264   38.0570
 1.260   38.0780
 1.256   38.0810
 1.252   37.8880
 1.248   37.9900
 1.244   38.0800
 1.240   38.1480
 1.236   38.1260
 1.232   38.2030
 1.228   37.6310
 1.224   37.4510
 1.220   37.3050
 1.216   37.6640
 1.212   37.8190
 1.208   38.0220
 1.204   37.9430
 1.200   37.6030
 1.196   37.1090
 1.192   36.9460
 1.188   36.8820
 1.184   36.7860
 1.180   36.8090
 1.176   36.7450
 1.172   36.6820
 1.168   36.4100
 1.164   36.1720
 1.160   36.2370
 1.156   35.9100
 1.152   35.7100
 1.148   36.0090
 1.144   36.2960
 1.140   36.5500
 1.136   36.8300
 1.132   36.5890
 1.128   36.6760
 1.124   36.2650
 1.120   36.5460
 1.116   36.6430
 1.112   36.2330
 1.108   36.2010
 1.104   36.0810
 1.100   35.8450
 1.096   36.0550
 1.092   35.9140
 1.088   35.7970
 1.084   35.9440
 1.080   35.9390
 1.076   36.1220
 1.072   35.9390
 1.068   35.7970
 1.064   35.9070
 1.060   35.7350
 1.056   35.4700
 1.052   35.3710
 1.048   35.4330
 1.044   35.3200
 1.040   35.3200
 1.036   35.3820
 1.032   35.4060
 1.028   35.2830
 1.024   35.4020
 1.020   35.2660
 1.016   35.0610
 1.012   35.2010
 1.008   35.0180
 1.004   34.8960
 1.000   34.8660
 0.996   34.9290
 0.992   34.8430
 0.988   34.7820
 0.984   34.5150
 0.980   34.4820
 0.976   34.4550
 0.972   34.3970
 0.968   34.4270
 0.964   34.3970
 0.960   34.3390
 0.956   34.4870
 0.952   34.5050
 0.948   34.2390
 0.944   34.3000
 0.940   34.3280
 0.936   34.2400
 0.932   34.2400
 0.928   33.9740
 0.924   33.9150
 0.920   34.1510
 0.916   33.9160
 0.912   33.9050
 0.908   33.9340
 0.904   33.9050
 0.900   33.9350
 0.896   33.6120
 0.892   33.6410
 0.888   33.5530
 0.884   33.6500
 0.880   33.7980
 0.876   33.7680
 0.872   33.7090
 0.868   33.5910
 0.864   33.7100
 0.860   33.8200
 0.856   33.7900
 0.852   33.7910
 0.848   33.6210
 0.844   33.7010
 0.840   33.6810
 0.836   33.7320
 0.832   33.7110
 0.828   33.6210
 0.824   33.7900
 0.820   33.5810
 0.816   33.5810
 0.812   33.8470
 0.808   33.7380
 0.804   33.5320
 0.800   33.4440
 0.799   33.4440
 0.798   33.4440
 0.797   33.6110
 0.796   33.3740
 0.795   33.4440
 0.794   33.3140
 0.793   33.2850
 0.792   33.2520
 0.791   33.2520
 0.790   33.3510
 0.789   33.2510
 0.788   33.1270
 0.787   33.2210
 0.786   33.3510
 0.785   33.0610
 0.784   33.2540
 0.783   33.2870
 0.782   33.2210
 0.781   33.0550
 0.780   33.3470
 0.779   33.3810
 0.778   33.0940
 0.777   33.0280
 0.776   32.9620
 0.775   33.1740
 0.774   33.2140
 0.773   33.0280
 0.772   33.0570
 0.771   33.0610
 0.770   33.0610
 0.769   33.0570
 0.768   32.9580
 0.767   33.1540
 0.766   33.3410
 0.765   33.0570
 0.764   33.0900
 0.763   33.0570
 0.762   32.8290
 0.761   32.9820
 0.760   33.0240
 0.759   32.9940
 0.758   33.1240
 0.757   32.9630
 0.756   32.7030
 0.755   32.6710
 0.754   32.6070
 0.753   32.9300
 0.752   32.5740
 0.751   32.6380
 0.750   32.5740
 0.749   32.6710
 0.748   32.5730
 0.747   32.8270
 0.746   32.7380
 0.745   32.6640
 0.744   32.8270
 0.743   32.6640
 0.742   32.5660
 0.741   32.9260
 0.740   32.9600
 0.739   32.8580
 0.738   33.0510
 0.737   32.8910
 0.736   32.5680
 0.735   32.5680
 0.734   32.4130
 0.733   32.7300
 0.732   32.8960
 0.731   32.8290
 0.730   32.8600
 0.729   32.8620
 0.728   32.4460
 0.727   32.5690
 0.726   32.1550
 0.725   32.5690
 0.724   32.7630
 0.723   32.5660
 0.722   32.4700
 0.721   32.5360
 0.720   32.5360
 0.719   32.2460
 0.718   32.2790
 0.717   32.3440
 0.716   32.0580
 0.715   32.2460
 0.714   32.5740
 0.713   32.5410
 0.712   32.4070
 0.711   32.0520
 0.710   32.0520
 0.709   32.0200
 0.708   31.9240
 0.707   32.1810
 0.706   32.2760
 0.705   32.5060
 0.704   32.5060
 0.703   32.3410
 0.702   32.1470
 0.701   32.1120
 0.700   31.8850
 0.699   31.7170
 0.698   31.5940
 0.697   31.7340
 0.696   32.6260
 0.695   32.5230
 0.694   32.3550
 0.693   32.1530
 0.692   32.3520
 0.691   32.6530
 0.690   32.5200
 0.689   32.3880
 0.688   32.2870
 0.687   32.2530
 0.686   32.0530
 0.685   32.3550
 0.684   32.1870
 0.683   32.3550
 0.682   32.5570
 0.681   32.5890
 0.680   32.4870
 0.679   32.0860
 0.678   31.7870
 0.677   32.0210
 0.676   31.9540
 0.675   32.0540
 0.674   32.1880
 0.673   32.0540
 0.672   31.8870
 0.671   32.3890
 0.670   32.0540
 0.669   31.9530
 0.668   32.2230
 0.667   32.2900
 0.666   32.0210
 0.665   31.9540
 0.664   31.7870
 0.663   32.0210
 0.662   32.2570
 0.661   32.0220
 0.660   32.0210
 0.659   31.9200
 0.658   32.0220
 0.657   32.1240
 0.656   32.1570
 0.655   32.0220
 0.654   32.0560
 0.653   32.0220
 0.652   32.0210
 0.651   31.8520
 0.650   31.9540
 0.649   31.9210
 0.648   31.6180
 0.647   31.8200
 0.646   31.7530
 0.645   31.8200
 0.644   31.6180
 0.643   31.7190
 0.642   31.7860
 0.641   31.8540
 0.640   31.8540
 0.639   31.6510
 0.638   31.7510
 0.637   31.5840
 0.636   31.5510
 0.635   31.5180
 0.634   31.5510
 0.633   31.5510
 0.632   31.5840
 0.631   31.4170
 0.630   31.7190
 0.629   31.7190
 0.628   31.6170
 0.627   31.2130
 0.626   31.1120
 0.625   31.2130
 0.624   31.2460
 0.623   31.3800
 0.622   31.3800
 0.621   31.2450
 0.620   31.3800
 0.619   31.3800
 0.618   31.4130
 0.617   31.3460
 0.616   31.2120
 0.615   31.0440
 0.614   31.1450
 0.613   31.0790
 0.612   31.1120
 0.611   31.1120
 0.610   31.1120
 0.609   31.1120
 0.608   31.0110
 0.607   30.7400
 0.606   30.8060
 0.605   30.8390
 0.604   30.8390
 0.603   30.6990
 0.602   30.9350
 0.601   30.8630
 0.600   30.8660
 0.599   30.8330
 0.598   30.9650
 0.597   31.0320
 0.596   31.0630
 0.595   31.1650
 0.594   31.0970
 0.593   30.9240
 0.592   30.8570
 0.591   30.7540
 0.590   30.7570
 0.589   30.8900
 0.588   30.8210
 0.587   30.8570
 0.586   30.7540
 0.585   30.5510
 0.584   30.6510
 0.583   30.7510
 0.582   30.5510
 0.581   30.8210
 0.580   30.7540
 0.579   30.7170
 0.578   30.7540
 0.577   30.6510
 0.576   30.7540
 0.575   30.8570
 0.574   30.8570
 0.573   30.8000
 0.572   30.6390
 0.571   30.6030
 0.570   30.6680
 0.569   30.6360
 0.568   30.6030
 0.567   30.5020
 0.566   30.3310
 0.565   30.2300
 0.564   30.2300
 0.563   30.0960
 0.562   29.8930
 0.561   29.7540
 0.560   29.8490
 0.559   28.9050
 0.558   30.1870
 0.557   29.9990
 0.556   29.9130
 0.555   29.7910
 0.554   29.7910
 0.553   29.6280
 0.552   29.7460
 0.551   29.7360
 0.550   29.7220
 0.549   29.9330
 0.548   29.9330
 0.547   29.7160
 0.546   30.0010
 0.545   29.6540
 0.544   29.5270
 0.543   29.6790
 0.542   29.9070
 0.541   29.9960
 0.540   29.6790
 0.539   29.4200
 0.538   29.4430
 0.537   29.4910
 0.536   29.8650
 0.535   29.9640
 0.534   29.8590
 0.533   29.5360
 0.532   29.4130
 0.531   29.3440
 0.530   29.4360
 0.529   29.2690
 0.528   29.2990
 0.527   29.2080
 0.526   29.2160
 0.525   29.3380
 0.524   29.2920
 0.523   29.1860
 0.522   29.2540
 0.521   29.2160
 0.520   29.2690
 0.519   29.5220
 0.518   29.1480
 0.517   28.9200
 0.516   28.9710
 0.515   28.7600
 0.514   28.7410
 0.513   28.7600
 0.512   28.8420
 0.511   28.9590
 0.510   28.9420
 0.509   29.2000
 0.508   28.4680
 0.507   28.7640
 0.506   28.6860
 0.505   28.6650
 0.504   28.4570
 0.503   28.5740
 0.502   28.9580
 0.501   28.6650
 0.500   28.4970
 0.499   28.4570
 0.498   28.4390
 0.497   28.5560
 0.496   28.3410
 0.495   28.4290
 0.494   28.3510
 0.493   27.9280
 0.492   28.1260
 0.491   28.0450
 0.490   28.3300
 0.489   28.1850
 0.488   28.1560
 0.487   27.9030
 0.486   28.0310
 0.485   27.8340
 0.484   27.7340
 0.483   27.9480
 0.482   28.2480
 0.481   28.0340
 0.480   28.0470
 0.479   27.8640
 0.478   27.6840
 0.477   27.6840
 0.476   27.7400
 0.475   27.7120
 0.474   27.6840
 0.473   27.6000
 0.472   27.4030
 0.471   27.5590
 0.470   27.3070
 0.469   27.1280
 0.468   27.4230
 0.467   27.1820
 0.466   27.3240
 0.465   27.4360
 0.464   27.0470
 0.463   27.5870
 0.462   27.0860
 0.461   27.1130
 0.460   26.8640
 0.459   26.9880
 0.458   27.0810
 0.457   26.9850
 0.456   27.0490
 0.455   26.7870
 0.454   26.9190
 0.453   26.5250
 0.452   26.3740
 0.451   26.4060
 0.450   26.5380
 0.449   26.6140
 0.448   26.4090
 0.447   26.6440
 0.446   26.3570
 0.445   26.1220
 0.444   25.8100
 0.443   26.2010
 0.442   26.5680
 0.441   26.4350
 0.440   26.5430
 0.439   26.1720
 0.438   26.2270
 0.437   26.2560
 0.436   25.9650
 0.435   25.9620
 0.434   25.9100
 0.433   25.9620
 0.432   25.8030
 0.431   25.9100
 0.430   25.6480
 0.429   26.1160
 0.428   25.6850
 0.427   25.6170
 0.426   25.4620
 0.425   25.1710
 0.424   25.4500
 0.423   25.3720
 0.422   25.0380
 0.421   24.8210
 0.420   25.1040
 0.419   25.1330
 0.418   24.9510
 0.417   24.9510
 0.416   25.1590
 0.415   25.0550
 0.414   24.8670
 0.413   24.6360
 0.412   24.9290
 0.411   24.8350
 0.410   24.6920
 0.409   24.5380
 0.408   24.6320
 0.407   24.7030
 0.406   24.4960
 0.405   24.4110
 0.404   24.4300
 0.403   24.3310
 0.402   24.4150
 0.401   24.0760
 0.400   24.0640
 0.000    0.0000
