Name:  Dark brown fine sandy loam 
Type:  Soils
Class:  Inceptisol
Subclass:  Haplumbrept
Particle Size:  see additional information
Sample No.:  86P4561
Owner:  JHU
Wavelength range:  All
Origin:  Haywood Co. NC. via USDA Soil Conservation service.

Description:  Dark brown fine sandy loam (sandy-skeletal, mixed, 
mesic Fluventic haplumbrept).




Measurement:  Directional (10 degree) hemispherical reflectance
First Column:  X
Second Column:  Y
X Units:  Wavelength (micrometers)
Y Units:  Reflectance (percent)
First X Value:  14.0112
Last X Value:  0.4000
Number of X Values:  2844
Additional information:  86P4561a.txt
14.011    1.5186
13.973    1.5566
13.936    1.5720
13.899    1.5886
13.861    1.6008
13.824    1.5889
13.788    1.5688
13.751    1.5691
13.715    1.5820
13.679    1.5986
13.643    1.6165
13.607    1.6401
13.571    1.6533
13.536    1.6565
13.500    1.6560
13.465    1.6558
13.430    1.6538
13.396    1.6526
13.361    1.6553
13.327    1.6589
13.293    1.6653
13.259    1.6755
13.225    1.6833
13.191    1.6860
13.158    1.6877
13.124    1.6946
13.091    1.7009
13.058    1.7229
13.025    1.7600
12.993    1.8015
12.960    1.8518
12.928    1.9138
12.896    1.9853
12.864    2.0576
12.832    2.1118
12.800    2.1367
12.769    2.1211
12.738    2.0671
12.706    1.9919
12.675    1.9250
12.644    1.8850
12.614    1.8938
12.583    1.9397
12.552    1.9968
12.522    2.0415
12.492    2.0525
12.462    2.0098
12.432    1.9238
12.402    1.8096
12.373    1.6934
12.343    1.5915
12.314    1.5232
12.285    1.5002
12.256    1.5178
12.227    1.5540
12.198    1.6006
12.169    1.6494
12.141    1.6960
12.113    1.7314
12.084    1.7583
12.056    1.7864
12.028    1.8081
12.000    1.8232
11.973    1.8418
11.945    1.8735
11.918    1.9233
11.890    1.9724
11.863    2.0222
11.836    2.0713
11.809    2.1094
11.782    2.1404
11.756    2.1697
11.729    2.2007
11.702    2.2329
11.676    2.2678
11.650    2.3066
11.624    2.3430
11.598    2.3772
11.572    2.3984
11.546    2.4187
11.520    2.4390
11.495    2.4558
11.469    2.4800
11.444    2.5081
11.419    2.5349
11.394    2.5598
11.369    2.5737
11.344    2.5884
11.319    2.6018
11.294    2.6125
11.270    2.6211
11.245    2.6294
11.221    2.6428
11.197    2.6655
11.173    2.6926
11.149    2.7175
11.125    2.7368
11.101    2.7573
11.077    2.7690
11.054    2.7727
11.030    2.7734
11.007    2.7661
10.983    2.7524
10.960    2.7380
10.937    2.7214
10.914    2.7107
10.891    2.6975
10.868    2.6912
10.845    2.6902
10.823    2.6894
10.800    2.6877
10.778    2.6899
10.756    2.6926
10.733    2.6987
10.711    2.7046
10.689    2.7148
10.667    2.7297
10.645    2.7488
10.623    2.7656
10.602    2.7837
10.580    2.8096
10.558    2.8469
10.537    2.8960
10.515    2.9551
10.494    3.0183
10.473    3.0823
10.452    3.1399
10.431    3.1909
10.410    3.2385
10.389    3.2849
10.368    3.3308
10.348    3.3750
10.327    3.4138
10.307    3.4492
10.286    3.4829
10.266    3.5173
10.245    3.5508
10.225    3.5830
10.205    3.6111
10.185    3.6394
10.165    3.6704
10.145    3.6982
10.125    3.7204
10.106    3.7429
10.086    3.7656
10.066    3.7805
10.047    3.7871
10.027    3.8083
10.008    3.8533
 9.989    3.9082
 9.970    3.9704
 9.950    4.0444
 9.931    4.1152
 9.912    4.1660
 9.893    4.1990
 9.875    4.2212
 9.856    4.2353
 9.837    4.2456
 9.819    4.2554
 9.800    4.2729
 9.781    4.3003
 9.763    4.3420
 9.745    4.3962
 9.726    4.4519
 9.708    4.5034
 9.690    4.5493
 9.672    4.5867
 9.654    4.6101
 9.636    4.6191
 9.618    4.6099
 9.600    4.5766
 9.582    4.5334
 9.565    4.4888
 9.547    4.4463
 9.530    4.4141
 9.512    4.3911
 9.495    4.3743
 9.477    4.3662
 9.460    4.3706
 9.443    4.4111
 9.426    4.4885
 9.409    4.5962
 9.392    4.7273
 9.375    4.8716
 9.358    5.0068
 9.341    5.1250
 9.324    5.2156
 9.307    5.2822
 9.291    5.3252
 9.274    5.3442
 9.257    5.3435
 9.241    5.3381
 9.225    5.3276
 9.208    5.3135
 9.192    5.2969
 9.175    5.2834
 9.159    5.2690
 9.143    5.2432
 9.127    5.2090
 9.111    5.1772
 9.095    5.1438
 9.079    5.1218
 9.063    5.1025
 9.047    5.0759
 9.032    5.0447
 9.016    5.0127
 9.000    4.9834
 8.985    4.9568
 8.969    4.9365
 8.954    4.9326
 8.938    4.9372
 8.923    4.9441
 8.908    4.9578
 8.892    4.9746
 8.877    4.9866
 8.862    4.9905
 8.847    4.9849
 8.832    4.9663
 8.817    4.9451
 8.802    4.9202
 8.787    4.8882
 8.772    4.8479
 8.757    4.7998
 8.742    4.7561
 8.727    4.7129
 8.713    4.6496
 8.698    4.5515
 8.684    4.4048
 8.669    4.2226
 8.655    4.0425
 8.640    3.9084
 8.626    3.8691
 8.612    3.9451
 8.597    4.1072
 8.583    4.3057
 8.569    4.4929
 8.555    4.6472
 8.541    4.7558
 8.527    4.8227
 8.513    4.8635
 8.499    4.8972
 8.485    4.9302
 8.471    4.9617
 8.457    4.9878
 8.443    5.0163
 8.430    5.0454
 8.416    5.0720
 8.402    5.0896
 8.389    5.1064
 8.375    5.1308
 8.361    5.1460
 8.348    5.1467
 8.335    5.1450
 8.321    5.1453
 8.308    5.1382
 8.295    5.1213
 8.281    5.0976
 8.268    5.0710
 8.255    5.0300
 8.242    4.9741
 8.229    4.9092
 8.216    4.8379
 8.203    4.7541
 8.190    4.6594
 8.177    4.5478
 8.164    4.4211
 8.151    4.2783
 8.138    4.1194
 8.126    3.9556
 8.113    3.7917
 8.100    3.6306
 8.088    3.4773
 8.075    3.3320
 8.062    3.1970
 8.050    3.0727
 8.037    2.9592
 8.025    2.8520
 8.013    2.7512
 8.000    2.6597
 7.988    2.5762
 7.976    2.5017
 7.963    2.4338
 7.951    2.3684
 7.939    2.3054
 7.927    2.2427
 7.915    2.1858
 7.903    2.1338
 7.891    2.0842
 7.879    2.0391
 7.867    1.9990
 7.855    1.9614
 7.843    1.9343
 7.831    1.9185
 7.819    1.9111
 7.808    1.9043
 7.796    1.8989
 7.784    1.8926
 7.772    1.8840
 7.761    1.8711
 7.749    1.8665
 7.737    1.8652
 7.726    1.8574
 7.715    1.8435
 7.703    1.8306
 7.692    1.8123
 7.680    1.7873
 7.669    1.7676
 7.657    1.7605
 7.646    1.7576
 7.635    1.7515
 7.624    1.7446
 7.613    1.7415
 7.601    1.7344
 7.590    1.7229
 7.579    1.7136
 7.568    1.7053
 7.557    1.6960
 7.546    1.6880
 7.535    1.6824
 7.524    1.6821
 7.513    1.6765
 7.502    1.6714
 7.492    1.6689
 7.481    1.6655
 7.470    1.6621
 7.459    1.6609
 7.449    1.6597
 7.438    1.6597
 7.427    1.6577
 7.417    1.6609
 7.406    1.6643
 7.395    1.6633
 7.385    1.6577
 7.374    1.6484
 7.364    1.6340
 7.353    1.6228
 7.343    1.6125
 7.333    1.6035
 7.322    1.5957
 7.312    1.5906
 7.302    1.5825
 7.291    1.5767
 7.281    1.5762
 7.271    1.5779
 7.261    1.5723
 7.251    1.5627
 7.240    1.5571
 7.230    1.5564
 7.220    1.5583
 7.210    1.5666
 7.200    1.5781
 7.190    1.5850
 7.180    1.5825
 7.170    1.5781
 7.160    1.5715
 7.151    1.5698
 7.141    1.5784
 7.131    1.5908
 7.121    1.6028
 7.111    1.6160
 7.102    1.6216
 7.092    1.6216
 7.082    1.6174
 7.072    1.6099
 7.063    1.6030
 7.053    1.5998
 7.044    1.6028
 7.034    1.6155
 7.025    1.6299
 7.015    1.6475
 7.006    1.6672
 6.996    1.6811
 6.987    1.6887
 6.977    1.6943
 6.968    1.6997
 6.959    1.7102
 6.949    1.7275
 6.940    1.7500
 6.931    1.7722
 6.921    1.7900
 6.912    1.8000
 6.903    1.8064
 6.894    1.8059
 6.885    1.8005
 6.875    1.8008
 6.866    1.8091
 6.857    1.8249
 6.848    1.8457
 6.839    1.8706
 6.830    1.9006
 6.821    1.9258
 6.812    1.9438
 6.803    1.9617
 6.794    1.9917
 6.785    2.0339
 6.777    2.0859
 6.768    2.1448
 6.759    2.1997
 6.750    2.2414
 6.741    2.2681
 6.733    2.2800
 6.724    2.2871
 6.715    2.2881
 6.707    2.2873
 6.698    2.2927
 6.689    2.2974
 6.681    2.3005
 6.672    2.2974
 6.663    2.2754
 6.655    2.2434
 6.646    2.2080
 6.638    2.1780
 6.629    2.1633
 6.621    2.1609
 6.612    2.1604
 6.604    2.1536
 6.596    2.1279
 6.587    2.0989
 6.579    2.0757
 6.571    2.0586
 6.562    2.0530
 6.554    2.0569
 6.546    2.0581
 6.537    2.0561
 6.529    2.0452
 6.521    2.0259
 6.513    1.9980
 6.505    1.9680
 6.496    1.9456
 6.488    1.9355
 6.480    1.9348
 6.472    1.9434
 6.464    1.9539
 6.456    1.9543
 6.448    1.9421
 6.440    1.9138
 6.432    1.8784
 6.424    1.8540
 6.416    1.8430
 6.408    1.8452
 6.400    1.8579
 6.392    1.8716
 6.384    1.8777
 6.377    1.8655
 6.369    1.8425
 6.361    1.8203
 6.353    1.7998
 6.345    1.7869
 6.338    1.7871
 6.330    1.7930
 6.322    1.7976
 6.314    1.7974
 6.307    1.7910
 6.299    1.7793
 6.291    1.7595
 6.284    1.7358
 6.276    1.7153
 6.269    1.6985
 6.261    1.6816
 6.253    1.6682
 6.246    1.6597
 6.239    1.6553
 6.231    1.6545
 6.223    1.6536
 6.216    1.6504
 6.209    1.6431
 6.201    1.6289
 6.194    1.6121
 6.186    1.5908
 6.179    1.5713
 6.172    1.5596
 6.164    1.5513
 6.157    1.5444
 6.150    1.5400
 6.142    1.5364
 6.135    1.5325
 6.128    1.5276
 6.121    1.5227
 6.113    1.5222
 6.106    1.5249
 6.099    1.5249
 6.092    1.5251
 6.085    1.5234
 6.078    1.5161
 6.070    1.4971
 6.063    1.4763
 6.056    1.4639
 6.049    1.4641
 6.042    1.4763
 6.035    1.4954
 6.028    1.5212
 6.021    1.5491
 6.014    1.5635
 6.007    1.5701
 6.000    1.5730
 5.993    1.5796
 5.986    1.5974
 5.979    1.6191
 5.973    1.6438
 5.966    1.6704
 5.959    1.6914
 5.952    1.7065
 5.945    1.7214
 5.938    1.7427
 5.931    1.7759
 5.925    1.8201
 5.918    1.8613
 5.911    1.8962
 5.904    1.9211
 5.898    1.9397
 5.891    1.9653
 5.884    1.9985
 5.878    2.0444
 5.871    2.1079
 5.864    2.1768
 5.858    2.2380
 5.851    2.2861
 5.845    2.3218
 5.838    2.3472
 5.831    2.3684
 5.825    2.3979
 5.818    2.4468
 5.812    2.5095
 5.805    2.5762
 5.799    2.6414
 5.792    2.6968
 5.786    2.7322
 5.779    2.7632
 5.773    2.8030
 5.767    2.8581
 5.760    2.9309
 5.754    3.0200
 5.747    3.1133
 5.741    3.2036
 5.735    3.2832
 5.728    3.3581
 5.722    3.4370
 5.716    3.5225
 5.709    3.6164
 5.703    3.7202
 5.697    3.8223
 5.691    3.9160
 5.684    4.0061
 5.678    4.0871
 5.672    4.1614
 5.666    4.2251
 5.660    4.2722
 5.653    4.3174
 5.647    4.3662
 5.641    4.4238
 5.635    4.4963
 5.629    4.5815
 5.623    4.6753
 5.617    4.7654
 5.611    4.8452
 5.604    4.9226
 5.598    4.9944
 5.592    5.0657
 5.586    5.1431
 5.580    5.2307
 5.574    5.3271
 5.568    5.4265
 5.562    5.5283
 5.556    5.6284
 5.551    5.7197
 5.545    5.8078
 5.539    5.8957
 5.533    5.9807
 5.527    6.0622
 5.521    6.1411
 5.515    6.2187
 5.509    6.2961
 5.503    6.3733
 5.497    6.4436
 5.492    6.5063
 5.486    6.5613
 5.480    6.6076
 5.474    6.6533
 5.468    6.7043
 5.463    6.7644
 5.457    6.8308
 5.451    6.8913
 5.446    6.9419
 5.440    6.9697
 5.434    6.9702
 5.428    6.9575
 5.423    6.9441
 5.417    6.9392
 5.411    6.9436
 5.406    6.9521
 5.400    6.9592
 5.394    6.9551
 5.389    6.9402
 5.383    6.9180
 5.378    6.8933
 5.372    6.8703
 5.367    6.8503
 5.361    6.8376
 5.356    6.8357
 5.350    6.8493
 5.345    6.8794
 5.339    6.9214
 5.333    6.9673
 5.328    7.0105
 5.322    7.0478
 5.317    7.0825
 5.312    7.1128
 5.306    7.1426
 5.301    7.1782
 5.295    7.2175
 5.290    7.2556
 5.285    7.2959
 5.279    7.3410
 5.274    7.3935
 5.268    7.4490
 5.263    7.5090
 5.258    7.5754
 5.252    7.6418
 5.247    7.7058
 5.242    7.7720
 5.237    7.8398
 5.231    7.9048
 5.226    7.9614
 5.221    8.0171
 5.215    8.0737
 5.210    8.1277
 5.205    8.1784
 5.200    8.2261
 5.194    8.2702
 5.189    8.3042
 5.184    8.3254
 5.179    8.3413
 5.174    8.3557
 5.169    8.3691
 5.164    8.3801
 5.158    8.3921
 5.153    8.4087
 5.148    8.4262
 5.143    8.4433
 5.138    8.4599
 5.133    8.4763
 5.128    8.4961
 5.123    8.5166
 5.118    8.5368
 5.113    8.5591
 5.107    8.5796
 5.103    8.5947
 5.098    8.6008
 5.093    8.6011
 5.088    8.6008
 5.082    8.5971
 5.077    8.5952
 5.073    8.6008
 5.068    8.6123
 5.063    8.6235
 5.058    8.6382
 5.053    8.6614
 5.048    8.6828
 5.043    8.6946
 5.038    8.7036
 5.033    8.7104
 5.028    8.7151
 5.023    8.7195
 5.019    8.7265
 5.014    8.7402
 5.009    8.7522
 5.004    8.7595
 4.999    8.7710
 4.994    8.7888
 4.990    8.8149
 4.985    8.8491
 4.980    8.8872
 4.975    8.9328
 4.970    8.9829
 4.966    9.0322
 4.961    9.0869
 4.956    9.1416
 4.951    9.1902
 4.947    9.2322
 4.942    9.2666
 4.937    9.2937
 4.933    9.3215
 4.928    9.3598
 4.923    9.4111
 4.919    9.4731
 4.914    9.5437
 4.909    9.6257
 4.905    9.7175
 4.900    9.8152
 4.895    9.9197
 4.891   10.0271
 4.886   10.1313
 4.882   10.2285
 4.877   10.3169
 4.872   10.3960
 4.868   10.4702
 4.863   10.5395
 4.859   10.6015
 4.854   10.6582
 4.849   10.7155
 4.845   10.7729
 4.840   10.8259
 4.836   10.8708
 4.832   10.9133
 4.827   10.9543
 4.822   10.9936
 4.818   11.0346
 4.814   11.0793
 4.809   11.1252
 4.805   11.1677
 4.800   11.2021
 4.796   11.2319
 4.791   11.2619
 4.787   11.2917
 4.782   11.3227
 4.778   11.3579
 4.774   11.3938
 4.769   11.4345
 4.765   11.4748
 4.761   11.5068
 4.756   11.5317
 4.752   11.5537
 4.747   11.5786
 4.743   11.6035
 4.739   11.6257
 4.734   11.6543
 4.730   11.6872
 4.726   11.7158
 4.721   11.7375
 4.717   11.7534
 4.713   11.7622
 4.709   11.7632
 4.704   11.7570
 4.700   11.7480
 4.696   11.7353
 4.691   11.7236
 4.687   11.7170
 4.683   11.7168
 4.679   11.7285
 4.675   11.7607
 4.670   11.8139
 4.666   11.8752
 4.662   11.9326
 4.658   11.9922
 4.654   12.0559
 4.649   12.1162
 4.645   12.1770
 4.641   12.2392
 4.637   12.3025
 4.633   12.3598
 4.629   12.4082
 4.625   12.4553
 4.620   12.5039
 4.616   12.5507
 4.612   12.5969
 4.608   12.6438
 4.604   12.6926
 4.600   12.7424
 4.596   12.7812
 4.592   12.8127
 4.588   12.8425
 4.584   12.8667
 4.580   12.8852
 4.576   12.9038
 4.572   12.9260
 4.567   12.9475
 4.564   12.9638
 4.559   12.9785
 4.556   12.9880
 4.551   12.9904
 4.548   12.9882
 4.543   12.9824
 4.540   12.9773
 4.536   12.9731
 4.532   12.9663
 4.528   12.9507
 4.524   12.9204
 4.520   12.8791
 4.516   12.8342
 4.512   12.7876
 4.508   12.7412
 4.504   12.7007
 4.500   12.6674
 4.496   12.6428
 4.492   12.6259
 4.488   12.6198
 4.485   12.6272
 4.481   12.6418
 4.477   12.6528
 4.473   12.6594
 4.469   12.6628
 4.465   12.6696
 4.461   12.6899
 4.458   12.7180
 4.454   12.7509
 4.450   12.7929
 4.446   12.8391
 4.442   12.8803
 4.439   12.9128
 4.435   12.9423
 4.431   12.9773
 4.427   13.0092
 4.423   13.0363
 4.420   13.0703
 4.416   13.1108
 4.412   13.1494
 4.408   13.1828
 4.404   13.2185
 4.401   13.2575
 4.397   13.2964
 4.393   13.3337
 4.390   13.3706
 4.386   13.4099
 4.382   13.4477
 4.378   13.4829
 4.375   13.5202
 4.371   13.5522
 4.367   13.5793
 4.364   13.6042
 4.360   13.6189
 4.356   13.6274
 4.353   13.6345
 4.349   13.6450
 4.346   13.6591
 4.342   13.6743
 4.338   13.6931
 4.335   13.7104
 4.331   13.7209
 4.327   13.7236
 4.324   13.7187
 4.320   13.7094
 4.316   13.6972
 4.313   13.6821
 4.309   13.6631
 4.306   13.6425
 4.302   13.6242
 4.299   13.6023
 4.295   13.5776
 4.292   13.5554
 4.288   13.5400
 4.284   13.5317
 4.281   13.5290
 4.277   13.5317
 4.274   13.5442
 4.270   13.5610
 4.267   13.5783
 4.263   13.6010
 4.260   13.6230
 4.256   13.6352
 4.253   13.6323
 4.249   13.6164
 4.246   13.5952
 4.242   13.5681
 4.239   13.5388
 4.235   13.5183
 4.232   13.5075
 4.229   13.5056
 4.225   13.5134
 4.222   13.5305
 4.218   13.5500
 4.215   13.5625
 4.211   13.5720
 4.208   13.5808
 4.205   13.5827
 4.201   13.5827
 4.198   13.5815
 4.194   13.5810
 4.191   13.5761
 4.188   13.5627
 4.184   13.5542
 4.181   13.5603
 4.177   13.5683
 4.174   13.5730
 4.171   13.5688
 4.167   13.5586
 4.164   13.5410
 4.161   13.5119
 4.157   13.4887
 4.154   13.4824
 4.151   13.4792
 4.147   13.4714
 4.144   13.4611
 4.141   13.4502
 4.137   13.4392
 4.134   13.4270
 4.131   13.4167
 4.128   13.4079
 4.124   13.3940
 4.121   13.3777
 4.118   13.3608
 4.114   13.3459
 4.111   13.3322
 4.108   13.3203
 4.105   13.3108
 4.101   13.3022
 4.098   13.2893
 4.095   13.2729
 4.092   13.2536
 4.088   13.2324
 4.085   13.2080
 4.082   13.1894
 4.079   13.1833
 4.076   13.1809
 4.072   13.1770
 4.069   13.1692
 4.066   13.1530
 4.063   13.1320
 4.060   13.1057
 4.056   13.0791
 4.053   13.0534
 4.050   13.0261
 4.047   13.0002
 4.044   12.9763
 4.041   12.9575
 4.037   12.9460
 4.034   12.9331
 4.031   12.9174
 4.028   12.8977
 4.025   12.8718
 4.022   12.8447
 4.019   12.8205
 4.016   12.8010
 4.013   12.7824
 4.009   12.7646
 4.006   12.7487
 4.003   12.7339
 4.000   12.7185
 3.997   12.7072
 3.994   12.7016
 3.991   12.6936
 3.988   12.6828
 3.985   12.6718
 3.982   12.6572
 3.979   12.6447
 3.976   12.6318
 3.973   12.6154
 3.970   12.6003
 3.966   12.5861
 3.963   12.5705
 3.960   12.5559
 3.957   12.5373
 3.954   12.5183
 3.951   12.4987
 3.948   12.4802
 3.945   12.4675
 3.942   12.4638
 3.939   12.4582
 3.936   12.4448
 3.933   12.4265
 3.930   12.4050
 3.927   12.3864
 3.924   12.3720
 3.921   12.3618
 3.918   12.3557
 3.916   12.3427
 3.913   12.3193
 3.910   12.2942
 3.907   12.2678
 3.904   12.2424
 3.901   12.2190
 3.898   12.1965
 3.895   12.1775
 3.892   12.1594
 3.889   12.1430
 3.886   12.1284
 3.883   12.1074
 3.880   12.0827
 3.877   12.0578
 3.875   12.0334
 3.872   12.0119
 3.869   11.9917
 3.866   11.9697
 3.863   11.9433
 3.860   11.9067
 3.857   11.8694
 3.854   11.8381
 3.852   11.8130
 3.849   11.7932
 3.846   11.7778
 3.843   11.7619
 3.840   11.7429
 3.837   11.7165
 3.834   11.6889
 3.832   11.6589
 3.829   11.6201
 3.826   11.5796
 3.823   11.5442
 3.820   11.5122
 3.817   11.4851
 3.815   11.4616
 3.812   11.4450
 3.809   11.4243
 3.806   11.3913
 3.804   11.3550
 3.801   11.3208
 3.798   11.2898
 3.795   11.2588
 3.792   11.2309
 3.790   11.2107
 3.787   11.1887
 3.784   11.1618
 3.781   11.1330
 3.779   11.0991
 3.776   11.0632
 3.773   11.0239
 3.770   10.9795
 3.768   10.9306
 3.765   10.8872
 3.762   10.8525
 3.759   10.8215
 3.757   10.7915
 3.754   10.7636
 3.751   10.7348
 3.748   10.6987
 3.746   10.6582
 3.743   10.6242
 3.740   10.5876
 3.738   10.5468
 3.735   10.5110
 3.732   10.4775
 3.730   10.4389
 3.727   10.3955
 3.724   10.3581
 3.722   10.3291
 3.719   10.2932
 3.716   10.2575
 3.714   10.2341
 3.711   10.2094
 3.708   10.1731
 3.706   10.1291
 3.703   10.0906
 3.700   10.0564
 3.698   10.0202
 3.695    9.9883
 3.692    9.9619
 3.690    9.9353
 3.687    9.9011
 3.684    9.8608
 3.682    9.8220
 3.679    9.7793
 3.677    9.7356
 3.674    9.6985
 3.672    9.6699
 3.669    9.6416
 3.666    9.6069
 3.664    9.5715
 3.661    9.5371
 3.659    9.4988
 3.656    9.4577
 3.653    9.4162
 3.651    9.3762
 3.648    9.3344
 3.646    9.2995
 3.643    9.2715
 3.641    9.2422
 3.638    9.2116
 3.636    9.1806
 3.633    9.1433
 3.630    9.0981
 3.628    9.0473
 3.625    8.9963
 3.623    8.9526
 3.620    8.9111
 3.618    8.8782
 3.615    8.8559
 3.613    8.8308
 3.610    8.7939
 3.608    8.7453
 3.605    8.6953
 3.603    8.6443
 3.600    8.5918
 3.598    8.5517
 3.595    8.5180
 3.593    8.4853
 3.590    8.4558
 3.588    8.4216
 3.585    8.3825
 3.583    8.3379
 3.580    8.2927
 3.578    8.2539
 3.575    8.2136
 3.573    8.1767
 3.570    8.1404
 3.568    8.0967
 3.565    8.0520
 3.563    8.0054
 3.561    7.9516
 3.558    7.8974
 3.556    7.8459
 3.553    7.8005
 3.551    7.7615
 3.548    7.7292
 3.546    7.6994
 3.543    7.6584
 3.541    7.6057
 3.539    7.5444
 3.536    7.4736
 3.534    7.3989
 3.531    7.3269
 3.529    7.2580
 3.527    7.1897
 3.524    7.1179
 3.522    7.0344
 3.519    6.9350
 3.517    6.8181
 3.515    6.6846
 3.512    6.5478
 3.510    6.4201
 3.507    6.3144
 3.505    6.2439
 3.503    6.2085
 3.500    6.2038
 3.498    6.2197
 3.496    6.2412
 3.493    6.2593
 3.491    6.2590
 3.489    6.2444
 3.486    6.2292
 3.484    6.2063
 3.482    6.1782
 3.479    6.1557
 3.477    6.1360
 3.475    6.1142
 3.472    6.0859
 3.470    6.0576
 3.468    6.0290
 3.465    5.9931
 3.463    5.9546
 3.461    5.9153
 3.458    5.8728
 3.456    5.8308
 3.454    5.7873
 3.451    5.7412
 3.449    5.6963
 3.447    5.6577
 3.445    5.6140
 3.442    5.5664
 3.440    5.5144
 3.438    5.4492
 3.436    5.3723
 3.433    5.2837
 3.431    5.1894
 3.429    5.1064
 3.426    5.0361
 3.424    4.9846
 3.422    4.9441
 3.420    4.9089
 3.417    4.8818
 3.415    4.8640
 3.413    4.8608
 3.411    4.8774
 3.408    4.9021
 3.406    4.9253
 3.404    4.9441
 3.402    4.9536
 3.399    4.9541
 3.397    4.9624
 3.395    4.9849
 3.393    5.0110
 3.391    5.0310
 3.388    5.0517
 3.386    5.0715
 3.384    5.0771
 3.382    5.0698
 3.380    5.0586
 3.377    5.0478
 3.375    5.0378
 3.373    5.0320
 3.371    5.0359
 3.369    5.0481
 3.366    5.0644
 3.364    5.0779
 3.362    5.0830
 3.360    5.0832
 3.358    5.0852
 3.355    5.0864
 3.353    5.0864
 3.351    5.0891
 3.349    5.0986
 3.347    5.1028
 3.345    5.0935
 3.342    5.0791
 3.340    5.0742
 3.338    5.0710
 3.336    5.0679
 3.334    5.0696
 3.332    5.0674
 3.330    5.0517
 3.327    5.0298
 3.325    5.0068
 3.323    4.9839
 3.321    4.9495
 3.319    4.9116
 3.317    4.8874
 3.315    4.8669
 3.313    4.8479
 3.310    4.8415
 3.308    4.8440
 3.306    4.8440
 3.304    4.8254
 3.302    4.7944
 3.300    4.7712
 3.298    4.7529
 3.296    4.7331
 3.294    4.7202
 3.292    4.7126
 3.289    4.7036
 3.287    4.6841
 3.285    4.6565
 3.283    4.6306
 3.281    4.5986
 3.279    4.5615
 3.277    4.5281
 3.275    4.4961
 3.273    4.4631
 3.271    4.4331
 3.269    4.4126
 3.267    4.4011
 3.265    4.3882
 3.263    4.3738
 3.261    4.3584
 3.258    4.3389
 3.256    4.3159
 3.254    4.2942
 3.252    4.2737
 3.250    4.2519
 3.248    4.2319
 3.246    4.2114
 3.244    4.1841
 3.242    4.1543
 3.240    4.1350
 3.238    4.1172
 3.236    4.0925
 3.234    4.0701
 3.232    4.0564
 3.230    4.0432
 3.228    4.0278
 3.226    4.0188
 3.224    4.0115
 3.222    3.9980
 3.220    3.9866
 3.218    3.9787
 3.216    3.9624
 3.214    3.9360
 3.212    3.9150
 3.210    3.8996
 3.208    3.8811
 3.206    3.8581
 3.204    3.8406
 3.202    3.8254
 3.200    3.8071
 3.198    3.7920
 3.196    3.7815
 3.194    3.7732
 3.192    3.7580
 3.190    3.7353
 3.188    3.7146
 3.186    3.6963
 3.184    3.6787
 3.182    3.6672
 3.180    3.6619
 3.179    3.6575
 3.177    3.6453
 3.175    3.6299
 3.173    3.6201
 3.171    3.6050
 3.169    3.5891
 3.167    3.5725
 3.165    3.5542
 3.163    3.5320
 3.161    3.5090
 3.159    3.4885
 3.157    3.4822
 3.155    3.4795
 3.153    3.4770
 3.152    3.4626
 3.150    3.4338
 3.148    3.3989
 3.146    3.3674
 3.144    3.3423
 3.142    3.3330
 3.140    3.3330
 3.138    3.3371
 3.136    3.3328
 3.134    3.3213
 3.132    3.3039
 3.131    3.2900
 3.129    3.2759
 3.127    3.2544
 3.125    3.2336
 3.123    3.2141
 3.121    3.1892
 3.119    3.1743
 3.117    3.1692
 3.115    3.1758
 3.114    3.1772
 3.112    3.1684
 3.110    3.1658
 3.108    3.1645
 3.106    3.1538
 3.104    3.1418
 3.102    3.1311
 3.101    3.1221
 3.099    3.1081
 3.097    3.1018
 3.095    3.1013
 3.093    3.0976
 3.091    3.0881
 3.090    3.0671
 3.088    3.0456
 3.086    3.0332
 3.084    3.0249
 3.082    3.0227
 3.080    3.0176
 3.079    3.0124
 3.077    3.0122
 3.075    3.0093
 3.073    3.0078
 3.071    3.0100
 3.069    3.0076
 3.067    2.9993
 3.066    2.9761
 3.064    2.9524
 3.062    2.9343
 3.060    2.9209
 3.059    2.9155
 3.057    2.9160
 3.055    2.9177
 3.053    2.9150
 3.051    2.9011
 3.050    2.8916
 3.048    2.8806
 3.046    2.8696
 3.044    2.8664
 3.042    2.8674
 3.041    2.8652
 3.039    2.8635
 3.037    2.8625
 3.035    2.8581
 3.033    2.8452
 3.032    2.8347
 3.030    2.8220
 3.028    2.8066
 3.026    2.7932
 3.025    2.7961
 3.023    2.8101
 3.021    2.8257
 3.019    2.8303
 3.018    2.8245
 3.016    2.8081
 3.014    2.7891
 3.012    2.7820
 3.011    2.7851
 3.009    2.7956
 3.007    2.7983
 3.005    2.7832
 3.004    2.7593
 3.002    2.7439
 3.000    2.7444
 2.998    2.7559
 2.997    2.7681
 2.995    2.7834
 2.993    2.7851
 2.991    2.7707
 2.990    2.7466
 2.988    2.7241
 2.986    2.6997
 2.985    2.6785
 2.983    2.6721
 2.981    2.6824
 2.979    2.7012
 2.978    2.7151
 2.976    2.7183
 2.974    2.7134
 2.973    2.6970
 2.971    2.6782
 2.969    2.6645
 2.967    2.6509
 2.966    2.6352
 2.964    2.6233
 2.962    2.6191
 2.961    2.6172
 2.959    2.6206
 2.957    2.6338
 2.956    2.6455
 2.954    2.6416
 2.952    2.6279
 2.951    2.6157
 2.949    2.6047
 2.947    2.5972
 2.946    2.5994
 2.944    2.6103
 2.942    2.6233
 2.941    2.6357
 2.939    2.6348
 2.937    2.6199
 2.936    2.6106
 2.934    2.6096
 2.932    2.5986
 2.931    2.5962
 2.929    2.6196
 2.927    2.6445
 2.926    2.6499
 2.924    2.6411
 2.922    2.6360
 2.921    2.6316
 2.919    2.6179
 2.917    2.6113
 2.916    2.6150
 2.914    2.6099
 2.912    2.5955
 2.911    2.5854
 2.909    2.5854
 2.908    2.5962
 2.906    2.6079
 2.904    2.6079
 2.903    2.6018
 2.901    2.5886
 2.899    2.5754
 2.898    2.5769
 2.896    2.5837
 2.895    2.5945
 2.893    2.6077
 2.891    2.6228
 2.890    2.6423
 2.888    2.6531
 2.886    2.6724
 2.885    2.7021
 2.883    2.7161
 2.882    2.7197
 2.880    2.7185
 2.878    2.7192
 2.877    2.7226
 2.875    2.7178
 2.874    2.7229
 2.872    2.7407
 2.870    2.7576
 2.869    2.7864
 2.867    2.8218
 2.866    2.8469
 2.864    2.8684
 2.863    2.8830
 2.861    2.8884
 2.859    2.8884
 2.858    2.8906
 2.856    2.8994
 2.855    2.9011
 2.853    2.8787
 2.852    2.8691
 2.850    2.8813
 2.848    2.8960
 2.847    2.9060
 2.845    2.9145
 2.844    2.9197
 2.842    2.9143
 2.841    2.8926
 2.839    2.8848
 2.837    2.8906
 2.836    2.8984
 2.834    2.9055
 2.833    2.9192
 2.831    2.9372
 2.830    2.9600
 2.828    2.9829
 2.827    2.9988
 2.825    3.0027
 2.824    3.0110
 2.822    3.0261
 2.821    3.0539
 2.819    3.0933
 2.817    3.1416
 2.816    3.1914
 2.814    3.2192
 2.813    3.2236
 2.811    3.2200
 2.810    3.2078
 2.808    3.2031
 2.807    3.2109
 2.805    3.2307
 2.804    3.2725
 2.802    3.3193
 2.801    3.3552
 2.799    3.3809
 2.798    3.3940
 2.796    3.3955
 2.795    3.3935
 2.793    3.4033
 2.792    3.4202
 2.790    3.4324
 2.789    3.4382
 2.787    3.4431
 2.786    3.4463
 2.784    3.4514
 2.783    3.4709
 2.781    3.4993
 2.780    3.5185
 2.778    3.5395
 2.777    3.5620
 2.775    3.5718
 2.774    3.5713
 2.772    3.5708
 2.771    3.5754
 2.769    3.5666
 2.768    3.5281
 2.766    3.4834
 2.765    3.4350
 2.763    3.3735
 2.762    3.3337
 2.761    3.3374
 2.759    3.3882
 2.757    3.4758
 2.756    3.5776
 2.755    3.6943
 2.753    3.8113
 2.752    3.9243
 2.750    4.0456
 2.749    4.1665
 2.747    4.2776
 2.746    4.3789
 2.744    4.4617
 2.743    4.5305
 2.741    4.5932
 2.740    4.6606
 2.739    4.7463
 2.737    4.8618
 2.736    5.0015
 2.734    5.1692
 2.733    5.3623
 2.731    5.5652
 2.730    5.7563
 2.728    5.9243
 2.727    6.0771
 2.726    6.2190
 2.724    6.3598
 2.723    6.5561
 2.721    6.8169
 2.720    7.1150
 2.719    7.4324
 2.717    7.7385
 2.716    7.9621
 2.714    8.0615
 2.713    8.0652
 2.711    8.0073
 2.710    7.8957
 2.708    7.7702
 2.707    7.6894
 2.706    7.6970
 2.704    7.8242
 2.703    8.1157
 2.701    8.6067
 2.700    9.2690
 2.699   10.0508
 2.697   10.9138
 2.696   11.8308
 2.695   12.7639
 2.693   13.7180
 2.692   14.6638
 2.690   15.5566
 2.689   16.3767
 2.688   17.1035
 2.686   17.7417
 2.685   18.2988
 2.683   18.7617
 2.682   19.1652
 2.680   19.5107
 2.679   19.8103
 2.678   20.1145
 2.676   20.4436
 2.675   20.7412
 2.674   20.9694
 2.672   21.1418
 2.671   21.2482
 2.670   21.3181
 2.668   21.4079
 2.667   21.6037
 2.665   21.9240
 2.664   22.3037
 2.663   22.7079
 2.661   23.1091
 2.660   23.4243
 2.659   23.6533
 2.657   23.7971
 2.656   23.8906
 2.655   23.9931
 2.653   24.1340
 2.652   24.2983
 2.650   24.4633
 2.649   24.6086
 2.648   24.7411
 2.646   24.8459
 2.645   24.9313
 2.644   25.0346
 2.642   25.1552
 2.641   25.2868
 2.640   25.4218
 2.638   25.5156
 2.637   25.5637
 2.636   25.5551
 2.634   25.4711
 2.633   25.3713
 2.632   25.3017
 2.630   25.2866
 2.629   25.3830
 2.627   25.5576
 2.626   25.7831
 2.625   25.9609
 2.624   26.0063
 2.622   25.9877
 2.621   25.8915
 2.620   25.7729
 2.618   25.7543
 2.617   25.8327
 2.616   26.0129
 2.614   26.2216
 2.613   26.3705
 2.612   26.4596
 2.610   26.4328
 2.609   26.3088
 2.608   26.1740
 2.606   26.0683
 2.605   26.0710
 2.604   26.2160
 2.603   26.4238
 2.601   26.6247
 2.600   26.7031
 2.599   26.5407
 2.597   26.2494
 2.596   25.9997
 2.595   25.9130
 2.593   26.0517
 2.592   26.3454
 2.591   26.6554
 2.590   26.8679
 2.588   26.8720
 2.587   26.7494
 2.586   26.6464
 2.584   26.6103
 2.583   26.6769
 2.582   26.8188
 2.580   26.9325
 2.579   27.0224
 2.578   27.0483
 2.577   27.0055
 2.575   26.9648
 2.574   26.9282
 2.573   26.9194
 2.571   26.9601
 2.570   27.0314
 2.569   27.1222
 2.568   27.1725
 2.566   27.1528
 2.565   27.0781
 2.564   26.9814
 2.563   26.9194
 2.561   26.9399
 2.560   27.0668
 2.559   27.2294
 2.558   27.3586
 2.556   27.4103
 2.555   27.3713
 2.554   27.3066
 2.553   27.2533
 2.551   27.2170
 2.550   27.2282
 2.549   27.2702
 2.547   27.3049
 2.546   27.3149
 2.545   27.3178
 2.544   27.3307
 2.543   27.3442
 2.541   27.3517
 2.540   27.3722
 2.539   27.3947
 2.538   27.3871
 2.536   27.3627
 2.535   27.3405
 2.534   27.3271
 2.533   27.3215
 2.531   27.3266
 2.530   27.3473
 2.529   27.3674
 2.528   27.3827
 2.526   27.4042
 2.525   27.4235
 2.524   27.4345
 2.523   27.4389
 2.522   27.4347
 2.520   27.4355
 2.519   27.4260
 2.518   27.4076
 2.517   27.4057
 2.515   27.4116
 2.514   27.4247
 2.513   27.4526
 2.512   27.4738
 2.511   27.4975
 2.509   27.5087
 2.508   27.4950
 2.507   27.4853
 2.506   27.4765
 2.504   27.4701
 2.503   27.4792
 2.502   27.4909
 2.501   27.5197
 2.500   27.5615
 2.498   27.5907
 2.497   27.6181
 2.496   27.6301
 2.495   27.6144
 2.494   27.5973
 2.492   27.6027
 2.491   27.6176
 2.490   27.6415
 2.489   27.6799
 2.488   27.7336
 2.486   27.7822
 2.485   27.8100
 2.484   27.8346
 2.483   27.8715
 2.482   27.8984
 2.481   27.9325
 2.479   27.9784
 2.478   28.0256
 2.477   28.0600
 2.476   28.0805
 2.474   28.0927
 2.473   28.1117
 2.472   28.1347
 2.471   28.1630
 2.470   28.1879
 2.469   28.2304
 2.467   28.2890
 2.466   28.3393
 2.465   28.3652
 2.464   28.3954
 2.463   28.4296
 2.462   28.4579
 2.460   28.4719
 2.459   28.5129
 2.458   28.5820
 2.457   28.6362
 2.456   28.6664
 2.455   28.7009
 2.454   28.7314
 2.452   28.7590
 2.451   28.7746
 2.450   28.7953
 2.449   28.8295
 2.448   28.8644
 2.446   28.8991
 2.445   28.9382
 2.444   28.9762
 2.443   29.0243
 2.442   29.0683
 2.441   29.0978
 2.440   29.1264
 2.438   29.1601
 2.437   29.1991
 2.436   29.2487
 2.435   29.2990
 2.434   29.3444
 2.433   29.3862
 2.432   29.4301
 2.430   29.4804
 2.429   29.5329
 2.428   29.5917
 2.427   29.6576
 2.426   29.7028
 2.425   29.7333
 2.424   29.7743
 2.422   29.8273
 2.421   29.8708
 2.420   29.9096
 2.419   29.9455
 2.418   29.9767
 2.417   29.9946
 2.416   30.0121
 2.415   30.0480
 2.414   30.0946
 2.412   30.1410
 2.411   30.1935
 2.410   30.2397
 2.409   30.2834
 2.408   30.3251
 2.407   30.3534
 2.406   30.3696
 2.405   30.3847
 2.403   30.3964
 2.402   30.4125
 2.401   30.4433
 2.400   30.4884
 2.399   30.5309
 2.398   30.5592
 2.397   30.5846
 2.396   30.6127
 2.394   30.6305
 2.393   30.6481
 2.392   30.6716
 2.391   30.6896
 2.390   30.6969
 2.389   30.7018
 2.388   30.7143
 2.387   30.7316
 2.386   30.7448
 2.385   30.7470
 2.384   30.7380
 2.382   30.7341
 2.381   30.7441
 2.380   30.7729
 2.379   30.8178
 2.378   30.8700
 2.377   30.9140
 2.376   30.9438
 2.375   30.9645
 2.374   30.9853
 2.373   31.0019
 2.372   31.0195
 2.370   31.0390
 2.369   31.0404
 2.368   31.0275
 2.367   31.0216
 2.366   31.0175
 2.365   31.0207
 2.364   31.0348
 2.363   31.0549
 2.362   31.0798
 2.361   31.0959
 2.360   31.1010
 2.359   31.0954
 2.357   31.0646
 2.356   31.0319
 2.355   31.0077
 2.354   30.9858
 2.353   30.9723
 2.352   30.9804
 2.351   31.0119
 2.350   31.0356
 2.349   31.0400
 2.348   31.0495
 2.347   31.0534
 2.346   31.0361
 2.345   31.0248
 2.344   31.0585
 2.343   31.1232
 2.341   31.1845
 2.341   31.2502
 2.339   31.3244
 2.338   31.3827
 2.337   31.4172
 2.336   31.4294
 2.335   31.4418
 2.334   31.4482
 2.333   31.4389
 2.332   31.4445
 2.331   31.4738
 2.330   31.5231
 2.329   31.5754
 2.328   31.6003
 2.327   31.6095
 2.326   31.6266
 2.325   31.6545
 2.324   31.6957
 2.323   31.7546
 2.322   31.8190
 2.321   31.8791
 2.320   31.9118
 2.318   31.9264
 2.317   31.9374
 2.316   31.9360
 2.315   31.9176
 2.314   31.9159
 2.313   31.9298
 2.312   31.9482
 2.311   31.9516
 2.310   31.9577
 2.309   31.9662
 2.308   31.9599
 2.307   31.9450
 2.306   31.9530
 2.305   31.9862
 2.304   32.0246
 2.303   32.0690
 2.302   32.1376
 2.301   32.2140
 2.300   32.2712
 2.299   32.3061
 2.298   32.3280
 2.297   32.3449
 2.296   32.3586
 2.295   32.3756
 2.294   32.4213
 2.293   32.4611
 2.292   32.4860
 2.291   32.5058
 2.290   32.5194
 2.289   32.5429
 2.288   32.5846
 2.287   32.6249
 2.286   32.6811
 2.285   32.7216
 2.284   32.7538
 2.283   32.7826
 2.282   32.8085
 2.281   32.8139
 2.280   32.8339
 2.279   32.8547
 2.278   32.8566
 2.277   32.8652
 2.276   32.9013
 2.275   32.9284
 2.274   32.9406
 2.273   32.9333
 2.272   32.9325
 2.271   32.9289
 2.270   32.9220
 2.269   32.9433
 2.268   32.9960
 2.267   33.0539
 2.266   33.1137
 2.265   33.1693
 2.264   33.2016
 2.263   33.2155
 2.262   33.2299
 2.261   33.2350
 2.260   33.2365
 2.259   33.2480
 2.258   33.2668
 2.257   33.2970
 2.256   33.3327
 2.255   33.3661
 2.254   33.3891
 2.253   33.4140
 2.252   33.4416
 2.251   33.4540
 2.250   33.4787
 2.249   33.5146
 2.248   33.5605
 2.247   33.6276
 2.246   33.6955
 2.245   33.7834
 2.244   33.8898
 2.243   33.9750
 2.242   34.0487
 2.241   34.0946
 2.240   34.1178
 2.239   34.1327
 2.238   34.1466
 2.237   34.1747
 2.236   34.2028
 2.236   34.2270
 2.235   34.2668
 2.234   34.3146
 2.233   34.3598
 2.232   34.3922
 2.231   34.4113
 2.230   34.4167
 2.229   34.4047
 2.228   34.3778
 2.227   34.3493
 2.226   34.3400
 2.225   34.3410
 2.224   34.3251
 2.223   34.2785
 2.222   34.2091
 2.221   34.1437
 2.220   34.0746
 2.219   33.9923
 2.218   33.9245
 2.217   33.8796
 2.216   33.8466
 2.216   33.8051
 2.215   33.7245
 2.214   33.6205
 2.213   33.5089
 2.212   33.3673
 2.211   33.2235
 2.210   33.1379
 2.209   33.1012
 2.208   33.1159
 2.207   33.1564
 2.206   33.2087
 2.205   33.2536
 2.204   33.2655
 2.203   33.2328
 2.202   33.1860
 2.201   33.1525
 2.200   33.1569
 2.200   33.1916
 2.199   33.2450
 2.198   33.2973
 2.197   33.3476
 2.196   33.3839
 2.195   33.4289
 2.194   33.4865
 2.193   33.5531
 2.192   33.6266
 2.191   33.6867
 2.190   33.7213
 2.189   33.7575
 2.188   33.8222
 2.187   33.8922
 2.187   33.9403
 2.186   33.9867
 2.185   34.0304
 2.184   34.0585
 2.183   34.0890
 2.182   34.1515
 2.181   34.2555
 2.180   34.3683
 2.179   34.4455
 2.178   34.4760
 2.177   34.4796
 2.176   34.4760
 2.176   34.4716
 2.175   34.5085
 2.174   34.5849
 2.173   34.6711
 2.172   34.7243
 2.171   34.7379
 2.170   34.7213
 2.169   34.6925
 2.168   34.6684
 2.167   34.6837
 2.166   34.7160
 2.166   34.7441
 2.165   34.7970
 2.164   34.8271
 2.163   34.8036
 2.162   34.7834
 2.161   34.7897
 2.160   34.8295
 2.159   34.8688
 2.158   34.9123
 2.157   34.9740
 2.156   35.0002
 2.156   34.9921
 2.155   34.9904
 2.154   34.9982
 2.153   35.0385
 2.152   35.1086
 2.151   35.1930
 2.150   35.2392
 2.149   35.2692
 2.148   35.2690
 2.148   35.2284
 2.147   35.2057
 2.146   35.2165
 2.145   35.2311
 2.144   35.2309
 2.143   35.2282
 2.142   35.2458
 2.141   35.2338
 2.140   35.2206
 2.140   35.2597
 2.139   35.2978
 2.138   35.3090
 2.137   35.3170
 2.136   35.3322
 2.135   35.3446
 2.134   35.3305
 2.133   35.3273
 2.132   35.3632
 2.132   35.3734
 2.131   35.3588
 2.130   35.3388
 2.129   35.3163
 2.128   35.3087
 2.127   35.3063
 2.126   35.3415
 2.126   35.4098
 2.125   35.4284
 2.124   35.4171
 2.123   35.4027
 2.122   35.3766
 2.121   35.3507
 2.120   35.3244
 2.119   35.3210
 2.119   35.3659
 2.118   35.4364
 2.117   35.5024
 2.116   35.5526
 2.115   35.5692
 2.114   35.5326
 2.113   35.4538
 2.112   35.3893
 2.112   35.4023
 2.111   35.4689
 2.110   35.5368
 2.109   35.5922
 2.108   35.6044
 2.107   35.5548
 2.107   35.4960
 2.106   35.4530
 2.105   35.4281
 2.104   35.4547
 2.103   35.5124
 2.102   35.5602
 2.101   35.5609
 2.100   35.5358
 2.100   35.5075
 2.099   35.4872
 2.098   35.5048
 2.097   35.5697
 2.096   35.6332
 2.095   35.6659
 2.095   35.6625
 2.094   35.6361
 2.093   35.6037
 2.092   35.5775
 2.091   35.5700
 2.090   35.5663
 2.090   35.5412
 2.089   35.5224
 2.088   35.5356
 2.087   35.5360
 2.086   35.5321
 2.085   35.5380
 2.084   35.5468
 2.084   35.5500
 2.083   35.5360
 2.082   35.5863
 2.081   35.5324
 2.080   35.6022
 2.079   35.7516
 2.076   35.9431
 2.072   35.9793
 2.068   36.3092
 2.064   36.3092
 2.060   36.0847
 2.056   36.1559
 2.052   36.0099
 2.048   36.0633
 2.044   36.2351
 2.040   35.5989
 2.036   35.6342
 2.032   35.3814
 2.028   35.6053
 2.024   35.6765
 2.020   35.6116
 2.016   35.7548
 2.012   35.5528
 2.008   35.5770
 2.004   35.4817
 2.000   35.2398
 1.996   35.3087
 1.992   35.0221
 1.988   34.6338
 1.984   34.3668
 1.980   34.0611
 1.976   33.9435
 1.972   33.6156
 1.968   33.7757
 1.964   33.6729
 1.960   33.5528
 1.956   33.3472
 1.952   33.2956
 1.948   33.1408
 1.944   32.7621
 1.940   32.7263
 1.936   32.4635
 1.932   32.2488
 1.928   32.0524
 1.924   32.0482
 1.920   31.7660
 1.916   31.8387
 1.912   31.8162
 1.908   32.1494
 1.904   32.5771
 1.900   32.9946
 1.896   33.8500
 1.892   34.9114
 1.888   35.2768
 1.884   36.0307
 1.880   36.9176
 1.876   37.2797
 1.872   37.4086
 1.868   37.8648
 1.864   37.9630
 1.860   38.1228
 1.856   38.3009
 1.852   38.5413
 1.848   38.8590
 1.844   38.9017
 1.840   38.7178
 1.836   38.7090
 1.832   38.5078
 1.828   38.4826
 1.824   38.2581
 1.820   38.1413
 1.816   37.8384
 1.812   37.9155
 1.808   37.9734
 1.804   38.1996
 1.800   38.2011
 1.796   38.2207
 1.792   37.8894
 1.788   37.8701
 1.784   38.3245
 1.780   38.2798
 1.776   38.0380
 1.772   37.9340
 1.768   38.0858
 1.764   37.9166
 1.760   37.9299
 1.756   37.9496
 1.752   37.8123
 1.748   37.9877
 1.744   37.8951
 1.740   38.1813
 1.736   38.1448
 1.732   37.7306
 1.728   38.0224
 1.724   37.7158
 1.720   37.6843
 1.716   37.6411
 1.712   37.6945
 1.708   37.2880
 1.704   37.5141
 1.700   37.5914
 1.696   37.3179
 1.692   37.3561
 1.688   37.2904
 1.684   37.2522
 1.680   37.2796
 1.676   37.1587
 1.672   37.1778
 1.668   37.1308
 1.664   37.0164
 1.660   37.0164
 1.656   37.0646
 1.652   37.0173
 1.648   37.0555
 1.644   37.0646
 1.640   37.1411
 1.636   37.0173
 1.632   37.0081
 1.628   37.1901
 1.624   37.1427
 1.620   37.0126
 1.616   36.8555
 1.612   36.7694
 1.608   36.8267
 1.604   37.0485
 1.600   36.8842
 1.596   36.8938
 1.592   36.7497
 1.588   36.7114
 1.584   36.5810
 1.580   36.4729
 1.576   36.3408
 1.572   36.3973
 1.568   36.1385
 1.564   36.2513
 1.560   36.3080
 1.556   36.3757
 1.552   35.9972
 1.548   35.9599
 1.544   36.1835
 1.540   35.9605
 1.536   35.7553
 1.532   35.7553
 1.528   35.7364
 1.524   35.8481
 1.520   35.7922
 1.516   35.4018
 1.512   35.5000
 1.508   35.4815
 1.504   35.2749
 1.500   34.9941
 1.496   34.8798
 1.492   34.7103
 1.488   34.8212
 1.484   34.6531
 1.480   34.5987
 1.476   34.2965
 1.472   34.1790
 1.468   34.0498
 1.464   34.0148
 1.460   33.8198
 1.456   33.5900
 1.452   33.7134
 1.448   33.7841
 1.444   33.6688
 1.440   33.7659
 1.436   33.6762
 1.432   33.5970
 1.428   33.4014
 1.424   33.4014
 1.420   33.5516
 1.416   33.2923
 1.412   33.0922
 1.408   32.8347
 1.404   32.7989
 1.400   32.4405
 1.396   32.3238
 1.392   32.6179
 1.388   32.7787
 1.384   32.8890
 1.380   33.1044
 1.376   33.2616
 1.372   33.4157
 1.368   33.0204
 1.364   33.0339
 1.360   33.1166
 1.356   33.3511
 1.352   33.3499
 1.348   33.3663
 1.344   33.3680
 1.340   33.1822
 1.336   33.1419
 1.332   33.1042
 1.328   32.8981
 1.324   32.9063
 1.320   32.6567
 1.316   32.3995
 1.312   32.4165
 1.308   32.3600
 1.304   32.4024
 1.300   32.4366
 1.296   32.6005
 1.292   32.3007
 1.288   32.1521
 1.284   32.2493
 1.280   31.9658
 1.276   31.5942
 1.272   31.5691
 1.268   31.4811
 1.264   31.4383
 1.260   31.3614
 1.256   31.3784
 1.252   31.5610
 1.248   31.1229
 1.244   31.0624
 1.240   30.8906
 1.236   30.8128
 1.232   30.6567
 1.228   30.6068
 1.224   30.6401
 1.220   30.8128
 1.216   30.6963
 1.212   30.1963
 1.208   30.1340
 1.204   30.1664
 1.200   30.1826
 1.196   30.0392
 1.192   29.7415
 1.188   29.9427
 1.184   29.7886
 1.180   29.7683
 1.176   29.5992
 1.172   29.1800
 1.168   29.0854
 1.164   29.0368
 1.160   28.8929
 1.156   28.9018
 1.152   28.6791
 1.148   28.6072
 1.144   28.3037
 1.140   28.2233
 1.136   28.6724
 1.132   28.6201
 1.128   28.7586
 1.124   28.4566
 1.120   28.2770
 1.116   28.1400
 1.112   28.0644
 1.108   27.8702
 1.104   27.7803
 1.100   27.6229
 1.096   27.3978
 1.092   27.4274
 1.088   27.3053
 1.084   26.9513
 1.080   27.1922
 1.076   27.1380
 1.072   26.8240
 1.068   26.3994
 1.064   26.4563
 1.060   26.7396
 1.056   26.6122
 1.052   26.5426
 1.048   26.2730
 1.044   26.0039
 1.040   25.9606
 1.036   26.1610
 1.032   25.8609
 1.028   25.5197
 1.024   25.6613
 1.020   25.5613
 1.016   25.4783
 1.012   25.3785
 1.008   25.3885
 1.004   25.2606
 1.000   25.3432
 0.996   25.1626
 0.992   25.0759
 0.988   24.7034
 0.984   24.7527
 0.980   24.7000
 0.976   24.5989
 0.972   24.6565
 0.968   24.4097
 0.964   24.2640
 0.960   24.0916
 0.956   23.9898
 0.952   23.8647
 0.948   23.7671
 0.944   23.5051
 0.940   23.5440
 0.936   23.4838
 0.932   23.3815
 0.928   23.3556
 0.924   23.1890
 0.920   22.9972
 0.916   22.9583
 0.912   22.8427
 0.908   22.8554
 0.904   22.5336
 0.900   22.6217
 0.896   22.4143
 0.892   22.5243
 0.888   22.4964
 0.884   22.6906
 0.880   22.4442
 0.876   22.2997
 0.872   22.4022
 0.868   22.2844
 0.864   22.3035
 0.860   22.0324
 0.856   22.2368
 0.852   22.2887
 0.848   22.1827
 0.844   21.9988
 0.840   21.6785
 0.836   21.7704
 0.832   21.7401
 0.828   21.6892
 0.824   21.4020
 0.820   21.3075
 0.816   21.4377
 0.812   21.3163
 0.808   21.0178
 0.804   20.9947
 0.800   20.8378
 0.799   20.3680
 0.798   20.3665
 0.797   20.7786
 0.796   20.7472
 0.795   20.4823
 0.794   20.1722
 0.793   20.4694
 0.792   20.3253
 0.791   20.4275
 0.790   20.2828
 0.789   20.2667
 0.788   20.2024
 0.787   20.3054
 0.786   20.4380
 0.785   20.2024
 0.784   20.0152
 0.783   19.9467
 0.782   19.8328
 0.781   19.7162
 0.780   19.6716
 0.779   19.7264
 0.778   19.6699
 0.777   19.7515
 0.776   19.7264
 0.775   19.7912
 0.774   19.6592
 0.773   19.6467
 0.772   19.6448
 0.771   19.5256
 0.770   19.5256
 0.769   19.4142
 0.768   19.5131
 0.767   19.2415
 0.766   19.2538
 0.765   19.2415
 0.764   19.1096
 0.763   19.1801
 0.762   19.0244
 0.761   18.9415
 0.760   18.7629
 0.759   18.7394
 0.758   18.6912
 0.757   18.7515
 0.756   18.6191
 0.755   18.6191
 0.754   18.4158
 0.753   18.7272
 0.752   18.4751
 0.751   18.4156
 0.750   18.5832
 0.749   18.5109
 0.748   18.2472
 0.747   18.4753
 0.746   18.1272
 0.745   18.2712
 0.744   17.9838
 0.743   18.0920
 0.742   18.2951
 0.741   18.3424
 0.740   18.3543
 0.739   18.2099
 0.738   17.9689
 0.737   17.9689
 0.736   17.8379
 0.735   17.8379
 0.734   17.9084
 0.733   17.7020
 0.732   17.7137
 0.731   17.6321
 0.730   17.3969
 0.729   17.3514
 0.728   17.3855
 0.727   17.4299
 0.726   17.3664
 0.725   17.0384
 0.724   17.1086
 0.723   16.9314
 0.722   16.9763
 0.721   17.0860
 0.720   17.4484
 0.719   17.0328
 0.718   16.8554
 0.717   16.5915
 0.716   16.8219
 0.715   16.6356
 0.714   16.6689
 0.713   16.5255
 0.712   16.5365
 0.711   16.6140
 0.710   16.4812
 0.709   16.2379
 0.708   16.2487
 0.707   16.2924
 0.706   16.0375
 0.705   16.0268
 0.704   15.9838
 0.703   15.9304
 0.702   15.7880
 0.701   15.7775
 0.700   15.9370
 0.699   15.9908
 0.698   15.6687
 0.697   15.6965
 0.696   15.5999
 0.695   15.5573
 0.694   15.4546
 0.693   15.4019
 0.692   15.3809
 0.691   15.3809
 0.690   15.2575
 0.689   15.3202
 0.688   15.1652
 0.687   15.1342
 0.686   15.1238
 0.685   15.0929
 0.684   14.8772
 0.683   14.7337
 0.682   14.6106
 0.681   14.6006
 0.680   14.5707
 0.679   14.7011
 0.678   14.6074
 0.677   14.5134
 0.676   14.2156
 0.675   14.4834
 0.674   14.4335
 0.673   14.1374
 0.672   14.0141
 0.671   14.4718
 0.670   14.3684
 0.669   14.2648
 0.668   14.3050
 0.667   14.0065
 0.666   14.2648
 0.665   14.2648
 0.664   14.1310
 0.663   13.8347
 0.662   13.7889
 0.661   13.7987
 0.660   13.4534
 0.659   13.5879
 0.658   13.5592
 0.657   13.5314
 0.656   13.2520
 0.655   13.2984
 0.654   13.4743
 0.653   13.4265
 0.652   13.3695
 0.651   13.3695
 0.650   13.0759
 0.649   12.9069
 0.648   12.8523
 0.647   12.9069
 0.646   12.8477
 0.645   12.8568
 0.644   12.8477
 0.643   12.8843
 0.642   12.7606
 0.641   12.7515
 0.640   12.4954
 0.639   12.3542
 0.638   12.3189
 0.637   12.2835
 0.636   12.5244
 0.635   12.2835
 0.634   12.2923
 0.633   12.1684
 0.632   12.2035
 0.631   12.0880
 0.630   12.0793
 0.629   12.1055
 0.628   11.9852
 0.627   11.7967
 0.626   11.9927
 0.625   11.9840
 0.624   12.2069
 0.623   11.8696
 0.622   11.5573
 0.621   11.4905
 0.620   11.6173
 0.619   11.4441
 0.618   11.3224
 0.617   11.2180
 0.616   11.2180
 0.615   11.2426
 0.614   11.1181
 0.613   11.1100
 0.612   11.1426
 0.611   11.1426
 0.610   11.0097
 0.609   11.0017
 0.608   10.9855
 0.607   11.0405
 0.606   11.0816
 0.605   10.9729
 0.604   10.8563
 0.603   10.6209
 0.602   10.5344
 0.601   10.4631
 0.600   10.5026
 0.599   10.7049
 0.598   10.5936
 0.597   10.4464
 0.596   10.4623
 0.595   10.2768
 0.594   10.1675
 0.593   10.1985
 0.592   10.4623
 0.591   10.2063
 0.590   10.2501
 0.589   10.2610
 0.588   10.0938
 0.587    9.9962
 0.586   10.1325
 0.585   10.1850
 0.584    9.9580
 0.583    9.8821
 0.582    9.8897
 0.581    9.9124
 0.580    9.7093
 0.579    9.9784
 0.578    9.8582
 0.577    9.7820
 0.576    9.2800
 0.575    9.3957
 0.574    9.3524
 0.573    9.1189
 0.572    9.1892
 0.571    9.4937
 0.570    9.5517
 0.569    9.1327
 0.568    8.9945
 0.567    8.9876
 0.566    8.9808
 0.565    8.9740
 0.564    9.0708
 0.563    8.9765
 0.562    9.0041
 0.561    8.8971
 0.560    8.7858
 0.559    8.5756
 0.558    8.3337
 0.557    8.2764
 0.556    8.2637
 0.555    7.9604
 0.554    8.1344
 0.553    7.8373
 0.552    8.0360
 0.551    7.9494
 0.550    7.9865
 0.549    7.7744
 0.548    7.5090
 0.547    7.3666
 0.546    7.3497
 0.545    7.2991
 0.544    7.6316
 0.543    7.1915
 0.542    7.2136
 0.541    7.3884
 0.540    7.4060
 0.539    7.4413
 0.538    7.1850
 0.537    7.1054
 0.536    7.0655
 0.535    6.9739
 0.534    6.9852
 0.533    6.9234
 0.532    6.5641
 0.531    6.7491
 0.530    6.7655
 0.529    6.7764
 0.528    6.6516
 0.527    6.6679
 0.526    5.9757
 0.525    5.9950
 0.524    5.9998
 0.523    6.3242
 0.522    5.9031
 0.521    6.0386
 0.520    6.2297
 0.519    5.8698
 0.518    6.0279
 0.517    5.4806
 0.516    5.4941
 0.515    5.8421
 0.514    5.3911
 0.513    5.3867
 0.512    5.4135
 0.511    5.4000
 0.510    5.3007
 0.509    5.1701
 0.508    5.1399
 0.507    5.1313
 0.506    5.0185
 0.505    5.0143
 0.504    4.7713
 0.503    4.7631
 0.502    4.7794
 0.501    4.4835
 0.500    4.6615
 0.499    4.6897
 0.498    4.5237
 0.497    4.5158
 0.496    4.3728
 0.495    4.2431
 0.494    4.2724
 0.493    4.2578
 0.492    4.0811
 0.491    3.9808
 0.490    3.8360
 0.489    4.2578
 0.488    4.0264
 0.487    4.0229
 0.486    4.1123
 0.485    3.8327
 0.484    3.7197
 0.483    3.8526
 0.482    3.8659
 0.481    3.7555
 0.480    3.7424
 0.479    3.7327
 0.478    3.6188
 0.477    3.7522
 0.476    3.7489
 0.475    3.4848
 0.474    3.4758
 0.473    3.4728
 0.472    3.3455
 0.471    3.4728
 0.470    3.1592
 0.469    3.1489
 0.468    3.1540
 0.467    3.1566
 0.466    3.1386
 0.465    3.1489
 0.464    3.1670
 0.463    3.0012
 0.462    2.8642
 0.461    2.9893
 0.460    3.0012
 0.459    2.8878
 0.458    2.8963
 0.457    2.9196
 0.456    2.9239
 0.455    2.7594
 0.454    2.7652
 0.453    2.7498
 0.452    2.7594
 0.451    2.4438
 0.450    2.6979
 0.449    2.6828
 0.448    2.2710
 0.447    2.4407
 0.446    2.2736
 0.445    2.2749
 0.444    2.2775
 0.443    2.2815
 0.442    2.1121
 0.441    2.1232
 0.440    2.1199
 0.439    2.1221
 0.438    1.9636
 0.437    1.9654
 0.436    1.9618
 0.435    1.9574
 0.434    1.8867
 0.433    1.6309
 0.432    1.6327
 0.431    1.3360
 0.430    1.3362
 0.429    1.2992
 0.428    1.0031
 0.427    1.1698
 0.426    1.1695
 0.425    1.0028
 0.424    1.1700
 0.423    1.0010
 0.422    0.8294
 0.421    0.6972
 0.420    0.8294
 0.419    0.8315
 0.418    0.4937
 0.417    0.4994
 0.416    0.3352
 0.415    0.4612
 0.414    0.4623
 0.413    0.3340
 0.412    0.4665
 0.411    0.2962
 0.410    0.2962
 0.409    0.2987
 0.408    0.3863
 0.407    0.1230
 0.406    0.3823
 0.405    0.1230
 0.404    0.1092
 0.403    0.1092
 0.402    0.0000
 0.401    0.0000
 0.400    0.0000
