Name:  Spessartine Mn3Al2 (SiO4)3
Type:  Mineral
Class:  Silicates 
Subclass:   Nesosilicates (Framework silicates); GarnetGroup
Particle Size:  Fine (Less than 2 Micrometers)
Sample No.:  spessart.2
Owner:  JHU
Wavelength Range:  IR
Origin: Rutherford #2 mine, Amelia, Amelia Co., Virginia, USA via the 
Smithsonian (sample no. NMNH 114143)
Description: The sample consisted of a group of 3 mm and smaller 
diameter reddish crystals.  A few clear crystals adhering to the 
grains were picked off and microscopic examination showed the 
remaining sample to be quite pure.


Measurement:  Transmission 
First Column:  X
Second Column:  Y  
X Units:  Wavelength (micrometers)
Y Units:  Transmittance (percent)
First X Value:  25.0442
Last X Value:  2.079
Number of X Values:  2287
Additional Information:  spessa2a.txt
25.044   72.2967
24.924   73.1795
24.805   73.3436
24.686   73.7693
24.569   73.6092
24.454   73.5037
24.339   73.6248
24.225   74.2654
24.112   74.2264
24.001   74.6717
23.890   75.3045
23.781   75.0545
23.672   74.1326
23.564   73.4139
23.458   72.9412
23.352   72.2615
23.247   70.7576
23.144   69.3592
23.041   68.1580
22.939   66.1561
22.838   64.2909
22.738   62.0858
22.638   59.0975
22.540   55.6991
22.442   51.9100
22.345   47.8671
22.250   44.1718
22.154   41.1171
22.060   40.3456
21.967   42.0077
21.874   45.0272
21.782   48.0175
21.691   49.0800
21.601   47.7108
21.511   44.6347
21.422   40.9569
21.334   37.5272
21.247   34.5663
21.160   32.4941
21.074   31.7441
20.988   31.7616
20.904   32.0019
20.820   32.5585
20.737   33.5819
20.654   34.7929
20.572   36.0273
20.491   37.3515
20.410   38.7831
20.330   40.1894
20.251   41.7245
20.172   43.3397
20.094   44.8925
20.016   46.3339
19.939   47.8163
19.863   49.0546
19.787   50.0155
19.712   50.9413
19.637   51.9374
19.563   53.0233
19.489   54.0760
19.416   55.2547
19.344   55.9266
19.272   56.3475
19.201   56.7430
19.130   57.5633
19.059   58.7206
18.990   60.4422
18.920   62.4969
18.851   64.5448
18.783   66.6073
18.715   68.2938
18.648   69.6248
18.581   70.6014
18.515   71.2947
18.449   71.4432
18.384   71.3563
18.319   70.7860
18.254   69.7156
18.190   67.9344
18.126   65.4588
18.063   62.2821
18.001   58.4188
17.938   54.3251
17.876   50.5985
17.815   48.0087
17.754   46.8143
17.693   46.9979
17.633   47.8837
17.573   49.2538
17.514   50.9842
17.455   52.8827
17.396   54.7225
17.338   56.9071
17.280   59.3377
17.223   61.9920
17.166   64.5282
17.109   67.0203
17.053   69.1580
16.997   70.9139
16.942   72.5350
16.886   73.9393
16.832   75.0447
16.777   75.9930
16.723   76.8406
16.669   77.4773
16.616   78.1053
16.563   78.6072
16.510   79.1336
16.458   79.4295
16.406   79.8406
16.354   80.0271
16.302   80.1482
16.251   80.0437
16.200   80.0164
16.150   79.6717
16.100   78.9900
16.050   77.9148
16.000   76.4500
15.951   74.7820
15.902   73.1092
15.854   72.3670
15.805   72.8983
15.757   74.3826
15.710   76.0174
15.662   77.4881
15.615   78.5057
15.568   79.2625
15.521   79.5213
15.475   79.5740
15.429   79.5242
15.383   79.5135
15.338   79.6785
15.292   79.7820
15.248   79.9021
15.203   80.0340
15.158   80.3465
15.114   80.4627
15.070   80.7312
15.027   80.8162
14.983   80.9266
14.940   81.0574
14.897   81.2586
14.854   81.4724
14.812   81.8172
14.770   82.0642
14.728   82.3230
14.686   82.5486
14.645   82.6472
14.603   82.9783
14.562   83.2185
14.521   83.4422
14.481   83.4568
14.441   83.5955
14.400   83.5965
14.361   83.6795
14.321   83.6951
14.281   83.7439
14.242   83.6961
14.203   83.6560
14.164   83.6453
14.126   83.4724
14.087   83.3611
14.049   83.1765
14.011   83.2322
13.973   83.2068
13.936   83.3875
13.899   83.5515
13.861   83.7683
13.824   83.9182
13.788   84.1468
13.751   84.2908
13.715   84.4612
13.679   84.5633
13.643   84.6150
13.607   84.8323
13.571   84.8045
13.536   84.9353
13.500   84.7952
13.465   84.8733
13.430   84.9300
13.396   84.9964
13.361   84.9705
13.327   84.9553
13.293   85.0257
13.259   85.2849
13.225   85.4119
13.191   85.3557
13.158   85.4846
13.124   85.4553
13.091   85.5843
13.058   85.7366
13.026   86.0061
12.993   85.9578
12.960   85.8357
12.928   85.6800
12.896   85.8069
12.864   85.9221
12.832   85.7088
12.800   85.5178
12.769   85.4939
12.737   85.6136
12.706   85.4431
12.675   85.3396
12.644   85.3103
12.614   85.3172
12.583   85.0139
12.552   84.7869
12.522   84.5193
12.492   84.3304
12.462   84.1194
12.432   83.9236
12.402   83.5686
12.373   83.0623
12.343   82.5623
12.314   82.0076
12.285   81.4324
12.256   80.6214
12.227   80.1350
12.198   79.5525
12.169   78.8479
12.141   77.8792
12.113   76.9378
12.084   75.8807
12.056   74.7791
12.028   73.7386
12.000   72.5350
11.973   71.2581
11.945   69.8582
11.918   68.5633
11.890   67.1444
11.863   65.5804
11.836   63.7166
11.809   61.6014
11.782   59.3319
11.755   56.8124
11.729   54.0350
11.702   50.8505
11.676   47.5546
11.650   44.1449
11.624   40.7841
11.598   37.6020
11.572   35.0390
11.546   33.3852
11.520   32.6762
11.495   32.9325
11.469   33.8402
11.444   34.8105
11.419   35.5487
11.394   35.3339
11.369   34.2245
11.344   32.4887
11.319   30.3339
11.294   28.1767
11.270   26.5898
11.245   25.7597
11.221   25.6855
11.197   26.2255
11.173   27.3124
11.149   28.7636
11.125   30.4535
11.101   32.4184
11.077   34.4726
11.054   36.6532
11.030   39.0375
11.007   41.5214
10.983   44.3202
10.960   47.0492
10.937   49.6854
10.914   52.2211
10.891   54.1112
10.868   55.5311
10.846   56.4559
10.823   57.1678
10.800   57.4237
10.778   57.1463
10.755   56.1293
10.733   54.6366
10.711   52.4867
10.689   49.5336
10.667   46.1005
10.645   41.8031
10.623   37.1059
10.602   32.7157
10.580   28.3344
10.558   24.6347
10.537   21.8964
10.516   20.1723
10.494   19.4003
10.473   19.4511
10.452   20.1025
10.431   21.1611
10.410   22.4765
10.389   23.9697
10.368   25.4091
10.348   26.8281
10.327   28.1767
10.306   29.4003
10.286   30.3637
10.266   31.1132
10.245   31.7929
10.225   32.5038
10.205   33.1347
10.185   33.8935
10.165   34.8866
10.145   36.1542
10.125   37.6757
10.106   39.3773
10.086   41.2294
10.066   43.1268
10.047   44.8925
10.027   46.6249
10.008   48.3339
 9.989   49.9501
 9.970   51.4418
 9.950   52.8592
 9.931   54.1385
 9.912   55.3583
 9.893   56.4378
 9.875   57.4129
 9.856   58.2040
 9.837   58.9100
 9.818   59.5135
 9.800   60.0409
 9.781   60.4198
 9.763   60.8031
 9.745   61.0955
 9.726   61.3172
 9.708   61.5018
 9.690   61.7113
 9.672   62.0453
 9.654   62.4862
 9.636   63.0804
 9.618   63.6644
 9.600   64.2967
 9.583   64.9608
 9.565   65.6356
 9.547   66.1409
 9.530   66.6346
 9.512   67.2069
 9.495   67.6512
 9.477   68.0433
 9.460   68.3494
 9.443   68.5897
 9.426   68.7567
 9.409   68.9100
 9.392   68.9520
 9.375   68.9129
 9.358   68.8187
 9.341   68.7547
 9.324   68.6551
 9.307   68.6238
 9.291   68.7069
 9.274   68.8792
 9.257   69.0804
 9.241   69.3221
 9.224   69.6121
 9.208   69.8953
 9.192   70.2127
 9.175   70.4398
 9.159   70.6273
 9.143   70.7488
 9.127   70.8812
 9.111   70.9549
 9.095   70.9236
 9.079   70.9202
 9.063   70.8475
 9.047   70.8011
 9.032   70.7361
 9.016   70.7425
 9.000   70.7737
 8.985   70.8480
 8.969   71.1292
 8.954   71.5882
 8.938   72.1566
 8.923   72.7840
 8.907   73.4559
 8.892   74.0467
 8.877   74.5960
 8.862   75.1644
 8.847   75.6800
 8.832   76.1058
 8.817   76.4861
 8.802   76.8826
 8.787   77.2894
 8.772   77.6429
 8.757   78.0110
 8.742   78.3992
 8.728   78.7532
 8.713   79.1580
 8.698   79.4964
 8.684   79.8440
 8.669   80.1736
 8.655   80.6111
 8.640   81.0174
 8.626   81.2972
 8.612   81.5369
 8.597   81.9534
 8.583   82.4202
 8.569   82.7674
 8.555   83.1233
 8.541   83.5374
 8.527   83.9378
 8.513   84.3387
 8.499   84.7508
 8.485   85.1853
 8.471   85.5965
 8.457   86.0633
 8.443   86.5061
 8.430   86.9163
 8.416   87.3577
 8.402   87.8369
 8.389   88.2110
 8.375   88.5808
 8.362   88.9607
 8.348   89.3259
 8.335   89.6492
 8.321   89.9890
 8.308   90.2822
 8.295   90.5615
 8.281   90.8701
 8.268   91.1738
 8.255   91.4558
 8.242   91.7107
 8.229   91.9470
 8.216   92.1394
 8.203   92.2852
 8.190   92.4649
 8.177   92.6345
 8.164   92.7761
 8.151   92.9229
 8.138   93.0505
 8.126   93.1270
 8.113   93.2197
 8.100   93.3572
 8.088   93.4714
 8.075   93.5784
 8.062   93.6511
 8.050   93.7532
 8.037   93.8340
 8.025   93.8835
 8.013   93.9392
 8.000   93.9939
 7.988   94.0584
 7.976   94.1221
 7.963   94.1970
 7.951   94.2439
 7.939   94.3093
 7.927   94.3682
 7.915   94.4197
 7.903   94.4578
 7.891   94.5127
 7.879   94.5330
 7.867   94.5488
 7.855   94.6016
 7.843   94.6670
 7.831   94.7080
 7.819   94.7390
 7.807   94.8093
 7.796   94.8086
 7.784   94.8301
 7.772   94.8506
 7.761   94.9160
 7.749   94.9177
 7.738   94.9382
 7.726   94.8965
 7.715   94.8694
 7.703   94.8906
 7.692   94.9287
 7.680   94.9382
 7.669   94.9072
 7.658   94.9197
 7.646   94.9099
 7.635   94.9226
 7.624   94.9014
 7.613   94.9138
 7.601   94.8787
 7.590   94.9021
 7.579   94.9326
 7.568   94.9138
 7.557   94.9287
 7.546   94.9055
 7.535   94.9160
 7.524   94.8982
 7.513   94.9473
 7.502   94.9678
 7.492   94.9919
 7.481   94.9959
 7.470   94.9978
 7.459   94.9893
 7.448   94.9592
 7.438   94.9465
 7.427   94.9041
 7.417   94.8857
 7.406   94.8699
 7.395   94.8626
 7.385   94.8281
 7.374   94.8118
 7.364   94.8035
 7.353   94.7891
 7.343   94.7654
 7.333   94.7520
 7.322   94.7139
 7.312   94.6658
 7.302   94.7053
 7.291   94.6943
 7.281   94.6785
 7.271   94.6072
 7.261   94.6335
 7.251   94.5789
 7.240   94.5515
 7.230   94.5518
 7.220   94.5354
 7.210   94.5488
 7.200   94.5149
 7.190   94.5154
 7.180   94.4666
 7.170   94.4797
 7.160   94.4524
 7.151   94.4268
 7.141   94.3503
 7.131   94.3181
 7.121   94.2869
 7.111   94.2712
 7.102   94.2598
 7.092   94.1902
 7.082   94.1885
 7.073   94.1738
 7.063   94.1785
 7.053   94.1475
 7.044   94.1572
 7.034   94.1328
 7.025   94.1348
 7.015   94.1289
 7.006   94.1335
 6.996   94.1287
 6.987   94.1560
 6.977   94.1580
 6.968   94.1580
 6.959   94.2129
 6.949   94.1943
 6.940   94.2468
 6.931   94.2617
 6.921   94.3320
 6.912   94.3799
 6.903   94.3933
 6.894   94.3962
 6.885   94.4089
 6.876   94.4446
 6.866   94.5037
 6.857   94.5564
 6.848   94.5596
 6.839   94.6306
 6.830   94.6758
 6.821   94.7568
 6.812   94.7668
 6.803   94.8621
 6.794   94.9597
 6.786   94.9998
 6.777   95.0615
 6.768   95.0947
 6.759   95.1582
 6.750   95.2188
 6.741   95.2754
 6.733   95.3005
 6.724   95.3894
 6.715   95.4365
 6.707   95.4670
 6.698   95.5144
 6.689   95.5554
 6.681   95.6094
 6.672   95.6140
 6.663   95.6143
 6.655   95.6074
 6.646   95.6816
 6.638   95.6892
 6.629   95.6953
 6.621   95.6787
 6.612   95.7361
 6.604   95.7297
 6.596   95.7158
 6.587   95.7371
 6.579   95.7400
 6.571   95.7693
 6.562   95.7539
 6.554   95.7712
 6.546   95.7207
 6.537   95.7344
 6.529   95.7354
 6.521   95.7598
 6.513   95.6738
 6.505   95.6199
 6.496   95.5857
 6.488   95.5242
 6.480   95.4695
 6.472   95.3906
 6.464   95.3508
 6.456   95.3076
 6.448   95.2439
 6.440   95.1550
 6.432   95.1360
 6.424   95.1101
 6.416   95.0674
 6.408   94.9619
 6.400   94.8408
 6.392   94.7380
 6.384   94.6638
 6.377   94.6179
 6.369   94.5271
 6.361   94.4236
 6.353   94.2947
 6.345   94.2314
 6.338   94.0964
 6.330   93.9346
 6.322   93.8386
 6.314   93.7517
 6.307   93.6563
 6.299   93.5681
 6.291   93.4893
 6.284   93.3533
 6.276   93.2676
 6.269   93.1865
 6.261   93.0938
 6.254   92.9619
 6.246   92.8916
 6.238   92.7705
 6.231   92.6892
 6.223   92.6199
 6.216   92.5242
 6.209   92.3972
 6.201   92.2676
 6.194   92.1787
 6.186   92.0928
 6.179   92.0449
 6.172   92.0437
 6.164   92.0986
 6.157   92.1504
 6.150   92.2429
 6.142   92.2947
 6.135   92.2830
 6.128   92.2744
 6.121   92.3076
 6.113   92.3582
 6.106   92.3789
 6.099   92.4182
 6.092   92.4902
 6.085   92.6406
 6.078   92.8005
 6.070   92.9402
 6.063   93.0508
 6.056   93.2263
 6.049   93.4346
 6.042   93.5811
 6.035   93.7637
 6.028   94.0037
 6.021   94.1277
 6.014   94.1572
 6.007   94.2510
 6.000   94.3440
 5.993   94.5291
 5.986   94.7068
 5.979   94.8809
 5.973   95.0859
 5.966   95.2976
 5.959   95.4734
 5.952   95.6467
 5.945   95.8350
 5.938   96.0676
 5.932   96.2351
 5.925   96.2996
 5.918   96.3955
 5.911   96.4832
 5.905   96.6140
 5.898   96.7634
 5.891   96.8289
 5.884   96.9060
 5.878   96.9756
 5.871   96.9939
 5.864   97.0547
 5.858   97.0791
 5.851   97.0859
 5.845   97.1133
 5.838   97.1191
 5.831   97.2021
 5.825   97.2480
 5.818   97.2927
 5.812   97.2771
 5.805   97.2891
 5.799   97.3193
 5.792   97.3279
 5.786   97.3535
 5.779   97.3669
 5.773   97.4197
 5.767   97.4573
 5.760   97.4792
 5.754   97.4714
 5.747   97.5039
 5.741   97.5305
 5.735   97.5518
 5.728   97.5879
 5.722   97.6287
 5.716   97.6882
 5.709   97.6921
 5.703   97.6875
 5.697   97.6584
 5.691   97.6728
 5.684   97.6631
 5.678   97.6963
 5.672   97.7136
 5.666   97.7393
 5.660   97.7537
 5.653   97.7920
 5.647   97.8147
 5.641   97.8359
 5.635   97.8435
 5.629   97.8230
 5.623   97.8437
 5.617   97.8379
 5.611   97.8767
 5.604   97.8721
 5.598   97.8850
 5.592   97.8718
 5.586   97.8640
 5.580   97.8708
 5.574   97.8630
 5.568   97.8347
 5.562   97.8249
 5.556   97.8301
 5.550   97.8154
 5.545   97.8682
 5.539   97.8838
 5.533   97.9089
 5.527   97.9402
 5.521   97.9871
 5.515   98.0144
 5.509   97.9949
 5.503   98.0124
 5.498   97.9932
 5.492   98.0124
 5.486   98.0115
 5.480   98.0496
 5.474   98.0508
 5.469   98.0994
 5.463   98.1543
 5.457   98.1641
 5.451   98.1621
 5.446   98.1728
 5.440   98.2012
 5.434   98.1833
 5.428   98.1794
 5.423   98.1921
 5.417   98.2168
 5.411   98.1992
 5.406   98.2292
 5.400   98.2151
 5.395   98.2068
 5.389   98.2021
 5.383   98.1970
 5.378   98.1982
 5.372   98.1785
 5.367   98.2002
 5.361   98.2087
 5.356   98.2627
 5.350   98.2732
 5.344   98.2800
 5.339   98.2598
 5.333   98.3005
 5.328   98.3308
 5.323   98.3330
 5.317   98.3269
 5.312   98.3164
 5.306   98.3704
 5.301   98.3689
 5.295   98.4099
 5.290   98.4365
 5.285   98.4629
 5.279   98.4658
 5.274   98.4746
 5.268   98.4678
 5.263   98.4900
 5.258   98.5115
 5.252   98.4834
 5.247   98.4783
 5.242   98.4463
 5.237   98.4890
 5.231   98.5127
 5.226   98.5498
 5.221   98.5371
 5.215   98.5613
 5.210   98.5625
 5.205   98.5566
 5.200   98.5769
 5.195   98.5886
 5.189   98.6101
 5.184   98.6172
 5.179   98.6289
 5.174   98.6218
 5.169   98.6472
 5.163   98.6667
 5.158   98.6777
 5.153   98.7009
 5.148   98.7117
 5.143   98.7214
 5.138   98.6992
 5.133   98.7029
 5.128   98.6882
 5.123   98.7002
 5.118   98.6943
 5.113   98.7109
 5.108   98.7019
 5.103   98.7187
 5.097   98.7165
 5.092   98.7410
 5.087   98.7439
 5.083   98.7432
 5.078   98.7510
 5.073   98.7178
 5.068   98.7207
 5.063   98.7078
 5.058   98.6980
 5.053   98.6872
 5.048   98.7151
 5.043   98.6887
 5.038   98.6794
 5.033   98.6809
 5.028   98.6667
 5.023   98.6682
 5.019   98.6789
 5.014   98.6877
 5.009   98.6819
 5.004   98.6824
 4.999   98.6765
 4.994   98.6814
 4.990   98.6555
 4.985   98.6697
 4.980   98.6785
 4.975   98.7009
 4.970   98.7107
 4.966   98.7121
 4.961   98.6951
 4.956   98.6770
 4.951   98.7185
 4.947   98.7161
 4.942   98.6804
 4.937   98.7019
 4.933   98.7253
 4.928   98.6921
 4.923   98.6741
 4.919   98.6765
 4.914   98.6741
 4.909   98.6882
 4.905   98.7131
 4.900   98.7126
 4.895   98.7087
 4.891   98.7234
 4.886   98.7117
 4.882   98.7073
 4.877   98.6975
 4.872   98.7117
 4.868   98.7112
 4.863   98.7058
 4.859   98.7214
 4.854   98.7273
 4.850   98.7385
 4.845   98.7351
 4.840   98.7571
 4.836   98.7439
 4.831   98.7449
 4.827   98.7366
 4.822   98.7434
 4.818   98.7385
 4.814   98.7624
 4.809   98.7761
 4.805   98.7595
 4.800   98.7478
 4.796   98.7771
 4.791   98.8010
 4.787   98.7722
 4.782   98.7473
 4.778   98.7102
 4.774   98.7195
 4.769   98.7385
 4.765   98.7678
 4.760   98.7869
 4.756   98.7781
 4.752   98.7790
 4.747   98.7820
 4.743   98.7942
 4.739   98.7844
 4.734   98.7605
 4.730   98.7585
 4.726   98.7742
 4.721   98.7717
 4.717   98.7751
 4.713   98.7869
 4.709   98.7629
 4.704   98.7263
 4.700   98.7302
 4.696   98.7546
 4.692   98.7732
 4.687   98.7834
 4.683   98.8186
 4.679   98.8249
 4.675   98.8049
 4.670   98.7873
 4.666   98.7781
 4.662   98.7771
 4.658   98.7620
 4.654   98.7903
 4.649   98.8044
 4.645   98.8069
 4.641   98.8337
 4.637   98.8044
 4.633   98.7673
 4.629   98.7756
 4.625   98.7898
 4.620   98.7605
 4.616   98.7913
 4.612   98.8113
 4.608   98.7991
 4.604   98.8015
 4.600   98.8162
 4.596   98.8186
 4.592   98.7991
 4.588   98.7927
 4.584   98.8118
 4.580   98.8049
 4.576   98.8098
 4.572   98.8318
 4.568   98.8210
 4.564   98.8113
 4.560   98.7908
 4.555   98.7864
 4.551   98.7683
 4.548   98.7854
 4.544   98.8113
 4.540   98.8005
 4.536   98.8093
 4.532   98.8279
 4.528   98.8479
 4.524   98.8162
 4.520   98.8601
 4.516   98.8259
 4.512   98.7810
 4.508   98.7698
 4.504   98.7761
 4.500   98.7600
 4.496   98.7624
 4.492   98.7986
 4.488   98.8054
 4.485   98.8235
 4.481   98.7854
 4.477   98.7952
 4.473   98.8264
 4.469   98.8445
 4.465   98.8308
 4.461   98.8220
 4.458   98.8347
 4.454   98.8503
 4.450   98.8201
 4.446   98.7732
 4.442   98.8030
 4.438   98.7771
 4.435   98.7815
 4.431   98.8245
 4.427   98.8523
 4.423   98.8328
 4.420   98.8523
 4.416   98.8669
 4.412   98.8401
 4.408   98.8220
 4.405   98.8162
 4.401   98.8230
 4.397   98.8074
 4.393   98.8122
 4.390   98.7737
 4.386   98.7820
 4.382   98.8142
 4.379   98.8513
 4.375   98.8596
 4.371   98.8352
 4.367   98.8498
 4.364   98.8518
 4.360   98.8474
 4.356   98.8108
 4.353   98.7927
 4.349   98.7878
 4.345   98.7834
 4.342   98.8005
 4.338   98.7864
 4.335   98.7893
 4.331   98.8044
 4.327   98.8337
 4.324   98.8298
 4.320   98.8396
 4.317   98.8484
 4.313   98.8005
 4.309   98.7908
 4.306   98.8245
 4.302   98.8259
 4.299   98.8518
 4.295   98.8479
 4.292   98.7971
 4.288   98.7800
 4.284   98.7605
 4.281   98.7673
 4.277   98.7873
 4.274   98.8083
 4.270   98.8103
 4.267   98.8030
 4.263   98.7742
 4.260   98.7961
 4.256   98.8318
 4.253   98.8083
 4.249   98.8245
 4.246   98.8415
 4.242   98.8538
 4.239   98.8425
 4.235   98.8738
 4.232   98.8777
 4.229   98.8518
 4.225   98.8503
 4.222   98.8611
 4.218   98.8381
 4.215   98.8386
 4.211   98.8479
 4.208   98.8479
 4.205   98.8747
 4.201   98.8635
 4.198   98.8743
 4.194   98.8069
 4.191   98.8069
 4.188   98.8337
 4.184   98.8435
 4.181   98.8323
 4.177   98.8406
 4.174   98.8513
 4.171   98.8850
 4.167   98.9011
 4.164   98.8616
 4.161   98.8733
 4.157   98.8572
 4.154   98.8420
 4.151   98.7639
 4.147   98.7517
 4.144   98.7678
 4.141   98.7698
 4.137   98.7859
 4.134   98.7976
 4.131   98.7732
 4.128   98.7712
 4.124   98.8069
 4.121   98.7966
 4.118   98.7830
 4.114   98.8318
 4.111   98.8298
 4.108   98.8088
 4.105   98.8205
 4.101   98.8503
 4.098   98.8528
 4.095   98.8308
 4.092   98.8508
 4.088   98.8674
 4.085   98.8518
 4.082   98.8415
 4.079   98.8562
 4.076   98.8518
 4.072   98.8025
 4.069   98.7937
 4.066   98.7898
 4.063   98.8113
 4.060   98.7878
 4.056   98.7820
 4.053   98.7639
 4.050   98.7502
 4.047   98.7585
 4.044   98.7751
 4.041   98.7351
 4.038   98.7209
 4.034   98.7663
 4.031   98.7976
 4.028   98.7873
 4.025   98.7834
 4.022   98.7522
 4.019   98.7541
 4.016   98.7390
 4.013   98.6980
 4.009   98.6648
 4.006   98.6765
 4.003   98.6872
 4.000   98.7165
 3.997   98.6746
 3.994   98.6545
 3.991   98.6174
 3.988   98.5828
 3.985   98.5915
 3.982   98.5613
 3.979   98.5906
 3.976   98.5730
 3.973   98.5447
 3.969   98.5671
 3.966   98.6091
 3.963   98.5627
 3.960   98.5544
 3.957   98.5803
 3.954   98.6062
 3.951   98.6345
 3.948   98.6296
 3.945   98.6467
 3.942   98.6335
 3.939   98.5964
 3.936   98.6111
 3.933   98.6257
 3.930   98.6374
 3.927   98.6467
 3.924   98.6667
 3.921   98.6687
 3.918   98.6838
 3.916   98.6526
 3.913   98.6550
 3.910   98.6409
 3.907   98.6150
 3.904   98.6038
 3.901   98.6296
 3.898   98.6101
 3.895   98.6111
 3.892   98.5740
 3.889   98.5456
 3.886   98.5378
 3.883   98.5452
 3.880   98.5491
 3.877   98.5476
 3.875   98.5603
 3.872   98.5544
 3.869   98.5271
 3.866   98.5027
 3.863   98.5198
 3.860   98.4939
 3.857   98.5193
 3.854   98.5315
 3.852   98.5310
 3.849   98.5686
 3.846   98.4978
 3.843   98.4753
 3.840   98.4626
 3.837   98.4695
 3.834   98.4792
 3.832   98.4709
 3.829   98.4929
 3.826   98.5173
 3.823   98.4861
 3.820   98.5056
 3.817   98.5076
 3.815   98.4499
 3.812   98.4470
 3.809   98.4402
 3.806   98.4109
 3.803   98.3850
 3.801   98.4187
 3.798   98.4167
 3.795   98.3845
 3.792   98.3660
 3.790   98.3616
 3.787   98.3738
 3.784   98.3830
 3.781   98.3987
 3.779   98.3474
 3.776   98.3464
 3.773   98.3616
 3.770   98.3513
 3.768   98.3147
 3.765   98.3225
 3.762   98.3552
 3.759   98.3259
 3.757   98.2971
 3.754   98.2834
 3.751   98.2654
 3.748   98.2537
 3.746   98.2537
 3.743   98.2410
 3.740   98.2229
 3.738   98.1951
 3.735   98.1794
 3.732   98.1599
 3.730   98.1682
 3.727   98.1389
 3.724   98.1038
 3.722   98.0906
 3.719   98.0803
 3.716   98.0818
 3.714   98.0569
 3.711   98.0408
 3.708   98.0271
 3.706   98.0120
 3.703   97.9900
 3.700   98.0037
 3.698   97.9997
 3.695   97.9558
 3.692   97.9299
 3.690   97.9021
 3.687   97.8904
 3.685   97.9138
 3.682   97.9255
 3.679   97.9319
 3.677   97.9294
 3.674   97.9163
 3.671   97.8870
 3.669   97.8577
 3.666   97.8381
 3.664   97.8142
 3.661   97.7947
 3.659   97.8245
 3.656   97.8005
 3.653   97.8113
 3.651   97.7991
 3.648   97.8401
 3.646   97.8318
 3.643   97.8044
 3.641   97.7600
 3.638   97.7165
 3.635   97.6941
 3.633   97.6638
 3.630   97.5823
 3.628   97.5798
 3.625   97.6506
 3.623   97.6487
 3.620   97.5940
 3.618   97.5623
 3.615   97.5842
 3.613   97.5974
 3.610   97.5740
 3.608   97.5334
 3.605   97.5359
 3.603   97.5359
 3.600   97.5056
 3.598   97.5120
 3.595   97.4983
 3.593   97.4871
 3.590   97.5037
 3.588   97.5154
 3.585   97.4377
 3.583   97.4031
 3.580   97.3811
 3.578   97.3474
 3.575   97.3264
 3.573   97.2952
 3.570   97.2693
 3.568   97.2146
 3.565   97.2073
 3.563   97.1931
 3.561   97.1677
 3.558   97.1604
 3.556   97.1423
 3.553   97.0818
 3.551   97.0632
 3.548   97.0549
 3.546   97.0139
 3.544   96.9846
 3.541   96.9451
 3.539   96.9534
 3.536   96.9373
 3.534   96.9275
 3.531   96.8596
 3.529   96.8103
 3.527   96.7561
 3.524   96.7268
 3.522   96.6882
 3.519   96.6057
 3.517   96.5271
 3.515   96.4041
 3.512   96.3689
 3.510   96.3030
 3.508   96.1819
 3.505   96.0901
 3.503   96.0217
 3.500   96.0510
 3.498   96.0955
 3.496   96.1033
 3.493   96.1169
 3.491   96.1702
 3.489   96.2126
 3.486   96.1760
 3.484   96.1062
 3.482   96.0974
 3.479   96.0642
 3.477   96.0876
 3.475   96.0583
 3.472   96.0334
 3.470   96.0017
 3.468   95.9626
 3.465   95.9666
 3.463   95.9104
 3.461   95.8943
 3.458   95.8694
 3.456   95.8420
 3.454   95.8113
 3.452   95.7815
 3.449   95.7717
 3.447   95.7014
 3.445   95.6150
 3.442   95.6072
 3.440   95.5452
 3.438   95.4861
 3.435   95.4534
 3.433   95.3787
 3.431   95.2991
 3.429   95.1780
 3.426   95.0608
 3.424   94.9260
 3.422   94.8709
 3.420   94.8074
 3.417   94.7932
 3.415   94.7678
 3.413   94.8201
 3.411   94.8459
 3.408   94.8948
 3.406   94.9783
 3.404   95.0276
 3.402   95.1306
 3.399   95.1794
 3.397   95.2092
 3.395   95.2405
 3.393   95.2483
 3.391   95.2366
 3.388   95.1482
 3.386   95.1409
 3.384   95.0876
 3.382   95.0569
 3.380   95.0447
 3.377   95.0549
 3.375   95.0798
 3.373   95.1155
 3.371   95.1975
 3.369   95.2185
 3.366   95.2458
 3.364   95.2971
 3.362   95.2874
 3.360   95.2361
 3.358   95.2288
 3.355   95.2595
 3.353   95.2795
 3.351   95.2791
 3.349   95.2419
 3.347   95.2400
 3.345   95.2126
 3.342   95.1956
 3.340   95.2209
 3.338   95.2288
 3.336   95.2087
 3.334   95.1775
 3.332   95.1541
 3.330   95.1267
 3.327   95.1526
 3.325   95.0896
 3.323   95.0623
 3.321   95.0862
 3.319   95.0002
 3.317   94.9163
 3.315   94.8889
 3.313   94.8635
 3.310   94.8201
 3.308   94.7971
 3.306   94.8225
 3.304   94.8201
 3.302   94.8147
 3.300   94.7659
 3.298   94.7185
 3.296   94.7087
 3.294   94.6995
 3.292   94.7185
 3.289   94.7151
 3.287   94.6643
 3.285   94.6018
 3.283   94.5701
 3.281   94.5725
 3.279   94.5354
 3.277   94.4749
 3.275   94.3577
 3.273   94.3362
 3.271   94.3474
 3.269   94.2966
 3.267   94.2517
 3.265   94.2673
 3.263   94.2439
 3.260   94.1628
 3.258   94.0857
 3.256   94.0388
 3.254   94.0144
 3.252   94.0046
 3.250   93.9646
 3.248   93.9451
 3.246   93.9519
 3.244   93.8992
 3.242   93.8474
 3.240   93.8210
 3.238   93.8240
 3.236   93.7498
 3.234   93.6882
 3.232   93.6072
 3.230   93.6189
 3.228   93.5300
 3.226   93.4744
 3.224   93.4490
 3.222   93.4431
 3.220   93.4089
 3.218   93.3904
 3.216   93.3562
 3.214   93.2888
 3.212   93.2966
 3.210   93.2605
 3.208   93.2175
 3.206   93.1511
 3.204   93.1336
 3.202   93.0935
 3.200   93.0330
 3.198   92.9656
 3.196   92.9265
 3.194   92.9216
 3.192   92.8630
 3.190   92.8562
 3.188   92.7654
 3.186   92.7146
 3.184   92.6755
 3.182   92.5711
 3.180   92.5261
 3.179   92.5359
 3.177   92.4929
 3.175   92.4177
 3.173   92.4119
 3.171   92.3767
 3.169   92.2937
 3.167   92.2087
 3.165   92.2234
 3.163   92.1257
 3.161   92.0105
 3.159   91.9763
 3.157   91.9451
 3.155   91.8220
 3.153   91.7478
 3.151   91.7000
 3.150   91.6101
 3.148   91.6033
 3.146   91.5789
 3.144   91.4871
 3.142   91.4461
 3.140   91.3894
 3.138   91.3845
 3.136   91.3406
 3.134   91.2781
 3.132   91.1902
 3.131   91.1560
 3.129   91.1043
 3.127   91.1062
 3.125   91.0525
 3.123   90.9470
 3.121   90.9216
 3.119   90.8836
 3.117   90.8259
 3.115   90.7556
 3.114   90.7048
 3.112   90.6531
 3.110   90.5838
 3.108   90.5711
 3.106   90.4822
 3.104   90.4226
 3.102   90.3689
 3.101   90.3474
 3.099   90.2976
 3.097   90.2341
 3.095   90.2136
 3.093   90.1892
 3.091   90.1091
 3.089   90.0603
 3.088   89.9666
 3.086   89.9314
 3.084   89.8455
 3.082   89.7869
 3.080   89.7273
 3.078   89.7234
 3.077   89.6590
 3.075   89.6375
 3.073   89.5877
 3.071   89.5877
 3.069   89.5388
 3.068   89.4353
 3.066   89.3699
 3.064   89.3201
 3.062   89.2820
 3.060   89.2927
 3.058   89.2371
 3.057   89.1677
 3.055   89.2322
 3.053   89.1765
 3.051   89.0916
 3.050   89.0466
 3.048   89.0203
 3.046   88.9275
 3.044   88.8357
 3.042   88.7791
 3.041   88.6892
 3.039   88.6209
 3.037   88.5720
 3.035   88.5115
 3.033   88.4656
 3.032   88.4099
 3.030   88.3767
 3.028   88.2879
 3.026   88.1931
 3.025   88.0720
 3.023   87.9627
 3.021   87.8611
 3.019   87.7322
 3.018   87.6922
 3.016   87.6023
 3.014   87.4265
 3.012   87.3103
 3.011   87.2205
 3.009   87.1170
 3.007   87.0086
 3.005   86.8767
 3.004   86.7674
 3.002   86.6599
 3.000   86.5867
 2.998   86.4265
 2.997   86.2976
 2.995   86.1287
 2.993   86.0789
 2.991   85.9295
 2.990   85.8201
 2.988   85.7322
 2.986   85.5867
 2.985   85.3748
 2.983   85.2000
 2.981   85.0213
 2.979   84.8094
 2.978   84.6101
 2.976   84.3181
 2.974   84.0642
 2.973   83.8572
 2.971   83.6678
 2.969   83.3553
 2.967   83.1209
 2.966   82.9412
 2.964   82.7039
 2.962   82.5076
 2.961   82.3250
 2.959   82.1521
 2.957   82.0515
 2.956   81.9920
 2.954   81.9021
 2.952   81.9392
 2.951   81.8640
 2.949   81.8572
 2.947   81.9187
 2.946   81.8875
 2.944   81.8709
 2.942   81.8533
 2.941   81.8289
 2.939   81.8631
 2.937   81.8758
 2.936   81.8650
 2.934   81.8523
 2.932   81.8015
 2.931   81.8181
 2.929   81.8533
 2.927   81.8123
 2.926   81.8133
 2.924   81.8123
 2.922   81.8445
 2.921   81.7674
 2.919   81.7430
 2.917   81.7430
 2.916   81.8201
 2.914   81.8250
 2.912   81.8162
 2.911   81.9109
 2.909   81.9724
 2.908   82.0008
 2.906   82.0515
 2.904   82.1853
 2.903   82.2596
 2.901   82.2937
 2.899   82.3601
 2.898   82.4842
 2.896   82.5838
 2.895   82.6883
 2.893   82.8289
 2.891   82.9060
 2.890   82.9383
 2.888   83.0945
 2.887   83.1336
 2.885   83.1883
 2.883   83.3719
 2.882   83.5467
 2.880   83.6795
 2.878   83.7654
 2.877   83.9070
 2.875   83.9969
 2.874   84.1678
 2.872   84.3357
 2.871   84.4822
 2.869   84.5554
 2.867   84.6140
 2.866   84.7420
 2.864   84.9295
 2.863   85.0086
 2.861   85.1345
 2.859   85.2703
 2.858   85.4500
 2.856   85.5174
 2.855   85.6580
 2.853   85.7830
 2.852   85.9490
 2.850   86.0711
 2.848   86.1687
 2.847   86.2654
 2.845   86.3240
 2.844   86.3601
 2.842   86.4763
 2.841   86.5916
 2.839   86.6873
 2.838   86.7810
 2.836   86.9070
 2.834   86.9265
 2.833   86.9959
 2.831   87.1248
 2.830   87.2654
 2.828   87.4217
 2.827   87.4939
 2.825   87.5584
 2.824   87.6326
 2.822   87.6756
 2.821   87.8064
 2.819   87.9138
 2.817   88.0398
 2.816   88.2195
 2.814   88.3679
 2.813   88.3904
 2.811   88.5242
 2.810   88.6716
 2.808   88.7556
 2.807   88.9529
 2.805   89.0867
 2.804   89.1638
 2.802   89.2849
 2.801   89.4529
 2.799   89.6257
 2.798   89.7429
 2.796   89.9138
 2.795   90.0935
 2.793   90.2468
 2.792   90.3562
 2.790   90.5193
 2.789   90.7312
 2.787   90.8914
 2.786   91.0554
 2.784   91.2507
 2.783   91.5007
 2.781   91.6658
 2.780   91.8767
 2.778   92.1023
 2.777   92.3445
 2.775   92.6101
 2.774   92.8669
 2.772   93.0232
 2.771   93.2654
 2.769   93.4109
 2.768   93.5154
 2.766   93.7000
 2.765   93.8718
 2.763   94.0857
 2.762   94.2498
 2.760   94.5046
 2.759   94.6599
 2.758   94.8904
 2.756   95.0740
 2.755   95.2693
 2.753   95.4568
 2.752   95.6414
 2.750   95.7976
 2.749   95.9617
 2.747   96.2156
 2.746   96.3445
 2.744   96.5076
 2.743   96.5994
 2.741   96.7205
 2.740   96.9070
 2.739   97.0837
 2.737   97.1833
 2.736   97.3445
 2.734   97.5359
 2.733   97.6296
 2.731   97.7312
 2.730   97.8435
 2.729   97.9412
 2.727   98.0583
 2.726   98.1960
 2.724   98.3142
 2.723   98.4294
 2.721   98.5515
 2.720   98.6999
 2.718   98.8445
 2.717   98.8298
 2.716   98.7156
 2.714   98.6228
 2.713   98.6404
 2.711   98.6833
 2.710   98.6570
 2.709   98.6765
 2.707   98.6921
 2.706   98.6580
 2.704   98.7576
 2.703   98.7615
 2.701   98.7732
 2.700   98.8982
 2.699   98.8865
 2.697   98.8826
 2.696   98.9148
 2.694   99.0203
 2.693   99.0349
 2.692   99.1648
 2.690   99.0867
 2.689   99.1404
 2.687   99.0906
 2.686   99.0935
 2.685   99.1326
 2.683   99.1755
 2.682   99.1726
 2.681   99.1492
 2.679   99.1833
 2.678   99.2038
 2.676   99.1872
 2.675   99.1648
 2.674   99.0867
 2.672   99.1443
 2.671   99.2341
 2.669   99.2615
 2.668   99.1765
 2.667   99.2029
 2.665   99.2341
 2.664   99.3005
 2.663   99.2146
 2.661   99.1570
 2.660   99.1091
 2.659   99.0085
 2.657   99.0515
 2.656   99.0398
 2.654   99.0974
 2.653   99.0867
 2.652   99.0701
 2.650   99.0203
 2.649   99.0593
 2.648   99.0349
 2.646   99.0671
 2.645   99.0935
 2.644   99.0593
 2.642   99.1052
 2.641   99.1736
 2.640   99.1287
 2.638   99.0622
 2.637   99.0994
 2.636   99.1443
 2.634   99.0681
 2.633   99.0974
 2.632   99.0662
 2.630   99.0954
 2.629   99.1755
 2.628   99.1658
 2.626   99.1658
 2.625   99.1775
 2.624   99.2146
 2.622   99.2595
 2.621   99.1638
 2.620   99.0876
 2.618   99.0915
 2.617   99.1326
 2.616   99.1208
 2.614   99.0857
 2.613   99.1384
 2.612   99.0427
 2.610   99.0408
 2.609   99.0544
 2.608   99.1013
 2.606   99.0622
 2.605   99.0954
 2.604   99.0251
 2.602   98.9490
 2.601   99.0505
 2.600   99.0857
 2.599   98.9997
 2.597   98.9372
 2.596   98.9607
 2.595   99.0505
 2.593   99.1462
 2.592   99.0974
 2.591   99.1423
 2.589   99.1755
 2.588   99.2419
 2.587   99.2107
 2.586   99.2458
 2.584   99.2380
 2.583   99.1775
 2.582   99.2048
 2.580   99.1208
 2.579   98.9802
 2.578   98.9314
 2.577   98.8865
 2.575   98.8533
 2.574   98.8396
 2.573   98.9294
 2.572   98.9958
 2.570   99.0369
 2.569   98.9412
 2.568   98.9685
 2.566   99.0154
 2.565   99.1404
 2.564   99.1306
 2.563   99.1384
 2.561   99.1189
 2.560   99.0642
 2.559   99.1169
 2.558   99.0408
 2.556   98.9431
 2.555   99.0329
 2.554   99.0896
 2.553   99.0193
 2.551   99.0173
 2.550   98.9919
 2.549   98.9236
 2.547   98.9392
 2.546   98.8650
 2.545   98.8806
 2.544   99.0583
 2.542   98.9919
 2.541   99.0329
 2.540   98.9783
 2.539   98.9685
 2.538   99.0154
 2.536   98.9822
 2.535   98.9216
 2.534   98.9665
 2.533   98.8826
 2.531   98.9626
 2.530   99.0466
 2.529   98.9704
 2.528   98.8376
 2.526   98.8240
 2.525   98.9744
 2.524   98.8279
 2.523   98.8357
 2.521   98.8884
 2.520   98.8142
 2.519   98.8005
 2.518   98.8865
 2.517   98.9470
 2.515   99.0076
 2.514   99.0857
 2.513   99.0329
 2.512   99.1423
 2.510   99.1365
 2.509   99.1560
 2.508   99.0369
 2.507   99.0954
 2.506   99.1013
 2.504   99.0095
 2.503   99.0388
 2.502   99.0720
 2.501   99.0701
 2.500   98.9490
 2.498   99.0251
 2.497   99.0154
 2.496   98.9490
 2.495   98.9372
 2.494   98.8904
 2.492   98.9431
 2.491   98.8611
 2.490   98.9021
 2.489   98.9490
 2.488   98.9490
 2.486   98.9685
 2.485   99.0427
 2.484   98.9919
 2.483   99.0173
 2.482   99.0779
 2.480   99.0622
 2.479   99.0935
 2.478   98.9529
 2.477   98.9490
 2.476   98.9861
 2.475   98.9685
 2.473   98.9372
 2.472   98.8142
 2.471   98.8122
 2.470   98.9158
 2.469   98.8513
 2.467   98.9158
 2.466   99.0427
 2.465   99.0544
 2.464   98.9333
 2.463   98.9158
 2.462   98.9001
 2.460   98.9236
 2.459   98.9470
 2.458   98.9997
 2.457   98.8162
 2.456   98.8142
 2.455   98.9158
 2.453   99.1247
 2.452   99.0622
 2.451   99.0017
 2.450   98.9451
 2.449   98.9490
 2.448   99.0017
 2.447   98.8552
 2.445   98.9314
 2.444   98.8298
 2.443   98.9060
 2.442   98.9646
 2.441   99.0505
 2.440   99.1189
 2.438   99.1482
 2.437   99.2204
 2.436   99.1287
 2.435   99.0486
 2.434   99.0583
 2.433   99.0408
 2.432   99.0076
 2.430   99.0251
 2.429   98.7576
 2.428   98.8201
 2.427   98.8943
 2.426   98.9372
 2.425   98.9646
 2.424   98.9236
 2.423   98.9079
 2.421   99.0154
 2.420   98.9763
 2.419   98.9919
 2.418   98.9568
 2.417   98.8162
 2.416   98.8044
 2.415   98.8201
 2.413   98.9997
 2.412   99.0329
 2.411   99.0251
 2.410   99.1814
 2.409   99.1482
 2.408   99.0427
 2.407   99.1443
 2.406   99.0544
 2.405   99.0564
 2.403   98.9646
 2.402   99.0427
 2.401   99.1345
 2.400   99.0935
 2.399   99.0232
 2.398   98.9841
 2.397   98.9802
 2.396   99.0017
 2.395   98.9392
 2.393   98.7732
 2.392   98.8591
 2.391   99.0173
 2.390   98.9392
 2.389   98.9372
 2.388   98.9783
 2.387   99.0427
 2.386   99.0173
 2.385   98.9548
 2.384   99.0622
 2.382   99.0974
 2.381   99.0486
 2.380   99.0388
 2.379   99.0974
 2.378   99.1970
 2.377   99.3923
 2.376   99.3435
 2.375   99.1814
 2.374   99.2263
 2.373   99.2126
 2.372   99.2439
 2.370   99.2185
 2.369   99.1013
 2.368   99.1091
 2.367   99.0505
 2.366   99.0486
 2.365   99.1560
 2.364   99.1521
 2.363   99.1111
 2.362   99.0896
 2.361   98.9919
 2.360   98.9685
 2.359   98.9802
 2.358   98.9001
 2.356   98.9216
 2.355   98.9158
 2.354   99.0642
 2.353   99.0564
 2.352   99.0349
 2.351   99.0115
 2.350   99.1169
 2.349   99.0329
 2.348   99.1365
 2.347   99.1326
 2.346   99.0329
 2.345   99.0408
 2.344   99.0662
 2.343   99.0857
 2.342   99.1716
 2.340   99.1579
 2.339   99.1423
 2.338   99.1208
 2.337   98.9079
 2.336   99.0154
 2.335   99.0544
 2.334   99.1736
 2.333   99.0544
 2.332   99.1169
 2.331   99.2185
 2.330   99.3454
 2.329   99.1794
 2.328   99.1482
 2.327   99.0935
 2.326   99.1404
 2.325   99.1658
 2.324   99.1892
 2.323   99.2341
 2.322   99.1716
 2.321   99.0779
 2.320   99.2185
 2.318   99.1013
 2.317   99.0642
 2.316   99.1658
 2.315   99.1033
 2.314   99.1579
 2.313   99.2517
 2.312   99.2810
 2.311   99.1482
 2.310   99.0954
 2.309   99.0486
 2.308   98.9763
 2.307   99.2595
 2.306   99.2537
 2.305   99.2361
 2.304   99.2048
 2.303   99.1287
 2.302   99.2204
 2.301   99.1951
 2.300   99.2048
 2.299   99.1111
 2.298   99.1091
 2.297   99.0564
 2.296   99.1345
 2.295   99.2595
 2.294   99.2419
 2.293   99.1423
 2.292   99.2888
 2.291   99.4841
 2.290   99.5544
 2.289   99.5720
 2.288   99.4294
 2.287   99.3454
 2.286   99.4314
 2.285   99.3669
 2.284   99.1501
 2.283   99.1638
 2.282   99.0329
 2.281   99.1033
 2.280   99.2439
 2.279   98.9763
 2.278   99.0701
 2.277   99.1482
 2.276   99.0486
 2.275   99.0388
 2.274   99.1892
 2.273   99.2107
 2.272   99.1247
 2.271   99.1560
 2.270   99.1716
 2.269   99.2185
 2.268   99.2537
 2.267   99.2341
 2.266   99.3005
 2.265   99.1443
 2.264   99.2185
 2.263   99.5271
 2.262   99.5115
 2.261   99.4763
 2.260   99.4490
 2.259   99.3787
 2.258   99.4490
 2.257   99.3162
 2.256   99.3318
 2.255   99.4802
 2.254   99.4412
 2.253   99.3787
 2.252   99.2771
 2.251   99.3396
 2.250   99.1482
 2.249   99.1208
 2.248   99.2380
 2.247   99.2654
 2.246   99.2693
 2.245   99.2810
 2.244   99.4919
 2.243   99.5935
 2.242   99.5232
 2.241   99.5193
 2.240   99.6013
 2.239   99.7341
 2.238   99.6130
 2.237   99.6482
 2.236   99.6287
 2.236   99.6912
 2.235   99.5466
 2.234   99.4021
 2.233   99.3747
 2.232   99.3982
 2.231   99.5232
 2.230   99.3591
 2.229   99.3904
 2.228   99.6872
 2.227   99.3904
 2.226   99.2576
 2.225   99.3122
 2.224   99.3747
 2.223   99.4177
 2.222   99.4568
 2.221   99.6247
 2.220   99.5935
 2.219   99.6951
 2.218   99.7615
 2.217   99.6482
 2.216   99.5466
 2.215   99.5857
 2.215   99.4412
 2.214   99.4412
 2.213   99.3240
 2.212   99.4880
 2.211   99.5388
 2.210   99.5310
 2.209   99.5740
 2.208   99.7029
 2.207   99.6599
 2.206   99.4333
 2.205   99.5076
 2.204   99.6091
 2.203   99.5974
 2.202   99.6247
 2.201   99.6443
 2.200   99.5857
 2.199   99.6482
 2.199   99.5935
 2.198   99.4451
 2.197   99.4646
 2.196   99.5466
 2.195   99.4060
 2.194   99.4958
 2.193   99.6716
 2.192   99.5076
 2.191   99.5154
 2.190   99.6130
 2.189   99.5779
 2.188   99.5935
 2.187   99.7341
 2.186   99.5466
 2.186   99.4529
 2.185   99.4841
 2.184   99.7810
 2.183   99.7888
 2.182   99.5935
 2.181   99.5076
 2.180   99.6599
 2.179   99.5701
 2.178   99.5349
 2.177   99.4451
 2.176   99.6872
 2.175   99.6912
 2.175   99.6716
 2.174   99.7419
 2.173   99.5701
 2.172   99.8122
 2.171   99.7185
 2.170   99.5505
 2.169   99.6716
 2.168   99.7341
 2.167   99.7576
 2.166   99.7576
 2.165   99.7576
 2.165  100.0193
 2.164  100.0115
 2.163   99.9880
 2.162   99.9685
 2.161   99.6599
 2.160   99.6013
 2.159   99.8474
 2.158   99.7849
 2.157   99.5779
 2.156   99.4099
 2.156   99.6872
 2.155   99.6638
 2.154   99.6872
 2.153   99.5037
 2.152   99.7458
 2.151   99.6716
 2.150   99.5193
 2.149   99.7693
 2.148   99.7224
 2.148   99.6716
 2.147   99.6443
 2.146   99.7068
 2.145   99.7810
 2.144   99.7497
 2.143   99.9099
 2.142   99.9060
 2.141  100.0037
 2.140  100.0740
 2.140   99.9880
 2.139   99.6951
 2.138   99.3826
 2.137   99.5193
 2.136   99.7068
 2.135   99.8162
 2.134   99.6599
 2.133   99.5505
 2.133   99.6951
 2.132   99.8630
 2.131   99.7380
 2.130   99.8162
 2.129  100.0310
 2.128   99.9724
 2.127   99.8826
 2.126   99.7185
 2.126   99.7888
 2.125   99.7341
 2.124   99.8201
 2.123   99.7224
 2.122   99.7380
 2.121  100.0310
 2.120  100.4216
 2.119  100.3669
 2.119  100.3982
 2.118  100.2849
 2.117  100.1951
 2.116  100.1013
 2.115   99.9997
 2.114  100.1794
 2.113  100.2224
 2.113  100.1599
 2.112  100.1872
 2.111   99.9880
 2.110   99.7497
 2.109   99.8787
 2.108   99.9997
 2.107   99.9060
 2.107   99.8904
 2.106   99.7380
 2.105   99.8591
 2.104  100.0310
 2.103   99.9216
 2.102   99.9607
 2.101  100.2380
 2.101  100.2536
 2.100  100.1872
 2.099   99.9294
 2.098  100.1560
 2.097  100.0857
 2.096  100.0544
 2.095  100.1794
 2.095  100.1404
 2.094  100.1482
 2.093  100.1560
 2.092  100.2888
 2.091  100.0193
 2.090  100.2068
 2.090  100.1482
 2.089  100.1482
 2.088  100.1482
 2.087  100.4529
 2.086  100.4411
 2.085  100.4411
 2.085  100.3982
 2.084  100.2536
 2.083  100.1599
 2.082  100.0701
 2.081  100.0193
 2.080   99.8044
 2.079   99.8201
