Name: Gypsum (alabaster) CaSO4.2H20
Type:  Mineral
Class:   Sulfates
Subclass: 
Particle Size:  Fine  (Less than 2 Micrometers)
Sample No.: gypsum.1
Owner:  JHU
Wavelength Range:  IR
Origin: Pomaia, Italy via Hunt and Salisbury Collection #26B 
(purchased from Ward's Natural Science Establishment). 
Description: The sample was white, translucent, and appeared pure, 
both in hand sample and under the microscope. XRD Analysis- Pure 
gypsum.



Measurement:  Transmission 
First Column:  X
Second Column:  Y  
X Units:  Wavelength (micrometers)
Y Units:  Transmittance (percent)
First X Value:  25.0442
Last X Value:  2.079
Number of X Values:  2287
Additional Information: none
25.044   87.8357
24.924   86.7576
24.805   86.2810
24.686   87.2342
24.569   87.8592
24.454   87.6443
24.339   86.6560
24.225   86.4568
24.112   86.5037
24.001   86.4099
23.890   86.5467
23.781   85.8670
23.672   85.7068
23.564   85.8396
23.458   85.9724
23.352   86.3240
23.247   86.7693
23.144   86.9939
23.041   86.9529
22.939   86.5252
22.838   86.1795
22.738   86.0955
22.638   86.4842
22.540   86.7537
22.442   86.7771
22.345   86.5310
22.250   86.8435
22.154   87.1736
22.060   87.3084
21.967   87.1326
21.874   86.8435
21.782   86.7185
21.691   86.7810
21.601   87.0037
21.511   87.3904
21.422   87.8435
21.334   87.9646
21.247   87.9920
21.160   87.9021
21.074   88.1287
20.988   88.3435
20.904   88.5154
20.820   88.7576
20.737   89.1013
20.654   89.3670
20.572   89.4509
20.491   89.5974
20.410   89.5720
20.330   89.5525
20.251   89.6502
20.172   89.7048
20.094   89.8748
20.016   90.1931
19.939   90.6775
19.863   90.8259
19.787   90.6209
19.712   90.6892
19.637   90.8435
19.563   90.8328
19.489   90.7927
19.416   90.6755
19.344   90.6804
19.272   90.6951
19.201   90.6736
19.130   90.7771
19.059   91.0046
18.990   91.0203
18.920   90.9929
18.851   91.1296
18.783   91.4607
18.715   91.7390
18.648   91.7732
18.581   91.8601
18.515   92.1414
18.449   92.3054
18.384   92.4265
18.319   92.4959
18.254   92.5056
18.190   92.7156
18.126   92.8650
18.063   92.8445
18.001   92.8084
17.938   93.0320
17.876   93.1990
17.815   93.4109
17.754   93.5476
17.693   93.4451
17.633   93.2234
17.573   93.0701
17.514   93.0173
17.455   92.8513
17.396   92.6072
17.338   92.2185
17.280   91.6795
17.223   91.0007
17.166   90.3884
17.109   89.3279
17.053   86.7625
16.997   80.9978
16.942   71.7752
16.886   63.1737
16.832   58.2264
16.777   55.1883
16.723   52.5917
16.669   52.8329
16.616   57.4647
16.563   64.3514
16.510   70.3289
16.458   74.2010
16.406   76.4998
16.354   77.9461
16.302   79.5369
16.251   81.4031
16.200   83.2010
16.150   84.6970
16.100   85.7888
16.050   86.0896
16.000   85.5427
15.951   84.3885
15.902   83.3221
15.854   82.9314
15.805   84.1599
15.757   86.9734
15.710   89.5623
15.662   90.8767
15.615   91.2742
15.568   91.4461
15.521   91.3240
15.475   90.9265
15.429   90.3201
15.383   89.2420
15.338   87.6082
15.292   84.5857
15.248   78.7557
15.203   69.5779
15.158   60.4266
15.114   55.8924
15.070   55.3690
15.027   54.5838
14.983   54.0975
14.940   57.1336
14.897   63.5125
14.854   71.2576
14.812   78.0945
14.770   83.2058
14.728   86.7683
14.686   88.9920
14.645   90.4148
14.603   91.2937
14.562   91.8796
14.521   92.3347
14.481   92.5388
14.441   92.7117
14.400   92.8562
14.361   92.9793
14.321   93.0496
14.281   93.1609
14.242   93.2830
14.203   93.3074
14.164   93.2927
14.126   93.2654
14.087   93.2449
14.049   93.2859
14.011   93.4138
13.973   93.4382
13.936   93.6248
13.899   93.9011
13.861   94.0418
13.824   94.1365
13.788   94.1736
13.751   94.1155
13.715   94.1506
13.679   94.2913
13.643   94.3108
13.607   94.3611
13.571   94.3240
13.536   94.4182
13.500   94.4436
13.465   94.5388
13.430   94.6013
13.396   94.4529
13.361   94.4255
13.327   94.4436
13.293   94.4978
13.259   94.5564
13.225   94.5979
13.191   94.5588
13.158   94.5330
13.124   94.4417
13.091   94.4880
13.058   94.5388
13.026   94.5662
12.993   94.6389
12.960   94.5291
12.928   94.2791
12.896   94.3030
12.864   94.4880
12.832   94.4060
12.800   94.2654
12.769   94.2927
12.737   94.4944
12.706   94.5076
12.675   94.5413
12.644   94.5823
12.614   94.6194
12.583   94.5388
12.552   94.4060
12.522   94.3591
12.492   94.3367
12.462   94.3621
12.432   94.5115
12.402   94.7209
12.373   94.7361
12.343   94.6921
12.314   94.7639
12.285   94.8635
12.256   94.7151
12.227   94.7468
12.198   94.9304
12.169   95.0217
12.141   94.9749
12.113   94.9827
12.084   94.9202
12.056   94.7834
12.028   94.8889
12.000   94.8728
11.973   94.9334
11.945   94.9373
11.918   95.0022
11.890   94.9377
11.863   94.8889
11.836   94.8987
11.809   94.8772
11.782   94.9495
11.755   94.9119
11.729   94.9612
11.702   94.9851
11.676   95.0359
11.650   95.0125
11.624   94.9539
11.598   94.9885
11.572   94.9763
11.546   94.9456
11.520   94.9119
11.495   94.8435
11.469   94.7795
11.444   94.7927
11.419   94.8435
11.394   94.8035
11.369   94.8088
11.344   94.9788
11.319   95.0432
11.294   94.9802
11.270   94.9509
11.245   95.1545
11.221   95.3474
11.197   95.2800
11.173   95.1892
11.149   95.2815
11.125   95.4373
11.101   95.5159
11.077   95.6072
11.054   95.7131
11.030   95.8855
11.007   95.9670
10.983   96.0710
10.960   96.0725
10.937   96.1189
10.914   96.2170
10.891   96.2458
10.868   96.3582
10.846   96.5085
10.823   96.5769
10.800   96.6741
10.778   96.8123
10.755   96.7771
10.733   96.6370
10.711   96.4905
10.689   96.3967
10.667   96.7756
10.645   97.0373
10.623   97.0408
10.602   97.1604
10.580   97.2029
10.558   97.2761
10.537   97.3440
10.516   97.3738
10.494   97.4123
10.473   97.4475
10.452   97.3689
10.431   97.3005
10.410   97.2371
10.389   97.1077
10.368   96.8660
10.348   96.6609
10.327   96.4031
10.306   96.1550
10.286   95.8953
10.266   95.5647
10.245   95.1433
10.225   94.7234
10.205   94.2659
10.185   93.7722
10.165   93.2878
10.145   92.8357
10.125   92.3611
10.106   91.8836
10.086   91.4514
10.066   91.0183
10.047   90.5711
10.027   90.1214
10.008   89.5779
 9.989   88.8967
 9.970   87.7791
 9.950   85.7683
 9.931   83.2220
 9.912   82.2288
 9.893   83.1502
 9.875   84.3025
 9.856   85.1238
 9.837   86.3709
 9.818   87.5725
 9.800   88.0335
 9.781   88.1091
 9.763   88.1194
 9.745   88.0100
 9.726   87.7888
 9.708   87.5515
 9.690   87.2761
 9.672   87.0105
 9.654   86.7991
 9.636   86.6155
 9.618   86.3328
 9.600   86.0296
 9.583   85.7049
 9.565   85.3455
 9.547   84.9495
 9.530   84.5901
 9.512   84.1765
 9.495   83.6272
 9.477   83.1116
 9.460   82.4949
 9.443   81.6785
 9.426   80.8914
 9.409   80.0721
 9.392   79.0633
 9.375   77.8792
 9.358   76.6253
 9.341   75.1111
 9.324   73.2576
 9.307   71.0164
 9.291   68.3323
 9.274   65.3162
 9.257   62.1688
 9.241   58.9559
 9.224   54.9725
 9.208   49.7850
 9.192   43.4530
 9.175   36.9081
 9.159   31.6161
 9.143   28.4911
 9.127   27.5449
 9.111   28.3344
 9.095   30.1469
 9.079   32.2621
 9.063   34.1034
 9.047   34.8524
 9.032   33.2831
 9.016   29.2353
 9.000   24.2411
 8.985   20.0683
 8.969   17.3486
 8.954   15.9912
 8.938   15.6826
 8.923   15.8105
 8.907   15.7978
 8.892   15.5244
 8.877   15.0966
 8.862   14.6630
 8.847   14.4580
 8.832   14.6508
 8.817   15.2544
 8.802   15.9951
 8.787   16.4184
 8.772   16.0551
 8.757   14.8105
 8.742   12.9331
 8.728   10.8374
 8.713    8.9009
 8.698    7.0845
 8.684    5.4692
 8.669    4.5068
 8.655    4.3799
 8.640    4.9097
 8.626    5.8286
 8.612    6.9829
 8.597    8.1435
 8.583    9.1509
 8.569    9.9751
 8.555   10.7788
 8.541   11.8413
 8.527   13.2915
 8.513   15.0673
 8.499   17.0918
 8.485   19.2353
 8.471   21.3715
 8.457   23.5551
 8.443   26.0805
 8.430   29.0639
 8.416   32.4306
 8.402   36.0399
 8.389   39.6984
 8.375   43.3351
 8.362   46.9130
 8.348   50.2352
 8.335   53.1307
 8.321   55.5819
 8.308   57.6319
 8.295   59.3885
 8.281   61.0977
 8.268   63.0391
 8.255   65.1231
 8.242   67.0509
 8.229   68.6339
 8.216   70.0215
 8.203   71.4793
 8.190   73.1033
 8.177   74.7344
 8.164   76.2879
 8.151   77.7488
 8.138   79.0828
 8.126   80.2420
 8.113   81.2527
 8.100   82.2151
 8.088   83.1238
 8.075   83.9463
 8.062   84.6341
 8.050   85.2657
 8.037   85.7805
 8.025   86.2537
 8.013   86.7569
 8.000   87.2334
 7.988   87.6113
 7.976   87.9229
 7.963   88.2918
 7.951   88.6946
 7.939   89.0554
 7.927   89.2888
 7.915   89.4727
 7.903   89.6992
 7.891   89.9861
 7.879   90.2019
 7.867   90.3972
 7.855   90.5838
 7.843   90.7000
 7.831   90.8406
 7.819   91.0173
 7.807   91.2451
 7.796   91.3565
 7.784   91.4402
 7.772   91.5781
 7.761   91.7432
 7.749   91.8711
 7.738   91.9861
 7.726   92.0740
 7.715   92.1592
 7.703   92.2962
 7.692   92.4656
 7.680   92.5613
 7.669   92.6611
 7.658   92.7793
 7.646   92.8865
 7.635   92.9658
 7.624   93.0254
 7.613   93.0986
 7.601   93.1970
 7.590   93.3235
 7.579   93.4402
 7.568   93.4749
 7.557   93.5303
 7.546   93.6758
 7.535   93.8027
 7.524   93.8574
 7.513   93.8933
 7.502   93.9365
 7.492   93.9883
 7.481   94.0896
 7.470   94.1731
 7.459   94.2048
 7.448   94.2412
 7.438   94.3135
 7.427   94.3718
 7.417   94.4275
 7.406   94.5049
 7.395   94.5515
 7.385   94.5713
 7.374   94.5986
 7.364   94.6602
 7.353   94.6834
 7.343   94.7112
 7.333   94.7546
 7.322   94.7380
 7.312   94.7376
 7.302   94.8320
 7.291   94.8787
 7.281   94.8591
 7.271   94.8630
 7.261   94.9229
 7.251   94.9648
 7.240   94.9861
 7.230   95.0012
 7.220   95.0156
 7.210   95.0420
 7.200   95.1006
 7.190   95.1394
 7.180   95.1638
 7.170   95.1836
 7.160   95.2061
 7.151   95.2136
 7.141   95.2334
 7.131   95.2109
 7.121   95.2549
 7.111   95.3181
 7.102   95.3799
 7.092   95.4053
 7.082   95.4395
 7.073   95.4590
 7.063   95.4587
 7.053   95.5020
 7.044   95.5242
 7.034   95.5215
 7.025   95.5264
 7.015   95.5281
 7.006   95.5264
 6.996   95.5598
 6.987   95.6101
 6.977   95.6238
 6.968   95.6523
 6.959   95.6760
 6.949   95.6650
 6.940   95.6980
 6.931   95.7168
 6.921   95.7373
 6.912   95.7646
 6.903   95.7722
 6.894   95.7727
 6.885   95.8076
 6.876   95.8223
 6.866   95.8760
 6.857   95.9062
 6.848   95.9053
 6.839   95.9065
 6.830   95.9749
 6.821   96.0251
 6.812   96.0242
 6.803   96.0627
 6.794   96.1472
 6.786   96.1875
 6.777   96.1990
 6.768   96.2351
 6.759   96.2761
 6.750   96.3125
 6.741   96.3328
 6.733   96.3850
 6.724   96.4219
 6.715   96.4255
 6.707   96.4268
 6.698   96.4648
 6.689   96.4958
 6.681   96.5176
 6.672   96.5056
 6.663   96.5078
 6.655   96.5037
 6.646   96.5283
 6.638   96.5723
 6.629   96.5205
 6.621   96.4932
 6.612   96.5256
 6.604   96.5076
 6.596   96.4912
 6.587   96.4949
 6.579   96.5056
 6.571   96.5515
 6.562   96.5400
 6.554   96.4949
 6.546   96.4539
 6.537   96.4209
 6.529   96.3867
 6.521   96.3997
 6.513   96.4160
 6.505   96.4021
 6.496   96.4402
 6.488   96.4502
 6.480   96.4182
 6.472   96.3552
 6.464   96.2888
 6.456   96.2764
 6.448   96.2598
 6.440   96.2424
 6.432   96.2812
 6.424   96.3047
 6.416   96.3552
 6.408   96.3330
 6.400   96.2598
 6.392   96.2148
 6.384   96.1521
 6.377   96.1348
 6.369   96.1287
 6.361   96.0583
 6.353   96.0066
 6.345   96.0105
 6.338   95.9529
 6.330   95.8582
 6.322   95.7998
 6.314   95.7080
 6.307   95.5955
 6.299   95.5007
 6.291   95.4023
 6.284   95.2332
 6.276   95.0261
 6.269   94.8147
 6.261   94.5127
 6.254   94.1484
 6.246   93.6797
 6.238   93.0730
 6.231   92.3223
 6.223   91.2586
 6.216   89.6941
 6.209   87.6035
 6.201   85.0447
 6.194   82.4187
 6.186   80.3907
 6.179   79.2322
 6.172   79.0401
 6.164   79.8816
 6.157   81.6504
 6.150   83.9832
 6.142   86.3582
 6.135   88.3338
 6.128   89.8467
 6.121   91.0046
 6.113   91.9031
 6.106   92.5437
 6.099   93.0105
 6.092   93.4002
 6.085   93.7009
 6.078   94.0186
 6.070   94.3330
 6.063   94.4666
 6.056   94.5964
 6.049   94.8203
 6.042   94.8701
 6.035   94.8955
 6.028   95.0046
 6.021   95.0830
 6.014   95.1599
 6.007   95.2676
 6.000   95.3955
 5.993   95.5076
 5.986   95.5664
 5.979   95.6472
 5.973   95.8105
 5.966   95.9297
 5.959   96.0127
 5.952   96.1592
 5.945   96.2607
 5.938   96.4011
 5.932   96.5164
 5.925   96.5818
 5.918   96.6873
 5.911   96.7585
 5.905   96.7703
 5.898   96.8591
 5.891   96.8769
 5.884   96.9832
 5.878   97.1230
 5.871   97.1387
 5.864   97.2126
 5.858   97.2615
 5.851   97.2722
 5.845   97.3049
 5.838   97.3162
 5.831   97.3518
 5.825   97.4412
 5.818   97.5105
 5.812   97.5059
 5.805   97.5613
 5.799   97.6240
 5.792   97.6025
 5.786   97.5996
 5.779   97.6101
 5.773   97.6494
 5.767   97.7451
 5.760   97.7815
 5.754   97.7864
 5.747   97.8132
 5.741   97.8289
 5.735   97.8203
 5.728   97.8340
 5.722   97.8992
 5.716   97.9690
 5.709   97.9929
 5.703   97.9932
 5.697   98.0207
 5.691   98.0828
 5.684   98.0859
 5.678   98.0994
 5.672   98.0723
 5.666   98.0117
 5.660   98.0759
 5.653   98.1912
 5.647   98.2324
 5.641   98.2637
 5.635   98.2371
 5.629   98.2080
 5.623   98.1982
 5.617   98.2263
 5.611   98.2644
 5.604   98.2568
 5.598   98.2556
 5.592   98.2351
 5.586   98.2119
 5.580   98.2283
 5.574   98.2483
 5.568   98.2285
 5.562   98.2537
 5.556   98.2820
 5.550   98.2851
 5.545   98.2751
 5.539   98.2812
 5.533   98.2810
 5.527   98.2900
 5.521   98.3184
 5.515   98.3623
 5.509   98.3674
 5.503   98.3613
 5.498   98.3523
 5.492   98.4099
 5.486   98.3945
 5.480   98.4043
 5.474   98.4062
 5.469   98.4258
 5.463   98.4812
 5.457   98.5010
 5.451   98.5017
 5.446   98.4968
 5.440   98.5207
 5.434   98.5330
 5.428   98.5205
 5.423   98.5557
 5.417   98.5749
 5.411   98.5652
 5.406   98.5752
 5.400   98.5781
 5.395   98.5901
 5.389   98.5652
 5.383   98.5579
 5.378   98.5613
 5.372   98.5769
 5.367   98.5964
 5.361   98.6289
 5.356   98.6609
 5.350   98.6677
 5.344   98.6992
 5.339   98.7048
 5.333   98.7497
 5.328   98.7734
 5.323   98.7502
 5.317   98.7273
 5.312   98.7285
 5.306   98.7793
 5.301   98.7888
 5.295   98.7969
 5.290   98.8298
 5.285   98.8455
 5.279   98.8408
 5.274   98.8357
 5.268   98.8494
 5.263   98.8867
 5.258   98.9197
 5.252   98.9004
 5.247   98.8738
 5.242   98.8428
 5.237   98.8799
 5.231   98.9343
 5.226   98.9414
 5.221   98.9197
 5.215   98.9434
 5.210   98.9580
 5.205   98.9814
 5.200   99.0085
 5.195   98.9773
 5.189   98.9661
 5.184   99.0037
 5.179   99.0146
 5.174   99.0027
 5.169   98.9951
 5.163   99.0203
 5.158   99.0486
 5.153   99.0720
 5.148   99.1140
 5.143   99.0915
 5.138   99.0801
 5.133   99.0984
 5.128   99.1140
 5.123   99.1228
 5.118   99.1103
 5.113   99.1289
 5.108   99.1113
 5.103   99.1267
 5.097   99.1201
 5.092   99.1367
 5.087   99.1279
 5.083   99.1416
 5.078   99.1348
 5.073   99.1387
 5.068   99.1660
 5.063   99.1658
 5.058   99.1399
 5.053   99.1208
 5.048   99.1208
 5.043   99.0954
 5.038   99.1077
 5.033   99.1594
 5.028   99.1765
 5.023   99.1462
 5.019   99.1736
 5.014   99.1609
 5.009   99.1746
 5.004   99.1721
 4.999   99.1946
 4.994   99.1892
 4.990   99.1833
 4.985   99.1858
 4.980   99.1418
 4.975   99.1228
 4.970   99.1653
 4.966   99.1990
 4.961   99.1848
 4.956   99.1765
 4.951   99.2097
 4.947   99.2058
 4.942   99.1897
 4.937   99.2375
 4.933   99.2576
 4.928   99.2302
 4.923   99.2234
 4.919   99.2112
 4.914   99.1990
 4.909   99.2087
 4.905   99.2204
 4.900   99.2244
 4.895   99.2507
 4.891   99.2776
 4.886   99.2361
 4.882   99.2322
 4.877   99.2497
 4.872   99.2639
 4.868   99.2595
 4.863   99.2366
 4.859   99.2009
 4.854   99.2117
 4.850   99.2429
 4.845   99.2361
 4.840   99.2156
 4.836   99.2087
 4.831   99.2209
 4.827   99.2063
 4.822   99.1951
 4.818   99.1716
 4.814   99.1565
 4.809   99.1067
 4.805   99.0398
 4.800   98.9895
 4.796   99.0041
 4.791   98.9871
 4.787   98.8987
 4.782   98.8186
 4.778   98.7908
 4.774   98.8479
 4.769   98.8791
 4.765   98.8415
 4.760   98.8279
 4.756   98.8655
 4.752   98.9187
 4.747   98.9441
 4.743   98.9607
 4.739   98.9382
 4.734   98.9084
 4.730   98.9275
 4.726   98.9153
 4.721   98.8694
 4.717   98.7810
 4.713   98.7107
 4.709   98.6423
 4.704   98.5330
 4.700   98.4109
 4.696   98.3396
 4.692   98.3064
 4.687   98.2561
 4.683   98.2834
 4.679   98.3977
 4.675   98.4900
 4.670   98.5134
 4.666   98.4866
 4.662   98.5300
 4.658   98.5745
 4.654   98.6262
 4.649   98.6355
 4.645   98.6267
 4.641   98.6374
 4.637   98.6614
 4.633   98.6843
 4.629   98.7190
 4.625   98.7654
 4.620   98.8347
 4.616   98.8630
 4.612   98.8625
 4.608   98.8640
 4.604   98.9294
 4.600   99.0193
 4.596   99.0720
 4.592   99.1028
 4.588   99.1633
 4.584   99.2346
 4.580   99.2268
 4.576   99.2717
 4.572   99.3303
 4.568   99.3347
 4.564   99.3186
 4.560   99.2722
 4.555   99.2580
 4.551   99.2751
 4.548   99.3303
 4.544   99.3567
 4.540   99.3425
 4.536   99.3015
 4.532   99.2683
 4.528   99.2390
 4.524   99.2131
 4.520   99.2610
 4.516   99.2429
 4.512   99.1921
 4.508   99.1584
 4.504   99.1423
 4.500   99.1311
 4.496   99.1511
 4.492   99.1511
 4.488   99.1726
 4.485   99.2014
 4.481   99.1916
 4.477   99.2859
 4.473   99.3660
 4.469   99.3454
 4.465   99.3230
 4.461   99.3445
 4.458   99.3972
 4.454   99.3855
 4.450   99.3743
 4.446   99.3601
 4.442   99.4109
 4.438   99.4592
 4.435   99.4182
 4.431   99.4368
 4.427   99.5139
 4.423   99.5784
 4.420   99.5881
 4.416   99.6077
 4.412   99.6228
 4.408   99.6345
 4.405   99.6291
 4.401   99.6623
 4.397   99.6780
 4.393   99.7185
 4.390   99.7307
 4.386   99.7312
 4.382   99.7859
 4.379   99.8625
 4.375   99.8596
 4.371   99.8166
 4.367   99.8088
 4.364   99.8581
 4.360   99.8865
 4.356   99.8669
 4.353   99.8342
 4.349   99.8391
 4.345   99.8323
 4.342   99.8767
 4.338   99.9099
 4.335   99.9167
 4.331   99.9319
 4.327   99.9568
 4.324   99.9939
 4.320   99.9714
 4.317   99.9870
 4.313   99.9626
 4.309   99.9695
 4.306   99.9919
 4.302  100.0183
 4.299  100.0994
 4.295  100.1321
 4.292  100.0730
 4.288  100.0271
 4.284  100.0100
 4.281   99.9924
 4.277  100.0290
 4.274  100.0647
 4.270  100.1057
 4.267  100.1077
 4.263  100.0788
 4.260  100.0788
 4.256  100.1311
 4.253  100.1409
 4.249  100.1760
 4.246  100.2234
 4.242  100.2038
 4.239  100.2161
 4.235  100.2820
 4.232  100.3376
 4.229  100.3127
 4.225  100.3440
 4.222  100.3650
 4.218  100.3420
 4.215  100.3835
 4.211  100.4236
 4.208  100.4265
 4.205  100.4050
 4.201  100.4416
 4.198  100.4846
 4.194  100.4870
 4.191  100.4670
 4.188  100.4768
 4.184  100.5100
 4.181  100.5334
 4.177  100.5203
 4.174  100.4836
 4.171  100.5505
 4.167  100.5998
 4.164  100.6072
 4.161  100.6018
 4.157  100.5945
 4.154  100.5935
 4.151  100.5784
 4.147  100.5613
 4.144  100.5432
 4.141  100.5608
 4.137  100.5720
 4.134  100.5705
 4.131  100.5569
 4.128  100.5705
 4.124  100.5632
 4.121  100.5549
 4.118  100.5862
 4.114  100.6560
 4.111  100.6794
 4.108  100.6780
 4.105  100.6697
 4.101  100.6614
 4.098  100.6799
 4.095  100.6609
 4.092  100.6423
 4.088  100.6252
 4.085  100.6052
 4.082  100.5920
 4.079  100.5857
 4.076  100.5769
 4.072  100.5544
 4.069  100.5476
 4.066  100.5740
 4.063  100.6345
 4.060  100.6448
 4.056  100.6374
 4.053  100.6033
 4.050  100.6174
 4.047  100.6350
 4.044  100.6658
 4.041  100.6057
 4.038  100.6135
 4.034  100.6584
 4.031  100.6565
 4.028  100.6604
 4.025  100.6570
 4.022  100.6247
 4.019  100.6130
 4.016  100.5984
 4.013  100.5842
 4.009  100.5886
 4.006  100.5979
 4.003  100.6057
 4.000  100.5798
 3.997  100.5549
 3.994  100.5608
 3.991  100.5041
 3.988  100.4612
 3.985  100.5056
 3.982  100.5095
 3.979  100.4919
 3.976  100.4626
 3.973  100.4670
 3.969  100.5061
 3.966  100.5359
 3.963  100.5271
 3.960  100.5647
 3.957  100.6208
 3.954  100.6272
 3.951  100.6042
 3.948  100.5901
 3.945  100.6330
 3.942  100.6833
 3.939  100.6579
 3.936  100.6658
 3.933  100.6804
 3.930  100.7131
 3.927  100.7224
 3.924  100.7698
 3.921  100.8010
 3.918  100.8113
 3.916  100.7986
 3.913  100.7580
 3.910  100.7815
 3.907  100.7854
 3.904  100.7722
 3.901  100.7991
 3.898  100.8440
 3.895  100.8733
 3.892  100.8376
 3.889  100.8249
 3.886  100.8572
 3.883  100.8708
 3.880  100.8713
 3.877  100.8454
 3.875  100.8464
 3.872  100.8713
 3.869  100.8327
 3.866  100.8010
 3.863  100.8142
 3.860  100.8337
 3.857  100.8518
 3.854  100.8562
 3.852  100.8650
 3.849  100.8777
 3.846  100.8972
 3.843  100.9001
 3.840  100.8889
 3.837  100.8913
 3.834  100.8845
 3.832  100.9031
 3.829  100.9411
 3.826  100.9416
 3.823  100.9292
 3.820  100.9831
 3.817  100.9787
 3.815  100.9519
 3.812  100.9997
 3.809  101.0085
 3.806  100.9978
 3.803  100.9363
 3.801  100.9241
 3.798  100.9285
 3.795  100.9436
 3.792  100.9841
 3.790  101.0095
 3.787  101.0510
 3.784  101.0647
 3.781  101.0979
 3.779  101.1120
 3.776  101.1350
 3.773  101.1448
 3.770  101.1208
 3.768  101.0744
 3.765  101.0740
 3.762  101.1111
 3.759  101.1291
 3.757  101.0466
 3.754  101.0510
 3.751  101.1111
 3.748  101.1023
 3.746  101.0842
 3.743  101.0661
 3.740  101.0896
 3.738  101.1194
 3.735  101.1096
 3.732  101.0974
 3.730  101.1238
 3.727  101.0837
 3.724  101.0583
 3.722  101.0740
 3.719  101.0974
 3.716  101.1311
 3.714  101.1155
 3.711  101.0769
 3.708  101.0979
 3.706  101.1155
 3.703  101.0915
 3.700  101.1101
 3.698  101.1174
 3.695  101.0862
 3.692  101.0740
 3.690  101.1462
 3.687  101.1667
 3.685  101.1882
 3.682  101.1677
 3.679  101.1257
 3.677  101.1330
 3.674  101.1311
 3.671  101.1169
 3.669  101.0945
 3.666  101.1116
 3.664  101.1101
 3.661  101.1306
 3.659  101.1570
 3.656  101.1311
 3.653  101.1306
 3.651  101.1619
 3.648  101.2136
 3.646  101.2292
 3.643  101.2331
 3.641  101.2522
 3.638  101.2248
 3.635  101.1716
 3.633  101.1443
 3.630  101.1247
 3.628  101.1330
 3.625  101.2038
 3.623  101.2224
 3.620  101.1697
 3.618  101.1369
 3.615  101.1619
 3.613  101.1604
 3.610  101.1160
 3.608  101.1096
 3.605  101.1155
 3.603  101.1228
 3.600  101.1506
 3.598  101.1916
 3.595  101.2151
 3.593  101.2195
 3.590  101.2849
 3.588  101.2400
 3.585  101.1374
 3.583  101.1409
 3.580  101.1330
 3.578  101.1311
 3.575  101.1755
 3.573  101.2366
 3.570  101.2478
 3.568  101.2419
 3.565  101.2204
 3.563  101.1911
 3.561  101.1208
 3.558  101.1565
 3.556  101.1291
 3.553  101.0725
 3.551  101.0784
 3.548  101.1052
 3.546  101.1448
 3.544  101.1350
 3.541  101.0705
 3.539  101.0925
 3.536  101.0837
 3.534  101.0764
 3.531  101.0080
 3.529  101.0076
 3.527  101.0373
 3.524  101.0627
 3.522  101.0530
 3.519  100.9411
 3.517  100.8147
 3.515  100.6838
 3.512  100.6506
 3.510  100.6599
 3.508  100.6306
 3.505  100.5569
 3.503  100.5134
 3.500  100.5505
 3.498  100.6545
 3.496  100.6916
 3.493  100.7014
 3.491  100.7483
 3.489  100.8083
 3.486  100.7595
 3.484  100.6916
 3.482  100.6658
 3.479  100.6389
 3.477  100.6565
 3.475  100.6658
 3.472  100.6369
 3.470  100.6233
 3.468  100.6453
 3.465  100.6838
 3.463  100.6936
 3.461  100.6755
 3.458  100.6579
 3.456  100.6540
 3.454  100.6755
 3.452  100.6843
 3.449  100.6755
 3.447  100.6330
 3.445  100.6233
 3.442  100.6267
 3.440  100.5432
 3.438  100.4939
 3.435  100.4626
 3.433  100.4587
 3.431  100.4143
 3.429  100.3161
 3.426  100.2229
 3.424  100.1599
 3.422  100.1370
 3.420  100.1272
 3.417  100.1487
 3.415  100.1658
 3.413  100.1814
 3.411  100.2424
 3.408  100.3083
 3.406  100.3362
 3.404  100.3752
 3.402  100.4138
 3.399  100.4382
 3.397  100.5183
 3.395  100.5896
 3.393  100.6228
 3.391  100.5803
 3.388  100.5622
 3.386  100.6272
 3.384  100.6623
 3.382  100.6482
 3.380  100.6306
 3.377  100.6560
 3.375  100.6936
 3.373  100.7966
 3.371  100.8826
 3.369  100.8835
 3.366  100.8884
 3.364  100.9338
 3.362  100.9026
 3.360  100.8591
 3.358  100.8669
 3.355  100.9148
 3.353  100.9963
 3.351  101.0178
 3.349  101.0412
 3.347  101.0354
 3.345  101.0466
 3.342  101.0329
 3.340  101.1111
 3.338  101.1306
 3.336  101.0974
 3.334  101.0798
 3.332  101.0622
 3.330  101.0837
 3.327  101.0906
 3.325  101.0329
 3.323  101.0046
 3.321  101.1052
 3.319  101.0998
 3.317  101.0427
 3.315  101.0290
 3.313  101.0681
 3.310  101.0608
 3.308  101.0315
 3.306  101.0349
 3.304  101.0056
 3.302  101.0452
 3.300  101.0661
 3.298  101.0642
 3.296  101.0486
 3.294  101.0661
 3.292  101.0647
 3.289  101.0701
 3.287  101.0412
 3.285  101.0251
 3.283  101.0349
 3.281  101.0720
 3.279  101.0681
 3.277  101.0329
 3.275  100.9939
 3.273  101.0017
 3.271  101.0159
 3.269  100.9919
 3.267  101.0183
 3.265  101.0232
 3.263  100.9851
 3.260  100.9050
 3.258  100.8826
 3.256  100.8786
 3.254  100.8513
 3.252  100.8298
 3.250  100.8777
 3.248  100.8855
 3.246  100.9079
 3.244  100.9031
 3.242  100.9001
 3.240  100.8894
 3.238  100.8943
 3.236  100.8171
 3.234  100.7341
 3.232  100.6980
 3.230  100.7273
 3.228  100.7117
 3.226  100.6951
 3.224  100.7156
 3.222  100.7654
 3.220  100.7576
 3.218  100.7351
 3.216  100.6931
 3.214  100.6736
 3.212  100.7029
 3.210  100.6892
 3.208  100.6824
 3.206  100.6609
 3.204  100.6687
 3.202  100.6589
 3.200  100.6501
 3.198  100.6140
 3.196  100.5954
 3.194  100.4890
 3.192  100.4617
 3.190  100.4431
 3.188  100.4138
 3.186  100.4226
 3.184  100.4451
 3.182  100.3884
 3.180  100.4060
 3.179  100.4763
 3.177  100.4636
 3.175  100.4031
 3.173  100.3494
 3.171  100.3328
 3.169  100.3142
 3.167  100.3132
 3.165  100.3718
 3.163  100.3708
 3.161  100.3103
 3.159  100.2800
 3.157  100.1843
 3.155  100.0828
 3.153  100.0486
 3.151  100.0603
 3.150  100.0115
 3.148   99.9783
 3.146   99.9753
 3.144   99.8757
 3.142   99.8523
 3.140   99.7937
 3.138   99.7722
 3.136   99.8220
 3.134   99.7771
 3.132   99.6765
 3.131   99.6365
 3.129   99.6863
 3.127   99.7126
 3.125   99.6931
 3.123   99.5925
 3.121   99.5544
 3.119   99.5486
 3.117   99.5544
 3.115   99.5535
 3.114   99.5974
 3.112   99.5896
 3.110   99.5456
 3.108   99.5662
 3.106   99.4538
 3.104   99.4246
 3.102   99.4470
 3.101   99.5271
 3.099   99.5417
 3.097   99.5388
 3.095   99.5417
 3.093   99.5554
 3.091   99.5242
 3.089   99.5320
 3.088   99.4802
 3.086   99.5163
 3.084   99.5290
 3.082   99.5867
 3.080   99.6042
 3.078   99.5427
 3.077   99.4841
 3.075   99.5007
 3.073   99.4548
 3.071   99.3650
 3.069   99.3689
 3.068   99.3591
 3.066   99.3318
 3.064   99.2624
 3.062   99.2156
 3.060   99.1804
 3.058   99.1599
 3.057   99.1492
 3.055   99.2341
 3.053   99.1697
 3.051   99.1531
 3.050   99.1853
 3.048   99.1736
 3.046   99.0915
 3.044   99.0173
 3.042   98.9519
 3.041   98.9421
 3.039   98.9704
 3.037   99.0037
 3.035   99.0388
 3.033   99.0583
 3.032   99.0037
 3.030   98.9216
 3.028   98.8738
 3.026   98.8025
 3.025   98.7732
 3.023   98.6931
 3.021   98.6492
 3.019   98.6482
 3.018   98.7185
 3.016   98.7078
 3.014   98.6247
 3.012   98.5896
 3.011   98.5290
 3.009   98.5203
 3.007   98.5095
 3.005   98.5447
 3.004   98.5134
 3.002   98.4548
 3.000   98.4236
 2.998   98.3767
 2.997   98.3601
 2.995   98.3259
 2.993   98.3826
 2.991   98.3884
 2.990   98.3591
 2.988   98.3552
 2.986   98.3992
 2.985   98.3376
 2.983   98.3220
 2.981   98.3415
 2.979   98.3806
 2.978   98.3913
 2.976   98.3923
 2.974   98.3415
 2.973   98.2517
 2.971   98.1843
 2.969   98.0955
 2.967   98.0427
 2.966   97.9763
 2.964   97.9695
 2.962   97.9617
 2.961   97.8787
 2.959   97.7830
 2.957   97.7966
 2.956   97.8122
 2.954   97.8630
 2.952   97.8992
 2.951   97.8787
 2.949   97.9109
 2.947   97.9490
 2.946   97.8962
 2.944   97.7507
 2.942   97.6775
 2.941   97.6443
 2.939   97.6374
 2.937   97.6501
 2.936   97.6951
 2.934   97.7263
 2.932   97.7439
 2.931   97.6765
 2.929   97.6726
 2.927   97.7185
 2.926   97.7224
 2.924   97.6755
 2.922   97.7068
 2.921   97.6814
 2.919   97.6228
 2.917   97.5505
 2.916   97.5320
 2.914   97.4568
 2.912   97.4314
 2.911   97.5164
 2.909   97.5974
 2.908   97.5398
 2.906   97.5583
 2.904   97.6179
 2.903   97.5779
 2.901   97.6609
 2.899   97.6658
 2.898   97.6101
 2.896   97.5984
 2.895   97.5554
 2.893   97.6023
 2.891   97.5828
 2.890   97.5349
 2.888   97.5408
 2.887   97.5037
 2.885   97.5857
 2.883   97.6052
 2.882   97.6482
 2.880   97.6365
 2.878   97.5779
 2.877   97.5837
 2.875   97.5710
 2.874   97.6091
 2.872   97.6453
 2.871   97.6697
 2.869   97.6658
 2.867   97.5789
 2.866   97.5212
 2.864   97.5388
 2.863   97.5203
 2.861   97.5037
 2.859   97.4812
 2.858   97.4529
 2.856   97.4187
 2.855   97.3874
 2.853   97.3083
 2.852   97.3005
 2.850   97.2771
 2.848   97.2068
 2.847   97.1013
 2.845   96.9822
 2.844   96.8679
 2.842   96.8328
 2.841   96.7195
 2.839   96.5505
 2.838   96.3679
 2.836   96.1130
 2.834   95.8748
 2.833   95.5750
 2.831   95.2419
 2.830   94.8728
 2.828   94.4021
 2.827   93.6482
 2.825   92.8562
 2.824   91.9578
 2.822   90.7713
 2.821   89.4422
 2.819   88.0125
 2.817   86.5935
 2.816   85.2654
 2.814   84.1609
 2.813   83.4529
 2.811   83.2039
 2.810   83.1560
 2.808   83.2381
 2.807   83.4627
 2.805   83.7576
 2.804   84.3406
 2.802   85.2029
 2.801   86.4881
 2.799   87.9226
 2.798   89.2429
 2.796   90.3045
 2.795   91.0466
 2.793   91.5271
 2.792   91.6726
 2.790   91.5154
 2.789   91.1951
 2.787   90.6091
 2.786   89.7283
 2.784   88.6023
 2.783   87.2937
 2.781   85.7625
 2.780   84.1414
 2.778   82.4060
 2.777   80.6531
 2.775   79.0193
 2.774   77.5291
 2.772   76.4383
 2.771   75.7273
 2.769   75.3055
 2.768   75.3523
 2.766   75.6873
 2.765   76.1180
 2.763   76.6951
 2.762   77.2381
 2.760   77.9627
 2.759   78.8328
 2.758   79.8250
 2.756   80.8328
 2.755   82.0115
 2.753   83.3377
 2.752   84.8103
 2.750   86.2537
 2.749   87.6570
 2.747   89.0310
 2.746   90.2459
 2.744   91.3757
 2.743   92.4578
 2.741   93.4880
 2.740   94.4656
 2.739   95.2146
 2.737   95.8640
 2.736   96.4763
 2.734   97.0857
 2.733   97.4695
 2.731   97.9216
 2.730   98.3044
 2.729   98.6326
 2.727   98.9783
 2.726   99.2654
 2.724   99.6179
 2.723   99.8757
 2.721  100.0505
 2.720  100.2654
 2.718  100.3845
 2.717  100.5828
 2.716  100.7654
 2.714  100.8669
 2.713  101.0398
 2.711  101.2107
 2.710  101.3640
 2.709  101.5046
 2.707  101.5085
 2.706  101.4021
 2.704  101.4265
 2.703  101.4812
 2.701  101.5788
 2.700  101.7742
 2.699  101.8835
 2.697  102.0329
 2.696  102.1531
 2.694  102.2927
 2.693  102.3201
 2.692  102.3718
 2.690  102.3054
 2.689  102.2702
 2.687  102.3406
 2.686  102.4421
 2.685  102.4568
 2.683  102.4880
 2.682  102.6052
 2.681  102.6560
 2.679  102.7429
 2.678  102.7888
 2.676  102.8630
 2.675  102.8992
 2.674  102.8630
 2.672  102.8015
 2.671  102.8435
 2.669  102.8786
 2.668  102.8171
 2.667  102.8786
 2.665  102.9685
 2.664  103.0906
 2.663  102.9997
 2.661  102.9031
 2.660  102.8796
 2.659  102.8904
 2.657  102.8943
 2.656  102.9538
 2.654  103.0671
 2.653  103.1365
 2.652  103.2077
 2.650  103.0984
 2.649  103.0661
 2.648  102.9490
 2.646  102.9685
 2.645  102.9099
 2.644  103.0466
 2.642  103.1365
 2.641  103.1247
 2.640  103.1814
 2.638  103.2263
 2.637  103.1404
 2.636  103.1736
 2.634  103.2224
 2.633  103.1950
 2.632  103.1111
 2.630  103.2029
 2.629  103.2107
 2.628  103.1853
 2.626  103.1853
 2.625  103.1814
 2.624  103.3493
 2.622  103.4587
 2.621  103.5388
 2.620  103.5818
 2.618  103.5349
 2.617  103.5447
 2.616  103.5408
 2.614  103.4861
 2.613  103.4763
 2.612  103.4724
 2.610  103.3904
 2.609  103.3923
 2.608  103.5251
 2.606  103.4548
 2.605  103.4607
 2.604  103.5134
 2.602  103.4294
 2.601  103.3865
 2.600  103.4021
 2.599  103.4353
 2.597  103.4978
 2.596  103.5603
 2.595  103.6814
 2.593  103.7458
 2.592  103.7204
 2.591  103.8103
 2.589  103.7751
 2.588  103.7029
 2.587  103.7439
 2.586  103.8708
 2.584  103.8220
 2.583  103.8532
 2.582  103.9724
 2.580  104.0212
 2.579  104.0466
 2.578  103.8630
 2.577  103.7341
 2.575  103.5349
 2.574  103.4411
 2.573  103.5954
 2.572  103.7243
 2.570  103.7595
 2.569  103.6853
 2.568  103.6755
 2.566  103.6599
 2.565  103.6579
 2.564  103.6247
 2.563  103.5798
 2.561  103.5466
 2.560  103.5173
 2.559  103.6189
 2.558  103.7126
 2.556  103.7575
 2.555  103.9157
 2.554  103.9470
 2.553  103.8318
 2.551  103.7673
 2.550  103.7283
 2.549  103.7341
 2.547  103.7927
 2.546  103.7907
 2.545  103.9138
 2.544  104.0466
 2.542  103.9704
 2.541  103.9978
 2.540  103.9763
 2.539  103.9294
 2.538  103.8845
 2.536  103.7966
 2.535  103.8435
 2.534  103.8357
 2.533  103.9099
 2.531  103.9724
 2.530  103.8943
 2.529  103.7673
 2.528  103.7029
 2.526  103.6892
 2.525  103.7556
 2.524  103.7458
 2.523  103.8474
 2.521  103.8474
 2.520  103.7673
 2.519  103.8357
 2.518  103.8728
 2.517  103.8318
 2.515  103.8865
 2.514  103.9001
 2.513  103.8806
 2.512  104.0173
 2.510  103.9997
 2.509  103.9958
 2.508  103.9001
 2.507  103.9568
 2.506  103.9802
 2.504  103.9939
 2.503  104.0954
 2.502  104.1443
 2.501  104.0232
 2.500  103.9333
 2.498  103.9704
 2.497  103.9411
 2.496  103.7907
 2.495  103.9568
 2.494  103.9782
 2.492  104.0095
 2.491  103.9490
 2.490  104.0974
 2.489  104.1638
 2.488  104.1111
 2.486  104.1501
 2.485  104.0896
 2.484  103.9880
 2.483  104.0075
 2.482  104.0583
 2.480  104.0798
 2.479  104.0095
 2.478  103.9099
 2.477  103.9646
 2.476  104.1423
 2.475  104.2732
 2.473  104.2126
 2.472  104.1892
 2.471  104.1443
 2.470  104.1189
 2.469  104.0857
 2.467  104.1325
 2.466  104.2048
 2.465  104.2986
 2.464  104.0935
 2.463  104.0388
 2.462  104.1052
 2.460  104.1365
 2.459  104.1423
 2.458  104.2595
 2.457  104.1677
 2.456  104.1091
 2.455  104.1755
 2.453  104.5115
 2.452  104.6443
 2.451  104.6208
 2.450  104.4861
 2.449  104.4880
 2.448  104.5407
 2.447  104.3689
 2.445  104.4333
 2.444  104.2517
 2.443  104.2419
 2.442  104.3591
 2.441  104.3435
 2.440  104.5075
 2.438  104.6345
 2.437  104.6032
 2.436  104.4333
 2.435  104.3318
 2.434  104.3747
 2.433  104.4060
 2.432  104.4704
 2.430  104.4802
 2.429  104.2282
 2.428  104.2810
 2.427  104.2888
 2.426  104.4450
 2.425  104.5407
 2.424  104.7341
 2.423  104.7849
 2.421  104.8357
 2.420  104.6990
 2.419  104.6736
 2.418  104.5388
 2.417  104.3044
 2.416  104.4919
 2.415  104.5661
 2.413  104.7341
 2.412  104.9782
 2.411  104.9626
 2.410  105.0544
 2.409  104.9724
 2.408  104.8357
 2.407  104.9079
 2.406  104.9372
 2.405  104.9470
 2.403  104.9568
 2.402  104.9255
 2.401  104.9177
 2.400  104.8161
 2.399  104.7126
 2.398  104.7282
 2.397  104.9099
 2.396  104.9607
 2.395  104.8669
 2.393  104.9060
 2.392  104.9646
 2.391  105.0036
 2.390  104.8161
 2.389  104.8142
 2.388  104.8708
 2.387  104.7829
 2.386  104.9001
 2.385  105.0466
 2.384  105.2536
 2.382  105.1657
 2.381  105.0407
 2.380  105.0232
 2.379  105.1404
 2.378  105.1091
 2.377  105.1130
 2.376  105.0818
 2.375  105.2185
 2.374  105.4314
 2.373  105.5036
 2.372  105.3474
 2.370  105.3943
 2.369  105.5075
 2.368  105.4470
 2.367  105.2517
 2.366  105.1325
 2.365  105.0954
 2.364  105.1423
 2.363  105.1423
 2.362  105.1521
 2.361  105.2829
 2.360  105.3083
 2.359  105.1950
 2.358  105.2282
 2.356  105.1032
 2.355  105.1169
 2.354  105.1091
 2.353  105.0700
 2.352  105.1501
 2.351  105.4646
 2.350  105.5954
 2.349  105.6032
 2.348  105.6501
 2.347  105.5388
 2.346  105.3825
 2.345  105.2907
 2.344  105.1501
 2.343  105.1638
 2.342  105.2732
 2.340  105.3591
 2.339  105.4079
 2.338  105.6091
 2.337  105.5310
 2.336  105.6657
 2.335  105.6579
 2.334  105.7068
 2.333  105.6325
 2.332  105.6423
 2.331  105.5642
 2.330  105.5232
 2.329  105.4236
 2.328  105.4939
 2.327  105.5700
 2.326  105.4685
 2.325  105.4763
 2.324  105.5173
 2.323  105.6208
 2.322  105.6404
 2.321  105.6091
 2.320  105.5798
 2.318  105.6814
 2.317  105.6247
 2.316  105.6443
 2.315  105.6189
 2.314  105.6521
 2.313  105.8982
 2.312  106.0017
 2.311  105.9372
 2.310  105.9157
 2.309  105.9021
 2.308  105.7107
 2.307  105.9919
 2.306  105.7673
 2.305  105.6814
 2.304  105.7341
 2.303  105.7419
 2.302  105.7282
 2.301  105.6970
 2.300  105.9079
 2.299  105.9782
 2.298  106.0310
 2.297  106.0154
 2.296  106.0700
 2.295  106.1872
 2.294  106.0095
 2.293  105.9157
 2.292  106.0154
 2.291  106.2282
 2.290  106.2048
 2.289  106.1501
 2.288  106.0154
 2.287  105.9529
 2.286  106.0407
 2.285  106.1111
 2.284  106.0349
 2.283  106.0095
 2.282  105.9607
 2.281  105.9450
 2.280  106.0017
 2.279  105.7907
 2.278  106.0486
 2.277  106.0857
 2.276  106.0232
 2.275  106.0935
 2.274  106.1657
 2.273  106.2986
 2.272  106.3923
 2.271  106.2341
 2.270  106.0857
 2.269  106.1443
 2.268  106.2068
 2.267  106.0232
 2.266  106.1364
 2.265  106.2419
 2.264  106.5271
 2.263  106.7029
 2.262  106.6989
 2.261  106.5818
 2.260  106.6482
 2.259  106.5700
 2.258  106.4880
 2.257  106.5154
 2.256  106.5622
 2.255  106.7224
 2.254  106.6286
 2.253  106.5583
 2.252  106.3669
 2.251  106.2068
 2.250  106.0544
 2.249  106.1208
 2.248  106.1560
 2.247  106.2068
 2.246  106.4099
 2.245  106.5974
 2.244  106.5075
 2.243  106.4138
 2.242  106.5154
 2.241  106.5779
 2.240  106.6521
 2.239  106.8747
 2.238  106.8786
 2.237  106.8279
 2.236  106.7185
 2.236  106.8747
 2.235  106.7732
 2.234  106.5505
 2.233  106.7380
 2.232  106.9060
 2.231  107.0857
 2.230  106.9138
 2.229  106.9880
 2.228  107.0075
 2.227  106.8122
 2.226  106.2380
 2.225  106.2693
 2.224  106.3044
 2.223  106.2966
 2.222  106.4450
 2.221  106.7068
 2.220  106.9099
 2.219  107.1364
 2.218  107.0622
 2.217  107.1482
 2.216  107.1482
 2.215  107.1443
 2.215  107.0700
 2.214  107.1052
 2.213  107.0310
 2.212  107.0193
 2.211  106.8825
 2.210  106.9607
 2.209  107.0310
 2.208  107.0974
 2.207  107.1521
 2.206  107.0154
 2.205  107.0466
 2.204  107.2497
 2.203  107.2810
 2.202  107.4607
 2.201  107.5700
 2.200  107.3552
 2.199  107.3591
 2.199  107.3318
 2.198  107.1091
 2.197  107.0349
 2.196  107.2927
 2.195  107.5193
 2.194  107.7185
 2.193  107.7419
 2.192  107.5114
 2.191  107.4841
 2.190  107.3474
 2.189  107.2536
 2.188  107.3747
 2.187  107.3279
 2.186  107.1911
 2.186  107.2068
 2.185  107.3318
 2.184  107.5778
 2.183  107.7028
 2.182  107.4568
 2.181  107.4372
 2.180  107.6247
 2.179  107.4294
 2.178  107.3904
 2.177  107.2107
 2.176  107.3435
 2.175  107.2966
 2.175  107.3591
 2.174  107.5466
 2.173  107.2732
 2.172  107.3669
 2.171  107.3044
 2.170  107.3122
 2.169  107.6013
 2.168  107.9685
 2.167  108.0153
 2.166  108.2614
 2.165  108.1286
 2.165  108.1560
 2.164  108.0818
 2.163  107.8982
 2.162  107.8513
 2.161  107.5622
 2.160  107.4919
 2.159  107.8161
 2.158  108.0622
 2.157  107.9841
 2.156  107.6989
 2.156  107.4685
 2.155  107.4528
 2.154  107.4099
 2.153  107.5310
 2.152  107.9528
 2.151  107.9685
 2.150  108.0075
 2.149  108.3161
 2.148  108.2224
 2.148  108.0622
 2.147  107.9685
 2.146  107.8903
 2.145  107.8005
 2.144  107.7185
 2.143  107.7302
 2.142  107.9411
 2.141  108.0505
 2.140  108.2497
 2.140  108.1247
 2.139  107.9607
 2.138  107.9763
 2.137  108.2107
 2.136  108.1794
 2.135  108.2888
 2.134  107.9685
 2.133  107.9685
 2.133  107.9763
 2.132  108.1599
 2.131  108.1482
 2.130  108.1482
 2.129  108.1950
 2.128  108.0974
 2.127  108.2849
 2.126  108.1872
 2.126  107.9997
 2.125  107.9607
 2.124  107.7849
 2.123  107.8122
 2.122  107.9372
 2.121  108.3200
 2.120  108.6482
 2.119  108.7653
 2.119  108.5818
 2.118  108.3747
 2.117  108.5153
 2.116  108.4372
 2.115  108.3825
 2.114  108.4568
 2.113  108.3318
 2.113  108.2380
 2.112  108.3122
 2.111  108.1716
 2.110  108.1325
 2.109  108.4138
 2.108  108.7536
 2.107  108.8435
 2.107  108.7107
 2.106  108.5857
 2.105  108.6950
 2.104  108.7068
 2.103  108.5857
 2.102  108.6091
 2.101  108.6169
 2.101  108.6130
 2.100  108.8903
 2.099  108.6560
 2.098  108.6403
 2.097  108.5075
 2.096  108.4997
 2.095  108.6755
 2.095  108.5349
 2.094  108.1872
 2.093  108.3591
 2.092  108.6755
 2.091  108.4685
 2.090  108.7224
 2.090  108.7849
 2.089  108.9568
 2.088  108.9568
 2.087  109.1091
 2.086  109.2263
 2.085  109.2185
 2.085  109.3786
 2.084  109.1560
 2.083  109.1286
 2.082  109.2341
 2.081  109.2107
 2.080  109.0778
 2.079  108.9607
