Name: Heulandite (Na,Ca)2-3Al3(Al,Si)2Si13O36.12H2O
Type:  Mineral
Class:  Silicates
Subclass:  Tectosilicates (Zeolite Group)
Particle Size:  Fine  (less than 2 Micrometers)
Sample No.: heulan.1
Owner:  JHU
Wavelength Range:  IR
Origin:  Teigarhora, Iceland via W. J. Ehmann #37. 

Description: No solid sample was available.  Petrographically the 
sample was pure heulandite, with <1% of the grains showing parallel 
sets of (fluid?) inclusions.



Measurement:  Transmission 
First Column:  X
Second Column:  Y  
X Units:  Wavelength (micrometers)
Y Units:  Transmittance (percent)
First X Value:  25.0442
Last X Value:  2.079
Number of X Values:  2287
Additional Information: heulan1a.txt
25.044   45.9764
24.924   45.2343
24.805   44.1581
24.686   43.5331
24.569   43.0546
24.454   42.3143
24.339   41.0643
24.225   40.0233
24.112   39.6659
24.001   38.9374
23.890   38.2929
23.781   37.4706
23.672   36.6620
23.564   36.1327
23.458   35.2304
23.352   34.4257
23.247   33.6132
23.144   32.8681
23.041   31.9657
22.939   31.1132
22.838   30.5478
22.738   29.8788
22.638   29.1952
22.540   28.4921
22.442   27.9960
22.345   27.4374
22.250   27.0126
22.154   26.6962
22.060   26.6015
21.967   26.7118
21.874   26.7040
21.782   26.9579
21.691   27.1288
21.601   27.4462
21.511   27.6454
21.422   27.9277
21.334   28.4550
21.247   28.9902
21.160   29.7040
21.074   30.5273
20.988   31.5429
20.904   32.8319
20.820   34.1415
20.737   35.5399
20.654   36.7724
20.572   37.9950
20.491   39.1171
20.410   40.4218
20.330   41.7811
20.251   42.9061
20.172   43.9266
20.094   44.9325
20.016   45.9520
19.939   46.8300
19.863   47.6718
19.787   48.4354
19.712   48.8690
19.637   49.4257
19.563   49.7577
19.489   50.1625
19.416   50.3944
19.344   50.6815
19.272   50.7367
19.201   50.8109
19.130   51.0194
19.059   51.2445
18.990   51.4632
18.920   51.7450
18.851   52.2694
18.783   52.5448
18.715   52.8475
18.648   53.2460
18.581   53.4183
18.515   53.6522
18.449   53.6815
18.384   53.8749
18.319   53.7909
18.254   53.8338
18.190   53.7699
18.126   53.6590
18.063   53.6874
18.001   53.4823
17.938   53.5038
17.876   53.2919
17.815   53.2035
17.754   53.0790
17.693   52.9081
17.633   52.8148
17.573   52.5692
17.514   52.4803
17.455   52.2704
17.396   52.0922
17.338   51.9256
17.280   51.6962
17.223   51.7450
17.166   51.4989
17.109   51.4003
17.053   51.1937
16.997   51.0663
16.942   50.8231
16.886   50.5223
16.832   50.3798
16.777   50.1976
16.723   50.2782
16.669   50.1483
16.616   50.2079
16.563   50.5350
16.510   50.8212
16.458   51.3006
16.406   51.6561
16.354   52.1776
16.302   52.5370
16.251   53.0062
16.200   53.3983
16.150   53.7230
16.100   54.1962
16.050   54.4286
16.000   54.8211
15.951   55.1195
15.902   55.4046
15.854   55.6786
15.805   55.7860
15.757   56.0292
15.710   56.0882
15.662   56.2806
15.615   56.3485
15.568   56.3739
15.521   56.5013
15.475   56.3436
15.429   56.4627
15.383   56.2914
15.338   56.2811
15.292   56.0570
15.248   56.0194
15.203   55.9984
15.158   55.6991
15.114   55.5946
15.070   55.4403
15.027   55.3070
14.983   55.1776
14.940   55.0824
14.897   55.2176
14.854   55.0609
14.812   55.1502
14.770   55.0707
14.728   55.1253
14.686   55.1044
14.645   55.0043
14.603   55.0106
14.562   54.8387
14.521   54.8275
14.481   54.6112
14.441   54.5619
14.400   54.3822
14.361   54.1205
14.321   54.0296
14.281   53.7992
14.242   53.6307
14.203   53.4081
14.164   53.2254
14.126   53.1888
14.087   52.9549
14.049   52.9144
14.011   52.7030
13.973   52.7484
13.936   52.7035
13.899   52.6805
13.861   52.6825
13.824   52.6095
13.788   52.7088
13.751   52.6778
13.715   52.8075
13.679   52.9442
13.643   53.1075
13.607   53.3866
13.571   53.5116
13.536   53.8175
13.500   54.0704
13.465   54.4200
13.430   54.7176
13.396   54.9181
13.361   55.3624
13.327   55.7120
13.293   56.1280
13.259   56.4012
13.225   56.8397
13.191   57.1405
13.158   57.4881
13.124   57.8604
13.091   58.0272
13.058   58.3709
13.026   58.6122
12.993   58.7765
12.960   59.1319
12.928   59.3700
12.896   59.6893
12.864   59.8402
12.832   60.2362
12.800   60.3944
12.769   60.7208
12.737   61.1612
12.706   61.4308
12.675   61.8641
12.644   62.1475
12.614   62.7625
12.583   63.3057
12.552   63.8543
12.522   64.4952
12.492   65.0614
12.462   65.8831
12.432   66.4925
12.402   67.2149
12.373   67.9481
12.343   68.6160
12.314   69.4210
12.285   69.9034
12.256   70.6143
12.227   71.0443
12.198   71.5135
12.169   71.8221
12.141   72.0887
12.113   72.3536
12.084   72.3113
12.056   72.3419
12.028   72.0674
12.000   71.7881
11.973   71.3546
11.945   70.7264
11.918   70.1966
11.890   69.3065
11.863   68.6212
11.836   67.7344
11.809   66.7606
11.782   65.8604
11.755   64.8006
11.729   63.9581
11.702   62.9188
11.676   62.0421
11.650   61.1056
11.624   60.2179
11.598   59.4471
11.572   58.5821
11.546   57.8751
11.520   57.1600
11.495   56.5819
11.469   55.9852
11.444   55.4015
11.419   54.9962
11.394   54.4610
11.369   54.0890
11.344   53.6786
11.319   53.3810
11.294   53.1024
11.270   52.8263
11.245   52.6752
11.221   52.4017
11.197   52.3260
11.173   52.2276
11.149   52.1717
11.125   52.1212
11.101   52.0636
11.077   52.0714
11.054   51.9862
11.030   51.9906
11.007   52.0458
10.983   52.0428
10.960   51.9564
10.937   51.8236
10.914   51.9657
10.891   51.7821
10.868   51.6769
10.846   51.5892
10.823   51.3661
10.800   51.1112
10.778   50.7215
10.755   50.3761
10.733   49.8202
10.711   49.2257
10.689   48.5287
10.667   47.7552
10.645   47.1134
10.623   46.3539
10.602   45.4174
10.580   44.2626
10.558   43.1251
10.537   41.9450
10.516   40.6356
10.494   39.3253
10.473   37.8754
10.452   36.4455
10.431   34.9394
10.410   33.4443
10.389   31.8859
10.368   30.3517
10.348   28.8459
10.327   27.3027
10.306   25.8244
10.286   24.3986
10.266   22.9789
10.245   21.6096
10.225   20.2978
10.205   19.0559
10.185   17.8540
10.165   16.7202
10.145   15.6733
10.125   14.6684
10.106   13.7307
10.086   12.8676
10.066   12.0693
10.047   11.3488
10.027   10.6792
10.008   10.0266
 9.989    9.4262
 9.970    8.8916
 9.950    8.3843
 9.931    7.9333
 9.912    7.5239
 9.893    7.1531
 9.875    6.8296
 9.856    6.4946
 9.837    6.2021
 9.818    5.9448
 9.800    5.7431
 9.781    5.5491
 9.763    5.3567
 9.745    5.1850
 9.726    5.0288
 9.708    4.9006
 9.690    4.7915
 9.672    4.6453
 9.654    4.5500
 9.636    4.4885
 9.618    4.4143
 9.600    4.3389
 9.583    4.2905
 9.565    4.2727
 9.547    4.2602
 9.530    4.3057
 9.512    4.3408
 9.495    4.3833
 9.477    4.4141
 9.460    4.4907
 9.443    4.5723
 9.426    4.6614
 9.409    4.7783
 9.392    4.8823
 9.375    5.0254
 9.358    5.1843
 9.341    5.3579
 9.324    5.5322
 9.307    5.7602
 9.291    6.0166
 9.274    6.2886
 9.257    6.5510
 9.241    6.8154
 9.224    7.1184
 9.208    7.4267
 9.192    7.7278
 9.175    8.0158
 9.159    8.2954
 9.143    8.5776
 9.127    8.8586
 9.111    9.1194
 9.095    9.3730
 9.079    9.6294
 9.063    9.8818
 9.047   10.1269
 9.032   10.3828
 9.016   10.6284
 9.000   10.8447
 8.985   11.0649
 8.969   11.3029
 8.954   11.5324
 8.938   11.7920
 8.923   12.0185
 8.907   12.2368
 8.892   12.4690
 8.877   12.7153
 8.862   12.9365
 8.847   13.1562
 8.832   13.3857
 8.817   13.6259
 8.802   13.8457
 8.787   14.1027
 8.772   14.3547
 8.757   14.6181
 8.742   14.8930
 8.728   15.1611
 8.713   15.4306
 8.698   15.7045
 8.684   16.0041
 8.669   16.3003
 8.655   16.6164
 8.640   16.9599
 8.626   17.3166
 8.612   17.7133
 8.597   18.1057
 8.583   18.5417
 8.569   18.9785
 8.555   19.4548
 8.541   19.9768
 8.527   20.4965
 8.513   21.0556
 8.499   21.6203
 8.485   22.2507
 8.471   22.8674
 8.457   23.5222
 8.443   24.2180
 8.430   24.9208
 8.416   25.6913
 8.402   26.4687
 8.389   27.3007
 8.375   28.1762
 8.362   29.1103
 8.348   30.1576
 8.335   31.2470
 8.321   32.4701
 8.308   33.7934
 8.295   35.2499
 8.281   36.8754
 8.268   38.6088
 8.255   40.5048
 8.242   42.4420
 8.229   44.5087
 8.216   46.5526
 8.203   48.6005
 8.190   50.6849
 8.177   52.6439
 8.164   54.5668
 8.151   56.3348
 8.138   58.0570
 8.126   59.6366
 8.113   61.0741
 8.100   62.4779
 8.088   63.6263
 8.075   64.8055
 8.062   65.8304
 8.050   66.7982
 8.037   67.6766
 8.025   68.4261
 8.013   69.2745
 8.000   69.8690
 7.988   70.5682
 7.976   71.1707
 7.963   71.7642
 7.951   72.3983
 7.939   72.8895
 7.927   73.4854
 7.915   73.8941
 7.903   74.3846
 7.891   74.8067
 7.879   75.1692
 7.867   75.6329
 7.855   75.9129
 7.843   76.3387
 7.831   76.6238
 7.819   77.0062
 7.807   77.3362
 7.796   77.5721
 7.784   77.9646
 7.772   78.1668
 7.761   78.5027
 7.749   78.7283
 7.738   79.0237
 7.726   79.2942
 7.715   79.4231
 7.703   79.7496
 7.692   79.9117
 7.680   80.1631
 7.669   80.3465
 7.658   80.5027
 7.646   80.7610
 7.635   80.8548
 7.624   81.1309
 7.613   81.2120
 7.601   81.4104
 7.590   81.5950
 7.579   81.7093
 7.568   81.9446
 7.557   82.0149
 7.546   82.2466
 7.535   82.3318
 7.524   82.4915
 7.513   82.6800
 7.502   82.7473
 7.492   82.9807
 7.481   83.0498
 7.470   83.2185
 7.459   83.3045
 7.448   83.3894
 7.438   83.5711
 7.427   83.5711
 7.417   83.7513
 7.406   83.7449
 7.395   83.8440
 7.385   83.9178
 7.374   83.9300
 7.364   84.0594
 7.353   84.0054
 7.343   84.1409
 7.333   84.1480
 7.322   84.2234
 7.312   84.3299
 7.302   84.3269
 7.291   84.4568
 7.281   84.4356
 7.271   84.5769
 7.261   84.6079
 7.251   84.6243
 7.240   84.7512
 7.230   84.7659
 7.220   84.8587
 7.210   84.6345
 7.200   84.4895
 7.190   84.2962
 7.180   84.0740
 7.170   83.9993
 7.160   83.7381
 7.151   83.6951
 7.141   83.6470
 7.131   83.7422
 7.121   83.9046
 7.111   84.0066
 7.102   84.3137
 7.092   84.4680
 7.082   84.7307
 7.073   84.9256
 7.063   85.0486
 7.053   85.2571
 7.044   85.3333
 7.034   85.5154
 7.025   85.5144
 7.015   85.6067
 7.006   85.6814
 6.996   85.6756
 6.987   85.7903
 6.977   85.7298
 6.968   85.8198
 6.959   85.8001
 6.949   85.8465
 6.940   85.9251
 6.931   85.8782
 6.921   85.9602
 6.912   85.8714
 6.903   85.8709
 6.894   85.7923
 6.885   85.6897
 6.876   85.6912
 6.866   85.5269
 6.857   85.5159
 6.848   85.3860
 6.839   85.3413
 6.830   85.3064
 6.821   85.2136
 6.812   85.2761
 6.803   85.2195
 6.794   85.3587
 6.786   85.3968
 6.777   85.4759
 6.768   85.6345
 6.759   85.6731
 6.750   85.8557
 6.741   85.9153
 6.733   86.1018
 6.724   86.2459
 6.715   86.3391
 6.707   86.5427
 6.698   86.6060
 6.689   86.8118
 6.681   86.8831
 6.672   86.9993
 6.663   87.1299
 6.655   87.1726
 6.646   87.3345
 6.638   87.3069
 6.629   87.4363
 6.621   87.4744
 6.612   87.5105
 6.604   87.5750
 6.596   87.5462
 6.587   87.6455
 6.579   87.5999
 6.571   87.6399
 6.562   87.6258
 6.554   87.5552
 6.546   87.5784
 6.537   87.4832
 6.529   87.4964
 6.521   87.3992
 6.513   87.3465
 6.505   87.3064
 6.496   87.1975
 6.488   87.1931
 6.480   87.0354
 6.472   87.0154
 6.464   86.8958
 6.456   86.8089
 6.448   86.7566
 6.440   86.6131
 6.432   86.6267
 6.424   86.4983
 6.416   86.4334
 6.408   86.3089
 6.400   86.1311
 6.392   86.0384
 6.384   85.7805
 6.377   85.6272
 6.369   85.3587
 6.361   85.1096
 6.353   84.8411
 6.345   84.5056
 6.338   84.2366
 6.330   83.8142
 6.322   83.5130
 6.314   83.1553
 6.307   82.7869
 6.299   82.4895
 6.291   82.1028
 6.284   81.8172
 6.276   81.4549
 6.269   81.1541
 6.261   80.8260
 6.254   80.4143
 6.246   80.0345
 6.238   79.4920
 6.231   78.9578
 6.223   78.2298
 6.216   77.4456
 6.209   76.5804
 6.201   75.5784
 6.194   74.5750
 6.186   73.4275
 6.179   72.3050
 6.172   71.2029
 6.164   70.1793
 6.157   69.2752
 6.150   68.4818
 6.142   67.9412
 6.135   67.5174
 6.128   67.2899
 6.121   67.2318
 6.113   67.2327
 6.106   67.4324
 6.099   67.6619
 6.092   68.0072
 6.085   68.3035
 6.078   68.6270
 6.070   68.9735
 6.063   69.2767
 6.056   69.6424
 6.049   69.9539
 6.042   70.3294
 6.035   70.7318
 6.028   71.1605
 6.021   71.6644
 6.014   72.1341
 6.007   72.7442
 6.000   73.3250
 5.993   73.9515
 5.986   74.6214
 5.979   75.2723
 5.973   76.0218
 5.966   76.7234
 5.959   77.5188
 5.952   78.2449
 5.945   79.0039
 5.938   79.8118
 5.932   80.5174
 5.925   81.2664
 5.918   81.9031
 5.911   82.5310
 5.905   83.1341
 5.898   83.6492
 5.891   84.2010
 5.884   84.5901
 5.878   85.0086
 5.871   85.3616
 5.864   85.6966
 5.858   86.0149
 5.851   86.2122
 5.845   86.5154
 5.838   86.7190
 5.831   86.9632
 5.825   87.1594
 5.818   87.3196
 5.812   87.5305
 5.805   87.6350
 5.799   87.8167
 5.792   87.9007
 5.786   88.0012
 5.779   88.1453
 5.773   88.2014
 5.767   88.3338
 5.760   88.3914
 5.754   88.4846
 5.747   88.5574
 5.741   88.6057
 5.735   88.6795
 5.728   88.6824
 5.722   88.8098
 5.716   88.8389
 5.709   88.8909
 5.703   88.9417
 5.697   88.9846
 5.691   89.0955
 5.684   89.1106
 5.678   89.1897
 5.672   89.2132
 5.666   89.2503
 5.660   89.3172
 5.653   89.3040
 5.647   89.3601
 5.641   89.3733
 5.635   89.4363
 5.629   89.4480
 5.623   89.4468
 5.617   89.5086
 5.611   89.4968
 5.604   89.5554
 5.598   89.5315
 5.592   89.5518
 5.586   89.5886
 5.580   89.6043
 5.574   89.6619
 5.568   89.6328
 5.562   89.7073
 5.556   89.7317
 5.550   89.7388
 5.545   89.7883
 5.539   89.7693
 5.533   89.8430
 5.527   89.8181
 5.521   89.8469
 5.515   89.8577
 5.509   89.8416
 5.503   89.8880
 5.498   89.8728
 5.492   89.9656
 5.486   89.9666
 5.480   90.0086
 5.474   90.0525
 5.469   90.0444
 5.463   90.1170
 5.457   90.0916
 5.451   90.1255
 5.446   90.1502
 5.440   90.1585
 5.434   90.1907
 5.428   90.1782
 5.423   90.2620
 5.417   90.2625
 5.411   90.2913
 5.406   90.3176
 5.400   90.3181
 5.395   90.3601
 5.389   90.3450
 5.383   90.4192
 5.378   90.4094
 5.372   90.4182
 5.367   90.4314
 5.361   90.4089
 5.356   90.4832
 5.350   90.4661
 5.344   90.5056
 5.339   90.5083
 5.333   90.5232
 5.328   90.5950
 5.323   90.5759
 5.317   90.6218
 5.312   90.6170
 5.306   90.6492
 5.301   90.6565
 5.295   90.6492
 5.290   90.6995
 5.285   90.6795
 5.279   90.7454
 5.274   90.7422
 5.268   90.7351
 5.263   90.7815
 5.258   90.7595
 5.252   90.7825
 5.247   90.7698
 5.242   90.8030
 5.237   90.8128
 5.231   90.8113
 5.226   90.8523
 5.221   90.8049
 5.215   90.8494
 5.210   90.8255
 5.205   90.8709
 5.200   90.8782
 5.195   90.8728
 5.189   90.9143
 5.184   90.9006
 5.179   90.9714
 5.174   90.9946
 5.169   90.9822
 5.163   90.9993
 5.158   90.9910
 5.153   91.0222
 5.148   90.9978
 5.143   91.0271
 5.138   91.0618
 5.133   91.0691
 5.128   91.1199
 5.123   91.0886
 5.118   91.1296
 5.113   91.1106
 5.108   91.1326
 5.103   91.1575
 5.097   91.1306
 5.092   91.1648
 5.087   91.1419
 5.083   91.1560
 5.078   91.1467
 5.073   91.1484
 5.068   91.1663
 5.063   91.1375
 5.058   91.1814
 5.053   91.1599
 5.048   91.1907
 5.043   91.2117
 5.038   91.1834
 5.033   91.2219
 5.028   91.1892
 5.023   91.2542
 5.019   91.2556
 5.014   91.2825
 5.009   91.3015
 5.004   91.2727
 4.999   91.2879
 4.994   91.2454
 4.990   91.2551
 4.985   91.2254
 4.980   91.2024
 4.975   91.2334
 4.970   91.2041
 4.966   91.2503
 4.961   91.2327
 4.956   91.2695
 4.951   91.2598
 4.947   91.2341
 4.942   91.2644
 4.937   91.2254
 4.933   91.2598
 4.928   91.2490
 4.923   91.2495
 4.919   91.2603
 4.914   91.2395
 4.909   91.2756
 4.905   91.2510
 4.900   91.2754
 4.895   91.2800
 4.891   91.2415
 4.886   91.2595
 4.882   91.2217
 4.877   91.2461
 4.872   91.2349
 4.868   91.2151
 4.863   91.2195
 4.859   91.2041
 4.854   91.2258
 4.850   91.1975
 4.845   91.2217
 4.840   91.2288
 4.836   91.2542
 4.831   91.2566
 4.827   91.2188
 4.822   91.2656
 4.818   91.2551
 4.814   91.2620
 4.809   91.2361
 4.805   91.2183
 4.800   91.2200
 4.796   91.1736
 4.791   91.2222
 4.787   91.1985
 4.782   91.1824
 4.778   91.1716
 4.774   91.1687
 4.769   91.1829
 4.765   91.1350
 4.760   91.1494
 4.756   91.1306
 4.752   91.1306
 4.747   91.1416
 4.743   91.1182
 4.739   91.1350
 4.734   91.1038
 4.730   91.1072
 4.726   91.0823
 4.721   91.0454
 4.717   91.0725
 4.713   91.0354
 4.709   91.0559
 4.704   91.0215
 4.700   91.0032
 4.696   91.0169
 4.692   91.0061
 4.687   91.0242
 4.683   90.9920
 4.679   90.9929
 4.675   90.9819
 4.670   90.9788
 4.666   90.9951
 4.662   90.9556
 4.658   90.9597
 4.654   90.9434
 4.649   90.9402
 4.645   90.9363
 4.641   90.9295
 4.637   90.9561
 4.633   90.8953
 4.629   90.9011
 4.625   90.9053
 4.620   90.9336
 4.616   90.9434
 4.612   90.9397
 4.608   90.9763
 4.604   90.9343
 4.600   90.9348
 4.596   90.9336
 4.592   90.9109
 4.588   90.9258
 4.584   90.9226
 4.580   90.9038
 4.576   90.8845
 4.572   90.8953
 4.568   90.8928
 4.564   90.8540
 4.560   90.9043
 4.555   90.8909
 4.551   90.8901
 4.548   90.8648
 4.544   90.8767
 4.540   90.9133
 4.536   90.8838
 4.532   90.9107
 4.528   90.8694
 4.524   90.8316
 4.520   90.8245
 4.516   90.8347
 4.512   90.8386
 4.508   90.8125
 4.504   90.8616
 4.500   90.8523
 4.496   90.8626
 4.492   90.8965
 4.488   90.8855
 4.485   90.8997
 4.481   90.8787
 4.477   90.9070
 4.473   90.8738
 4.469   90.8425
 4.465   90.8416
 4.461   90.7930
 4.458   90.8181
 4.454   90.8240
 4.450   90.8203
 4.446   90.8225
 4.442   90.8108
 4.438   90.8508
 4.435   90.8623
 4.431   90.8848
 4.427   90.8621
 4.423   90.8733
 4.420   90.8963
 4.416   90.8897
 4.412   90.9011
 4.408   90.8887
 4.405   90.8975
 4.401   90.8875
 4.397   90.8694
 4.393   90.8926
 4.390   90.8865
 4.386   90.9141
 4.382   90.8950
 4.379   90.9119
 4.375   90.9522
 4.371   90.9307
 4.367   90.9395
 4.364   90.9360
 4.360   90.9529
 4.356   90.9465
 4.353   90.9492
 4.349   90.9905
 4.345   90.9736
 4.342   91.0242
 4.338   90.9983
 4.335   90.9942
 4.331   91.0176
 4.327   91.0098
 4.324   91.0278
 4.320   91.0244
 4.317   91.0496
 4.313   91.0383
 4.309   91.0227
 4.306   91.0396
 4.302   90.9895
 4.299   91.0100
 4.295   91.0032
 4.292   91.0315
 4.288   91.0088
 4.284   90.9876
 4.281   91.0320
 4.277   91.0364
 4.274   91.0457
 4.270   91.0342
 4.267   91.0471
 4.263   91.0828
 4.260   91.0757
 4.256   91.1023
 4.253   91.0872
 4.249   91.1182
 4.246   91.1560
 4.242   91.1482
 4.239   91.1702
 4.235   91.1350
 4.232   91.1338
 4.229   91.1555
 4.225   91.1846
 4.222   91.1797
 4.218   91.1577
 4.215   91.1748
 4.211   91.1677
 4.208   91.1868
 4.205   91.1856
 4.201   91.1914
 4.198   91.2351
 4.194   91.2149
 4.191   91.2493
 4.188   91.2366
 4.184   91.2678
 4.181   91.2656
 4.177   91.2659
 4.174   91.3069
 4.171   91.3020
 4.167   91.3340
 4.164   91.2908
 4.161   91.3176
 4.157   91.3377
 4.154   91.3108
 4.151   91.3411
 4.147   91.3367
 4.144   91.3438
 4.141   91.3386
 4.137   91.3521
 4.134   91.3679
 4.131   91.3474
 4.128   91.4124
 4.124   91.4219
 4.121   91.4121
 4.118   91.4163
 4.114   91.4387
 4.111   91.4734
 4.108   91.4368
 4.105   91.4739
 4.101   91.4490
 4.098   91.4522
 4.095   91.4744
 4.092   91.4353
 4.088   91.4841
 4.085   91.4739
 4.082   91.4942
 4.079   91.4751
 4.076   91.4824
 4.072   91.4942
 4.069   91.4880
 4.066   91.5156
 4.063   91.5115
 4.060   91.5393
 4.056   91.5388
 4.053   91.5252
 4.050   91.5569
 4.047   91.5281
 4.044   91.5310
 4.041   91.5364
 4.038   91.5618
 4.034   91.5867
 4.031   91.5530
 4.028   91.5957
 4.025   91.5837
 4.022   91.6162
 4.019   91.6282
 4.016   91.6055
 4.013   91.6309
 4.009   91.6306
 4.006   91.6409
 4.003   91.6358
 4.000   91.6209
 3.997   91.6311
 3.994   91.6165
 3.991   91.6470
 3.988   91.6043
 3.985   91.6067
 3.982   91.6152
 3.979   91.6292
 3.976   91.6511
 3.973   91.6045
 3.969   91.6638
 3.966   91.6650
 3.963   91.6406
 3.960   91.6338
 3.957   91.5964
 3.954   91.6360
 3.951   91.6336
 3.948   91.6536
 3.945   91.6279
 3.942   91.6316
 3.939   91.6306
 3.936   91.6047
 3.933   91.6350
 3.930   91.6348
 3.927   91.6389
 3.924   91.6370
 3.921   91.6487
 3.918   91.6594
 3.916   91.6052
 3.913   91.6321
 3.910   91.6091
 3.907   91.6057
 3.904   91.5789
 3.901   91.5520
 3.898   91.5715
 3.895   91.5730
 3.892   91.5711
 3.889   91.5352
 3.886   91.4856
 3.883   91.4754
 3.880   91.4541
 3.877   91.4421
 3.875   91.3760
 3.872   91.4133
 3.869   91.3997
 3.866   91.3801
 3.863   91.3850
 3.860   91.3455
 3.857   91.3565
 3.854   91.3750
 3.852   91.3416
 3.849   91.3184
 3.846   91.2947
 3.843   91.2942
 3.840   91.2835
 3.837   91.2656
 3.834   91.2139
 3.832   91.1643
 3.829   91.1707
 3.826   91.1409
 3.823   91.1445
 3.820   91.1192
 3.817   91.1199
 3.815   91.0994
 3.812   91.0774
 3.809   91.0818
 3.806   91.0205
 3.803   90.9954
 3.801   91.0012
 3.798   90.9971
 3.795   90.9492
 3.792   90.9114
 3.790   90.9072
 3.787   90.8787
 3.784   90.8601
 3.781   90.8308
 3.779   90.7835
 3.776   90.7849
 3.773   90.7610
 3.770   90.7468
 3.768   90.6946
 3.765   90.6755
 3.762   90.6436
 3.759   90.6111
 3.757   90.5681
 3.754   90.5010
 3.751   90.4920
 3.748   90.4590
 3.746   90.4451
 3.743   90.4170
 3.740   90.3840
 3.738   90.3645
 3.735   90.3191
 3.732   90.2957
 3.730   90.2520
 3.727   90.2078
 3.724   90.1934
 3.722   90.1375
 3.719   90.1355
 3.716   90.0930
 3.714   90.0437
 3.711   90.0235
 3.708   89.9649
 3.706   89.9016
 3.703   89.8264
 3.700   89.8289
 3.698   89.8162
 3.695   89.8025
 3.692   89.7305
 3.690   89.6895
 3.687   89.6738
 3.685   89.6340
 3.682   89.6013
 3.679   89.5510
 3.677   89.4795
 3.674   89.4912
 3.671   89.4453
 3.669   89.3977
 3.666   89.3098
 3.664   89.2744
 3.661   89.2464
 3.659   89.2083
 3.656   89.1702
 3.653   89.1135
 3.651   89.0940
 3.648   89.0872
 3.646   89.0466
 3.643   89.0039
 3.641   88.9505
 3.638   88.8943
 3.635   88.8440
 3.633   88.7881
 3.630   88.7217
 3.628   88.6394
 3.625   88.6104
 3.623   88.5589
 3.620   88.4964
 3.618   88.4177
 3.615   88.3760
 3.613   88.3469
 3.610   88.2776
 3.608   88.2686
 3.605   88.2307
 3.603   88.2051
 3.600   88.1572
 3.598   88.0877
 3.595   88.0371
 3.593   87.9910
 3.590   87.9514
 3.588   87.8997
 3.585   87.8308
 3.583   87.7996
 3.580   87.7312
 3.578   87.6550
 3.575   87.5994
 3.573   87.5379
 3.570   87.4629
 3.568   87.3870
 3.565   87.3975
 3.563   87.3057
 3.561   87.2307
 3.558   87.1507
 3.556   87.0733
 3.553   87.0623
 3.551   87.0069
 3.548   86.9383
 3.546   86.8450
 3.544   86.7810
 3.541   86.7302
 3.539   86.6670
 3.536   86.5557
 3.534   86.4236
 3.531   86.3801
 3.529   86.3313
 3.527   86.2366
 3.524   86.1016
 3.522   85.9893
 3.519   85.9141
 3.517   85.7947
 3.515   85.6809
 3.512   85.5733
 3.510   85.4883
 3.508   85.3799
 3.505   85.2649
 3.503   85.1511
 3.500   85.0589
 3.498   85.0166
 3.496   85.0252
 3.493   84.9727
 3.491   84.9151
 3.489   84.8360
 3.486   84.8050
 3.484   84.7442
 3.482   84.6524
 3.479   84.5633
 3.477   84.4729
 3.475   84.4063
 3.472   84.3553
 3.470   84.2832
 3.468   84.1687
 3.465   84.0804
 3.463   84.0371
 3.461   83.9021
 3.458   83.7976
 3.456   83.6663
 3.454   83.5821
 3.452   83.5096
 3.449   83.3836
 3.447   83.2854
 3.445   83.1316
 3.442   83.0349
 3.440   82.9424
 3.438   82.8338
 3.435   82.6778
 3.433   82.5137
 3.431   82.3963
 3.429   82.2771
 3.426   82.1365
 3.424   81.9475
 3.422   81.7715
 3.420   81.6394
 3.417   81.4759
 3.415   81.3860
 3.413   81.2969
 3.411   81.2266
 3.408   81.1524
 3.406   81.0918
 3.404   81.0459
 3.402   80.9099
 3.399   80.8594
 3.397   80.8282
 3.395   80.7517
 3.393   80.6602
 3.391   80.5574
 3.388   80.4383
 3.386   80.3367
 3.384   80.2088
 3.382   80.0955
 3.380   79.9383
 3.377   79.8584
 3.375   79.7459
 3.373   79.6560
 3.371   79.5393
 3.369   79.4229
 3.366   79.3272
 3.364   79.2137
 3.362   79.1101
 3.360   78.9559
 3.358   78.8477
 3.355   78.7344
 3.353   78.5752
 3.351   78.4500
 3.349   78.3020
 3.347   78.1895
 3.345   78.0332
 3.342   77.9053
 3.340   77.7801
 3.338   77.6370
 3.336   77.5340
 3.334   77.3760
 3.332   77.2071
 3.330   77.0428
 3.327   76.9222
 3.325   76.7918
 3.323   76.6131
 3.321   76.4549
 3.319   76.2784
 3.317   76.1541
 3.315   76.0450
 3.313   75.9180
 3.310   75.7552
 3.308   75.5574
 3.306   75.4378
 3.304   75.2938
 3.302   75.1248
 3.300   74.9668
 3.298   74.7908
 3.296   74.6697
 3.294   74.5225
 3.292   74.3660
 3.289   74.2120
 3.287   74.0762
 3.285   73.9454
 3.283   73.7442
 3.281   73.5499
 3.279   73.3575
 3.277   73.2169
 3.275   73.0584
 3.273   72.8985
 3.271   72.7049
 3.269   72.4744
 3.267   72.3094
 3.265   72.1248
 3.263   71.9373
 3.260   71.7552
 3.258   71.5413
 3.256   71.3985
 3.254   71.2195
 3.252   71.0203
 3.250   70.8152
 3.248   70.5997
 3.246   70.4454
 3.244   70.2403
 3.242   70.0447
 3.240   69.8026
 3.238   69.6082
 3.236   69.4276
 3.234   69.1785
 3.232   68.9298
 3.230   68.7266
 3.228   68.5506
 3.226   68.3319
 3.224   68.0672
 3.222   67.8280
 3.220   67.6180
 3.218   67.4271
 3.216   67.2181
 3.214   67.0184
 3.212   66.7891
 3.210   66.5596
 3.208   66.3761
 3.206   66.1710
 3.204   65.9522
 3.202   65.7178
 3.200   65.5177
 3.198   65.3507
 3.196   65.1532
 3.194   64.9207
 3.192   64.6961
 3.190   64.5389
 3.188   64.3094
 3.186   64.0682
 3.184   63.8565
 3.182   63.6729
 3.180   63.4891
 3.179   63.2557
 3.177   63.0418
 3.175   62.7948
 3.173   62.5684
 3.171   62.3858
 3.169   62.1798
 3.167   61.9701
 3.165   61.7528
 3.163   61.5721
 3.161   61.3817
 3.159   61.1385
 3.157   60.8827
 3.155   60.5977
 3.153   60.3778
 3.151   60.1751
 3.150   59.9491
 3.148   59.7035
 3.146   59.4671
 3.144   59.2679
 3.142   59.0702
 3.140   58.8519
 3.138   58.6380
 3.136   58.4203
 3.134   58.2318
 3.132   58.0335
 3.131   57.7816
 3.129   57.5707
 3.127   57.3910
 3.125   57.1683
 3.123   56.9486
 3.121   56.7562
 3.119   56.5506
 3.117   56.3255
 3.115   56.1214
 3.114   55.8963
 3.112   55.6996
 3.110   55.5028
 3.108   55.3460
 3.106   55.1366
 3.104   54.9256
 3.102   54.7733
 3.101   54.5907
 3.099   54.4564
 3.097   54.3202
 3.095   54.1522
 3.093   54.0072
 3.091   53.8856
 3.089   53.7704
 3.088   53.6097
 3.086   53.4462
 3.084   53.2982
 3.082   53.1771
 3.080   53.0614
 3.078   52.9042
 3.077   52.7523
 3.075   52.6200
 3.073   52.5062
 3.071   52.4003
 3.069   52.2738
 3.068   52.1454
 3.066   52.0257
 3.064   51.9637
 3.062   51.8636
 3.060   51.7347
 3.058   51.5985
 3.057   51.4603
 3.055   51.3451
 3.053   51.2601
 3.051   51.1317
 3.050   50.9950
 3.048   50.8817
 3.046   50.7850
 3.044   50.6776
 3.042   50.5497
 3.041   50.4144
 3.039   50.2782
 3.037   50.1278
 3.035   50.0087
 3.033   49.8968
 3.032   49.7137
 3.030   49.5941
 3.028   49.4476
 3.026   49.2738
 3.025   49.1356
 3.023   48.9882
 3.021   48.8143
 3.019   48.6405
 3.018   48.4457
 3.016   48.2899
 3.014   48.1410
 3.012   47.9843
 3.011   47.7894
 3.009   47.5941
 3.007   47.4003
 3.005   47.2557
 3.004   47.0707
 3.002   46.8744
 3.000   46.7040
 2.998   46.5228
 2.997   46.3417
 2.995   46.1913
 2.993   46.0292
 2.991   45.8656
 2.990   45.6918
 2.988   45.5946
 2.986   45.4340
 2.985   45.2772
 2.983   45.1620
 2.981   45.0282
 2.979   44.8637
 2.978   44.6937
 2.976   44.5829
 2.974   44.4139
 2.973   44.3007
 2.971   44.2011
 2.969   44.0643
 2.967   43.9833
 2.966   43.8485
 2.964   43.7738
 2.962   43.7177
 2.961   43.6273
 2.959   43.5575
 2.957   43.4789
 2.956   43.4530
 2.954   43.4110
 2.952   43.3441
 2.951   43.2860
 2.949   43.2172
 2.947   43.1884
 2.946   43.1703
 2.944   43.1600
 2.942   43.1024
 2.941   43.1015
 2.939   43.1044
 2.937   43.0936
 2.936   43.0643
 2.934   43.0487
 2.932   43.0956
 2.931   43.0863
 2.929   43.0336
 2.927   43.0087
 2.926   42.9696
 2.924   42.9535
 2.922   42.9999
 2.921   43.0184
 2.919   43.0414
 2.917   43.0590
 2.916   43.1078
 2.914   43.1239
 2.912   43.1781
 2.911   43.1625
 2.909   43.1932
 2.908   43.2933
 2.906   43.3500
 2.904   43.3505
 2.903   43.3417
 2.901   43.4061
 2.899   43.4340
 2.898   43.4730
 2.896   43.4984
 2.895   43.5336
 2.893   43.6093
 2.891   43.6600
 2.890   43.6669
 2.888   43.7479
 2.887   43.8124
 2.885   43.8690
 2.883   43.9559
 2.882   43.9970
 2.880   44.0653
 2.878   44.1503
 2.877   44.2528
 2.875   44.3378
 2.874   44.4257
 2.872   44.4555
 2.871   44.5848
 2.869   44.7313
 2.867   44.8348
 2.866   44.9315
 2.864   45.0180
 2.863   45.1347
 2.861   45.2421
 2.859   45.3514
 2.858   45.4911
 2.856   45.6122
 2.855   45.7543
 2.853   45.9379
 2.852   46.0927
 2.850   46.2484
 2.848   46.4706
 2.847   46.6762
 2.845   46.8285
 2.844   47.0394
 2.842   47.2255
 2.841   47.4257
 2.839   47.5765
 2.838   47.7050
 2.836   47.8485
 2.834   47.9696
 2.833   48.1288
 2.831   48.2518
 2.830   48.3480
 2.828   48.5175
 2.827   48.6268
 2.825   48.7733
 2.824   48.9374
 2.822   49.0863
 2.821   49.2128
 2.819   49.3456
 2.817   49.5428
 2.816   49.7250
 2.814   49.8534
 2.813   50.0067
 2.811   50.1840
 2.810   50.3592
 2.808   50.5096
 2.807   50.6800
 2.805   50.8895
 2.804   51.0770
 2.802   51.2518
 2.801   51.4569
 2.799   51.6503
 2.798   51.8270
 2.796   51.9808
 2.795   52.1200
 2.793   52.2792
 2.792   52.4432
 2.790   52.6097
 2.789   52.8280
 2.787   53.0355
 2.786   53.2108
 2.784   53.4081
 2.783   53.6254
 2.781   53.8714
 2.780   54.1014
 2.778   54.3358
 2.777   54.5878
 2.775   54.8851
 2.774   55.2230
 2.772   55.5135
 2.771   55.8153
 2.769   56.1317
 2.768   56.5018
 2.766   56.9120
 2.765   57.2752
 2.763   57.6644
 2.762   58.1766
 2.760   58.6761
 2.759   59.1410
 2.758   59.6541
 2.756   60.2171
 2.755   60.8055
 2.753   61.4657
 2.752   62.1092
 2.750   62.7010
 2.749   63.3387
 2.747   64.0687
 2.746   64.8284
 2.744   65.4730
 2.743   66.2191
 2.741   66.9832
 2.740   67.7557
 2.739   68.5511
 2.737   69.2537
 2.736   69.9227
 2.734   70.6151
 2.733   71.3690
 2.731   72.0491
 2.730   72.6268
 2.729   73.2288
 2.727   73.7586
 2.726   74.3753
 2.724   74.9217
 2.723   75.3909
 2.721   75.8475
 2.720   76.2381
 2.718   76.6312
 2.717   76.9534
 2.716   77.2386
 2.714   77.5867
 2.713   77.8641
 2.711   78.1936
 2.710   78.5350
 2.709   78.8558
 2.707   79.1546
 2.706   79.3982
 2.704   79.6170
 2.703   79.8572
 2.701   80.1189
 2.700   80.3714
 2.699   80.5843
 2.697   80.7537
 2.696   80.9422
 2.694   81.0857
 2.693   81.2781
 2.692   81.4842
 2.690   81.5916
 2.689   81.6707
 2.687   81.7674
 2.686   81.9187
 2.685   82.0608
 2.683   82.1311
 2.682   82.2210
 2.681   82.2757
 2.679   82.3963
 2.678   82.4729
 2.676   82.4983
 2.675   82.6136
 2.674   82.6585
 2.672   82.7288
 2.671   82.7776
 2.669   82.8108
 2.668   82.8416
 2.667   82.8748
 2.665   82.9627
 2.664   83.0105
 2.663   83.0628
 2.661   83.0906
 2.660   83.1780
 2.659   83.3069
 2.657   83.3533
 2.656   83.3811
 2.654   83.3953
 2.653   83.4514
 2.652   83.4944
 2.650   83.4710
 2.649   83.5017
 2.648   83.4978
 2.646   83.5179
 2.645   83.5100
 2.644   83.4729
 2.642   83.4710
 2.641   83.4724
 2.640   83.5530
 2.638   83.6092
 2.637   83.6853
 2.636   83.7010
 2.634   83.7464
 2.633   83.7835
 2.632   83.7342
 2.630   83.7303
 2.629   83.7190
 2.628   83.7600
 2.626   83.7776
 2.625   83.7249
 2.624   83.7132
 2.622   83.7127
 2.621   83.7659
 2.620   83.7366
 2.618   83.8225
 2.617   83.8181
 2.616   83.7976
 2.614   83.9099
 2.613   83.9080
 2.612   83.8909
 2.610   83.9353
 2.609   83.9632
 2.608   84.0589
 2.606   84.0061
 2.605   84.0740
 2.604   84.0955
 2.602   84.1018
 2.601   84.0994
 2.600   84.1267
 2.599   84.1858
 2.597   84.1990
 2.596   84.2014
 2.595   84.1658
 2.593   84.1931
 2.592   84.1878
 2.591   84.2205
 2.589   84.2771
 2.588   84.3499
 2.587   84.3474
 2.586   84.2986
 2.584   84.3909
 2.583   84.4373
 2.582   84.3440
 2.580   84.2849
 2.579   84.2039
 2.578   84.1795
 2.577   84.2469
 2.575   84.2166
 2.574   84.2054
 2.573   84.1858
 2.572   84.1956
 2.570   84.1956
 2.569   84.2151
 2.568   84.2757
 2.566   84.2840
 2.565   84.2874
 2.564   84.2815
 2.563   84.3460
 2.561   84.3474
 2.560   84.3318
 2.559   84.3113
 2.558   84.3264
 2.556   84.2986
 2.555   84.2659
 2.554   84.3284
 2.553   84.4431
 2.551   84.4065
 2.550   84.3929
 2.549   84.3494
 2.547   84.3401
 2.546   84.3870
 2.545   84.3904
 2.544   84.4217
 2.542   84.3499
 2.541   84.3538
 2.540   84.4475
 2.539   84.3787
 2.538   84.2932
 2.536   84.2928
 2.535   84.3230
 2.534   84.2361
 2.533   84.2078
 2.531   84.2127
 2.530   84.1785
 2.529   84.1580
 2.528   84.1033
 2.526   84.1668
 2.525   84.2293
 2.524   84.2703
 2.523   84.2752
 2.521   84.2371
 2.520   84.2967
 2.519   84.2986
 2.518   84.2586
 2.517   84.2439
 2.515   84.3631
 2.514   84.5203
 2.513   84.5496
 2.512   84.5926
 2.510   84.5086
 2.509   84.5418
 2.508   84.5437
 2.507   84.4969
 2.506   84.4890
 2.504   84.4539
 2.503   84.3689
 2.502   84.3396
 2.501   84.3494
 2.500   84.3191
 2.498   84.2830
 2.497   84.2537
 2.496   84.3006
 2.495   84.3250
 2.494   84.3123
 2.492   84.3640
 2.491   84.3660
 2.490   84.4070
 2.489   84.4451
 2.488   84.3758
 2.486   84.3777
 2.485   84.4090
 2.484   84.4500
 2.483   84.4588
 2.482   84.4051
 2.480   84.3250
 2.479   84.2410
 2.478   84.2888
 2.477   84.3181
 2.476   84.3230
 2.475   84.2429
 2.473   84.1951
 2.472   84.2195
 2.471   84.2849
 2.470   84.2537
 2.469   84.2762
 2.467   84.3094
 2.466   84.3924
 2.465   84.3582
 2.464   84.3269
 2.463   84.3963
 2.462   84.5095
 2.460   84.5076
 2.459   84.4363
 2.458   84.4793
 2.457   84.6053
 2.456   84.5974
 2.455   84.5945
 2.453   84.5486
 2.452   84.5994
 2.451   84.5906
 2.450   84.5095
 2.449   84.5105
 2.448   84.4783
 2.447   84.4637
 2.445   84.4998
 2.444   84.5642
 2.443   84.5486
 2.442   84.5203
 2.441   84.5359
 2.440   84.6033
 2.438   84.5662
 2.437   84.3826
 2.436   84.3533
 2.435   84.3758
 2.434   84.3299
 2.433   84.3328
 2.432   84.3572
 2.430   84.3103
 2.429   84.2967
 2.428   84.3416
 2.427   84.4295
 2.426   84.4373
 2.425   84.4529
 2.424   84.4978
 2.423   84.5779
 2.421   84.5388
 2.420   84.4451
 2.419   84.4578
 2.418   84.5779
 2.417   84.5486
 2.416   84.5359
 2.415   84.4978
 2.413   84.4568
 2.412   84.6023
 2.411   84.5330
 2.410   84.4929
 2.409   84.5203
 2.408   84.4959
 2.407   84.4842
 2.406   84.5428
 2.405   84.5037
 2.403   84.5652
 2.402   84.5984
 2.401   84.5388
 2.400   84.4724
 2.399   84.4490
 2.398   84.4890
 2.397   84.5437
 2.396   84.5515
 2.395   84.4129
 2.393   84.4021
 2.392   84.3328
 2.391   84.3484
 2.390   84.3494
 2.389   84.2781
 2.388   84.3133
 2.387   84.2810
 2.386   84.2849
 2.385   84.3601
 2.384   84.3924
 2.382   84.3748
 2.381   84.3631
 2.380   84.4803
 2.379   84.5633
 2.378   84.5554
 2.377   84.5916
 2.376   84.5984
 2.375   84.4978
 2.374   84.5486
 2.373   84.5877
 2.372   84.5974
 2.370   84.5681
 2.369   84.5447
 2.368   84.4734
 2.367   84.4256
 2.366   84.3836
 2.365   84.3953
 2.364   84.3650
 2.363   84.3015
 2.362   84.2771
 2.361   84.3865
 2.360   84.3142
 2.359   84.2888
 2.358   84.2185
 2.356   84.2713
 2.355   84.3953
 2.354   84.4373
 2.353   84.4353
 2.352   84.4392
 2.351   84.4392
 2.350   84.5095
 2.349   84.5203
 2.348   84.5095
 2.347   84.4265
 2.346   84.4080
 2.345   84.4812
 2.344   84.5916
 2.343   84.4568
 2.342   84.4197
 2.340   84.3748
 2.339   84.3357
 2.338   84.2693
 2.337   84.2771
 2.336   84.2029
 2.335   84.2400
 2.334   84.3133
 2.333   84.2713
 2.332   84.2000
 2.331   84.1834
 2.330   84.0721
 2.329   84.0564
 2.328   83.9783
 2.327   83.9998
 2.326   83.9549
 2.325   83.9929
 2.324   83.9842
 2.323   84.0447
 2.322   84.1687
 2.321   84.2771
 2.320   84.2771
 2.318   84.2869
 2.317   84.2625
 2.316   84.3396
 2.315   84.3992
 2.314   84.4060
 2.313   84.3601
 2.312   84.2732
 2.311   84.2703
 2.310   84.3220
 2.309   84.3318
 2.308   84.2156
 2.307   84.1453
 2.306   84.1326
 2.305   84.1101
 2.304   84.1531
 2.303   84.2244
 2.302   84.1599
 2.301   84.0086
 2.300   84.0398
 2.299   84.0310
 2.298   83.9763
 2.297   84.0242
 2.296   84.1404
 2.295   84.1111
 2.294   84.0388
 2.293   84.0584
 2.292   84.0398
 2.291   83.9890
 2.290   83.9646
 2.289   84.0056
 2.288   83.9275
 2.287   83.9500
 2.286   84.0047
 2.285   84.0320
 2.284   83.9724
 2.283   83.9959
 2.282   84.0193
 2.281   83.9881
 2.280   83.9373
 2.279   84.0008
 2.278   84.0271
 2.277   84.0760
 2.276   84.0974
 2.275   84.1033
 2.274   83.9353
 2.273   83.9627
 2.272   83.9295
 2.271   83.9783
 2.270   83.9500
 2.269   83.8670
 2.268   83.8181
 2.267   83.8494
 2.266   83.7586
 2.265   83.6492
 2.264   83.6092
 2.263   83.6297
 2.262   83.6404
 2.261   83.6482
 2.260   83.6853
 2.259   83.6883
 2.258   83.7654
 2.257   83.7820
 2.256   83.8631
 2.255   84.0203
 2.254   84.0506
 2.253   84.1736
 2.252   84.2967
 2.251   84.1404
 2.250   84.1336
 2.249   84.0711
 2.248   83.9969
 2.247   83.9998
 2.246   83.9119
 2.245   83.8240
 2.244   83.7664
 2.243   83.7703
 2.242   83.6131
 2.241   83.5125
 2.240   83.5633
 2.239   83.5476
 2.238   83.5125
 2.237   83.6775
 2.236   83.7303
 2.236   83.6795
 2.235   83.7029
 2.234   83.7547
 2.233   83.8201
 2.232   83.8553
 2.231   83.8240
 2.230   83.7498
 2.229   83.8553
 2.228   83.7039
 2.227   83.6619
 2.226   83.5506
 2.225   83.6033
 2.224   83.6072
 2.223   83.5349
 2.222   83.6170
 2.221   83.6365
 2.220   83.6482
 2.219   83.6092
 2.218   83.5789
 2.217   83.4803
 2.216   83.5271
 2.215   83.5672
 2.215   83.5828
 2.214   83.6326
 2.213   83.6482
 2.212   83.7078
 2.211   83.7039
 2.210   83.7390
 2.209   83.5974
 2.208   83.5984
 2.207   83.5711
 2.206   83.6033
 2.205   83.5594
 2.204   83.5506
 2.203   83.4119
 2.202   83.3826
 2.201   83.3445
 2.200   83.2469
 2.199   83.2967
 2.199   83.2508
 2.198   83.3445
 2.197   83.2781
 2.196   83.4060
 2.195   83.5193
 2.194   83.5164
 2.193   83.5662
 2.192   83.5047
 2.191   83.5310
 2.190   83.6365
 2.189   83.5320
 2.188   83.5193
 2.187   83.5154
 2.186   83.4588
 2.186   83.3631
 2.185   83.3797
 2.184   83.4099
 2.183   83.2586
 2.182   83.2625
 2.181   83.2273
 2.180   83.3162
 2.179   83.2820
 2.178   83.3406
 2.177   83.3367
 2.176   83.4773
 2.175   83.5584
 2.175   83.6873
 2.174   83.8162
 2.173   83.7381
 2.172   83.7390
 2.171   83.7469
 2.170   83.7010
 2.169   83.5779
 2.168   83.4500
 2.167   83.5467
 2.166   83.6375
 2.165   83.7078
 2.165   83.5701
 2.164   83.5437
 2.163   83.7615
 2.162   83.7703
 2.161   83.7664
 2.160   83.7263
 2.159   83.8211
 2.158   83.9383
 2.157   83.8953
 2.156   83.8679
 2.156   83.8367
 2.155   83.8709
 2.154   83.8474
 2.153   83.7039
 2.152   83.5203
 2.151   83.2820
 2.150   83.3201
 2.149   83.3982
 2.148   83.3670
 2.148   83.2459
 2.147   83.3201
 2.146   83.3640
 2.145   83.3396
 2.144   83.4734
 2.143   83.4109
 2.142   83.4021
 2.141   83.3328
 2.140   83.3435
 2.140   83.4295
 2.139   83.3748
 2.138   83.3797
 2.137   83.3748
 2.136   83.4773
 2.135   83.5623
 2.134   83.4256
 2.133   83.4138
 2.133   83.3719
 2.132   83.3943
 2.131   83.4265
 2.130   83.4373
 2.129   83.4607
 2.128   83.3367
 2.127   83.4021
 2.126   83.5711
 2.126   83.4851
 2.125   83.4568
 2.124   83.5242
 2.123   83.5476
 2.122   83.4099
 2.121   83.4568
 2.120   83.3826
 2.119   83.3025
 2.119   83.3982
 2.118   83.5213
 2.117   83.5701
 2.116   83.4920
 2.115   83.5017
 2.114   83.3689
 2.113   83.3318
 2.113   83.4763
 2.112   83.3142
 2.111   83.2713
 2.110   83.3084
 2.109   83.3553
 2.108   83.2654
 2.107   83.2654
 2.107   83.3025
 2.106   83.1873
 2.105   83.2322
 2.104   83.3553
 2.103   83.3611
 2.102   83.3221
 2.101   83.4295
 2.101   83.5154
 2.100   83.3904
 2.099   83.5017
 2.098   83.6990
 2.097   83.5701
 2.096   83.6404
 2.095   83.5428
 2.095   83.4998
 2.094   83.5310
 2.093   83.5428
 2.092   83.5388
 2.091   83.4822
 2.090   83.2928
 2.090   83.1756
 2.089   83.2478
 2.088   83.3513
 2.087   83.4373
 2.086   83.2420
 2.085   83.1033
 2.085   83.1424
 2.084   83.1502
 2.083   83.1072
 2.082   83.0096
 2.081   83.0388
 2.080   82.9803
 2.079   82.9412
