Name: Beryl Be3Al2Si6O18
Type:  Mineral
Class:  Silicates
Subclass:  Cyclosilicates (Ring Silicates)
Particle Size:  Fine (less than 2 Micrometers)
Sample No.:  beryl.2
Owner:  JHU
Wavelength Range:  IR
Origin:  Smithsonian NMNH 134700Sample from Palermo Mine, North 
Groton, New Hampshire.
Description:  Hand sample was pale green to white in color and 
appeared pure on the inside, with a small amount of surface 
discoloration.  The sample was roughly cubical, 2 cm on a side.  
Microscopic examination indicated it to be pure with a very small 
amount (much less than 1%) of alteration.

Measurement:  Transmission 
First Column:  X
Second Column:  Y  
X Units:  Wavelength (micrometers)
Y Units:  Transmittance (percent)
First X Value:  25.0442
Last X Value:  2.079
Number of X Values:  2287
Additional Information:  beryl2a.txt
25.044   82.5545
24.924   81.8592
24.805   80.8514
24.686   80.8123
24.569   80.7849
24.454   80.3279
24.339   80.0154
24.225   79.3357
24.112   78.3514
24.001   77.4529
23.890   76.9139
23.781   75.4217
23.672   73.8123
23.564   72.0701
23.458   70.0701
23.352   67.2420
23.247   63.8397
23.144   59.9764
23.041   55.9061
22.939   52.2518
22.838   49.1796
22.738   46.6112
22.638   45.1288
22.540   44.5018
22.442   44.5429
22.345   45.7733
22.250   47.8534
22.154   50.4335
22.060   53.4569
21.967   56.8084
21.874   60.1971
21.782   63.2596
21.691   65.9764
21.601   68.1951
21.511   69.8983
21.422   71.2342
21.334   71.9842
21.247   72.2342
21.160   72.2049
21.074   71.8299
20.988   71.1736
20.904   69.9940
20.820   68.5272
20.737   66.9862
20.654   65.1053
20.572   62.3534
20.491   59.1698
20.410   55.1014
20.330   50.0897
20.251   45.0663
20.172   40.8339
20.094   39.0272
20.016   40.7108
19.939   45.4003
19.863   51.0760
19.787   55.5135
19.712   57.4041
19.637   56.9764
19.563   54.6922
19.489   51.4657
19.416   47.5194
19.344   43.4022
19.272   39.6483
19.201   36.4960
19.130   34.2704
19.059   32.7460
18.990   31.9257
18.920   31.9101
18.851   32.5868
18.783   33.6523
18.715   35.1767
18.648   37.0429
18.581   39.1913
18.515   41.6337
18.449   44.0487
18.384   46.7157
18.319   49.6600
18.254   52.9110
18.190   56.3788
18.126   59.9100
18.063   63.1795
18.001   66.0291
17.938   68.3485
17.876   70.0076
17.815   71.2147
17.754   71.9822
17.693   72.3553
17.633   72.2615
17.573   71.9295
17.514   71.7381
17.455   71.6834
17.396   71.7820
17.338   71.9188
17.280   71.6756
17.223   70.8084
17.166   69.2401
17.109   66.4891
17.053   62.4373
16.997   57.4959
16.942   52.6962
16.886   49.2186
16.832   48.0087
16.777   49.1776
16.723   52.1796
16.669   56.1688
16.616   60.5018
16.563   64.5867
16.510   67.9891
16.458   70.4920
16.406   72.3885
16.354   73.6697
16.302   74.6619
16.251   75.4881
16.200   76.1385
16.150   76.6990
16.100   77.2186
16.050   77.5213
16.000   77.6385
15.951   77.9314
15.902   78.0408
15.854   78.1268
15.805   78.1805
15.757   78.1258
15.710   78.1023
15.662   77.9637
15.615   77.5232
15.568   76.8396
15.521   75.7996
15.475   74.1570
15.429   72.2586
15.383   70.3289
15.338   68.9149
15.292   68.5086
15.248   69.0701
15.203   69.9949
15.158   70.4822
15.114   70.2625
15.070   69.3612
15.027   67.6434
14.983   65.2000
14.940   62.2157
14.897   58.6600
14.854   54.6532
14.812   50.4960
14.770   46.5985
14.728   43.4579
14.686   41.5204
14.645   41.1200
14.603   42.0399
14.562   44.0097
14.521   46.5790
14.481   49.4481
14.441   52.5038
14.400   55.3456
14.361   57.9676
14.321   60.3358
14.281   62.3504
14.242   64.1737
14.203   65.7674
14.164   67.1033
14.126   68.1697
14.087   69.0594
14.049   69.6932
14.011   70.1863
13.973   70.3924
13.936   70.3611
13.899   70.2156
13.861   69.8309
13.824   69.1566
13.788   68.1937
13.751   66.9945
13.715   65.5955
13.679   63.8421
13.643   61.8299
13.607   59.6913
13.571   57.4261
13.536   55.3089
13.500   53.4535
13.465   52.0843
13.430   51.2679
13.396   50.9901
13.361   51.4808
13.327   52.6151
13.293   54.3168
13.259   56.4432
13.225   58.7987
13.191   61.1444
13.158   63.4574
13.124   65.5199
13.091   67.3084
13.058   68.7835
13.026   70.0101
12.993   71.0042
12.960   71.4725
12.928   71.6585
12.896   71.8807
12.864   72.1033
12.832   72.0428
12.800   71.7693
12.769   71.4568
12.737   71.0506
12.706   70.3499
12.675   69.4608
12.644   68.3030
12.614   66.8924
12.583   65.2791
12.552   63.3104
12.522   61.1800
12.492   59.0291
12.462   56.8792
12.432   54.9842
12.402   53.4452
12.373   52.2855
12.343   51.5174
12.314   51.2465
12.285   51.4745
12.256   52.0643
12.227   53.1229
12.198   54.4774
12.169   55.9945
12.141   57.6170
12.113   59.4393
12.084   61.2811
12.056   62.9198
12.028   64.6956
12.000   66.2967
11.973   67.7928
11.945   69.1912
11.918   70.4671
11.890   71.6136
11.863   72.6424
11.836   73.5389
11.809   74.2186
11.782   74.8909
11.755   75.3636
11.729   75.8343
11.702   76.1541
11.676   76.3826
11.650   76.5408
11.624   76.6019
11.598   76.5643
11.572   76.4280
11.546   76.3514
11.520   76.1814
11.495   75.9046
11.469   75.6209
11.444   75.2244
11.419   74.7801
11.394   74.2327
11.369   73.7664
11.344   73.2684
11.319   72.6434
11.294   71.9529
11.270   71.2908
11.245   70.6644
11.221   70.0237
11.197   69.2830
11.173   68.6155
11.149   67.9515
11.125   67.3504
11.101   66.5643
11.077   65.7010
11.054   64.8573
11.030   63.8709
11.007   62.7127
10.983   61.4862
10.960   60.1278
10.937   58.7313
10.914   57.2225
10.891   55.5008
10.868   53.6078
10.846   51.6957
10.823   49.6215
10.800   47.4012
10.778   45.1395
10.755   42.8226
10.733   40.5043
10.711   38.1879
10.689   35.8603
10.667   33.8280
10.645   31.7411
10.623   29.5380
10.602   27.4745
10.580   25.4672
10.558   23.5400
10.537   21.7797
10.516   20.0664
10.494   18.4497
10.473   17.1738
10.452   16.0244
10.431   15.1318
10.410   14.5517
10.389   14.4008
10.368   14.5883
10.348   15.0688
10.327   15.8300
10.306   16.7744
10.286   17.8051
10.266   18.8310
10.245   19.8427
10.225   20.8227
10.205   21.7329
10.185   22.6274
10.165   23.5219
10.145   24.4218
10.125   25.3657
10.106   26.3642
10.086   27.4003
10.066   28.5024
10.047   29.5864
10.027   30.5614
10.008   31.3559
 9.989   31.9574
 9.970   32.3583
 9.950   32.6132
 9.931   32.6508
 9.912   32.4360
 9.893   32.0922
 9.875   31.7021
 9.856   31.3456
 9.837   31.0966
 9.818   31.0649
 9.800   31.2138
 9.781   31.4950
 9.763   31.9316
 9.745   32.4980
 9.726   33.1664
 9.708   33.9023
 9.690   34.7113
 9.672   35.6024
 9.654   36.5185
 9.636   37.4901
 9.618   38.4716
 9.600   39.3798
 9.583   40.2528
 9.565   41.0448
 9.547   41.7069
 9.530   42.2968
 9.512   42.8026
 9.495   43.1610
 9.477   43.4686
 9.460   43.7308
 9.443   43.9325
 9.426   44.1229
 9.409   44.3539
 9.392   44.6688
 9.375   45.0575
 9.358   45.5409
 9.341   46.0917
 9.324   46.7020
 9.307   47.3563
 9.291   48.0262
 9.274   48.7738
 9.257   49.4242
 9.241   50.1468
 9.224   50.9105
 9.208   51.6488
 9.192   52.3973
 9.175   53.1371
 9.159   53.7972
 9.143   54.3675
 9.127   54.8495
 9.111   55.2796
 9.095   55.7118
 9.079   56.0863
 9.063   56.4671
 9.047   56.7948
 9.032   57.1312
 9.016   57.4276
 9.000   57.6258
 8.985   57.7621
 8.969   57.8636
 8.954   57.8924
 8.938   57.8319
 8.923   57.7269
 8.907   57.5648
 8.892   57.2635
 8.877   56.8827
 8.862   56.4989
 8.847   56.0458
 8.832   55.4413
 8.817   54.7128
 8.802   53.9999
 8.787   53.2230
 8.772   52.4554
 8.757   51.7660
 8.742   51.2040
 8.728   50.7714
 8.713   50.5228
 8.698   50.4613
 8.684   50.4779
 8.669   50.5277
 8.655   50.6293
 8.640   50.5433
 8.626   50.2133
 8.612   49.6810
 8.597   48.9759
 8.583   48.0555
 8.569   46.9315
 8.555   45.6869
 8.541   44.3812
 8.527   43.0331
 8.513   41.7147
 8.499   40.4657
 8.485   39.2816
 8.471   38.1698
 8.457   37.0805
 8.443   35.9779
 8.430   34.8358
 8.416   33.5766
 8.402   32.1191
 8.389   30.4696
 8.375   28.7521
 8.362   27.0868
 8.348   25.7287
 8.335   24.8605
 8.321   24.4904
 8.308   24.5995
 8.295   25.0742
 8.281   25.8137
 8.268   26.7382
 8.255   27.8056
 8.242   28.9269
 8.229   30.1095
 8.216   31.3954
 8.203   32.8027
 8.190   34.2792
 8.177   35.8559
 8.164   37.5412
 8.151   39.3295
 8.138   41.2316
 8.126   43.2374
 8.113   45.3202
 8.100   47.5206
 8.088   49.7504
 8.075   51.9601
 8.062   54.1532
 8.050   56.3036
 8.037   58.3758
 8.025   60.3477
 8.013   62.2481
 8.000   64.1104
 7.988   65.8438
 7.976   67.5057
 7.963   69.0938
 7.951   70.6153
 7.939   72.0399
 7.927   73.3731
 7.915   74.6512
 7.903   75.9227
 7.891   77.1082
 7.879   78.2395
 7.867   79.3528
 7.855   80.4649
 7.843   81.5086
 7.831   82.5020
 7.819   83.4297
 7.807   84.3050
 7.796   85.0940
 7.784   85.7383
 7.772   86.2842
 7.761   86.8181
 7.749   87.2686
 7.738   87.6846
 7.726   88.0149
 7.715   88.3025
 7.703   88.5945
 7.692   88.8955
 7.680   89.1494
 7.669   89.3877
 7.658   89.5811
 7.646   89.7957
 7.635   89.9539
 7.624   90.1257
 7.613   90.3079
 7.601   90.4502
 7.590   90.5850
 7.579   90.7175
 7.568   90.8362
 7.557   90.9661
 7.546   91.1065
 7.535   91.2400
 7.524   91.3630
 7.513   91.4768
 7.502   91.6182
 7.492   91.7227
 7.481   91.8213
 7.470   91.9180
 7.459   92.0020
 7.448   92.1004
 7.438   92.2166
 7.427   92.3347
 7.417   92.4417
 7.406   92.5117
 7.395   92.5996
 7.385   92.6902
 7.374   92.7383
 7.364   92.8030
 7.353   92.8584
 7.343   92.8953
 7.333   92.9255
 7.322   92.9441
 7.312   93.0020
 7.302   93.0635
 7.291   93.1082
 7.281   93.1453
 7.271   93.1316
 7.261   93.1453
 7.251   93.1628
 7.240   93.1423
 7.230   93.1096
 7.220   93.1013
 7.210   93.0505
 7.200   92.9619
 7.190   92.8787
 7.180   92.7695
 7.170   92.6387
 7.160   92.5195
 7.151   92.4238
 7.141   92.3926
 7.131   92.4338
 7.121   92.5964
 7.111   92.8242
 7.102   93.0342
 7.092   93.2256
 7.082   93.4583
 7.073   93.6523
 7.063   93.7781
 7.053   93.9316
 7.044   94.0352
 7.034   94.1091
 7.025   94.1836
 7.015   94.2390
 7.006   94.2656
 6.996   94.2998
 6.987   94.3252
 6.977   94.3152
 6.968   94.3613
 6.959   94.4109
 6.949   94.4180
 6.940   94.4426
 6.931   94.4688
 6.921   94.5007
 6.912   94.5215
 6.903   94.5515
 6.894   94.5762
 6.885   94.5908
 6.876   94.6150
 6.866   94.6992
 6.857   94.7559
 6.848   94.7664
 6.839   94.8201
 6.830   94.8674
 6.821   94.9138
 6.812   94.9473
 6.803   95.0264
 6.794   95.1370
 6.786   95.1924
 6.777   95.2568
 6.768   95.3269
 6.759   95.3965
 6.750   95.5022
 6.741   95.5635
 6.733   95.6182
 6.724   95.7139
 6.715   95.7610
 6.707   95.7830
 6.698   95.8391
 6.689   95.9111
 6.681   95.9792
 6.672   95.9902
 6.663   96.0281
 6.655   96.0518
 6.646   96.0872
 6.638   96.1472
 6.629   96.1482
 6.621   96.1494
 6.612   96.2129
 6.604   96.2383
 6.596   96.2634
 6.587   96.2810
 6.579   96.3093
 6.571   96.3350
 6.562   96.3467
 6.554   96.3591
 6.546   96.3445
 6.537   96.3357
 6.529   96.3181
 6.521   96.3174
 6.513   96.2295
 6.505   96.0303
 6.496   95.9138
 6.488   95.8379
 6.480   95.6892
 6.472   95.5801
 6.464   95.5730
 6.456   95.6550
 6.448   95.7161
 6.440   95.7546
 6.432   95.8018
 6.424   95.8699
 6.416   95.9343
 6.408   95.9248
 6.400   95.8760
 6.392   95.8503
 6.384   95.8428
 6.377   95.8318
 6.369   95.8232
 6.361   95.7634
 6.353   95.6980
 6.345   95.6531
 6.338   95.5593
 6.330   95.4475
 6.322   95.3738
 6.314   95.3303
 6.307   95.2556
 6.299   95.1384
 6.291   95.0088
 6.284   94.8709
 6.276   94.6465
 6.269   94.3477
 6.261   93.9504
 6.254   93.5877
 6.246   93.3596
 6.238   93.3142
 6.231   93.3652
 6.223   93.3689
 6.216   93.2410
 6.209   93.0730
 6.201   92.8711
 6.194   92.6492
 6.186   92.4072
 6.179   92.1416
 6.172   91.7937
 6.164   91.4199
 6.157   91.0049
 6.150   90.5789
 6.142   90.0877
 6.135   89.5195
 6.128   89.1443
 6.121   89.2590
 6.113   89.8660
 6.106   90.6228
 6.099   91.2664
 6.092   91.7800
 6.085   92.1492
 6.078   92.4092
 6.070   92.5947
 6.063   92.7559
 6.056   92.9531
 6.049   93.2039
 6.042   93.4172
 6.035   93.6453
 6.028   93.9265
 6.021   94.1338
 6.014   94.2351
 6.007   94.3252
 6.000   94.4802
 5.993   94.6736
 5.986   94.8359
 5.979   94.9851
 5.973   95.1824
 5.966   95.3828
 5.959   95.5322
 5.952   95.7295
 5.945   95.9150
 5.938   96.0967
 5.932   96.2363
 5.925   96.3398
 5.918   96.4705
 5.911   96.5937
 5.905   96.6804
 5.898   96.8066
 5.891   96.8582
 5.884   96.9226
 5.878   96.9929
 5.871   96.9841
 5.864   97.0557
 5.858   97.0828
 5.851   97.1016
 5.845   97.1589
 5.838   97.2107
 5.831   97.2820
 5.825   97.3428
 5.818   97.3953
 5.812   97.3762
 5.805   97.3943
 5.799   97.4502
 5.792   97.4753
 5.786   97.4783
 5.779   97.5144
 5.773   97.5730
 5.767   97.6650
 5.760   97.6960
 5.754   97.7058
 5.747   97.7588
 5.741   97.8088
 5.735   97.8337
 5.728   97.8581
 5.722   97.9011
 5.716   97.9636
 5.709   97.9978
 5.703   98.0041
 5.697   97.9961
 5.691   98.0159
 5.684   98.0427
 5.678   98.0613
 5.672   98.0789
 5.666   98.0759
 5.660   98.0769
 5.653   98.1318
 5.647   98.1550
 5.641   98.1872
 5.635   98.1814
 5.629   98.1738
 5.623   98.1423
 5.617   98.1230
 5.611   98.1379
 5.604   98.1540
 5.598   98.1553
 5.592   98.1650
 5.586   98.1863
 5.580   98.2129
 5.574   98.2607
 5.568   98.2607
 5.562   98.2864
 5.556   98.2888
 5.550   98.2685
 5.545   98.2761
 5.539   98.2754
 5.533   98.2683
 5.527   98.2871
 5.521   98.3086
 5.515   98.3271
 5.509   98.3125
 5.503   98.3347
 5.498   98.3310
 5.492   98.3445
 5.486   98.3425
 5.480   98.3596
 5.474   98.3896
 5.469   98.4412
 5.463   98.5029
 5.457   98.5115
 5.451   98.5320
 5.446   98.5635
 5.440   98.5832
 5.434   98.5749
 5.428   98.5867
 5.423   98.6238
 5.417   98.6335
 5.411   98.6355
 5.406   98.6433
 5.400   98.6387
 5.395   98.6475
 5.389   98.6396
 5.383   98.6335
 5.378   98.6384
 5.372   98.6572
 5.367   98.6692
 5.361   98.6758
 5.356   98.6904
 5.350   98.7117
 5.344   98.7080
 5.339   98.7097
 5.333   98.7578
 5.328   98.7793
 5.323   98.7851
 5.317   98.8008
 5.312   98.7703
 5.306   98.7764
 5.301   98.7400
 5.295   98.7422
 5.290   98.7578
 5.285   98.7732
 5.279   98.7927
 5.274   98.7734
 5.268   98.7588
 5.263   98.7598
 5.258   98.7510
 5.252   98.7068
 5.247   98.6738
 5.242   98.6453
 5.237   98.6296
 5.231   98.6582
 5.226   98.6682
 5.221   98.6619
 5.215   98.6357
 5.210   98.5915
 5.205   98.5478
 5.200   98.5310
 5.195   98.5203
 5.189   98.4892
 5.184   98.4890
 5.179   98.4831
 5.174   98.4958
 5.169   98.4922
 5.163   98.5212
 5.158   98.5215
 5.153   98.5349
 5.148   98.5417
 5.143   98.5349
 5.138   98.5332
 5.133   98.5586
 5.128   98.5720
 5.123   98.5876
 5.118   98.6035
 5.113   98.6443
 5.108   98.6504
 5.103   98.6511
 5.097   98.6501
 5.092   98.6833
 5.087   98.7109
 5.083   98.7527
 5.078   98.8066
 5.073   98.8213
 5.068   98.8249
 5.063   98.8252
 5.058   98.8245
 5.053   98.8420
 5.048   98.8762
 5.043   98.8957
 5.038   98.9133
 5.033   98.9358
 5.028   98.9441
 5.023   98.9582
 5.019   98.9910
 5.014   98.9846
 5.009   98.9768
 5.004   98.9773
 4.999   99.0173
 4.994   99.0300
 4.990   99.0227
 4.985   99.0432
 4.980   99.0642
 4.975   99.0886
 4.970   99.1208
 4.966   99.1579
 4.961   99.1902
 4.956   99.2053
 4.951   99.2297
 4.947   99.2131
 4.942   99.1672
 4.937   99.1853
 4.933   99.2141
 4.928   99.2053
 4.923   99.2185
 4.919   99.2566
 4.914   99.2893
 4.909   99.3181
 4.905   99.3635
 4.900   99.3513
 4.895   99.3220
 4.891   99.3225
 4.886   99.3113
 4.882   99.3415
 4.877   99.3718
 4.872   99.3918
 4.868   99.3953
 4.863   99.3923
 4.859   99.3992
 4.854   99.3894
 4.850   99.3987
 4.845   99.4060
 4.840   99.4402
 4.836   99.4617
 4.831   99.4846
 4.827   99.5251
 4.822   99.5310
 4.818   99.5295
 4.814   99.5515
 4.809   99.5618
 4.805   99.5369
 4.800   99.5251
 4.796   99.5373
 4.791   99.5408
 4.787   99.5173
 4.782   99.5452
 4.778   99.5701
 4.774   99.5813
 4.769   99.6003
 4.765   99.5896
 4.760   99.6033
 4.756   99.6023
 4.752   99.6150
 4.747   99.6623
 4.743   99.7058
 4.739   99.7263
 4.734   99.7273
 4.730   99.7307
 4.726   99.6960
 4.721   99.6794
 4.717   99.6565
 4.713   99.6736
 4.709   99.6863
 4.704   99.6980
 4.700   99.7297
 4.696   99.7546
 4.692   99.7585
 4.687   99.7253
 4.683   99.7322
 4.679   99.7239
 4.675   99.7204
 4.670   99.7287
 4.666   99.7248
 4.662   99.7673
 4.658   99.7883
 4.654   99.8240
 4.649   99.8440
 4.645   99.8264
 4.641   99.8298
 4.637   99.8181
 4.633   99.8064
 4.629   99.8108
 4.625   99.8298
 4.620   99.8386
 4.616   99.8391
 4.612   99.8542
 4.608   99.8386
 4.604   99.8376
 4.600   99.8791
 4.596   99.8845
 4.592   99.8772
 4.588   99.8835
 4.584   99.8977
 4.580   99.8787
 4.576   99.9001
 4.572   99.9011
 4.568   99.8679
 4.564   99.8533
 4.560   99.8674
 4.555   99.8933
 4.551   99.8708
 4.548   99.8733
 4.544   99.8728
 4.540   99.8811
 4.536   99.9236
 4.532   99.9514
 4.528   99.9675
 4.524   99.9553
 4.520   99.9841
 4.516   99.9421
 4.512   99.8967
 4.508   99.9099
 4.504   99.9143
 4.500   99.9368
 4.496   99.9773
 4.492   99.9958
 4.488  100.0002
 4.485  100.0076
 4.481   99.9353
 4.477   99.9338
 4.473   99.9812
 4.469   99.9626
 4.465   99.9123
 4.461   99.9123
 4.458   99.9314
 4.454   99.9509
 4.450   99.9333
 4.446   99.9285
 4.442   99.9587
 4.438   99.9827
 4.435   99.9504
 4.431   99.9753
 4.427  100.0290
 4.423  100.0188
 4.420  100.0281
 4.416  100.0329
 4.412  100.0369
 4.408  100.0598
 4.405  100.0647
 4.401  100.0608
 4.397  100.0373
 4.393  100.0798
 4.390  100.0984
 4.386  100.1072
 4.382  100.1267
 4.379  100.1545
 4.375  100.1560
 4.371  100.1370
 4.367  100.1291
 4.364  100.1111
 4.360  100.1208
 4.356  100.1199
 4.353  100.0974
 4.349  100.0842
 4.345  100.0681
 4.342  100.1072
 4.338  100.1355
 4.335  100.1584
 4.331  100.1643
 4.327  100.1775
 4.324  100.2024
 4.320  100.2034
 4.317  100.1921
 4.313  100.1306
 4.309  100.1516
 4.306  100.1682
 4.302  100.1702
 4.299  100.2009
 4.295  100.2112
 4.292  100.1863
 4.288  100.1838
 4.284  100.1995
 4.281  100.2024
 4.277  100.1990
 4.274  100.2019
 4.270  100.1955
 4.267  100.2126
 4.263  100.2073
 4.260  100.2151
 4.256  100.2370
 4.253  100.2287
 4.249  100.2175
 4.246  100.2244
 4.242  100.2195
 4.239  100.2190
 4.235  100.2361
 4.232  100.2536
 4.229  100.2654
 4.225  100.3083
 4.222  100.2829
 4.218  100.2488
 4.215  100.2678
 4.211  100.2908
 4.208  100.2751
 4.205  100.3074
 4.201  100.3660
 4.198  100.3611
 4.194  100.3337
 4.191  100.3132
 4.188  100.2917
 4.184  100.2834
 4.181  100.3054
 4.177  100.3284
 4.174  100.3196
 4.171  100.3738
 4.167  100.3669
 4.164  100.3479
 4.161  100.3376
 4.157  100.3772
 4.154  100.4172
 4.151  100.3870
 4.147  100.3635
 4.144  100.4055
 4.141  100.3830
 4.137  100.3972
 4.134  100.3708
 4.131  100.3225
 4.128  100.3142
 4.124  100.3303
 4.121  100.3357
 4.118  100.3635
 4.114  100.4241
 4.111  100.4255
 4.108  100.4119
 4.105  100.4104
 4.101  100.4099
 4.098  100.3913
 4.095  100.3650
 4.092  100.3816
 4.088  100.4241
 4.085  100.3953
 4.082  100.3640
 4.079  100.3435
 4.076  100.3679
 4.072  100.3694
 4.069  100.3596
 4.066  100.3596
 4.063  100.3728
 4.060  100.3577
 4.056  100.3679
 4.053  100.4021
 4.050  100.4104
 4.047  100.4241
 4.044  100.4729
 4.041  100.4221
 4.038  100.3913
 4.034  100.4148
 4.031  100.4358
 4.028  100.4084
 4.025  100.4148
 4.022  100.3967
 4.019  100.4026
 4.016  100.4021
 4.013  100.3733
 4.009  100.3796
 4.006  100.4158
 4.003  100.4001
 4.000  100.4202
 3.997  100.3772
 3.994  100.3679
 3.991  100.3415
 3.988  100.3679
 3.985  100.4060
 3.982  100.3694
 3.979  100.4079
 3.976  100.4084
 3.973  100.4158
 3.969  100.4260
 3.966  100.4148
 3.963  100.3679
 3.960  100.3601
 3.957  100.3738
 3.954  100.3747
 3.951  100.3874
 3.948  100.3752
 3.945  100.4099
 3.942  100.4260
 3.939  100.4006
 3.936  100.3620
 3.933  100.3689
 3.930  100.3874
 3.927  100.3972
 3.924  100.4280
 3.921  100.4558
 3.918  100.4949
 3.916  100.4714
 3.913  100.4187
 3.910  100.4353
 3.907  100.4280
 3.904  100.3884
 3.901  100.4060
 3.898  100.3909
 3.895  100.3786
 3.892  100.3713
 3.889  100.3562
 3.886  100.3503
 3.883  100.3694
 3.880  100.3953
 3.877  100.3870
 3.875  100.3791
 3.872  100.3933
 3.869  100.3811
 3.866  100.3479
 3.863  100.3962
 3.860  100.4104
 3.857  100.4285
 3.854  100.4104
 3.852  100.4104
 3.849  100.4158
 3.846  100.3865
 3.843  100.4143
 3.840  100.4060
 3.837  100.4070
 3.834  100.3811
 3.832  100.4119
 3.829  100.4045
 3.826  100.4187
 3.823  100.4099
 3.820  100.4490
 3.817  100.4338
 3.815  100.3987
 3.812  100.4197
 3.809  100.4065
 3.806  100.4060
 3.803  100.3757
 3.801  100.3865
 3.798  100.3870
 3.795  100.3479
 3.792  100.3264
 3.790  100.3537
 3.787  100.4167
 3.784  100.4304
 3.781  100.4494
 3.779  100.4260
 3.776  100.4314
 3.773  100.4358
 3.770  100.4084
 3.768  100.3865
 3.765  100.3537
 3.762  100.3464
 3.759  100.3523
 3.757  100.3415
 3.754  100.3620
 3.751  100.3752
 3.748  100.3992
 3.746  100.3850
 3.743  100.3552
 3.740  100.3533
 3.738  100.3259
 3.735  100.2722
 3.732  100.2522
 3.730  100.2717
 3.727  100.2444
 3.724  100.2497
 3.722  100.2488
 3.719  100.2410
 3.716  100.2361
 3.714  100.2244
 3.711  100.1819
 3.708  100.1506
 3.706  100.1682
 3.703  100.1589
 3.700  100.1428
 3.698  100.1687
 3.695  100.1736
 3.692  100.1902
 3.690  100.1995
 3.687  100.1970
 3.685  100.2053
 3.682  100.1838
 3.679  100.1775
 3.677  100.1526
 3.674  100.1272
 3.671  100.0745
 3.669  100.0710
 3.666  100.0686
 3.664  100.0583
 3.661  100.0622
 3.659  100.0940
 3.656  100.0749
 3.653  100.0447
 3.651  100.0452
 3.648  100.0979
 3.646  100.0622
 3.643  100.0388
 3.641  100.0217
 3.638  100.0144
 3.635   99.9802
 3.633   99.9656
 3.630   99.9065
 3.628   99.8923
 3.625   99.9236
 3.623   99.9123
 3.620   99.8826
 3.618   99.8420
 3.615   99.8420
 3.613   99.8396
 3.610   99.7854
 3.608   99.7458
 3.605   99.7283
 3.603   99.7273
 3.600   99.7346
 3.598   99.7620
 3.595   99.8025
 3.593   99.7991
 3.590   99.8406
 3.588   99.8381
 3.585   99.8381
 3.583   99.7849
 3.580   99.7287
 3.578   99.7073
 3.575   99.7019
 3.573   99.6858
 3.570   99.6540
 3.568   99.6404
 3.565   99.6306
 3.563   99.6462
 3.561   99.6326
 3.558   99.6560
 3.556   99.6326
 3.553   99.5920
 3.551   99.5662
 3.548   99.5329
 3.546   99.5002
 3.544   99.4548
 3.541   99.3889
 3.539   99.3845
 3.536   99.3972
 3.534   99.3757
 3.531   99.3318
 3.529   99.3162
 3.527   99.2712
 3.524   99.2400
 3.522   99.2717
 3.519   99.2287
 3.517   99.1736
 3.515   99.0915
 3.512   99.0925
 3.510   99.0627
 3.508   98.9768
 3.505   98.8943
 3.503   98.8396
 3.500   98.8518
 3.498   98.8992
 3.496   98.9001
 3.493   98.8855
 3.491   98.9358
 3.489   98.9568
 3.486   98.8699
 3.484   98.7698
 3.482   98.7478
 3.479   98.7361
 3.477   98.7209
 3.475   98.7522
 3.472   98.7390
 3.470   98.7478
 3.468   98.7263
 3.465   98.7048
 3.463   98.6467
 3.461   98.6291
 3.458   98.6096
 3.456   98.5974
 3.454   98.5784
 3.452   98.5354
 3.449   98.5120
 3.447   98.4006
 3.445   98.3415
 3.442   98.3415
 3.440   98.3069
 3.438   98.2244
 3.435   98.1853
 3.433   98.1526
 3.431   98.1038
 3.429   98.0544
 3.426   97.9729
 3.424   97.9294
 3.422   97.8982
 3.420   97.8699
 3.417   97.8318
 3.415   97.8337
 3.413   97.8689
 3.411   97.8435
 3.408   97.8181
 3.406   97.8318
 3.404   97.8220
 3.402   97.7834
 3.399   97.7737
 3.397   97.7986
 3.395   97.8103
 3.393   97.8162
 3.391   97.7834
 3.388   97.7268
 3.386   97.6956
 3.384   97.6501
 3.382   97.6072
 3.380   97.5925
 3.377   97.5901
 3.375   97.6155
 3.373   97.6443
 3.371   97.6741
 3.369   97.6623
 3.366   97.6135
 3.364   97.6169
 3.362   97.5974
 3.360   97.5417
 3.358   97.4944
 3.355   97.5081
 3.353   97.5100
 3.351   97.4597
 3.349   97.4123
 3.347   97.3894
 3.345   97.3826
 3.342   97.3357
 3.340   97.3381
 3.338   97.3064
 3.336   97.2400
 3.334   97.1931
 3.332   97.1702
 3.330   97.1189
 3.327   97.1194
 3.325   97.0413
 3.323   97.0393
 3.321   97.1057
 3.319   97.0417
 3.317   96.9734
 3.315   96.9001
 3.313   96.8826
 3.310   96.8259
 3.308   96.7673
 3.306   96.7722
 3.304   96.7737
 3.302   96.7517
 3.300   96.7126
 3.298   96.6702
 3.296   96.6565
 3.294   96.6487
 3.292   96.6604
 3.289   96.6287
 3.287   96.5984
 3.285   96.5466
 3.283   96.5081
 3.281   96.5491
 3.279   96.5232
 3.277   96.5056
 3.275   96.4084
 3.273   96.3733
 3.271   96.3655
 3.269   96.2849
 3.267   96.2400
 3.265   96.2205
 3.263   96.2078
 3.260   96.1355
 3.258   96.0984
 3.256   96.0027
 3.254   95.9207
 3.252   95.8337
 3.250   95.7820
 3.248   95.7517
 3.246   95.7371
 3.244   95.7000
 3.242   95.6433
 3.240   95.5955
 3.238   95.5388
 3.236   95.4109
 3.234   95.2644
 3.232   95.1960
 3.230   95.1755
 3.228   95.1062
 3.226   95.0457
 3.224   95.0242
 3.222   95.0046
 3.220   94.9353
 3.218   94.9011
 3.216   94.8005
 3.214   94.7224
 3.212   94.7097
 3.210   94.6697
 3.208   94.6316
 3.206   94.5847
 3.204   94.5232
 3.202   94.4626
 3.200   94.4148
 3.198   94.3923
 3.196   94.3835
 3.194   94.3298
 3.192   94.2654
 3.190   94.2673
 3.188   94.2390
 3.186   94.2253
 3.184   94.1775
 3.182   94.1003
 3.180   94.0906
 3.179   94.0779
 3.177   94.0193
 3.175   93.9587
 3.173   93.9187
 3.171   93.9041
 3.169   93.8875
 3.167   93.8054
 3.165   93.8005
 3.163   93.7478
 3.161   93.6453
 3.159   93.6101
 3.157   93.5867
 3.155   93.4998
 3.153   93.4714
 3.151   93.4451
 3.150   93.3699
 3.148   93.2888
 3.146   93.2937
 3.144   93.2351
 3.142   93.2156
 3.140   93.1775
 3.138   93.1697
 3.136   93.1277
 3.134   93.1179
 3.132   93.0095
 3.131   92.9002
 3.129   92.8767
 3.127   92.9050
 3.125   92.8543
 3.123   92.8005
 3.121   92.7703
 3.119   92.7429
 3.117   92.6931
 3.115   92.6111
 3.114   92.5906
 3.112   92.5554
 3.110   92.5466
 3.108   92.5798
 3.106   92.5310
 3.104   92.4646
 3.102   92.4802
 3.101   92.4119
 3.099   92.3396
 3.097   92.2615
 3.095   92.2185
 3.093   92.1921
 3.091   92.1062
 3.089   92.1355
 3.088   92.0994
 3.086   92.0798
 3.084   92.0652
 3.082   92.0974
 3.080   92.0427
 3.078   92.0095
 3.077   92.0046
 3.075   92.0144
 3.073   91.9295
 3.071   91.9177
 3.069   91.8826
 3.068   91.8523
 3.066   91.8259
 3.064   91.7361
 3.062   91.6599
 3.060   91.6130
 3.058   91.5994
 3.057   91.5857
 3.055   91.6404
 3.053   91.6209
 3.051   91.5623
 3.050   91.5837
 3.048   91.5720
 3.046   91.5203
 3.044   91.4461
 3.042   91.3865
 3.041   91.3640
 3.039   91.2507
 3.037   91.1970
 3.035   91.1638
 3.033   91.1648
 3.032   91.0838
 3.030   91.0642
 3.028   90.9744
 3.026   90.8797
 3.025   90.8054
 3.023   90.6804
 3.021   90.5828
 3.019   90.4763
 3.018   90.4627
 3.016   90.4334
 3.014   90.3084
 3.012   90.1765
 3.011   90.1072
 3.009   89.9763
 3.007   89.9041
 3.005   89.7908
 3.004   89.6677
 3.002   89.5916
 3.000   89.5007
 2.998   89.2849
 2.997   89.1990
 2.995   89.0672
 2.993   88.9509
 2.991   88.8045
 2.990   88.7107
 2.988   88.6609
 2.986   88.5447
 2.985   88.3845
 2.983   88.2224
 2.981   88.0242
 2.979   87.9226
 2.978   87.7976
 2.976   87.5759
 2.974   87.2771
 2.973   87.0369
 2.971   86.8718
 2.969   86.6492
 2.967   86.4021
 2.966   86.1765
 2.964   86.0408
 2.962   85.9070
 2.961   85.7478
 2.959   85.6170
 2.957   85.4256
 2.956   85.3133
 2.954   85.2156
 2.952   85.0877
 2.951   84.8982
 2.949   84.8601
 2.947   84.7849
 2.946   84.6687
 2.944   84.5017
 2.942   84.4070
 2.941   84.3406
 2.939   84.3250
 2.937   84.2820
 2.936   84.2781
 2.934   84.2420
 2.932   84.1883
 2.931   84.1101
 2.929   84.0203
 2.927   83.8885
 2.926   83.8084
 2.924   83.8172
 2.922   83.7849
 2.921   83.7361
 2.919   83.7127
 2.917   83.7146
 2.916   83.7664
 2.914   83.7469
 2.912   83.7752
 2.911   83.9002
 2.909   83.9490
 2.908   83.9187
 2.906   83.9929
 2.904   84.1072
 2.903   84.1873
 2.901   84.1687
 2.899   84.2547
 2.898   84.2742
 2.896   84.3709
 2.895   84.6111
 2.893   84.7820
 2.891   84.8845
 2.890   84.9666
 2.888   85.1599
 2.887   85.2195
 2.885   85.3826
 2.883   85.5242
 2.882   85.6609
 2.880   85.7742
 2.878   85.9177
 2.877   86.0750
 2.875   86.2302
 2.874   86.3318
 2.872   86.4422
 2.871   86.6013
 2.869   86.7381
 2.867   86.8445
 2.866   87.0398
 2.864   87.2088
 2.863   87.3289
 2.861   87.4802
 2.859   87.6414
 2.858   87.8093
 2.856   87.9412
 2.855   88.0349
 2.853   88.1482
 2.852   88.2390
 2.850   88.3162
 2.848   88.4851
 2.847   88.6287
 2.845   88.7537
 2.844   88.8181
 2.842   88.8865
 2.841   88.9705
 2.839   89.0134
 2.838   89.1336
 2.836   89.2576
 2.834   89.4138
 2.833   89.5408
 2.831   89.6648
 2.830   89.7810
 2.828   89.9304
 2.827   89.9568
 2.825   89.9646
 2.824   90.0974
 2.822   90.2224
 2.821   90.3367
 2.819   90.4470
 2.817   90.5750
 2.816   90.7507
 2.814   90.8797
 2.813   91.0115
 2.811   91.1140
 2.810   91.1531
 2.808   91.2654
 2.807   91.4392
 2.805   91.5584
 2.804   91.7107
 2.802   91.9197
 2.801   92.0984
 2.799   92.2244
 2.798   92.2673
 2.796   92.4529
 2.795   92.6140
 2.793   92.7937
 2.792   92.8904
 2.790   92.9031
 2.789   92.9216
 2.787   92.9148
 2.786   92.7312
 2.784   92.4617
 2.783   92.1130
 2.781   91.6882
 2.780   91.6755
 2.778   92.2537
 2.777   93.1209
 2.775   94.0271
 2.774   94.6404
 2.772   95.0916
 2.771   95.5789
 2.769   95.9001
 2.768   96.1287
 2.766   96.3484
 2.765   96.5085
 2.763   96.6912
 2.762   96.8093
 2.760   96.9548
 2.759   97.1101
 2.758   97.2537
 2.756   97.3249
 2.755   97.4314
 2.753   97.5632
 2.752   97.7888
 2.750   97.9685
 2.749   98.0662
 2.747   98.1921
 2.746   98.2419
 2.744   98.3220
 2.743   98.3835
 2.741   98.4236
 2.740   98.5290
 2.739   98.6335
 2.737   98.6687
 2.736   98.7859
 2.734   98.9421
 2.733   98.9841
 2.731   99.1687
 2.730   99.2898
 2.729   99.4538
 2.727   99.6247
 2.726   99.8943
 2.724  100.0857
 2.723  100.2068
 2.721  100.3513
 2.720  100.4724
 2.718  100.7117
 2.717  100.7585
 2.716  100.7458
 2.714  100.7507
 2.713  100.7312
 2.711  100.6648
 2.710  100.4744
 2.709  100.0915
 2.707   99.5437
 2.706   98.8015
 2.704   98.2078
 2.703   97.9372
 2.701   98.3982
 2.700   99.3201
 2.699  100.1326
 2.697  100.7038
 2.696  101.1247
 2.694  101.3835
 2.693  101.5349
 2.692  101.7585
 2.690  101.7810
 2.689  101.8591
 2.687  101.8640
 2.686  101.9411
 2.685  102.0632
 2.683  102.1023
 2.682  102.1326
 2.681  102.1218
 2.679  102.1560
 2.678  102.2927
 2.676  102.3826
 2.675  102.4109
 2.674  102.3718
 2.672  102.4255
 2.671  102.5124
 2.669  102.5749
 2.668  102.5544
 2.667  102.5710
 2.665  102.6296
 2.664  102.6999
 2.663  102.5310
 2.661  102.4304
 2.660  102.4343
 2.659  102.4411
 2.657  102.4656
 2.656  102.4929
 2.654  102.6169
 2.653  102.6257
 2.652  102.6101
 2.650  102.5896
 2.649  102.6413
 2.648  102.7077
 2.646  102.7497
 2.645  102.8357
 2.644  102.8718
 2.642  102.9333
 2.641  102.9509
 2.640  102.8865
 2.638  102.8240
 2.637  102.7654
 2.636  102.7654
 2.634  102.7400
 2.633  102.8298
 2.632  102.8122
 2.630  102.8591
 2.629  102.9392
 2.628  102.9665
 2.626  102.9118
 2.625  102.9021
 2.624  102.9958
 2.622  103.0056
 2.621  102.9939
 2.620  102.9646
 2.618  102.9294
 2.617  102.9216
 2.616  102.9470
 2.614  102.9880
 2.613  102.9978
 2.612  103.0134
 2.610  102.9529
 2.609  102.9177
 2.608  102.9919
 2.606  102.9509
 2.605  102.9099
 2.604  102.9158
 2.602  102.9040
 2.601  102.9900
 2.600  102.9529
 2.599  102.9861
 2.597  102.9763
 2.596  102.9216
 2.595  102.9939
 2.593  103.1423
 2.592  103.1228
 2.591  103.2732
 2.589  103.3279
 2.588  103.3240
 2.587  103.2439
 2.586  103.2673
 2.584  103.2263
 2.583  103.2732
 2.582  103.3122
 2.580  103.2771
 2.579  103.2400
 2.578  103.2146
 2.577  103.1833
 2.575  103.0798
 2.574  103.0915
 2.573  103.1286
 2.572  103.1677
 2.570  103.1033
 2.569  103.0271
 2.568  103.0700
 2.566  103.0486
 2.565  103.0818
 2.564  103.1033
 2.563  103.1872
 2.561  103.2693
 2.560  103.2595
 2.559  103.2068
 2.558  103.2517
 2.556  103.2829
 2.555  103.3337
 2.554  103.3708
 2.553  103.2595
 2.551  103.2283
 2.550  103.2283
 2.549  103.2048
 2.547  103.1892
 2.546  103.1814
 2.545  103.3083
 2.544  103.4392
 2.542  103.4548
 2.541  103.4626
 2.540  103.4802
 2.539  103.4861
 2.538  103.5564
 2.536  103.4997
 2.535  103.3865
 2.534  103.3943
 2.533  103.3279
 2.531  103.2732
 2.530  103.2673
 2.529  103.2575
 2.528  103.2556
 2.526  103.2849
 2.525  103.3943
 2.524  103.3142
 2.523  103.3533
 2.521  103.2556
 2.520  103.1638
 2.519  103.2361
 2.518  103.2986
 2.517  103.3454
 2.515  103.3747
 2.514  103.4880
 2.513  103.4392
 2.512  103.5583
 2.510  103.7048
 2.509  103.7907
 2.508  103.6872
 2.507  103.7361
 2.506  103.7107
 2.504  103.5857
 2.503  103.6599
 2.502  103.7263
 2.501  103.7693
 2.500  103.8220
 2.498  103.9138
 2.497  103.8552
 2.496  103.6579
 2.495  103.6677
 2.494  103.6111
 2.492  103.6794
 2.491  103.5798
 2.490  103.6482
 2.489  103.6638
 2.488  103.6189
 2.486  103.7263
 2.485  103.6501
 2.484  103.5740
 2.483  103.6365
 2.482  103.7302
 2.480  103.7575
 2.479  103.8611
 2.478  103.7810
 2.477  103.7302
 2.476  103.8396
 2.475  103.8786
 2.473  103.7380
 2.472  103.6404
 2.471  103.6423
 2.470  103.8240
 2.469  103.7497
 2.467  103.7575
 2.466  103.7888
 2.465  103.8689
 2.464  103.7517
 2.463  103.8083
 2.462  103.7927
 2.460  103.8552
 2.459  103.9782
 2.458  104.1032
 2.457  103.9997
 2.456  104.1111
 2.455  104.0427
 2.453  104.1091
 2.452  104.0876
 2.451  104.0583
 2.450  104.0407
 2.449  103.9763
 2.448  104.0017
 2.447  103.8982
 2.445  103.9763
 2.444  104.0095
 2.443  103.9607
 2.442  104.0075
 2.441  103.9548
 2.440  104.0779
 2.438  104.2224
 2.437  104.2575
 2.436  104.2146
 2.435  104.0642
 2.434  104.0466
 2.433  104.1013
 2.432  104.0193
 2.430  104.0544
 2.429  103.8825
 2.428  103.9138
 2.427  104.0017
 2.426  104.0622
 2.425  104.0700
 2.424  103.9958
 2.423  104.0154
 2.421  104.0798
 2.420  104.0622
 2.419  104.0896
 2.418  104.0427
 2.417  104.0349
 2.416  104.0232
 2.415  104.0095
 2.413  104.2497
 2.412  104.3513
 2.411  104.2263
 2.410  104.2595
 2.409  104.3454
 2.408  104.2771
 2.407  104.3454
 2.406  104.2888
 2.405  104.3044
 2.403  104.2029
 2.402  104.3279
 2.401  104.4763
 2.400  104.3513
 2.399  104.2204
 2.398  104.2068
 2.397  104.2185
 2.396  104.3630
 2.395  104.2029
 2.393  104.2204
 2.392  104.2595
 2.391  104.3298
 2.390  104.1423
 2.389  104.1091
 2.388  104.1833
 2.387  104.1677
 2.386  104.2048
 2.385  104.2575
 2.384  104.3435
 2.382  104.3161
 2.381  104.3747
 2.380  104.3122
 2.379  104.3279
 2.378  104.4763
 2.377  104.6892
 2.376  104.5818
 2.375  104.4001
 2.374  104.3767
 2.373  104.5271
 2.372  104.4470
 2.370  104.4236
 2.369  104.4294
 2.368  104.4685
 2.367  104.4997
 2.366  104.5954
 2.365  104.5310
 2.364  104.4919
 2.363  104.4001
 2.362  104.3220
 2.361  104.3220
 2.360  104.3454
 2.359  104.4216
 2.358  104.4626
 2.356  104.5095
 2.355  104.4216
 2.354  104.4626
 2.353  104.5075
 2.352  104.4841
 2.351  104.5095
 2.350  104.6560
 2.349  104.5544
 2.348  104.6892
 2.347  104.7068
 2.346  104.5720
 2.345  104.5075
 2.344  104.4177
 2.343  104.5349
 2.342  104.5505
 2.340  104.5622
 2.339  104.6189
 2.338  104.7204
 2.337  104.6950
 2.336  104.7693
 2.335  104.7751
 2.334  104.7595
 2.333  104.6872
 2.332  104.8376
 2.331  104.7536
 2.330  104.7361
 2.329  104.6814
 2.328  104.6638
 2.327  104.6892
 2.326  104.6872
 2.325  104.6970
 2.324  104.7185
 2.323  104.7751
 2.322  104.7907
 2.321  104.7986
 2.320  104.8200
 2.318  104.7282
 2.317  104.7282
 2.316  104.7888
 2.315  104.7263
 2.314  104.6794
 2.313  104.7810
 2.312  104.8669
 2.311  104.8279
 2.310  104.7751
 2.309  104.8532
 2.308  104.8220
 2.307  104.9001
 2.306  104.9450
 2.305  104.9138
 2.304  104.8298
 2.303  104.7810
 2.302  104.8435
 2.301  104.8845
 2.300  105.0075
 2.299  104.9138
 2.298  104.9099
 2.297  104.8825
 2.296  104.8454
 2.295  105.0154
 2.294  104.9939
 2.293  105.0036
 2.292  105.1814
 2.291  105.3142
 2.290  105.3200
 2.289  105.2907
 2.288  105.1814
 2.287  105.1032
 2.286  105.1560
 2.285  105.0876
 2.284  104.8845
 2.283  104.8825
 2.282  104.9001
 2.281  104.8532
 2.280  104.9157
 2.279  104.7907
 2.278  105.1501
 2.277  105.1814
 2.276  105.0466
 2.275  105.0075
 2.274  104.9919
 2.273  104.9607
 2.272  105.0017
 2.271  104.9958
 2.270  104.9177
 2.269  105.1208
 2.268  105.1755
 2.267  105.1872
 2.266  105.2419
 2.265  105.0974
 2.264  105.2107
 2.263  105.3591
 2.262  105.4294
 2.261  105.3552
 2.260  105.2732
 2.259  105.2029
 2.258  105.0935
 2.257  105.1404
 2.256  105.1794
 2.255  105.3552
 2.254  105.2732
 2.253  105.2185
 2.252  105.2419
 2.251  105.4060
 2.250  105.2966
 2.249  105.3318
 2.248  105.2341
 2.247  105.1286
 2.246  105.2966
 2.245  105.4255
 2.244  105.3083
 2.243  105.2849
 2.242  105.2341
 2.241  105.3943
 2.240  105.3122
 2.239  105.2263
 2.238  105.2029
 2.237  105.3044
 2.236  105.2614
 2.236  105.4568
 2.235  105.5114
 2.234  105.3435
 2.233  105.3083
 2.232  105.3786
 2.231  105.4138
 2.230  105.2575
 2.229  105.2380
 2.228  105.4841
 2.227  105.3396
 2.226  105.2263
 2.225  105.3200
 2.224  105.4880
 2.223  105.5700
 2.222  105.5388
 2.221  105.6755
 2.220  105.5193
 2.219  105.6013
 2.218  105.5075
 2.217  105.3904
 2.216  105.4177
 2.215  105.6325
 2.215  105.6169
 2.214  105.4489
 2.213  105.4880
 2.212  105.5036
 2.211  105.3904
 2.210  105.4333
 2.209  105.5114
 2.208  105.5622
 2.207  105.6482
 2.206  105.6521
 2.205  105.8161
 2.204  105.7302
 2.203  105.5271
 2.202  105.5935
 2.201  105.8630
 2.200  105.8161
 2.199  105.8474
 2.199  105.8669
 2.198  105.8161
 2.197  105.7693
 2.196  105.9177
 2.195  105.8825
 2.194  105.9724
 2.193  105.8669
 2.192  105.7888
 2.191  105.8904
 2.190  105.7849
 2.189  105.8044
 2.188  105.8591
 2.187  105.8786
 2.186  105.6638
 2.186  105.6364
 2.185  105.7068
 2.184  106.0818
 2.183  105.9294
 2.182  105.8122
 2.181  105.7263
 2.180  105.7536
 2.179  105.6091
 2.178  105.6247
 2.177  105.5349
 2.176  105.6247
 2.175  105.5310
 2.175  105.5896
 2.174  105.6950
 2.173  105.7263
 2.172  105.8786
 2.171  105.6755
 2.170  105.6091
 2.169  105.8786
 2.168  105.9177
 2.167  105.9099
 2.166  106.0193
 2.165  105.9724
 2.165  106.1247
 2.164  106.3122
 2.163  106.2068
 2.162  106.3005
 2.161  106.1169
 2.160  105.9880
 2.159  105.8904
 2.158  105.8747
 2.157  105.9489
 2.156  105.9333
 2.156  105.9099
 2.155  105.9724
 2.154  106.0075
 2.153  106.0622
 2.152  106.1560
 2.151  106.0154
 2.150  105.8630
 2.149  105.9216
 2.148  106.0466
 2.148  106.1013
 2.147  106.1950
 2.146  106.1247
 2.145  106.0193
 2.144  105.9099
 2.143  105.9997
 2.142  106.1404
 2.141  106.1599
 2.140  106.2849
 2.140  106.1872
 2.139  106.0622
 2.138  106.0779
 2.137  106.2224
 2.136  106.4724
 2.135  106.2810
 2.134  106.2497
 2.133  106.0661
 2.133  106.1169
 2.132  106.2575
 2.131  106.1989
 2.130  106.3122
 2.129  106.4411
 2.128  106.4919
 2.127  106.8005
 2.126  106.6716
 2.126  106.5232
 2.125  106.2849
 2.124  106.3435
 2.123  106.2185
 2.122  106.1794
 2.121  106.3474
 2.120  106.4919
 2.119  106.5544
 2.119  106.5505
 2.118  106.6482
 2.117  106.7810
 2.116  106.7029
 2.115  106.6130
 2.114  106.8005
 2.113  106.4607
 2.113  106.2732
 2.112  106.3435
 2.111  106.3669
 2.110  106.3669
 2.109  106.4607
 2.108  106.6599
 2.107  106.8591
 2.107  106.8630
 2.106  106.6286
 2.105  106.6325
 2.104  106.5974
 2.103  106.5075
 2.102  106.5154
 2.101  106.6599
 2.101  106.6404
 2.100  106.6599
 2.099  106.4568
 2.098  106.6091
 2.097  106.4372
 2.096  106.5036
 2.095  106.5857
 2.095  106.5232
 2.094  106.3747
 2.093  106.4685
 2.092  106.6443
 2.091  106.5036
 2.090  106.6911
 2.090  106.7536
 2.089  106.6872
 2.088  106.5818
 2.087  106.7224
 2.086  106.8005
 2.085  106.9060
 2.085  106.8591
 2.084  106.7185
 2.083  106.8200
 2.082  106.8904
 2.081  106.8044
 2.080  106.6443
 2.079  106.6794
