Name: Acmite NaFe+3Si2O6
Type:  Mineral
Class:  Silicates
Subclass:  Inosilicates (Pyroxene Group - single chain)
Particle Size:  Fine (less than 2 Micrometers)
Sample No.:  acmite.2
Owner: JHU
Wavelength Range:  IR
Origin:  Sample from Kangerdluarssuk, near Narssaq, Greenland via 
the Smithsonian (sample no. NMNH 133746).
Description: The sample consisted of large (up to 2 cm long and 
almost as wide), very dark green prismatic crystals of acmite 
intergrown with albite (?).  The material was crushed and hand-
picked for single crystal measurements and grinding.  The 
concentrate appeared pure under microscopic examination.  

Measurement:  Transmission
First Column:  X
Second Column:  Y  
X Units:  Wavelength (micrometers)
Y Units:  Transmittance (percent)
First X Value:  25.0442
Last X Value:  2.079
Number of X Values:  2287
Additional Information:  acmite2a.txt
25.044   68.9061
24.924   69.2420
24.805   70.7889
24.686   73.0193
24.569   74.4725
24.454   75.2342
24.339   76.1092
24.225   76.9451
24.112   77.3826
24.001   77.0389
23.890   77.1326
23.781   76.4451
23.672   76.2967
23.564   75.6131
23.458   75.0584
23.352   74.1912
23.247   73.3709
23.144   72.3924
23.041   71.7361
22.939   70.4080
22.838   69.1209
22.738   67.7049
22.638   66.3748
22.540   64.8123
22.442   63.1717
22.345   61.3123
22.250   59.8553
22.154   58.1405
22.060   56.6678
21.967   54.8358
21.874   53.1424
21.782   51.3592
21.691   50.0799
21.601   48.4374
21.511   47.4237
21.422   46.3925
21.334   45.6600
21.247   44.8905
21.160   44.8534
21.074   45.0311
20.988   45.5741
20.904   46.3241
20.820   47.4628
20.737   48.1913
20.654   49.1581
20.572   50.0858
20.491   51.3671
20.410   52.3495
20.330   53.2518
20.251   53.9237
20.172   54.5702
20.094   54.8690
20.016   54.7010
19.939   54.3397
19.863   54.0331
19.787   54.1424
19.712   55.0995
19.637   56.9120
19.563   59.1405
19.489   61.7703
19.416   64.0701
19.344   66.1600
19.272   67.6170
19.201   68.9998
19.130   69.7498
19.059   70.5389
18.990   70.7342
18.920   71.0252
18.851   70.8358
18.783   70.7928
18.715   70.1736
18.648   69.6326
18.581   68.6990
18.515   68.0858
18.449   67.1717
18.384   66.7313
18.319   66.3397
18.254   66.2498
18.190   65.8055
18.126   65.6600
18.063   65.1532
18.001   64.3866
17.938   63.4920
17.876   63.0096
17.815   62.9159
17.754   63.2186
17.693   64.0701
17.633   65.2977
17.573   66.8836
17.514   68.5936
17.455   70.5760
17.396   72.4412
17.338   74.3250
17.280   75.8299
17.223   77.4041
17.166   78.6297
17.109   79.9939
17.053   81.0359
16.997   82.2635
16.942   82.9607
16.886   83.9461
16.832   84.3904
16.777   85.2469
16.723   85.6658
16.669   86.2693
16.616   86.3299
16.563   86.7654
16.510   86.9734
16.458   87.3787
16.406   87.5154
16.354   87.7937
16.302   87.8562
16.251   87.9968
16.200   87.9422
16.150   87.8797
16.100   87.8484
16.050   87.7166
16.000   87.2576
15.951   86.6795
15.902   86.1092
15.854   84.9724
15.805   83.6609
15.757   81.8728
15.710   80.1277
15.662   78.0594
15.615   76.5740
15.568   75.5340
15.521   75.6609
15.475   76.2439
15.429   77.8562
15.383   79.5975
15.338   81.7117
15.292   83.4334
15.248   85.0291
15.203   86.0965
15.158   87.1619
15.114   87.7898
15.070   88.4197
15.027   88.7468
14.983   89.0750
14.940   89.2420
14.897   89.4021
14.854   89.4724
14.812   89.5427
14.770   89.5642
14.728   89.5779
14.686   89.6062
14.645   89.5427
14.603   89.5984
14.562   89.6502
14.521   89.7625
14.481   89.5662
14.441   89.6668
14.400   89.5525
14.361   89.6306
14.321   89.4939
14.281   89.5925
14.242   89.3748
14.203   89.4148
14.164   89.2390
14.126   89.2547
14.087   89.1267
14.049   89.1453
14.011   88.9285
13.973   88.8025
13.936   88.6248
13.899   88.6238
13.861   88.4666
13.824   88.2561
13.788   88.0369
13.751   87.8108
13.715   87.7342
13.679   87.5940
13.643   87.6331
13.607   87.7132
13.571   87.9905
13.536   88.2615
13.500   88.6209
13.465   88.7893
13.430   88.9612
13.396   88.8826
13.361   89.0784
13.327   89.0413
13.293   89.1487
13.259   89.1311
13.225   89.2268
13.191   89.0994
13.158   89.1467
13.124   89.0857
13.091   89.2014
13.058   89.1404
13.026   88.9924
12.993   88.9763
12.960   88.9002
12.928   88.5393
12.896   88.5213
12.864   88.7405
12.832   88.7444
12.800   88.5193
12.769   88.3552
12.737   88.4788
12.706   88.4202
12.675   88.3030
12.644   88.1663
12.614   88.3167
12.583   88.1975
12.552   88.0940
12.522   87.8357
12.492   87.6956
12.462   87.4729
12.432   87.4378
12.402   87.3963
12.373   87.3128
12.343   87.0144
12.314   86.8943
12.285   86.6155
12.256   86.2674
12.227   86.0232
12.198   85.7595
12.169   85.3167
12.141   84.8084
12.113   84.3611
12.084   83.8328
12.056   83.1722
12.028   82.7137
12.000   82.1448
11.973   81.4671
11.945   80.8030
11.918   79.9554
11.890   78.9549
11.863   77.8401
11.836   76.7215
11.809   75.4983
11.782   74.4651
11.755   73.3006
11.729   72.3240
11.702   71.5506
11.676   71.0037
11.650   70.4925
11.624   70.1346
11.598   69.9246
11.572   69.6268
11.546   69.3011
11.520   69.0194
11.495   68.5037
11.469   67.8201
11.444   67.0667
11.419   66.2010
11.394   65.2054
11.369   64.3895
11.344   63.5838
11.319   62.3270
11.294   61.0721
11.270   59.9930
11.245   58.9691
11.221   58.0428
11.197   56.7484
11.173   55.4549
11.149   54.5140
11.125   53.4457
11.101   52.2777
11.077   51.2504
11.054   50.2352
11.030   49.1996
11.007   48.1815
10.983   47.2411
10.960   46.4276
10.937   45.6522
10.914   44.9413
10.891   44.1473
10.868   43.4052
10.846   42.6327
10.823   41.8212
10.800   41.0370
10.778   40.3500
10.755   39.4652
10.733   38.3905
10.711   37.2929
10.689   36.8441
10.667   36.8168
10.645   35.7694
10.623   34.8349
10.602   34.4042
10.580   34.1234
10.558   33.3774
10.537   32.6552
10.516   32.1020
10.494   31.5321
10.473   30.9555
10.452   30.7270
10.431   30.4677
10.410   30.0790
10.389   29.8183
10.368   29.7465
10.348   29.8730
10.327   30.0356
10.306   30.3710
10.286   30.8495
10.266   31.3554
10.245   31.8988
10.225   32.4970
10.205   33.1117
10.185   33.6669
10.165   34.1410
10.145   34.5653
10.125   34.8793
10.106   35.0849
10.086   35.1083
10.066   35.0707
10.047   34.9745
10.027   34.7343
10.008   34.4062
 9.989   34.1083
 9.970   33.7782
 9.950   33.3930
 9.931   33.0116
 9.912   32.7089
 9.893   32.4726
 9.875   32.2602
 9.856   32.1195
 9.837   31.9731
 9.818   31.8593
 9.800   31.7035
 9.781   31.6176
 9.763   31.6195
 9.745   31.6488
 9.726   31.7270
 9.708   31.7694
 9.690   31.7118
 9.672   31.5282
 9.654   31.2992
 9.636   31.1611
 9.618   30.9823
 9.600   30.8066
 9.583   30.6825
 9.565   30.5649
 9.547   30.4706
 9.530   30.4140
 9.512   30.4067
 9.495   30.4345
 9.477   30.5571
 9.460   30.7504
 9.443   30.9985
 9.426   31.2997
 9.409   31.6581
 9.392   32.0570
 9.375   32.4980
 9.358   33.0414
 9.341   33.6767
 9.324   34.3402
 9.307   35.0048
 9.291   35.7782
 9.274   36.5981
 9.257   37.4823
 9.241   38.4628
 9.224   39.5028
 9.208   40.6273
 9.192   41.8129
 9.175   43.0809
 9.159   44.4672
 9.143   45.8031
 9.127   47.1678
 9.111   48.5829
 9.095   49.9999
 9.079   51.4359
 9.063   52.9086
 9.047   54.3739
 9.032   55.8465
 9.016   57.2303
 9.000   58.6209
 8.985   59.8827
 8.969   61.1703
 8.954   62.3729
 8.938   63.4510
 8.923   64.5496
 8.907   65.5262
 8.892   66.4178
 8.877   67.2645
 8.862   68.2108
 8.847   69.0159
 8.832   69.7825
 8.817   70.4788
 8.802   71.2537
 8.787   71.9866
 8.772   72.7562
 8.757   73.4612
 8.742   74.1815
 8.728   74.8382
 8.713   75.5042
 8.698   76.1497
 8.684   76.7439
 8.669   77.2083
 8.655   77.6941
 8.640   78.2371
 8.626   78.6956
 8.612   79.1233
 8.597   79.6028
 8.583   80.1678
 8.569   80.4983
 8.555   80.9182
 8.541   81.3465
 8.527   81.7835
 8.513   82.1160
 8.499   82.5613
 8.485   82.9895
 8.471   83.4607
 8.457   83.8836
 8.443   84.3133
 8.430   84.6697
 8.416   85.1243
 8.402   85.5408
 8.389   85.9531
 8.375   86.3933
 8.362   86.8076
 8.348   87.1736
 8.335   87.5371
 8.321   87.9297
 8.308   88.2595
 8.295   88.6179
 8.281   88.9531
 8.268   89.3259
 8.255   89.6033
 8.242   89.9304
 8.229   90.2293
 8.216   90.5471
 8.203   90.7410
 8.190   91.0342
 8.177   91.2637
 8.164   91.5271
 8.151   91.7234
 8.138   91.9714
 8.126   92.0967
 8.113   92.2224
 8.100   92.4160
 8.088   92.6277
 8.075   92.7852
 8.062   92.9255
 8.050   93.0928
 8.037   93.2214
 8.025   93.3369
 8.013   93.4382
 8.000   93.5632
 7.988   93.6111
 7.976   93.7361
 7.963   93.7686
 7.951   93.8672
 7.939   93.9060
 7.927   94.0095
 7.915   94.0459
 7.903   94.1824
 7.891   94.2693
 7.879   94.3867
 7.867   94.4802
 7.855   94.6169
 7.843   94.6834
 7.831   94.7393
 7.819   94.8474
 7.807   94.9785
 7.796   95.0293
 7.784   95.0398
 7.772   95.1260
 7.761   95.1904
 7.749   95.2449
 7.738   95.2800
 7.726   95.3494
 7.715   95.3113
 7.703   95.3738
 7.692   95.4241
 7.680   95.5215
 7.669   95.5310
 7.658   95.5908
 7.646   95.6086
 7.635   95.6670
 7.624   95.6729
 7.613   95.7078
 7.601   95.7207
 7.590   95.7400
 7.579   95.7673
 7.568   95.7900
 7.557   95.8389
 7.546   95.8411
 7.535   95.8787
 7.524   95.8691
 7.513   95.9285
 7.502   95.9202
 7.492   95.9509
 7.481   95.9529
 7.470   96.0066
 7.459   95.9658
 7.448   96.0066
 7.438   96.0020
 7.427   96.0583
 7.417   96.0605
 7.406   96.1052
 7.395   96.0969
 7.385   96.1370
 7.374   96.1677
 7.364   96.1941
 7.353   96.2285
 7.343   96.2393
 7.333   96.2644
 7.322   96.2529
 7.312   96.2898
 7.302   96.3240
 7.291   96.3623
 7.281   96.3381
 7.271   96.3874
 7.261   96.4033
 7.251   96.4626
 7.240   96.4338
 7.230   96.4512
 7.220   96.4153
 7.210   96.4939
 7.200   96.5039
 7.190   96.5452
 7.180   96.5671
 7.170   96.6160
 7.160   96.6521
 7.151   96.6960
 7.141   96.7268
 7.131   96.7109
 7.121   96.7683
 7.111   96.8008
 7.102   96.8691
 7.092   96.8191
 7.082   96.8740
 7.073   96.9053
 7.063   96.9492
 7.053   96.9402
 7.044   96.9785
 7.034   96.9553
 7.025   97.0115
 7.015   97.0010
 7.006   97.0466
 6.996   97.0410
 6.987   97.0896
 6.977   97.0625
 6.968   97.0918
 6.959   97.1074
 6.949   97.1057
 6.940   97.1155
 6.931   97.1201
 6.921   97.1619
 6.912   97.1814
 6.903   97.2175
 6.894   97.1982
 6.885   97.2334
 6.876   97.2131
 6.866   97.2878
 6.857   97.2803
 6.848   97.3201
 6.839   97.2754
 6.830   97.3215
 6.821   97.3201
 6.812   97.3630
 6.803   97.3603
 6.794   97.4231
 6.786   97.4228
 6.777   97.4475
 6.768   97.4189
 6.759   97.4355
 6.750   97.4685
 6.741   97.4441
 6.733   97.4687
 6.724   97.4939
 6.715   97.5339
 6.707   97.4971
 6.698   97.5410
 6.689   97.4922
 6.681   97.5195
 6.672   97.4668
 6.663   97.4785
 6.655   97.4326
 6.646   97.4834
 6.638   97.4636
 6.629   97.4753
 6.621   97.4309
 6.612   97.4714
 6.604   97.4893
 6.596   97.4695
 6.587   97.4910
 6.579   97.5183
 6.571   97.5183
 6.562   97.5117
 6.554   97.5354
 6.546   97.4831
 6.537   97.5039
 6.529   97.4563
 6.521   97.4988
 6.513   97.4502
 6.505   97.4307
 6.496   97.3809
 6.488   97.4138
 6.480   97.3772
 6.472   97.3889
 6.464   97.3269
 6.456   97.3357
 6.448   97.3015
 6.440   97.2727
 6.432   97.2637
 6.424   97.2693
 6.416   97.2722
 6.408   97.2187
 6.400   97.2097
 6.392   97.1497
 6.384   97.1638
 6.377   97.1250
 6.369   97.1404
 6.361   97.0898
 6.353   97.0947
 6.345   97.0625
 6.338   97.0605
 6.330   96.9736
 6.322   96.9568
 6.314   96.9080
 6.307   96.8962
 6.299   96.8447
 6.291   96.8142
 6.284   96.7781
 6.276   96.7383
 6.269   96.7295
 6.261   96.6484
 6.254   96.6172
 6.246   96.5928
 6.238   96.5410
 6.231   96.4561
 6.223   96.4580
 6.216   96.3840
 6.209   96.3535
 6.201   96.2703
 6.194   96.2559
 6.186   96.1853
 6.179   96.1345
 6.172   96.0701
 6.164   96.0749
 6.157   96.0466
 6.150   96.0691
 6.142   96.0579
 6.135   96.0437
 6.128   96.0994
 6.121   96.1755
 6.113   96.2676
 6.106   96.2744
 6.099   96.3047
 6.092   96.3367
 6.085   96.4170
 6.078   96.4353
 6.070   96.5154
 6.063   96.5281
 6.056   96.6221
 6.049   96.6670
 6.042   96.7246
 6.035   96.7422
 6.028   96.8494
 6.021   96.8533
 6.014   96.8777
 6.007   96.8916
 6.000   96.9424
 5.993   97.0124
 5.986   97.0840
 5.979   97.1316
 5.973   97.1728
 5.966   97.2751
 5.959   97.3320
 5.952   97.4597
 5.945   97.5281
 5.938   97.6621
 5.932   97.7031
 5.925   97.7617
 5.918   97.7869
 5.911   97.8623
 5.905   97.8816
 5.898   97.9802
 5.891   97.9412
 5.884   98.0078
 5.878   98.1252
 5.871   98.1580
 5.864   98.1926
 5.858   98.1848
 5.851   98.1963
 5.845   98.2048
 5.838   98.2295
 5.831   98.2761
 5.825   98.3291
 5.818   98.2922
 5.812   98.3057
 5.805   98.2969
 5.799   98.3301
 5.792   98.3203
 5.786   98.3535
 5.779   98.3298
 5.773   98.3857
 5.767   98.4143
 5.760   98.4443
 5.754   98.4316
 5.747   98.4267
 5.741   98.4519
 5.735   98.4473
 5.728   98.4394
 5.722   98.4492
 5.716   98.4680
 5.709   98.4421
 5.703   98.4514
 5.697   98.4434
 5.691   98.4697
 5.684   98.4746
 5.678   98.5300
 5.672   98.5290
 5.666   98.5535
 5.660   98.5408
 5.653   98.5791
 5.647   98.5798
 5.641   98.6133
 5.635   98.5928
 5.629   98.6211
 5.623   98.6269
 5.617   98.6406
 5.611   98.6413
 5.604   98.6462
 5.598   98.6680
 5.592   98.6631
 5.586   98.6982
 5.580   98.7314
 5.574   98.7764
 5.568   98.7546
 5.562   98.8093
 5.556   98.8220
 5.550   98.8542
 5.545   98.8476
 5.539   98.8699
 5.533   98.8323
 5.527   98.8367
 5.521   98.8301
 5.515   98.8689
 5.509   98.8518
 5.503   98.8640
 5.498   98.8777
 5.492   98.8796
 5.486   98.8699
 5.480   98.8633
 5.474   98.9050
 5.469   98.9182
 5.463   98.9541
 5.457   98.9231
 5.451   98.9265
 5.446   98.9297
 5.440   98.9656
 5.434   98.9519
 5.428   98.9766
 5.423   98.9560
 5.417   98.9600
 5.411   98.9187
 5.406   98.8916
 5.400   98.8887
 5.395   98.9109
 5.389   98.9101
 5.383   98.8926
 5.378   98.9111
 5.372   98.8867
 5.367   98.9043
 5.361   98.9072
 5.356   98.9258
 5.350   98.9470
 5.344   98.9695
 5.339   98.9600
 5.333   98.9863
 5.328   98.9802
 5.323   98.9958
 5.317   98.9753
 5.312   98.9621
 5.306   98.9665
 5.301   98.9668
 5.295   98.9695
 5.290   98.9883
 5.285   98.9853
 5.279   99.0017
 5.274   99.0163
 5.268   99.0071
 5.263   99.0068
 5.258   99.0293
 5.252   99.0251
 5.247   98.9997
 5.242   98.9973
 5.237   98.9824
 5.231   99.0059
 5.226   98.9990
 5.221   99.0059
 5.215   98.9951
 5.210   98.9980
 5.205   99.0117
 5.200   99.0388
 5.195   99.0439
 5.189   99.0398
 5.184   99.0742
 5.179   99.0957
 5.174   99.0957
 5.169   99.0752
 5.163   99.1023
 5.158   99.1169
 5.153   99.1572
 5.148   99.1670
 5.143   99.1755
 5.138   99.1738
 5.133   99.1728
 5.128   99.1572
 5.123   99.1540
 5.118   99.1826
 5.113   99.2068
 5.108   99.1875
 5.103   99.1963
 5.097   99.2048
 5.092   99.2175
 5.087   99.2078
 5.083   99.2441
 5.078   99.2226
 5.073   99.1853
 5.068   99.1748
 5.063   99.1914
 5.058   99.1863
 5.053   99.1882
 5.048   99.2029
 5.043   99.1780
 5.038   99.1599
 5.033   99.1794
 5.028   99.1702
 5.023   99.1321
 5.019   99.1604
 5.014   99.1677
 5.009   99.1951
 5.004   99.1907
 4.999   99.2117
 4.994   99.2087
 4.990   99.1887
 4.985   99.1877
 4.980   99.2190
 4.975   99.2121
 4.970   99.2126
 4.966   99.2287
 4.961   99.2244
 4.956   99.2297
 4.951   99.2561
 4.947   99.2507
 4.942   99.2434
 4.937   99.2917
 4.933   99.2795
 4.928   99.2400
 4.923   99.2224
 4.919   99.2395
 4.914   99.2258
 4.909   99.2444
 4.905   99.2585
 4.900   99.2605
 4.895   99.2541
 4.891   99.2380
 4.886   99.2068
 4.882   99.1975
 4.877   99.2004
 4.872   99.2146
 4.868   99.2253
 4.863   99.2146
 4.859   99.2097
 4.854   99.2126
 4.850   99.2478
 4.845   99.2493
 4.840   99.2556
 4.836   99.2385
 4.831   99.2551
 4.827   99.2366
 4.822   99.2268
 4.818   99.2038
 4.814   99.2493
 4.809   99.2566
 4.805   99.2429
 4.800   99.2483
 4.796   99.2942
 4.791   99.2737
 4.787   99.2449
 4.782   99.2561
 4.778   99.2561
 4.774   99.2551
 4.769   99.2478
 4.765   99.2580
 4.760   99.2698
 4.756   99.2424
 4.752   99.2434
 4.747   99.2620
 4.743   99.2654
 4.739   99.3025
 4.734   99.2786
 4.730   99.2580
 4.726   99.2439
 4.721   99.2624
 4.717   99.2292
 4.713   99.2414
 4.709   99.2361
 4.704   99.2346
 4.700   99.2336
 4.696   99.2302
 4.692   99.2312
 4.687   99.2307
 4.683   99.2273
 4.679   99.2322
 4.675   99.2522
 4.670   99.2458
 4.666   99.2224
 4.662   99.2195
 4.658   99.1990
 4.654   99.1848
 4.649   99.2180
 4.645   99.2322
 4.641   99.2488
 4.637   99.2307
 4.633   99.2253
 4.629   99.2151
 4.625   99.2458
 4.620   99.2327
 4.616   99.2287
 4.612   99.2224
 4.608   99.1912
 4.604   99.1726
 4.600   99.2117
 4.596   99.2322
 4.592   99.2204
 4.588   99.2097
 4.584   99.1999
 4.580   99.2019
 4.576   99.1995
 4.572   99.1809
 4.568   99.1511
 4.564   99.1589
 4.560   99.1697
 4.555   99.1716
 4.551   99.1648
 4.548   99.1912
 4.544   99.1765
 4.540   99.1604
 4.536   99.1467
 4.532   99.1384
 4.528   99.1423
 4.524   99.1160
 4.520   99.1531
 4.516   99.1516
 4.512   99.1213
 4.508   99.1287
 4.504   99.1345
 4.500   99.1091
 4.496   99.1121
 4.492   99.0862
 4.488   99.1111
 4.485   99.1018
 4.481   99.0984
 4.477   99.0945
 4.473   99.1218
 4.469   99.1350
 4.465   99.1077
 4.461   99.0642
 4.458   99.0828
 4.454   99.0788
 4.450   99.0691
 4.446   99.0290
 4.442   99.0442
 4.438   99.0413
 4.435   99.0120
 4.431   99.0647
 4.427   99.0764
 4.423   99.0491
 4.420   99.0627
 4.416   99.0788
 4.412   99.0471
 4.408   99.0491
 4.405   99.0349
 4.401   99.0403
 4.397   99.0144
 4.393   99.0295
 4.390   99.0002
 4.386   98.9939
 4.382   98.9997
 4.379   99.0403
 4.375   99.0369
 4.371   99.0198
 4.367   99.0256
 4.364   99.0398
 4.360   99.0417
 4.356   99.0120
 4.353   98.9934
 4.349   98.9768
 4.345   98.9973
 4.342   99.0027
 4.338   98.9841
 4.335   98.9748
 4.331   98.9944
 4.327   98.9753
 4.324   99.0080
 4.320   99.0251
 4.317   99.0051
 4.313   98.9470
 4.309   98.9695
 4.306   98.9949
 4.302   98.9812
 4.299   99.0085
 4.295   99.0437
 4.292   99.0139
 4.288   98.9944
 4.284   98.9924
 4.281   98.9802
 4.277   98.9792
 4.274   98.9831
 4.270   98.9812
 4.267   98.9792
 4.263   98.9714
 4.260   98.9617
 4.256   98.9978
 4.253   98.9631
 4.249   98.9866
 4.246   99.0095
 4.242   98.9978
 4.239   99.0076
 4.235   99.0334
 4.232   99.0222
 4.229   99.0120
 4.225   99.0144
 4.222   98.9890
 4.218   98.9587
 4.215   98.9470
 4.211   98.9372
 4.208   98.9480
 4.205   98.9729
 4.201   98.9670
 4.198   98.9709
 4.194   98.9011
 4.191   98.9495
 4.188   98.9236
 4.184   98.8874
 4.181   98.8835
 4.177   98.9382
 4.174   98.9265
 4.171   98.9495
 4.167   98.9548
 4.164   98.9490
 4.161   98.9553
 4.157   98.9558
 4.154   98.9412
 4.151   98.8972
 4.147   98.9197
 4.144   98.9314
 4.141   98.9343
 4.137   98.9255
 4.134   98.9299
 4.131   98.8850
 4.128   98.8987
 4.124   98.8894
 4.121   98.8992
 4.118   98.9089
 4.114   98.9167
 4.111   98.9109
 4.108   98.9104
 4.105   98.9206
 4.101   98.9241
 4.098   98.9050
 4.095   98.8738
 4.092   98.9050
 4.088   98.8982
 4.085   98.8655
 4.082   98.8474
 4.079   98.8757
 4.076   98.8718
 4.072   98.8689
 4.069   98.8303
 4.066   98.8562
 4.063   98.8855
 4.060   98.8806
 4.056   98.8459
 4.053   98.8308
 4.050   98.8445
 4.047   98.8577
 4.044   98.8630
 4.041   98.7834
 4.038   98.7839
 4.034   98.8362
 4.031   98.8381
 4.028   98.7996
 4.025   98.8049
 4.022   98.7854
 4.019   98.8035
 4.016   98.8064
 4.013   98.8005
 4.009   98.7742
 4.006   98.7615
 4.003   98.7849
 4.000   98.8015
 3.997   98.7756
 3.994   98.7644
 3.991   98.7097
 3.988   98.7229
 3.985   98.7346
 3.982   98.6780
 3.979   98.7073
 3.976   98.7214
 3.973   98.7014
 3.969   98.6658
 3.966   98.6941
 3.963   98.6775
 3.960   98.6819
 3.957   98.6995
 3.954   98.7156
 3.951   98.6941
 3.948   98.6540
 3.945   98.6804
 3.942   98.6863
 3.939   98.6453
 3.936   98.6775
 3.933   98.6916
 3.930   98.6609
 3.927   98.6760
 3.924   98.7107
 3.921   98.7146
 3.918   98.6882
 3.916   98.6858
 3.913   98.6423
 3.910   98.6609
 3.907   98.6199
 3.904   98.6155
 3.901   98.6287
 3.898   98.6316
 3.895   98.6018
 3.892   98.5622
 3.889   98.5339
 3.886   98.5354
 3.883   98.5105
 3.880   98.4885
 3.877   98.4451
 3.875   98.4587
 3.872   98.4675
 3.869   98.4470
 3.866   98.3928
 3.863   98.4143
 3.860   98.4241
 3.857   98.4285
 3.854   98.4182
 3.852   98.4304
 3.849   98.4285
 3.846   98.4011
 3.843   98.4084
 3.840   98.3865
 3.837   98.3845
 3.834   98.3455
 3.832   98.3689
 3.829   98.3650
 3.826   98.3552
 3.823   98.3415
 3.820   98.3689
 3.817   98.3660
 3.815   98.3171
 3.812   98.3147
 3.809   98.2859
 3.806   98.2742
 3.803   98.2659
 3.801   98.2815
 3.798   98.2693
 3.795   98.2419
 3.792   98.2351
 3.790   98.2185
 3.787   98.2253
 3.784   98.2522
 3.781   98.2400
 3.779   98.1921
 3.776   98.1863
 3.773   98.2209
 3.770   98.1843
 3.768   98.1409
 3.765   98.1252
 3.762   98.1013
 3.759   98.1077
 3.757   98.0876
 3.754   98.0862
 3.751   98.0369
 3.748   98.0491
 3.746   98.0544
 3.743   98.0359
 3.740   98.0373
 3.738   98.0256
 3.735   98.0100
 3.732   97.9792
 3.730   97.9744
 3.727   97.9568
 3.724   97.9299
 3.722   97.9260
 3.719   97.9353
 3.716   97.9202
 3.714   97.8752
 3.711   97.8381
 3.708   97.8635
 3.706   97.8455
 3.703   97.8308
 3.700   97.8186
 3.698   97.8381
 3.695   97.8083
 3.692   97.8147
 3.690   97.8142
 3.687   97.7966
 3.685   97.7932
 3.682   97.7800
 3.679   97.7737
 3.677   97.8035
 3.674   97.7849
 3.671   97.7483
 3.669   97.7073
 3.666   97.7131
 3.664   97.6736
 3.661   97.6423
 3.659   97.6819
 3.656   97.6736
 3.653   97.6682
 3.651   97.6487
 3.648   97.6990
 3.646   97.7068
 3.643   97.7039
 3.641   97.6638
 3.638   97.6228
 3.635   97.6101
 3.633   97.6018
 3.630   97.5398
 3.628   97.5061
 3.625   97.5642
 3.623   97.5847
 3.620   97.4978
 3.618   97.4675
 3.615   97.4822
 3.613   97.5061
 3.610   97.4514
 3.608   97.3962
 3.605   97.3904
 3.603   97.3850
 3.600   97.3865
 3.598   97.3728
 3.595   97.3889
 3.593   97.3791
 3.590   97.3748
 3.588   97.3660
 3.585   97.3479
 3.583   97.3142
 3.580   97.2873
 3.578   97.2273
 3.575   97.2288
 3.573   97.2361
 3.570   97.2502
 3.568   97.2366
 3.565   97.2468
 3.563   97.2742
 3.561   97.2327
 3.558   97.2214
 3.556   97.1736
 3.553   97.1267
 3.551   97.1584
 3.548   97.1384
 3.546   97.1135
 3.544   97.0583
 3.541   97.0237
 3.539   96.9978
 3.536   96.9939
 3.534   97.0295
 3.531   96.9724
 3.529   96.9416
 3.527   96.8787
 3.524   96.8948
 3.522   96.9021
 3.519   96.8494
 3.517   96.7893
 3.515   96.7209
 3.512   96.7268
 3.510   96.7312
 3.508   96.6858
 3.505   96.6370
 3.503   96.6096
 3.500   96.6599
 3.498   96.7073
 3.496   96.6794
 3.493   96.6760
 3.491   96.6565
 3.489   96.6960
 3.486   96.6428
 3.484   96.5959
 3.482   96.5745
 3.479   96.5686
 3.477   96.5662
 3.475   96.5876
 3.472   96.5666
 3.470   96.5471
 3.468   96.5569
 3.465   96.5842
 3.463   96.5276
 3.461   96.5017
 3.458   96.4470
 3.456   96.4080
 3.454   96.4353
 3.452   96.4080
 3.449   96.4304
 3.447   96.3513
 3.445   96.3093
 3.442   96.2947
 3.440   96.2566
 3.438   96.2034
 3.435   96.1721
 3.433   96.1501
 3.431   96.1116
 3.429   96.0413
 3.426   95.9773
 3.424   95.9470
 3.422   95.9182
 3.420   95.8728
 3.417   95.8474
 3.415   95.8577
 3.413   95.8914
 3.411   95.8909
 3.408   95.9177
 3.406   95.9275
 3.404   95.9397
 3.402   95.9744
 3.399   95.9587
 3.397   95.9587
 3.395   95.9612
 3.393   95.9475
 3.391   95.9143
 3.388   95.8674
 3.386   95.8679
 3.384   95.8630
 3.382   95.8420
 3.380   95.7795
 3.377   95.7541
 3.375   95.7795
 3.373   95.8108
 3.371   95.8440
 3.369   95.8401
 3.366   95.8513
 3.364   95.8831
 3.362   95.8206
 3.360   95.8025
 3.358   95.7869
 3.355   95.8245
 3.353   95.8127
 3.351   95.7849
 3.349   95.7561
 3.347   95.7639
 3.345   95.7732
 3.342   95.7659
 3.340   95.7634
 3.338   95.7620
 3.336   95.7756
 3.334   95.7327
 3.332   95.7185
 3.330   95.7302
 3.327   95.7307
 3.325   95.6345
 3.323   95.5999
 3.321   95.6072
 3.319   95.5608
 3.317   95.5081
 3.315   95.4749
 3.313   95.5081
 3.310   95.4924
 3.308   95.4514
 3.306   95.4436
 3.304   95.4041
 3.302   95.3987
 3.300   95.3850
 3.298   95.3689
 3.296   95.3733
 3.294   95.3474
 3.292   95.3674
 3.289   95.3357
 3.287   95.2869
 3.285   95.2522
 3.283   95.2424
 3.281   95.2991
 3.279   95.2776
 3.277   95.2581
 3.275   95.2502
 3.273   95.2717
 3.271   95.2732
 3.269   95.2053
 3.267   95.2400
 3.265   95.1619
 3.263   95.1501
 3.260   95.1150
 3.258   95.0886
 3.256   95.0515
 3.254   95.0652
 3.252   95.0632
 3.250   94.9763
 3.248   94.9773
 3.246   94.9734
 3.244   94.9236
 3.242   94.9089
 3.240   94.8728
 3.238   94.8376
 3.236   94.8093
 3.234   94.7888
 3.232   94.7927
 3.230   94.7419
 3.228   94.6863
 3.226   94.6765
 3.224   94.6794
 3.222   94.6951
 3.220   94.6667
 3.218   94.6853
 3.216   94.6531
 3.214   94.6121
 3.212   94.6521
 3.210   94.6404
 3.208   94.6179
 3.206   94.5837
 3.204   94.5632
 3.202   94.5564
 3.200   94.5564
 3.198   94.4949
 3.196   94.4841
 3.194   94.4705
 3.192   94.4548
 3.190   94.4138
 3.188   94.3953
 3.186   94.3806
 3.184   94.3494
 3.182   94.3259
 3.180   94.3503
 3.179   94.3318
 3.177   94.3250
 3.175   94.2605
 3.173   94.2126
 3.171   94.2351
 3.169   94.2166
 3.167   94.1648
 3.165   94.1980
 3.163   94.1716
 3.161   94.0710
 3.159   94.0349
 3.157   94.0125
 3.155   93.9216
 3.153   93.9021
 3.151   93.9109
 3.150   93.8914
 3.148   93.8435
 3.146   93.8689
 3.144   93.7703
 3.142   93.7859
 3.140   93.7595
 3.138   93.7341
 3.136   93.7400
 3.134   93.7312
 3.132   93.6462
 3.131   93.6013
 3.129   93.5867
 3.127   93.5798
 3.125   93.5584
 3.123   93.5076
 3.121   93.4890
 3.119   93.4158
 3.117   93.4441
 3.115   93.4451
 3.114   93.4353
 3.112   93.4324
 3.110   93.4119
 3.108   93.4021
 3.106   93.3416
 3.104   93.3191
 3.102   93.3250
 3.101   93.3250
 3.099   93.3211
 3.097   93.2898
 3.095   93.2986
 3.093   93.2107
 3.091   93.1697
 3.089   93.1814
 3.088   93.1336
 3.086   93.1375
 3.084   93.0867
 3.082   93.0525
 3.080   93.0603
 3.078   93.0564
 3.077   93.0476
 3.075   93.0544
 3.073   93.0388
 3.071   93.0046
 3.069   92.9959
 3.068   92.9441
 3.066   92.8972
 3.064   92.8601
 3.062   92.8562
 3.060   92.8572
 3.058   92.8103
 3.057   92.7859
 3.055   92.8142
 3.053   92.7869
 3.051   92.7732
 3.050   92.7127
 3.048   92.7117
 3.046   92.6765
 3.044   92.6296
 3.042   92.6658
 3.041   92.7087
 3.039   92.6257
 3.037   92.5867
 3.035   92.5681
 3.033   92.5134
 3.032   92.4509
 3.030   92.4373
 3.028   92.4187
 3.026   92.3445
 3.025   92.3250
 3.023   92.3015
 3.021   92.2205
 3.019   92.1189
 3.018   92.1375
 3.016   92.1482
 3.014   92.1267
 3.012   92.1013
 3.011   92.0447
 3.009   92.0437
 3.007   91.9968
 3.005   91.9617
 3.004   91.9431
 3.002   91.9451
 3.000   91.9548
 2.998   91.9109
 2.997   91.8982
 2.995   91.8289
 2.993   91.8494
 2.991   91.8181
 2.990   91.8240
 2.988   91.7908
 2.986   91.7888
 2.985   91.7166
 2.983   91.6882
 2.981   91.6765
 2.979   91.6716
 2.978   91.6560
 2.976   91.5662
 2.974   91.5193
 2.973   91.4509
 2.971   91.3601
 2.969   91.2966
 2.967   91.3093
 2.966   91.2703
 2.964   91.1560
 2.962   91.0984
 2.961   91.0974
 2.959   91.0642
 2.957   91.0447
 2.956   91.0437
 2.954   90.9880
 2.952   91.0086
 2.951   90.9197
 2.949   90.8787
 2.947   90.9226
 2.946   90.9666
 2.944   90.9841
 2.942   90.8963
 2.941   90.8552
 2.939   90.9138
 2.937   90.8982
 2.936   90.9353
 2.934   90.8289
 2.932   90.8103
 2.931   90.8093
 2.929   90.8562
 2.927   90.8045
 2.926   90.7830
 2.924   90.7888
 2.922   90.8045
 2.921   90.7088
 2.919   90.7468
 2.917   90.7283
 2.916   90.7732
 2.914   90.7713
 2.912   90.7039
 2.911   90.7205
 2.909   90.7625
 2.908   90.7224
 2.906   90.7234
 2.904   90.8132
 2.903   90.8396
 2.901   90.8630
 2.899   90.8836
 2.898   90.9265
 2.896   90.9783
 2.895   91.0701
 2.893   91.1287
 2.891   91.1062
 2.890   91.0818
 2.888   91.1912
 2.887   91.2468
 2.885   91.2869
 2.883   91.3533
 2.882   91.4490
 2.880   91.4490
 2.878   91.4763
 2.877   91.5271
 2.875   91.5603
 2.874   91.6336
 2.872   91.6101
 2.871   91.7107
 2.869   91.7507
 2.867   91.7771
 2.866   91.8367
 2.864   91.8943
 2.863   91.9412
 2.861   92.0398
 2.859   92.1179
 2.858   92.1521
 2.856   92.1970
 2.855   92.2029
 2.853   92.2537
 2.852   92.3084
 2.850   92.3455
 2.848   92.3416
 2.847   92.3953
 2.845   92.4275
 2.844   92.4500
 2.842   92.5154
 2.841   92.5671
 2.839   92.5437
 2.838   92.6296
 2.836   92.6443
 2.834   92.6570
 2.833   92.6658
 2.831   92.7849
 2.830   92.8484
 2.828   92.9255
 2.827   92.9490
 2.825   92.9724
 2.824   93.0427
 2.822   93.0437
 2.821   93.1062
 2.819   93.1091
 2.817   93.1531
 2.816   93.2791
 2.814   93.3455
 2.813   93.3406
 2.811   93.4343
 2.810   93.5037
 2.808   93.4929
 2.807   93.5154
 2.805   93.5798
 2.804   93.6482
 2.802   93.6755
 2.801   93.7429
 2.799   93.8396
 2.798   93.8875
 2.796   93.9841
 2.795   94.0906
 2.793   94.1990
 2.792   94.2830
 2.790   94.3103
 2.789   94.4568
 2.787   94.5750
 2.786   94.6248
 2.784   94.6443
 2.783   94.7361
 2.781   94.7771
 2.780   94.8718
 2.778   94.9490
 2.777   95.0828
 2.775   95.1560
 2.774   95.2615
 2.772   95.3250
 2.771   95.4099
 2.769   95.4607
 2.768   95.6013
 2.766   95.7039
 2.765   95.7742
 2.763   95.8601
 2.762   95.9216
 2.760   96.0388
 2.759   96.1853
 2.758   96.3523
 2.756   96.4412
 2.755   96.4587
 2.753   96.6130
 2.752   96.7673
 2.750   96.8005
 2.749   96.8689
 2.747   97.0408
 2.746   97.1013
 2.744   97.1853
 2.743   97.2068
 2.741   97.2976
 2.740   97.3591
 2.739   97.4099
 2.737   97.3748
 2.736   97.4265
 2.734   97.5085
 2.733   97.5554
 2.731   97.5857
 2.730   97.6023
 2.729   97.6619
 2.727   97.7185
 2.726   97.6716
 2.724   97.6775
 2.723   97.7419
 2.721   97.7224
 2.720   97.6755
 2.718   97.6540
 2.717   97.6648
 2.716   97.6570
 2.714   97.7117
 2.713   97.8132
 2.711   97.8591
 2.710   97.8318
 2.709   97.8318
 2.707   97.8757
 2.706   97.8611
 2.704   97.9646
 2.703   97.9499
 2.701   97.9138
 2.700   97.8708
 2.699   97.9343
 2.697   97.9304
 2.696   97.9265
 2.694   97.9304
 2.693   97.9919
 2.692   98.0622
 2.690   98.0505
 2.689   97.9890
 2.687   97.9958
 2.686   98.0896
 2.685   98.0359
 2.683   98.0398
 2.682   98.0427
 2.681   98.0193
 2.679   97.9539
 2.678   97.9997
 2.676   98.0164
 2.675   97.8953
 2.674   97.8435
 2.672   97.9333
 2.671   97.9783
 2.669   97.9724
 2.668   97.9382
 2.667   97.9607
 2.665   97.9451
 2.664   98.0203
 2.663   97.9568
 2.661   97.8796
 2.660   97.7966
 2.659   97.8171
 2.657   97.8435
 2.656   97.7966
 2.654   97.8357
 2.653   97.8562
 2.652   97.8162
 2.650   97.7810
 2.649   97.8249
 2.648   97.8406
 2.646   97.7742
 2.645   97.7976
 2.644   97.7976
 2.642   97.7966
 2.641   97.7849
 2.640   97.7537
 2.638   97.7478
 2.637   97.6482
 2.636   97.6443
 2.634   97.6755
 2.633   97.6794
 2.632   97.6736
 2.630   97.6501
 2.629   97.6404
 2.628   97.5974
 2.626   97.6443
 2.625   97.6521
 2.624   97.7732
 2.622   97.7712
 2.621   97.6931
 2.620   97.6677
 2.618   97.6697
 2.617   97.6892
 2.616   97.6521
 2.614   97.6658
 2.613   97.6580
 2.612   97.6892
 2.610   97.7576
 2.609   97.6833
 2.608   97.6521
 2.606   97.6677
 2.605   97.7341
 2.604   97.6697
 2.602   97.5740
 2.601   97.5798
 2.600   97.6150
 2.599   97.6540
 2.597   97.6248
 2.596   97.6267
 2.595   97.7165
 2.593   97.7029
 2.592   97.6951
 2.591   97.7908
 2.589   97.8162
 2.588   97.8767
 2.587   97.8708
 2.586   97.8025
 2.584   97.7790
 2.583   97.7419
 2.582   97.7497
 2.580   97.6521
 2.579   97.7341
 2.578   97.6814
 2.577   97.6345
 2.575   97.6443
 2.574   97.6208
 2.573   97.6248
 2.572   97.5876
 2.570   97.5388
 2.569   97.3884
 2.568   97.4138
 2.566   97.3865
 2.565   97.4060
 2.564   97.4314
 2.563   97.4958
 2.561   97.5388
 2.560   97.4978
 2.559   97.5095
 2.558   97.5486
 2.556   97.5076
 2.555   97.5330
 2.554   97.4880
 2.553   97.4255
 2.551   97.4080
 2.550   97.4470
 2.549   97.4060
 2.547   97.4021
 2.546   97.3865
 2.545   97.4880
 2.544   97.5955
 2.542   97.5349
 2.541   97.4958
 2.540   97.4705
 2.539   97.5740
 2.538   97.5037
 2.536   97.4099
 2.535   97.3533
 2.534   97.4646
 2.533   97.4314
 2.531   97.3630
 2.530   97.3669
 2.529   97.3455
 2.528   97.2771
 2.526   97.2673
 2.525   97.3201
 2.524   97.2908
 2.523   97.3474
 2.521   97.3240
 2.520   97.2263
 2.519   97.3162
 2.518   97.3865
 2.517   97.4021
 2.515   97.4216
 2.514   97.3767
 2.513   97.3826
 2.512   97.4705
 2.510   97.5271
 2.509   97.5349
 2.508   97.3708
 2.507   97.4236
 2.506   97.4568
 2.504   97.4490
 2.503   97.4900
 2.502   97.4060
 2.501   97.3689
 2.500   97.3064
 2.498   97.4568
 2.497   97.3865
 2.496   97.2126
 2.495   97.2693
 2.494   97.2888
 2.492   97.2927
 2.491   97.2361
 2.490   97.2537
 2.489   97.2283
 2.488   97.2107
 2.486   97.3201
 2.485   97.3142
 2.484   97.2576
 2.483   97.2263
 2.482   97.2830
 2.480   97.3669
 2.479   97.4021
 2.478   97.2458
 2.477   97.2419
 2.476   97.3748
 2.475   97.3611
 2.473   97.2615
 2.472   97.2537
 2.471   97.1755
 2.470   97.2927
 2.469   97.2966
 2.467   97.1873
 2.466   97.2361
 2.465   97.3357
 2.464   97.2673
 2.463   97.3005
 2.462   97.2146
 2.460   97.2126
 2.459   97.2908
 2.458   97.3689
 2.457   97.2029
 2.456   97.1892
 2.455   97.2673
 2.453   97.3533
 2.452   97.2458
 2.451   97.1677
 2.450   97.1501
 2.449   97.1990
 2.448   97.1599
 2.447   97.0427
 2.445   97.1130
 2.444   96.9470
 2.443   96.9919
 2.442   97.0076
 2.441   96.9880
 2.440   97.1189
 2.438   97.2830
 2.437   97.1892
 2.436   97.1267
 2.435   97.1189
 2.434   97.1443
 2.433   97.1599
 2.432   97.1951
 2.430   97.3396
 2.429   97.0779
 2.428   97.0798
 2.427   97.0232
 2.426   97.1365
 2.425   97.1755
 2.424   97.0896
 2.423   97.0505
 2.421   97.1658
 2.420   97.1482
 2.419   97.0955
 2.418   97.1052
 2.417   97.0876
 2.416   97.1091
 2.415   97.1248
 2.413   97.1560
 2.412   97.1814
 2.411   97.2107
 2.410   97.2439
 2.409   97.1599
 2.408   97.1033
 2.407   97.0955
 2.406   97.0623
 2.405   96.9939
 2.403   96.9646
 2.402   97.1287
 2.401   97.0876
 2.400   97.0330
 2.399   96.9998
 2.398   97.0564
 2.397   97.0564
 2.396   97.0779
 2.395   96.9060
 2.393   96.9294
 2.392   96.9236
 2.391   97.0115
 2.390   96.8845
 2.389   96.9705
 2.388   97.0251
 2.387   97.0974
 2.386   97.1677
 2.385   97.0154
 2.384   97.0642
 2.382   97.1404
 2.381   97.0955
 2.380   96.9685
 2.379   97.1248
 2.378   97.0779
 2.377   97.1814
 2.376   97.0662
 2.375   96.9529
 2.374   97.0544
 2.373   97.1482
 2.372   97.1736
 2.370   97.0779
 2.369   97.1267
 2.368   97.1130
 2.367   97.1833
 2.366   97.2185
 2.365   97.0154
 2.364   96.8826
 2.363   96.9060
 2.362   96.8044
 2.361   96.8005
 2.360   96.7908
 2.359   96.7126
 2.358   96.7048
 2.356   96.5876
 2.355   96.7146
 2.354   96.7595
 2.353   96.7673
 2.352   96.7107
 2.351   96.7263
 2.350   96.9998
 2.349   96.9998
 2.348   97.0251
 2.347   97.0154
 2.346   97.0740
 2.345   97.1560
 2.344   96.9939
 2.343   96.9685
 2.342   96.9861
 2.340   96.9216
 2.339   96.8064
 2.338   96.8533
 2.337   96.8533
 2.336   97.0095
 2.335   97.0388
 2.334   96.9470
 2.333   96.8279
 2.332   96.9138
 2.331   96.9548
 2.330   96.9080
 2.329   96.8376
 2.328   96.8689
 2.327   96.9451
 2.326   96.8123
 2.325   96.8376
 2.324   96.8435
 2.323   96.8435
 2.322   96.6658
 2.321   96.6501
 2.320   96.8376
 2.318   96.7341
 2.317   96.6658
 2.316   96.9080
 2.315   96.9392
 2.314   96.9001
 2.313   96.9451
 2.312   97.0466
 2.311   96.9333
 2.310   96.9294
 2.309   96.9001
 2.308   96.7341
 2.307   96.8689
 2.306   96.8748
 2.305   96.9451
 2.304   96.8611
 2.303   96.8748
 2.302   96.7673
 2.301   96.8533
 2.300   97.0701
 2.299   96.9080
 2.298   96.8201
 2.297   96.8064
 2.296   96.8201
 2.295   97.0251
 2.294   96.9841
 2.293   96.8279
 2.292   96.8845
 2.291   97.0876
 2.290   97.0544
 2.289   97.0349
 2.288   96.9470
 2.287   96.8376
 2.286   96.9158
 2.285   96.9685
 2.284   96.7283
 2.283   96.6638
 2.282   96.6580
 2.281   96.7732
 2.280   96.7361
 2.279   96.4060
 2.278   96.6326
 2.277   96.7283
 2.276   96.6169
 2.275   96.5935
 2.274   96.6736
 2.273   96.7029
 2.272   96.6736
 2.271   96.6130
 2.270   96.6091
 2.269   96.6091
 2.268   96.6873
 2.267   96.6794
 2.266   96.8201
 2.265   96.6794
 2.264   96.7380
 2.263   96.9490
 2.262   96.8513
 2.261   96.7107
 2.260   96.8513
 2.259   96.7927
 2.258   96.7224
 2.257   96.7693
 2.256   96.7576
 2.255   97.0232
 2.254   96.8865
 2.253   96.8552
 2.252   96.8005
 2.251   96.8474
 2.250   96.7458
 2.249   96.7185
 2.248   96.6794
 2.247   96.7302
 2.246   96.7107
 2.245   96.7498
 2.244   96.7107
 2.243   96.7615
 2.242   96.7537
 2.241   96.7146
 2.240   96.5935
 2.239   96.7224
 2.238   96.6755
 2.237   96.6443
 2.236   96.6208
 2.236   96.8318
 2.235   96.8396
 2.234   96.6794
 2.233   96.7771
 2.232   96.7654
 2.231   96.8591
 2.230   96.6013
 2.229   96.6833
 2.228   96.8279
 2.227   96.8005
 2.226   96.5701
 2.225   96.5583
 2.224   96.4998
 2.223   96.5076
 2.222   96.7185
 2.221   96.6638
 2.220   96.6599
 2.219   96.7185
 2.218   96.7185
 2.217   96.6716
 2.216   96.7498
 2.215   96.7224
 2.215   96.6638
 2.214   96.7185
 2.213   96.6873
 2.212   96.5740
 2.211   96.5427
 2.210   96.6443
 2.209   96.6638
 2.208   96.5701
 2.207   96.7029
 2.206   96.5974
 2.205   96.6755
 2.204   96.6873
 2.203   96.6794
 2.202   96.8005
 2.201   96.7302
 2.200   96.6560
 2.199   96.6873
 2.199   96.7419
 2.198   96.7537
 2.197   96.7068
 2.196   96.7419
 2.195   96.7107
 2.194   96.7771
 2.193   96.7693
 2.192   96.7693
 2.191   96.7654
 2.190   96.5818
 2.189   96.5974
 2.188   96.7029
 2.187   96.7966
 2.186   96.7029
 2.186   96.6873
 2.185   96.6716
 2.184   96.7810
 2.183   96.7146
 2.182   96.5349
 2.181   96.4138
 2.180   96.6169
 2.179   96.5466
 2.178   96.5544
 2.177   96.4099
 2.176   96.4763
 2.175   96.5544
 2.175   96.6248
 2.174   96.6560
 2.173   96.5857
 2.172   96.7732
 2.171   96.7810
 2.170   96.7537
 2.169   96.7029
 2.168   96.6716
 2.167   96.8279
 2.166   96.6599
 2.165   96.5974
 2.165   96.8279
 2.164   96.8044
 2.163   96.8240
 2.162   96.9451
 2.161   96.6560
 2.160   96.7341
 2.159   96.7849
 2.158   96.8982
 2.157   96.7693
 2.156   96.7185
 2.156   96.8435
 2.155   96.7380
 2.154   96.6013
 2.153   96.4255
 2.152   96.5818
 2.151   96.5818
 2.150   96.4685
 2.149   96.3318
 2.148   96.3435
 2.148   96.3943
 2.147   96.4607
 2.146   96.5662
 2.145   96.6873
 2.144   96.7029
 2.143   96.7068
 2.142   96.7185
 2.141   96.7068
 2.140   96.8513
 2.140   96.8357
 2.139   96.5349
 2.138   96.4919
 2.137   96.6482
 2.136   96.6560
 2.135   96.7732
 2.134   96.6404
 2.133   96.5349
 2.133   96.4294
 2.132   96.6560
 2.131   96.6794
 2.130   96.6287
 2.129   96.5505
 2.128   96.5701
 2.127   96.7537
 2.126   96.4919
 2.126   96.4568
 2.125   96.5701
 2.124   96.4529
 2.123   96.3435
 2.122   96.4294
 2.121   96.6287
 2.120   96.7966
 2.119   96.8044
 2.119   96.6716
 2.118   96.6287
 2.117   96.8123
 2.116   96.6169
 2.115   96.5232
 2.114   96.5935
 2.113   96.7185
 2.113   96.6404
 2.112   96.8162
 2.111   96.8201
 2.110   96.6013
 2.109   96.4998
 2.108   96.6482
 2.107   96.7224
 2.107   96.5623
 2.106   96.2732
 2.105   96.2107
 2.104   96.3044
 2.103   96.2849
 2.102   96.3787
 2.101   96.6599
 2.101   96.6091
 2.100   96.6873
 2.099   96.5232
 2.098   96.6130
 2.097   96.6599
 2.096   96.7693
 2.095   96.8201
 2.095   96.4998
 2.094   96.5349
 2.093   96.8005
 2.092   96.8943
 2.091   96.6013
 2.090   96.8123
 2.090   96.7068
 2.089   96.6443
 2.088   96.4880
 2.087   96.7693
 2.086   96.8162
 2.085   96.6912
 2.085   96.6873
 2.084   96.5935
 2.083   96.6912
 2.082   96.7068
 2.081   96.4568
 2.080   96.2263
 2.079   96.2263
