Name: Gypsum (selenite) CaSO4.2H2O
Type:  Mineral
Class:   Sulfates
Subclass: 
Particle Size:  Solid
Sample No.:  gypsum.2
Owner:  JHU
Wavelength Range:  IR
Origin: Washington Co., Vermont, from Hunt and Salisbury Collection 
#333B.
Description: The sample appears to be pure semi-transparent 
gypsum.




Measurement:  Bidirectional reflectance 
First Column:  X
Second Column:  Y  
X Units:  Wavelength (micrometers)
Y Units:  Reflectance (percent)
First X Value:  25.0442
Last X Value:  2.079
Number of X Values:  2287
Additional Information:  gypsum2a.txt
25.044   15.4843
24.924   15.5625
24.805   15.6132
24.686   15.6191
24.569   15.5644
24.454   15.5996
24.339   15.6425
24.225   15.6425
24.112   15.6523
24.001   15.6777
23.890   15.6777
23.781   15.7578
23.672   15.8564
23.564   15.9541
23.458   16.0937
23.352   16.2207
23.247   16.3945
23.144   16.5752
23.041   16.7519
22.939   16.9199
22.838   17.1181
22.738   17.3437
22.638   17.5507
22.540   17.8007
22.442   18.0322
22.345   18.1972
22.250   18.2626
22.154   18.5166
22.060   19.0117
21.967   19.3535
21.874   19.6220
21.782   19.8769
21.691   20.1181
21.601   20.3300
21.511   20.5302
21.422   20.6943
21.334   20.8554
21.247   20.9843
21.160   21.1015
21.074   21.1757
20.988   21.2197
20.904   21.2314
20.820   21.2226
20.737   21.2133
20.654   21.2036
20.572   21.2050
20.491   21.1762
20.410   21.1289
20.330   21.0585
20.251   20.9472
20.172   20.8281
20.094   20.6840
20.016   20.5273
19.939   20.3476
19.863   20.1308
19.787   19.9101
19.712   19.6684
19.637   19.4062
19.563   19.1372
19.489   18.8681
19.416   18.5976
19.344   18.2993
19.272   17.9985
19.201   17.6918
19.130   17.3740
19.059   17.0493
18.990   16.7216
18.920   16.4101
18.851   16.0835
18.783   15.7475
18.715   15.4145
18.648   15.0942
18.581   14.7822
18.515   14.4868
18.449   14.1967
18.384   13.9160
18.319   13.6611
18.254   13.4360
18.190   13.2465
18.126   13.0923
18.063   12.9736
18.001   12.9028
17.938   12.8794
17.876   12.8911
17.815   12.9394
17.754   12.9907
17.693   13.0527
17.633   13.1264
17.573   13.2256
17.514   13.3496
17.455   13.4970
17.396   13.6728
17.338   13.8657
17.280   14.1079
17.223   14.4008
17.166   14.7382
17.109   15.1399
17.053   15.6037
16.997   16.1447
16.942   16.7697
16.886   17.4917
16.832   18.3046
16.777   19.2060
16.723   20.1594
16.669   21.0959
16.616   21.8957
16.563   22.3974
16.510   22.4550
16.458   21.9658
16.406   20.8605
16.354   19.2148
16.302   17.1757
16.251   15.0031
16.200   12.9953
16.150   11.3283
16.100   10.0576
16.050    9.1750
16.000    8.6377
15.951    8.3616
15.902    8.2629
15.854    8.2834
15.805    8.3706
15.757    8.5071
15.710    8.6738
15.662    8.8615
15.615    9.0666
15.568    9.3039
15.521    9.5605
15.475    9.8633
15.429   10.2209
15.383   10.6499
15.338   11.1684
15.292   11.8156
15.248   12.6242
15.203   13.6699
15.158   15.0373
15.114   16.8615
15.070   19.3029
15.027   22.3242
14.983   25.4455
14.940   27.9321
14.897   29.4377
14.854   30.1808
14.812   30.3332
14.770   30.0119
14.728   29.2629
14.686   28.1105
14.645   26.5610
14.603   24.6401
14.562   22.3979
14.521   19.9936
14.481   17.6018
14.441   15.4057
14.400   13.5051
14.361   11.9555
14.321   10.7500
14.281    9.8615
14.242    9.2329
14.203    8.7978
14.164    8.5102
14.126    8.3191
14.087    8.1953
14.049    8.1125
14.011    8.0654
13.973    8.0434
13.936    8.0432
13.899    8.0539
13.861    8.0764
13.824    8.1028
13.788    8.1369
13.751    8.1760
13.715    8.2131
13.679    8.2561
13.643    8.2934
13.607    8.3332
13.571    8.3816
13.536    8.4292
13.500    8.4719
13.465    8.5158
13.430    8.5581
13.396    8.6030
13.361    8.6479
13.327    8.6845
13.293    8.7199
13.259    8.7636
13.225    8.7998
13.191    8.8379
13.158    8.8760
13.124    8.9104
13.091    8.9416
13.058    8.9736
13.026    9.0063
12.993    9.0503
12.960    9.1045
12.928    9.1567
12.896    9.2070
12.864    9.2512
12.832    9.2978
12.800    9.3445
12.769    9.3904
12.737    9.4306
12.706    9.4739
12.675    9.5132
12.644    9.5493
12.614    9.5832
12.583    9.6106
12.552    9.6374
12.522    9.6587
12.492    9.6848
12.462    9.7114
12.432    9.7422
12.402    9.7776
12.373    9.8110
12.343    9.8503
12.314    9.8913
12.285    9.9333
12.256    9.9697
12.227   10.0075
12.198   10.0410
12.169   10.0742
12.141   10.1072
12.113   10.1428
12.084   10.1799
12.056   10.2168
12.028   10.2502
12.000   10.2822
11.973   10.3139
11.945   10.3484
11.918   10.3784
11.890   10.4087
11.863   10.4389
11.836   10.4714
11.809   10.5005
11.782   10.5322
11.755   10.5622
11.729   10.5913
11.702   10.6238
11.676   10.6611
11.650   10.6928
11.624   10.7251
11.598   10.7590
11.572   10.7942
11.546   10.8252
11.520   10.8586
11.495   10.8960
11.469   10.9360
11.444   10.9721
11.419   11.0088
11.394   11.0420
11.369   11.0776
11.344   11.1172
11.319   11.1552
11.294   11.1914
11.270   11.2285
11.245   11.2666
11.221   11.3047
11.197   11.3432
11.173   11.3852
11.149   11.4301
11.125   11.4751
11.101   11.5195
11.077   11.5595
11.054   11.5998
11.030   11.6396
11.007   11.6821
10.983   11.7236
10.960   11.7646
10.937   11.8095
10.914   11.8523
10.891   11.8925
10.868   11.9345
10.846   11.9731
10.823   12.0129
10.800   12.0547
10.778   12.0937
10.755   12.1347
10.733   12.1755
10.711   12.2177
10.689   12.2583
10.667   12.3032
10.645   12.3442
10.623   12.3867
10.602   12.4301
10.580   12.4712
10.558   12.5132
10.537   12.5512
10.516   12.5913
10.494   12.6338
10.473   12.6757
10.452   12.7192
10.431   12.7617
10.410   12.8022
10.389   12.8437
10.368   12.8882
10.348   12.9306
10.327   12.9736
10.306   13.0210
10.286   13.0654
10.266   13.1106
10.245   13.1538
10.225   13.1865
10.205   13.2226
10.185   13.2754
10.165   13.3344
10.145   13.3911
10.125   13.4414
10.106   13.4931
10.086   13.5542
10.066   13.6196
10.047   13.6889
10.027   13.7573
10.008   13.8310
 9.989   13.9062
 9.970   13.9821
 9.950   14.0556
 9.931   14.1294
 9.912   14.2085
 9.893   14.2837
 9.875   14.3501
 9.856   14.4165
 9.837   14.4829
 9.818   14.5517
 9.800   14.6245
 9.781   14.7055
 9.763   14.7934
 9.745   14.8872
 9.726   14.9865
 9.708   15.0918
 9.690   15.2085
 9.672   15.3379
 9.654   15.4697
 9.636   15.6084
 9.618   15.7534
 9.600   15.9021
 9.583   16.0500
 9.565   16.2033
 9.547   16.3642
 9.530   16.5319
 9.512   16.7058
 9.495   16.8847
 9.477   17.0700
 9.460   17.2631
 9.443   17.4648
 9.426   17.6831
 9.409   17.9194
 9.392   18.1743
 9.375   18.4531
 9.358   18.7509
 9.341   19.0683
 9.324   19.3991
 9.307   19.7534
 9.291   20.1337
 9.274   20.5507
 9.257   21.0048
 9.241   21.5036
 9.224   22.0556
 9.208   22.6735
 9.192   23.3632
 9.175   24.1049
 9.159   24.9052
 9.143   25.7931
 9.127   26.7812
 9.111   27.8637
 9.095   29.0678
 9.079   30.4487
 9.063   32.0661
 9.047   33.9699
 9.032   36.1415
 9.016   38.4369
 9.000   40.6469
 8.985   42.6449
 8.969   44.4071
 8.954   45.9808
 8.938   47.4291
 8.923   48.8075
 8.907   50.1625
 8.892   51.5345
 8.877   52.9537
 8.862   54.4388
 8.847   56.0228
 8.832   57.7286
 8.817   59.5785
 8.802   61.5540
 8.787   63.5404
 8.772   65.4461
 8.757   67.1839
 8.742   68.6727
 8.728   69.8997
 8.713   70.8509
 8.698   71.5408
 8.684   72.0130
 8.669   72.3338
 8.655   72.5428
 8.640   72.6356
 8.626   72.6150
 8.612   72.4815
 8.597   72.2386
 8.583   71.8397
 8.569   71.1981
 8.555   70.1949
 8.541   68.7386
 8.527   66.8387
 8.513   64.6558
 8.499   62.4102
 8.485   60.2667
 8.471   58.2889
 8.457   56.5187
 8.443   54.9925
 8.430   53.8121
 8.416   53.0282
 8.402   52.5394
 8.389   52.1100
 8.375   51.5807
 8.362   50.8675
 8.348   49.9325
 8.335   48.7362
 8.321   47.2523
 8.308   45.4811
 8.295   43.4511
 8.281   41.2020
 8.268   38.7924
 8.255   36.2860
 8.242   33.7318
 8.229   31.1762
 8.216   28.6503
 8.203   26.1655
 8.190   23.7348
 8.177   21.3701
 8.164   19.0893
 8.151   16.9172
 8.138   14.8842
 8.126   13.0151
 8.113   11.3352
 8.100    9.8618
 8.088    8.6011
 8.075    7.5400
 8.062    6.6448
 8.050    5.8730
 8.037    5.1924
 8.025    4.5842
 8.013    4.0456
 8.000    3.5886
 7.988    3.2212
 7.976    2.9502
 7.963    2.7720
 7.951    2.6689
 7.939    2.6221
 7.927    2.6211
 7.915    2.6477
 7.903    2.6924
 7.891    2.7497
 7.879    2.8179
 7.867    2.8901
 7.855    2.9670
 7.843    3.0469
 7.831    3.1289
 7.819    3.2109
 7.807    3.2922
 7.796    3.3725
 7.784    3.4529
 7.772    3.5308
 7.761    3.6079
 7.749    3.6833
 7.738    3.7571
 7.726    3.8286
 7.715    3.9018
 7.703    3.9717
 7.692    4.0410
 7.680    4.1121
 7.669    4.1843
 7.658    4.2539
 7.646    4.3193
 7.635    4.3877
 7.624    4.4558
 7.613    4.5227
 7.601    4.5893
 7.590    4.6533
 7.579    4.7178
 7.568    4.7795
 7.557    4.8398
 7.546    4.8989
 7.535    4.9580
 7.524    5.0161
 7.513    5.0718
 7.502    5.1255
 7.492    5.1760
 7.481    5.2263
 7.470    5.2766
 7.459    5.3279
 7.448    5.3808
 7.438    5.4285
 7.427    5.4729
 7.417    5.5176
 7.406    5.5659
 7.395    5.6138
 7.385    5.6606
 7.374    5.7065
 7.364    5.7502
 7.353    5.7898
 7.343    5.8274
 7.333    5.8686
 7.322    5.9131
 7.312    5.9531
 7.302    5.9936
 7.291    6.0332
 7.281    6.0705
 7.271    6.1079
 7.261    6.1452
 7.251    6.1780
 7.240    6.2119
 7.230    6.2436
 7.220    6.2724
 7.210    6.2949
 7.200    6.3296
 7.190    6.3694
 7.180    6.3955
 7.170    6.4165
 7.160    6.4536
 7.151    6.4856
 7.141    6.5227
 7.131    6.5591
 7.121    6.5859
 7.111    6.6172
 7.102    6.6523
 7.092    6.6811
 7.082    6.7104
 7.073    6.7390
 7.063    6.7639
 7.053    6.7710
 7.044    6.7883
 7.034    6.8406
 7.025    6.8786
 7.015    6.9114
 7.006    6.9431
 6.996    6.9663
 6.987    6.9953
 6.977    7.0234
 6.968    7.0300
 6.959    7.0415
 6.949    7.0974
 6.940    7.1335
 6.931    7.1528
 6.921    7.1728
 6.912    7.1943
 6.903    7.2221
 6.894    7.2583
 6.885    7.2837
 6.876    7.2873
 6.866    7.2607
 6.857    7.2986
 6.848    7.3713
 6.839    7.4092
 6.830    7.4175
 6.821    7.4438
 6.812    7.4819
 6.803    7.4941
 6.794    7.4839
 6.786    7.5034
 6.777    7.5495
 6.768    7.5867
 6.759    7.6181
 6.750    7.6404
 6.741    7.6640
 6.733    7.6802
 6.724    7.6899
 6.715    7.6997
 6.707    7.7261
 6.698    7.7622
 6.689    7.7644
 6.681    7.7673
 6.672    7.8066
 6.663    7.8459
 6.655    7.8716
 6.646    7.8420
 6.638    7.8113
 6.629    7.8740
 6.621    7.9438
 6.612    7.9756
 6.604    8.0029
 6.596    8.0132
 6.587    8.0298
 6.579    8.0261
 6.571    8.0386
 6.562    8.0998
 6.554    8.1338
 6.546    8.1728
 6.537    8.2102
 6.529    8.2302
 6.521    8.2395
 6.513    8.2834
 6.505    8.2844
 6.496    8.2453
 6.488    8.2820
 6.480    8.3591
 6.472    8.4170
 6.464    8.4731
 6.456    8.5095
 6.448    8.5417
 6.440    8.5637
 6.432    8.5803
 6.424    8.5842
 6.416    8.5512
 6.408    8.6279
 6.400    8.7602
 6.392    8.8271
 6.384    8.8764
 6.377    8.9106
 6.369    8.9521
 6.361    9.0322
 6.353    9.0737
 6.345    9.0864
 6.338    9.1880
 6.330    9.3020
 6.322    9.3813
 6.314    9.4629
 6.307    9.5512
 6.299    9.6494
 6.291    9.7524
 6.284    9.8691
 6.276    9.9978
 6.269   10.1435
 6.261   10.3071
 6.254   10.4953
 6.246   10.7070
 6.238   10.9558
 6.231   11.2527
 6.223   11.6052
 6.216   12.0329
 6.209   12.5630
 6.201   13.2246
 6.194   13.9897
 6.186   14.8606
 6.179   15.8779
 6.172   16.6259
 6.164   16.6555
 6.157   15.8234
 6.150   14.1779
 6.142   11.9582
 6.135    9.6711
 6.128    7.7597
 6.121    6.4470
 6.113    5.7461
 6.106    5.5320
 6.099    5.5539
 6.092    5.6650
 6.085    5.8025
 6.078    5.9277
 6.070    6.0737
 6.063    6.2344
 6.056    6.3176
 6.049    6.3760
 6.042    6.5437
 6.035    6.6999
 6.028    6.8022
 6.021    6.8796
 6.014    6.9502
 6.007    7.0381
 6.000    7.1135
 5.993    7.1611
 5.986    7.2278
 5.979    7.3091
 5.973    7.3616
 5.966    7.4304
 5.959    7.5195
 5.952    7.5783
 5.945    7.5969
 5.938    7.5505
 5.932    7.5434
 5.925    7.5266
 5.918    7.4543
 5.911    7.4040
 5.905    7.3633
 5.898    7.3208
 5.891    7.3591
 5.884    7.3760
 5.878    7.4177
 5.871    7.5066
 5.864    7.5420
 5.858    7.5840
 5.851    7.6235
 5.845    7.6575
 5.838    7.6762
 5.831    7.6792
 5.825    7.6672
 5.818    7.7038
 5.812    7.7742
 5.805    7.8100
 5.799    7.8320
 5.792    7.8540
 5.786    7.8672
 5.779    7.8789
 5.773    7.8608
 5.767    7.8379
 5.760    7.8972
 5.754    7.9385
 5.747    7.9416
 5.741    7.9665
 5.735    7.9883
 5.728    8.0036
 5.722    8.0112
 5.716    8.0122
 5.709    8.0205
 5.703    8.0578
 5.697    8.0776
 5.691    8.0879
 5.684    8.1028
 5.678    8.1062
 5.672    8.1230
 5.666    8.1494
 5.660    8.1489
 5.653    8.1521
 5.647    8.1511
 5.641    8.1465
 5.635    8.1850
 5.629    8.2146
 5.623    8.2275
 5.617    8.2336
 5.611    8.2470
 5.604    8.2532
 5.598    8.2649
 5.592    8.2788
 5.586    8.2768
 5.580    8.2668
 5.574    8.2868
 5.568    8.3144
 5.562    8.3220
 5.556    8.3264
 5.550    8.3362
 5.545    8.3530
 5.539    8.3655
 5.533    8.3742
 5.527    8.3801
 5.521    8.3879
 5.515    8.4028
 5.509    8.4140
 5.503    8.4228
 5.498    8.4338
 5.492    8.4438
 5.486    8.4494
 5.480    8.4504
 5.474    8.4626
 5.469    8.4670
 5.463    8.4739
 5.457    8.4966
 5.451    8.5107
 5.446    8.5183
 5.440    8.5276
 5.434    8.5376
 5.428    8.5339
 5.423    8.5224
 5.417    8.5442
 5.411    8.5693
 5.406    8.5805
 5.400    8.5903
 5.395    8.5986
 5.389    8.6076
 5.383    8.6155
 5.378    8.6225
 5.372    8.6311
 5.367    8.6418
 5.361    8.6472
 5.356    8.6438
 5.350    8.6465
 5.344    8.6667
 5.339    8.6843
 5.333    8.6928
 5.328    8.7014
 5.323    8.7097
 5.317    8.7192
 5.312    8.7280
 5.306    8.7363
 5.301    8.7424
 5.295    8.7449
 5.290    8.7527
 5.285    8.7663
 5.279    8.7739
 5.274    8.7817
 5.268    8.7903
 5.263    8.7983
 5.258    8.8064
 5.252    8.8135
 5.247    8.8186
 5.242    8.8242
 5.237    8.8288
 5.231    8.8374
 5.226    8.8457
 5.221    8.8484
 5.215    8.8449
 5.210    8.8528
 5.205    8.8630
 5.200    8.8655
 5.195    8.8745
 5.189    8.8821
 5.184    8.8860
 5.179    8.8891
 5.174    8.8928
 5.169    8.8972
 5.163    8.9018
 5.158    8.9067
 5.153    8.9070
 5.148    8.9065
 5.143    8.9143
 5.138    8.9238
 5.133    8.9294
 5.128    8.9341
 5.123    8.9385
 5.118    8.9424
 5.113    8.9465
 5.108    8.9524
 5.103    8.9563
 5.097    8.9590
 5.092    8.9631
 5.087    8.9653
 5.083    8.9682
 5.078    8.9739
 5.073    8.9775
 5.068    8.9804
 5.063    8.9824
 5.058    8.9846
 5.053    8.9887
 5.048    8.9934
 5.043    8.9975
 5.038    9.0014
 5.033    9.0024
 5.028    9.0058
 5.023    9.0080
 5.019    9.0112
 5.014    9.0171
 5.009    9.0222
 5.004    9.0263
 4.999    9.0303
 4.994    9.0334
 4.990    9.0361
 4.985    9.0407
 4.980    9.0449
 4.975    9.0493
 4.970    9.0547
 4.966    9.0595
 4.961    9.0627
 4.956    9.0676
 4.951    9.0737
 4.947    9.0791
 4.942    9.0835
 4.937    9.0881
 4.933    9.0949
 4.928    9.1015
 4.923    9.1074
 4.919    9.1115
 4.914    9.1172
 4.909    9.1218
 4.905    9.1260
 4.900    9.1308
 4.895    9.1374
 4.891    9.1428
 4.886    9.1491
 4.882    9.1557
 4.877    9.1616
 4.872    9.1670
 4.868    9.1721
 4.863    9.1775
 4.859    9.1836
 4.854    9.1894
 4.850    9.1960
 4.845    9.2007
 4.840    9.2051
 4.836    9.2126
 4.831    9.2195
 4.827    9.2270
 4.822    9.2341
 4.818    9.2405
 4.814    9.2475
 4.809    9.2539
 4.805    9.2610
 4.800    9.2680
 4.796    9.2766
 4.791    9.2854
 4.787    9.2922
 4.782    9.2998
 4.778    9.3083
 4.774    9.3171
 4.769    9.3203
 4.765    9.3264
 4.760    9.3293
 4.756    9.3323
 4.752    9.3315
 4.747    9.3279
 4.743    9.3215
 4.739    9.3137
 4.734    9.3076
 4.730    9.3015
 4.726    9.3000
 4.721    9.2949
 4.717    9.2929
 4.713    9.2881
 4.709    9.2856
 4.704    9.2817
 4.700    9.2783
 4.696    9.2744
 4.692    9.2734
 4.687    9.2705
 4.683    9.2683
 4.679    9.2668
 4.675    9.2680
 4.670    9.2676
 4.666    9.2676
 4.662    9.2734
 4.658    9.2793
 4.654    9.2844
 4.649    9.2905
 4.645    9.2973
 4.641    9.3020
 4.637    9.3061
 4.633    9.3108
 4.629    9.3159
 4.625    9.3210
 4.620    9.3244
 4.616    9.3293
 4.612    9.3332
 4.608    9.3374
 4.604    9.3396
 4.600    9.3442
 4.596    9.3481
 4.592    9.3513
 4.588    9.3547
 4.584    9.3581
 4.580    9.3620
 4.576    9.3640
 4.572    9.3647
 4.568    9.3664
 4.564    9.3672
 4.560    9.3662
 4.555    9.3652
 4.551    9.3630
 4.548    9.3618
 4.544    9.3601
 4.540    9.3579
 4.536    9.3554
 4.532    9.3547
 4.528    9.3540
 4.524    9.3520
 4.520    9.3508
 4.516    9.3498
 4.512    9.3471
 4.508    9.3447
 4.504    9.3430
 4.500    9.3403
 4.496    9.3374
 4.492    9.3354
 4.488    9.3340
 4.485    9.3320
 4.481    9.3298
 4.477    9.3283
 4.473    9.3266
 4.469    9.3242
 4.465    9.3227
 4.461    9.3208
 4.458    9.3198
 4.454    9.3191
 4.450    9.3178
 4.446    9.3164
 4.442    9.3169
 4.438    9.3171
 4.435    9.3178
 4.431    9.3181
 4.427    9.3191
 4.423    9.3193
 4.420    9.3205
 4.416    9.3230
 4.412    9.3257
 4.408    9.3281
 4.405    9.3298
 4.401    9.3305
 4.397    9.3320
 4.393    9.3335
 4.390    9.3359
 4.386    9.3374
 4.382    9.3391
 4.379    9.3398
 4.375    9.3420
 4.371    9.3437
 4.367    9.3452
 4.364    9.3471
 4.360    9.3493
 4.356    9.3511
 4.353    9.3525
 4.349    9.3530
 4.345    9.3554
 4.342    9.3591
 4.338    9.3608
 4.335    9.3615
 4.331    9.3655
 4.327    9.3681
 4.324    9.3696
 4.320    9.3708
 4.317    9.3750
 4.313    9.3801
 4.309    9.3823
 4.306    9.3872
 4.302    9.3938
 4.299    9.3972
 4.295    9.4023
 4.292    9.4089
 4.288    9.4153
 4.284    9.4192
 4.281    9.4245
 4.277    9.4302
 4.274    9.4360
 4.270    9.4416
 4.267    9.4487
 4.263    9.4553
 4.260    9.4616
 4.256    9.4670
 4.253    9.4743
 4.249    9.4829
 4.246    9.4912
 4.242    9.4997
 4.239    9.5097
 4.235    9.5176
 4.232    9.5239
 4.229    9.5302
 4.225    9.5371
 4.222    9.5454
 4.218    9.5520
 4.215    9.5573
 4.211    9.5644
 4.208    9.5713
 4.205    9.5771
 4.201    9.5835
 4.198    9.5898
 4.194    9.5984
 4.191    9.6054
 4.188    9.6123
 4.184    9.6191
 4.181    9.6284
 4.177    9.6364
 4.174    9.6440
 4.171    9.6523
 4.167    9.6621
 4.164    9.6699
 4.161    9.6767
 4.157    9.6838
 4.154    9.6936
 4.151    9.7021
 4.147    9.7097
 4.144    9.7185
 4.141    9.7260
 4.137    9.7353
 4.134    9.7436
 4.131    9.7514
 4.128    9.7610
 4.124    9.7705
 4.121    9.7793
 4.118    9.7876
 4.114    9.7976
 4.111    9.8076
 4.108    9.8161
 4.105    9.8249
 4.101    9.8332
 4.098    9.8425
 4.095    9.8510
 4.092    9.8574
 4.088    9.8647
 4.085    9.8711
 4.082    9.8789
 4.079    9.8862
 4.076    9.8911
 4.072    9.8982
 4.069    9.9048
 4.066    9.9111
 4.063    9.9184
 4.060    9.9248
 4.056    9.9297
 4.053    9.9367
 4.050    9.9424
 4.047    9.9489
 4.044    9.9558
 4.041    9.9638
 4.038    9.9702
 4.034    9.9773
 4.031    9.9853
 4.028    9.9936
 4.025   10.0012
 4.022   10.0102
 4.019   10.0183
 4.016   10.0263
 4.013   10.0349
 4.009   10.0429
 4.006   10.0522
 4.003   10.0625
 4.000   10.0696
 3.997   10.0761
 3.994   10.0820
 3.991   10.0903
 3.988   10.0971
 3.985   10.1025
 3.982   10.1064
 3.979   10.1091
 3.976   10.1135
 3.973   10.1211
 3.969   10.1321
 3.966   10.1460
 3.963   10.1594
 3.960   10.1745
 3.957   10.1887
 3.954   10.2026
 3.951   10.2160
 3.948   10.2275
 3.945   10.2414
 3.942   10.2529
 3.939   10.2636
 3.936   10.2722
 3.933   10.2807
 3.930   10.2903
 3.927   10.3008
 3.924   10.3091
 3.921   10.3169
 3.918   10.3242
 3.916   10.3310
 3.913   10.3388
 3.910   10.3467
 3.907   10.3525
 3.904   10.3569
 3.901   10.3623
 3.898   10.3642
 3.895   10.3650
 3.892   10.3662
 3.889   10.3664
 3.886   10.3623
 3.883   10.3510
 3.880   10.3354
 3.877   10.3188
 3.875   10.3037
 3.872   10.2993
 3.869   10.3100
 3.866   10.3301
 3.863   10.3525
 3.860   10.3718
 3.857   10.3867
 3.854   10.3982
 3.852   10.4055
 3.849   10.4114
 3.846   10.4150
 3.843   10.4184
 3.840   10.4199
 3.837   10.4218
 3.834   10.4218
 3.832   10.4233
 3.829   10.4255
 3.826   10.4260
 3.823   10.4258
 3.820   10.4243
 3.817   10.4226
 3.815   10.4223
 3.812   10.4204
 3.809   10.4182
 3.806   10.4145
 3.803   10.4126
 3.801   10.4096
 3.798   10.4087
 3.795   10.4062
 3.792   10.4067
 3.790   10.4072
 3.787   10.4050
 3.784   10.4043
 3.781   10.4048
 3.779   10.4048
 3.776   10.4045
 3.773   10.4038
 3.770   10.4030
 3.768   10.4035
 3.765   10.4038
 3.762   10.4030
 3.759   10.4011
 3.757   10.4013
 3.754   10.3999
 3.751   10.3969
 3.748   10.3955
 3.746   10.3955
 3.743   10.3928
 3.740   10.3901
 3.738   10.3877
 3.735   10.3862
 3.732   10.3843
 3.730   10.3843
 3.727   10.3847
 3.724   10.3847
 3.722   10.3874
 3.719   10.3891
 3.716   10.3935
 3.714   10.3969
 3.711   10.3999
 3.708   10.4018
 3.706   10.4011
 3.703   10.4006
 3.700   10.3989
 3.698   10.3994
 3.695   10.3989
 3.692   10.3977
 3.690   10.3960
 3.687   10.3955
 3.685   10.3938
 3.682   10.3926
 3.679   10.3906
 3.677   10.3896
 3.674   10.3889
 3.671   10.3867
 3.669   10.3852
 3.666   10.3843
 3.664   10.3818
 3.661   10.3784
 3.659   10.3784
 3.656   10.3764
 3.653   10.3750
 3.651   10.3725
 3.648   10.3713
 3.646   10.3711
 3.643   10.3676
 3.641   10.3647
 3.638   10.3642
 3.635   10.3628
 3.633   10.3620
 3.630   10.3608
 3.628   10.3569
 3.625   10.3545
 3.623   10.3532
 3.620   10.3530
 3.618   10.3510
 3.615   10.3491
 3.613   10.3454
 3.610   10.3442
 3.608   10.3423
 3.605   10.3405
 3.603   10.3403
 3.600   10.3371
 3.598   10.3325
 3.595   10.3305
 3.593   10.3286
 3.590   10.3261
 3.588   10.3218
 3.585   10.3203
 3.583   10.3178
 3.580   10.3154
 3.578   10.3130
 3.575   10.3120
 3.573   10.3108
 3.570   10.3066
 3.568   10.3022
 3.565   10.3017
 3.563   10.2998
 3.561   10.2971
 3.558   10.2944
 3.556   10.2925
 3.553   10.2900
 3.551   10.2859
 3.548   10.2834
 3.546   10.2817
 3.544   10.2798
 3.541   10.2798
 3.539   10.2773
 3.536   10.2749
 3.534   10.2737
 3.531   10.2729
 3.529   10.2729
 3.527   10.2739
 3.524   10.2724
 3.522   10.2717
 3.519   10.2717
 3.517   10.2739
 3.515   10.2739
 3.512   10.2744
 3.510   10.2744
 3.508   10.2749
 3.505   10.2749
 3.503   10.2744
 3.500   10.2715
 3.498   10.2690
 3.496   10.2695
 3.493   10.2680
 3.491   10.2651
 3.489   10.2627
 3.486   10.2612
 3.484   10.2617
 3.482   10.2597
 3.479   10.2597
 3.477   10.2593
 3.475   10.2593
 3.472   10.2583
 3.470   10.2573
 3.468   10.2563
 3.465   10.2573
 3.463   10.2544
 3.461   10.2524
 3.458   10.2551
 3.456   10.2558
 3.454   10.2558
 3.452   10.2563
 3.449   10.2551
 3.447   10.2539
 3.445   10.2544
 3.442   10.2549
 3.440   10.2553
 3.438   10.2578
 3.435   10.2583
 3.433   10.2600
 3.431   10.2617
 3.429   10.2644
 3.426   10.2656
 3.424   10.2693
 3.422   10.2715
 3.420   10.2724
 3.417   10.2761
 3.415   10.2773
 3.413   10.2773
 3.411   10.2785
 3.408   10.2780
 3.406   10.2788
 3.404   10.2822
 3.402   10.2807
 3.399   10.2793
 3.397   10.2795
 3.395   10.2817
 3.393   10.2851
 3.391   10.2861
 3.388   10.2873
 3.386   10.2885
 3.384   10.2925
 3.382   10.2973
 3.380   10.3037
 3.377   10.3076
 3.375   10.3125
 3.373   10.3193
 3.371   10.3259
 3.369   10.3330
 3.366   10.3369
 3.364   10.3388
 3.362   10.3413
 3.360   10.3452
 3.358   10.3486
 3.355   10.3491
 3.353   10.3447
 3.351   10.3396
 3.349   10.3379
 3.347   10.3386
 3.345   10.3388
 3.342   10.3349
 3.340   10.3320
 3.338   10.3315
 3.336   10.3354
 3.334   10.3418
 3.332   10.3498
 3.330   10.3564
 3.327   10.3630
 3.325   10.3686
 3.323   10.3750
 3.321   10.3811
 3.319   10.3911
 3.317   10.4033
 3.315   10.4140
 3.313   10.4160
 3.310   10.4111
 3.308   10.4135
 3.306   10.4184
 3.304   10.4258
 3.302   10.4316
 3.300   10.4341
 3.298   10.4370
 3.296   10.4424
 3.294   10.4472
 3.292   10.4536
 3.289   10.4590
 3.287   10.4634
 3.285   10.4673
 3.283   10.4736
 3.281   10.4785
 3.279   10.4819
 3.277   10.4863
 3.275   10.4902
 3.273   10.4966
 3.271   10.5029
 3.269   10.5068
 3.267   10.5097
 3.265   10.5146
 3.263   10.5210
 3.260   10.5298
 3.258   10.5332
 3.256   10.5346
 3.254   10.5415
 3.252   10.5488
 3.250   10.5571
 3.248   10.5591
 3.246   10.5625
 3.244   10.5688
 3.242   10.5781
 3.240   10.5849
 3.238   10.5879
 3.236   10.5962
 3.234   10.6035
 3.232   10.6128
 3.230   10.6196
 3.228   10.6216
 3.226   10.6274
 3.224   10.6352
 3.222   10.6460
 3.220   10.6557
 3.218   10.6631
 3.216   10.6694
 3.214   10.6782
 3.212   10.6850
 3.210   10.6914
 3.208   10.7011
 3.206   10.7114
 3.204   10.7217
 3.202   10.7300
 3.200   10.7392
 3.198   10.7485
 3.196   10.7583
 3.194   10.7685
 3.192   10.7773
 3.190   10.7885
 3.188   10.7971
 3.186   10.8066
 3.184   10.8183
 3.182   10.8301
 3.180   10.8418
 3.179   10.8537
 3.177   10.8642
 3.175   10.8764
 3.173   10.8886
 3.171   10.9006
 3.169   10.9131
 3.167   10.9248
 3.165   10.9370
 3.163   10.9497
 3.161   10.9614
 3.159   10.9724
 3.157   10.9848
 3.155   10.9966
 3.153   11.0088
 3.151   11.0195
 3.150   11.0293
 3.148   11.0405
 3.146   11.0493
 3.144   11.0610
 3.142   11.0691
 3.140   11.0761
 3.138   11.0830
 3.136   11.0918
 3.134   11.1010
 3.132   11.1103
 3.131   11.1181
 3.129   11.1259
 3.127   11.1342
 3.125   11.1455
 3.123   11.1552
 3.121   11.1670
 3.119   11.1787
 3.117   11.1914
 3.115   11.2060
 3.114   11.2207
 3.112   11.2378
 3.110   11.2544
 3.108   11.2727
 3.106   11.2890
 3.104   11.3110
 3.102   11.3335
 3.101   11.3550
 3.099   11.3716
 3.097   11.3921
 3.095   11.4106
 3.093   11.4204
 3.091   11.4258
 3.089   11.4248
 3.088   11.4092
 3.086   11.3774
 3.084   11.3315
 3.082   11.2763
 3.080   11.2158
 3.078   11.1650
 3.077   11.1274
 3.075   11.1054
 3.073   11.1001
 3.071   11.1079
 3.069   11.1240
 3.068   11.1435
 3.066   11.1689
 3.064   11.1904
 3.062   11.2134
 3.060   11.2387
 3.058   11.2651
 3.057   11.2881
 3.055   11.3120
 3.053   11.3349
 3.051   11.3598
 3.050   11.3828
 3.048   11.4052
 3.046   11.4267
 3.044   11.4511
 3.042   11.4736
 3.041   11.4985
 3.039   11.5207
 3.037   11.5446
 3.035   11.5664
 3.033   11.5874
 3.032   11.6115
 3.030   11.6367
 3.028   11.6606
 3.026   11.6819
 3.025   11.7080
 3.023   11.7314
 3.021   11.7519
 3.019   11.7785
 3.018   11.8017
 3.016   11.8261
 3.014   11.8498
 3.012   11.8737
 3.011   11.8996
 3.009   11.9262
 3.007   11.9489
 3.005   11.9738
 3.004   11.9992
 3.002   12.0237
 3.000   12.0486
 2.998   12.0727
 2.997   12.0988
 2.995   12.1262
 2.993   12.1540
 2.991   12.1858
 2.990   12.2202
 2.988   12.2570
 2.986   12.2993
 2.985   12.3464
 2.983   12.3999
 2.981   12.4648
 2.979   12.5354
 2.978   12.6191
 2.976   12.7158
 2.974   12.8235
 2.973   12.9453
 2.971   13.0786
 2.969   13.2275
 2.967   13.3862
 2.966   13.5598
 2.964   13.7439
 2.962   13.9463
 2.961   14.1611
 2.959   14.3886
 2.957   14.6372
 2.956   14.8989
 2.954   15.1772
 2.952   15.4709
 2.951   15.7788
 2.949   16.0947
 2.947   16.4201
 2.946   16.7465
 2.944   17.0629
 2.942   17.3623
 2.941   17.6320
 2.939   17.8598
 2.937   18.0361
 2.936   18.1511
 2.934   18.1918
 2.932   18.1545
 2.931   18.0366
 2.929   17.8432
 2.927   17.5761
 2.926   17.2421
 2.924   16.8466
 2.922   16.3969
 2.921   15.9050
 2.919   15.3798
 2.917   14.8247
 2.916   14.2546
 2.914   13.6801
 2.912   13.1113
 2.911   12.5551
 2.909   12.0197
 2.908   11.5117
 2.906   11.0371
 2.904   10.5959
 2.903   10.1948
 2.901    9.8298
 2.899    9.5080
 2.898    9.2261
 2.896    8.9822
 2.895    8.7732
 2.893    8.5945
 2.891    8.4419
 2.890    8.3215
 2.888    8.2231
 2.887    8.1430
 2.885    8.0813
 2.883    8.0317
 2.882    7.9936
 2.880    7.9660
 2.878    7.9431
 2.877    7.9284
 2.875    7.9126
 2.874    7.9021
 2.872    7.8877
 2.871    7.8786
 2.869    7.8669
 2.867    7.8581
 2.866    7.8501
 2.864    7.8476
 2.863    7.8493
 2.861    7.8594
 2.859    7.8813
 2.858    7.9096
 2.856    7.9429
 2.855    7.9856
 2.853    8.0315
 2.852    8.0830
 2.850    8.1328
 2.848    8.1826
 2.847    8.2346
 2.845    8.2866
 2.844    8.3379
 2.842    8.3872
 2.841    8.4343
 2.839    8.4814
 2.838    8.5268
 2.836    8.5757
 2.834    8.6272
 2.833    8.6806
 2.831    8.7344
 2.830    8.7893
 2.828    8.8430
 2.827    8.8999
 2.825    8.9573
 2.824    9.0190
 2.822    9.0781
 2.821    9.1362
 2.819    9.2014
 2.817    9.2719
 2.816    9.3352
 2.814    9.4004
 2.813    9.4643
 2.811    9.5251
 2.810    9.5801
 2.808    9.6301
 2.807    9.6745
 2.805    9.7031
 2.804    9.7151
 2.802    9.7351
 2.801    9.7578
 2.799    9.7578
 2.798    9.7375
 2.796    9.7026
 2.795    9.6533
 2.793    9.5901
 2.792    9.5195
 2.790    9.4345
 2.789    9.3310
 2.787    9.2275
 2.786    9.1472
 2.784    9.0620
 2.783    8.9624
 2.781    8.8701
 2.780    8.7846
 2.778    8.7004
 2.777    8.6213
 2.775    8.5520
 2.774    8.4792
 2.772    8.4062
 2.771    8.3371
 2.769    8.2939
 2.768    8.2549
 2.766    8.2229
 2.765    8.1875
 2.763    8.1499
 2.762    8.1382
 2.760    8.1426
 2.759    8.1360
 2.758    8.1142
 2.756    8.0754
 2.755    8.0898
 2.753    8.1301
 2.752    8.1440
 2.750    8.1594
 2.749    8.1758
 2.747    8.1887
 2.746    8.2041
 2.744    8.2190
 2.743    8.2202
 2.741    8.2026
 2.740    8.2016
 2.739    8.2434
 2.737    8.2893
 2.736    8.2961
 2.734    8.3144
 2.733    8.3489
 2.731    8.3667
 2.730    8.3840
 2.729    8.3996
 2.727    8.4021
 2.726    8.3801
 2.724    8.3774
 2.723    8.4111
 2.721    8.4018
 2.720    8.4121
 2.718    8.4668
 2.717    8.4946
 2.716    8.5127
 2.714    8.5244
 2.713    8.5171
 2.711    8.4866
 2.710    8.5049
 2.709    8.5481
 2.707    8.5786
 2.706    8.5913
 2.704    8.6028
 2.703    8.6074
 2.701    8.6094
 2.700    8.6235
 2.699    8.6399
 2.697    8.6428
 2.696    8.6330
 2.694    8.6191
 2.693    8.6362
 2.692    8.6701
 2.690    8.6865
 2.689    8.6919
 2.687    8.6965
 2.686    8.7011
 2.685    8.7073
 2.683    8.7109
 2.682    8.7239
 2.681    8.7187
 2.679    8.6997
 2.678    8.6968
 2.676    8.6958
 2.675    8.7295
 2.674    8.7549
 2.672    8.7353
 2.671    8.6719
 2.669    8.6965
 2.668    8.7265
 2.667    8.6997
 2.665    8.7026
 2.664    8.7510
 2.663    8.7934
 2.661    8.7978
 2.660    8.7993
 2.659    8.8120
 2.657    8.8247
 2.656    8.8183
 2.654    8.8225
 2.653    8.8203
 2.652    8.8301
 2.650    8.8479
 2.649    8.8554
 2.648    8.8525
 2.646    8.8471
 2.645    8.8535
 2.644    8.8657
 2.642    8.8672
 2.641    8.8725
 2.640    8.8791
 2.638    8.8850
 2.637    8.8882
 2.636    8.8847
 2.634    8.8774
 2.633    8.8811
 2.632    8.8537
 2.630    8.8352
 2.629    8.8752
 2.628    8.8762
 2.626    8.8723
 2.625    8.9072
 2.624    8.9204
 2.622    8.9072
 2.621    8.8674
 2.620    8.8803
 2.618    8.8960
 2.617    8.8782
 2.616    8.9065
 2.614    8.9336
 2.613    8.9377
 2.612    8.9446
 2.610    8.9345
 2.609    8.9289
 2.608    8.9277
 2.606    8.8999
 2.605    8.8935
 2.604    8.9311
 2.602    8.9472
 2.601    8.9590
 2.600    8.9717
 2.599    8.9785
 2.597    8.9531
 2.596    8.8862
 2.595    8.8545
 2.593    8.9238
 2.592    8.9814
 2.591    8.9897
 2.589    8.9858
 2.588    8.9797
 2.587    8.9807
 2.586    8.9883
 2.584    8.9670
 2.583    8.9797
 2.582    9.0029
 2.580    9.0119
 2.579    9.0256
 2.578    9.0151
 2.577    9.0151
 2.575    9.0239
 2.574    9.0102
 2.573    9.0156
 2.572    9.0373
 2.570    9.0285
 2.569    9.0344
 2.568    9.0566
 2.566    9.0591
 2.565    9.0425
 2.564    9.0324
 2.563    9.0315
 2.561    9.0337
 2.560    9.0566
 2.559    9.0757
 2.558    9.0852
 2.556    9.0874
 2.555    9.0862
 2.554    9.0820
 2.553    9.0791
 2.551    9.0832
 2.550    9.0910
 2.549    9.0952
 2.547    9.0969
 2.546    9.1045
 2.545    9.1076
 2.544    9.1030
 2.542    9.1057
 2.541    9.1128
 2.540    9.1181
 2.539    9.1225
 2.538    9.1223
 2.536    9.1194
 2.535    9.1291
 2.534    9.1272
 2.533    9.1269
 2.531    9.1318
 2.530    9.1401
 2.529    9.1428
 2.528    9.1440
 2.526    9.1467
 2.525    9.1477
 2.524    9.1484
 2.523    9.1518
 2.521    9.1572
 2.520    9.1572
 2.519    9.1577
 2.518    9.1577
 2.517    9.1594
 2.515    9.1621
 2.514    9.1653
 2.513    9.1675
 2.512    9.1704
 2.510    9.1714
 2.509    9.1731
 2.508    9.1731
 2.507    9.1753
 2.506    9.1758
 2.504    9.1740
 2.503    9.1753
 2.502    9.1762
 2.501    9.1787
 2.500    9.1767
 2.498    9.1787
 2.497    9.1809
 2.496    9.1782
 2.495    9.1826
 2.494    9.1858
 2.492    9.1836
 2.491    9.1816
 2.490    9.1828
 2.489    9.1819
 2.488    9.1809
 2.486    9.1799
 2.485    9.1826
 2.484    9.1838
 2.483    9.1828
 2.482    9.1867
 2.480    9.1848
 2.479    9.1836
 2.478    9.1828
 2.477    9.1826
 2.476    9.1826
 2.475    9.1816
 2.473    9.1809
 2.472    9.1782
 2.471    9.1809
 2.470    9.1826
 2.469    9.1819
 2.467    9.1855
 2.466    9.1855
 2.465    9.1826
 2.464    9.1836
 2.463    9.1828
 2.462    9.1816
 2.460    9.1821
 2.459    9.1806
 2.458    9.1860
 2.457    9.1855
 2.456    9.1826
 2.455    9.1836
 2.453    9.1855
 2.452    9.1858
 2.451    9.1875
 2.450    9.1877
 2.449    9.1858
 2.448    9.1875
 2.447    9.1885
 2.445    9.1848
 2.444    9.1858
 2.443    9.1855
 2.442    9.1897
 2.441    9.1909
 2.440    9.1887
 2.438    9.1870
 2.437    9.1887
 2.436    9.1894
 2.435    9.1894
 2.434    9.1907
 2.433    9.1946
 2.432    9.1946
 2.430    9.1963
 2.429    9.1933
 2.428    9.1946
 2.427    9.1972
 2.426    9.1943
 2.425    9.1963
 2.424    9.1963
 2.423    9.1997
 2.421    9.2031
 2.420    9.2041
 2.419    9.2014
 2.418    9.2060
 2.417    9.2060
 2.416    9.2063
 2.415    9.2060
 2.413    9.2092
 2.412    9.2138
 2.411    9.2158
 2.410    9.2168
 2.409    9.2202
 2.408    9.2209
 2.407    9.2261
 2.406    9.2297
 2.405    9.2314
 2.403    9.2334
 2.402    9.2363
 2.401    9.2422
 2.400    9.2453
 2.399    9.2510
 2.398    9.2563
 2.397    9.2632
 2.396    9.2668
 2.395    9.2727
 2.393    9.2795
 2.392    9.2861
 2.391    9.2900
 2.390    9.2951
 2.389    9.3027
 2.388    9.3066
 2.387    9.3137
 2.386    9.3222
 2.385    9.3359
 2.384    9.3437
 2.382    9.3486
 2.381    9.3525
 2.380    9.3606
 2.379    9.3664
 2.378    9.3791
 2.377    9.3869
 2.376    9.3977
 2.375    9.4094
 2.374    9.4162
 2.373    9.4248
 2.372    9.4287
 2.370    9.4375
 2.369    9.4521
 2.368    9.4658
 2.367    9.4699
 2.366    9.4785
 2.365    9.4883
 2.364    9.4973
 2.363    9.5058
 2.362    9.5185
 2.361    9.5246
 2.360    9.5354
 2.359    9.5461
 2.358    9.5559
 2.356    9.5644
 2.355    9.5744
 2.354    9.5820
 2.353    9.5910
 2.352    9.5947
 2.351    9.6018
 2.350    9.6164
 2.349    9.6252
 2.348    9.6311
 2.347    9.6438
 2.346    9.6526
 2.345    9.6582
 2.344    9.6640
 2.343    9.6743
 2.342    9.6802
 2.340    9.6889
 2.339    9.6948
 2.338    9.6992
 2.337    9.7085
 2.336    9.7187
 2.335    9.7226
 2.334    9.7304
 2.333    9.7324
 2.332    9.7368
 2.331    9.7470
 2.330    9.7568
 2.329    9.7597
 2.328    9.7636
 2.327    9.7710
 2.326    9.7763
 2.325    9.7802
 2.324    9.7807
 2.323    9.7793
 2.322    9.7842
 2.321    9.7895
 2.320    9.7881
 2.318    9.7915
 2.317    9.7939
 2.316    9.7915
 2.315    9.7939
 2.314    9.7954
 2.313    9.7993
 2.312    9.7968
 2.311    9.7973
 2.310    9.7905
 2.309    9.7934
 2.308    9.7949
 2.307    9.7920
 2.306    9.7905
 2.305    9.7881
 2.304    9.7876
 2.303    9.7856
 2.302    9.7876
 2.301    9.7890
 2.300    9.7851
 2.299    9.7842
 2.298    9.7788
 2.297    9.7763
 2.296    9.7724
 2.295    9.7680
 2.294    9.7680
 2.293    9.7676
 2.292    9.7632
 2.291    9.7558
 2.290    9.7485
 2.289    9.7470
 2.288    9.7422
 2.287    9.7339
 2.286    9.7285
 2.285    9.7246
 2.284    9.7173
 2.283    9.7109
 2.282    9.7026
 2.281    9.6924
 2.280    9.6875
 2.279    9.6758
 2.278    9.6645
 2.277    9.6562
 2.276    9.6469
 2.275    9.6391
 2.274    9.6269
 2.273    9.6216
 2.272    9.6152
 2.271    9.6103
 2.270    9.6084
 2.269    9.6074
 2.268    9.6079
 2.267    9.6064
 2.266    9.6030
 2.265    9.6084
 2.264    9.6113
 2.263    9.6162
 2.262    9.6230
 2.261    9.6250
 2.260    9.6303
 2.259    9.6396
 2.258    9.6440
 2.257    9.6484
 2.256    9.6548
 2.255    9.6562
 2.254    9.6538
 2.253    9.6621
 2.252    9.6626
 2.251    9.6699
 2.250    9.6714
 2.249    9.6728
 2.248    9.6767
 2.247    9.6816
 2.246    9.6797
 2.245    9.6806
 2.244    9.6792
 2.243    9.6777
 2.242    9.6748
 2.241    9.6806
 2.240    9.6802
 2.239    9.6762
 2.238    9.6679
 2.237    9.6621
 2.236    9.6640
 2.236    9.6635
 2.235    9.6582
 2.234    9.6533
 2.233    9.6455
 2.232    9.6391
 2.231    9.6299
 2.230    9.6264
 2.229    9.6137
 2.228    9.6045
 2.227    9.5962
 2.226    9.5849
 2.225    9.5761
 2.224    9.5708
 2.223    9.5566
 2.222    9.5532
 2.221    9.5454
 2.220    9.5381
 2.219    9.5356
 2.218    9.5395
 2.217    9.5415
 2.216    9.5415
 2.215    9.5473
 2.215    9.5512
 2.214    9.5630
 2.213    9.5713
 2.212    9.5791
 2.211    9.5849
 2.210    9.5927
 2.209    9.5952
 2.208    9.6040
 2.207    9.6172
 2.206    9.6240
 2.205    9.6279
 2.204    9.6338
 2.203    9.6411
 2.202    9.6489
 2.201    9.6528
 2.200    9.6592
 2.199    9.6660
 2.199    9.6772
 2.198    9.6802
 2.197    9.6841
 2.196    9.6841
 2.195    9.6899
 2.194    9.6958
 2.193    9.7011
 2.192    9.7036
 2.191    9.7021
 2.190    9.7060
 2.189    9.7129
 2.188    9.7153
 2.187    9.7207
 2.186    9.7231
 2.186    9.7251
 2.185    9.7256
 2.184    9.7217
 2.183    9.7212
 2.182    9.7270
 2.181    9.7290
 2.180    9.7309
 2.179    9.7348
 2.178    9.7402
 2.177    9.7344
 2.176    9.7344
 2.175    9.7407
 2.175    9.7480
 2.174    9.7505
 2.173    9.7544
 2.172    9.7558
 2.171    9.7617
 2.170    9.7680
 2.169    9.7695
 2.168    9.7705
 2.167    9.7783
 2.166    9.7871
 2.165    9.7890
 2.165    9.7934
 2.164    9.7993
 2.163    9.8052
 2.162    9.8149
 2.161    9.8208
 2.160    9.8271
 2.159    9.8349
 2.158    9.8369
 2.157    9.8403
 2.156    9.8418
 2.156    9.8501
 2.155    9.8545
 2.154    9.8584
 2.153    9.8633
 2.152    9.8691
 2.151    9.8799
 2.150    9.8867
 2.149    9.8916
 2.148    9.8955
 2.148    9.8974
 2.147    9.8994
 2.146    9.9082
 2.145    9.9126
 2.144    9.9160
 2.143    9.9179
 2.142    9.9238
 2.141    9.9277
 2.140    9.9385
 2.140    9.9394
 2.139    9.9399
 2.138    9.9443
 2.137    9.9472
 2.136    9.9536
 2.135    9.9594
 2.134    9.9668
 2.133    9.9648
 2.133    9.9707
 2.132    9.9804
 2.131    9.9814
 2.130    9.9912
 2.129    9.9941
 2.128   10.0005
 2.127   10.0083
 2.126   10.0205
 2.126   10.0239
 2.125   10.0293
 2.124   10.0371
 2.123   10.0508
 2.122   10.0586
 2.121   10.0693
 2.120   10.0747
 2.119   10.0844
 2.119   10.0986
 2.118   10.1045
 2.117   10.1162
 2.116   10.1240
 2.115   10.1308
 2.114   10.1411
 2.113   10.1626
 2.113   10.1665
 2.112   10.1743
 2.111   10.1826
 2.110   10.1880
 2.109   10.1997
 2.108   10.2109
 2.107   10.2231
 2.107   10.2348
 2.106   10.2470
 2.105   10.2524
 2.104   10.2641
 2.103   10.2783
 2.102   10.2890
 2.101   10.2978
 2.101   10.3105
 2.100   10.3188
 2.099   10.3266
 2.098   10.3379
 2.097   10.3423
 2.096   10.3486
 2.095   10.3613
 2.095   10.3740
 2.094   10.3852
 2.093   10.3886
 2.092   10.3969
 2.091   10.4067
 2.090   10.4165
 2.090   10.4243
 2.089   10.4345
 2.088   10.4394
 2.087   10.4414
 2.086   10.4575
 2.085   10.4634
 2.085   10.4614
 2.084   10.4609
 2.083   10.4648
 2.082   10.4692
 2.081   10.4697
 2.080   10.4726
 2.079   10.4770
