Name: Topaz Al2SiO4(F,OH)2
Type:  Mineral
Class:  Silicates 
Subclass:   Nesosilicates (Isolated tetrahedra)
Particle Size:  Fine  (Less than 2 Micrometers)
Sample No.: topaz.1
Owner:  JHU
Wavelength Range:  IR
Origin:  Rhondonia, Brazil via Don Hoover, USGS

Description: The sample was a 1 cm x 1 cm x 1 cm fragment of a 
single crystal.  It was colorless and appeared free of fluid inclusions 
under the microscope (however, the presence of a CO2 band at 4.3 
micrometers in the infrared reflectance spectra of particulate 
samples shows that fluid inclusions are present).

Measurement:  Transmission 
First Column:  X
Second Column:  Y  
X Units:  Wavelength (micrometers)
Y Units:  Transmittance (percent)
First X Value:  25.0442
Last X Value:  2.079
Number of X Values:  2287
Additional Information:  topaz1a.txt

25.044   57.0936
24.924   61.4139
24.805   64.8592
24.686   67.0350
24.569   68.3319
24.454   68.6561
24.339   68.6404
24.225   67.9100
24.112   66.2576
24.001   63.9608
23.890   60.4842
23.781   56.1756
23.672   54.8710
23.564   57.6327
23.458   59.2655
23.352   58.3124
23.247   56.4452
23.144   54.0155
23.041   50.6815
22.939   47.1522
22.838   43.4452
22.738   39.3905
22.638   35.3280
22.540   31.1249
22.442   26.6562
22.345   22.4785
22.250   18.7910
22.154   16.1347
22.060   14.8007
21.967   14.5859
21.874   15.1914
21.782   16.5703
21.691   18.3593
21.601   20.6816
21.511   23.1406
21.422   25.5702
21.334   28.6034
21.247   31.7148
21.160   32.7206
21.074   30.9628
20.988   27.4023
20.904   23.7734
20.820   21.1093
20.737   19.9003
20.654   20.4863
20.572   23.3281
20.491   27.2616
20.410   30.6425
20.330   32.8398
20.251   34.0351
20.172   34.2538
20.094   33.7968
20.016   33.0097
19.939   32.5116
19.863   32.4277
19.787   32.7421
19.712   33.0741
19.637   33.2079
19.563   32.4775
19.489   31.1249
19.416   29.2851
19.344   27.4189
19.272   25.7236
19.201   24.5400
19.130   24.0283
19.059   24.2617
18.990   25.3105
18.920   27.2265
18.851   29.9853
18.783   33.3632
18.715   37.2851
18.648   41.6425
18.581   46.2665
18.515   50.7821
18.449   54.8846
18.384   58.3084
18.319   61.0086
18.254   62.5946
18.190   62.9217
18.126   61.9530
18.063   59.4823
18.001   55.2977
17.938   50.4667
17.876   46.4081
17.815   43.9823
17.754   43.1913
17.693   44.5751
17.633   48.1337
17.573   53.2704
17.514   58.3719
17.455   62.0506
17.396   63.5682
17.338   63.1756
17.280   60.9110
17.223   57.6727
17.166   54.7753
17.109   53.2626
17.053   53.2753
16.997   54.7811
16.942   57.2245
16.886   58.8924
16.832   58.6844
16.777   57.0604
16.723   54.3592
16.669   50.7694
16.616   46.4745
16.563   41.5370
16.510   36.2821
16.458   30.8847
16.406   25.5937
16.354   20.5449
16.302   16.1142
16.251   12.4863
16.200   10.0117
16.150    8.5791
16.100    7.9228
16.050    7.9228
16.000    8.4980
15.951    9.3926
15.902   10.4765
15.854   11.7158
15.805   13.2109
15.757   14.8398
15.710   16.5175
15.662   18.1367
15.615   19.7119
15.568   21.2539
15.521   22.5683
15.475   23.6572
15.429   24.5449
15.383   25.1572
15.338   25.6581
15.292   26.1093
15.248   26.6835
15.203   27.5917
15.158   29.0429
15.114   31.2216
15.070   34.1640
15.027   37.8251
14.983   42.0302
14.940   46.3436
14.897   50.4882
14.854   54.0555
14.812   56.8329
14.770   58.9276
14.728   60.5829
14.686   62.1580
14.645   63.9266
14.603   65.8074
14.562   67.5780
14.521   68.9344
14.481   70.0174
14.441   70.8885
14.400   71.3758
14.361   71.4891
14.321   71.2762
14.281   70.4217
14.242   69.0731
14.203   67.7459
14.164   66.8983
14.126   67.0106
14.087   68.3475
14.049   70.4451
14.011   72.5164
13.973   74.3084
13.936   75.6307
13.899   76.5965
13.861   77.2659
13.824   77.8401
13.788   78.3714
13.751   78.8113
13.715   79.2444
13.679   79.5935
13.643   79.7908
13.607   79.9319
13.571   80.0823
13.536   80.2029
13.500   80.3616
13.465   80.5232
13.430   80.6932
13.396   80.8147
13.361   80.8182
13.327   80.7771
13.293   80.7889
13.259   80.8318
13.225   80.8050
13.191   80.6409
13.158   80.4861
13.124   80.1175
13.091   79.5447
13.058   78.9158
13.026   78.3768
12.993   78.0809
12.960   78.2137
12.928   78.6233
12.896   79.1155
12.864   79.5096
12.832   79.6365
12.800   79.7347
12.769   79.7483
12.737   79.7366
12.706   79.5516
12.675   79.3367
12.644   79.0457
12.614   78.6551
12.583   78.1619
12.552   77.6858
12.522   77.1873
12.492   76.6487
12.462   76.0120
12.432   75.3973
12.402   74.7029
12.373   73.9510
12.343   73.1292
12.314   72.2444
12.285   71.1409
12.256   69.9256
12.227   68.6590
12.198   67.2127
12.169   65.5448
12.141   63.7235
12.113   61.8143
12.084   59.6864
12.056   57.4183
12.028   54.9159
12.000   52.1268
11.973   49.0546
11.945   45.7914
11.918   42.3422
11.890   38.8480
11.863   35.4198
11.836   32.2738
11.809   29.4340
11.782   27.0082
11.755   24.7577
11.729   22.5371
11.702   20.2407
11.676   17.8266
11.650   15.4375
11.624   13.1494
11.598   11.1489
11.572    9.4687
11.546    8.1269
11.520    7.0840
11.495    6.2578
11.469    5.6328
11.444    5.1465
11.419    4.7759
11.394    4.5766
11.369    4.5117
11.344    4.6230
11.319    4.8481
11.294    5.2754
11.270    5.8125
11.245    6.3652
11.221    6.8750
11.197    7.2134
11.173    7.4101
11.149    7.6269
11.125    7.8496
11.101    8.1528
11.077    8.6450
11.054    9.2759
11.030    9.9321
11.007   10.6045
10.983   11.2959
10.960   11.8203
10.937   12.3525
10.914   12.8779
10.891   13.4082
10.868   13.9848
10.846   14.5922
10.823   15.0962
10.800   15.4931
10.778   15.7968
10.755   16.0371
10.733   16.1904
10.711   16.3032
10.689   16.3896
10.667   16.4594
10.645   16.5727
10.623   16.6665
10.602   16.6503
10.580   16.5839
10.558   16.5937
10.537   16.6279
10.516   16.7602
10.494   16.9775
10.473   17.3818
10.452   17.9365
10.431   18.6445
10.410   19.5405
10.389   20.6625
10.368   21.9677
10.348   23.4731
10.327   25.1137
10.306   26.9360
10.286   28.8598
10.266   30.8193
10.245   32.6918
10.225   34.4228
10.205   35.9081
10.185   37.0731
10.165   37.9096
10.145   38.3769
10.125   38.4242
10.106   38.0199
10.086   37.1493
10.066   35.7567
10.047   34.0414
10.027   32.1996
10.008   30.5029
 9.989   29.2128
 9.970   28.5038
 9.950   28.3969
 9.931   28.7699
 9.912   29.5004
 9.893   30.5004
 9.875   31.6435
 9.856   32.8349
 9.837   33.9579
 9.818   34.9950
 9.800   35.9281
 9.781   36.7641
 9.763   37.5243
 9.745   38.1718
 9.726   38.7812
 9.708   39.3632
 9.690   39.9135
 9.672   40.4711
 9.654   41.0258
 9.636   41.6142
 9.618   42.2582
 9.600   42.8915
 9.583   43.5165
 9.565   44.1112
 9.547   44.6732
 9.530   45.2040
 9.512   45.6835
 9.495   46.1639
 9.477   46.6249
 9.460   47.0751
 9.443   47.4852
 9.426   47.8851
 9.409   48.2235
 9.392   48.5419
 9.375   48.8417
 9.358   49.1278
 9.341   49.3553
 9.324   49.5746
 9.307   49.7899
 9.291   50.0594
 9.274   50.3129
 9.257   50.5878
 9.241   50.8641
 9.224   51.1429
 9.208   51.4208
 9.192   51.7206
 9.175   52.0204
 9.159   52.3578
 9.143   52.7450
 9.127   53.1356
 9.111   53.5301
 9.095   53.9657
 9.079   54.4276
 9.063   54.8934
 9.047   55.3475
 9.032   55.8377
 9.016   56.2894
 9.000   56.7757
 8.985   57.2362
 8.969   57.7010
 8.954   58.1610
 8.938   58.6854
 8.923   59.1170
 8.907   59.5135
 8.892   59.8871
 8.877   60.2323
 8.862   60.5643
 8.847   60.8914
 8.832   61.1991
 8.817   61.5389
 8.802   61.8944
 8.787   62.2679
 8.772   62.6395
 8.757   62.9535
 8.742   63.2332
 8.728   63.4647
 8.713   63.6253
 8.698   63.6273
 8.684   63.3743
 8.669   62.7127
 8.655   61.6092
 8.640   59.9305
 8.626   57.7909
 8.612   55.6102
 8.597   54.1732
 8.583   54.0135
 8.569   55.3211
 8.555   57.7542
 8.541   60.5999
 8.527   63.2684
 8.513   65.5545
 8.499   67.4339
 8.485   68.8655
 8.471   70.0140
 8.457   71.0150
 8.443   71.9481
 8.430   72.7776
 8.416   73.6263
 8.402   74.4041
 8.389   75.1485
 8.375   75.8152
 8.362   76.5284
 8.348   77.1697
 8.335   77.7684
 8.321   78.3965
 8.308   79.0144
 8.295   79.6092
 8.281   80.1873
 8.268   80.7676
 8.255   81.2762
 8.242   81.7813
 8.229   82.3047
 8.216   82.7537
 8.203   83.1426
 8.190   83.5901
 8.177   83.9783
 8.164   84.3233
 8.151   84.6551
 8.138   85.0030
 8.126   85.2783
 8.113   85.5789
 8.100   85.8701
 8.088   86.1377
 8.075   86.3616
 8.062   86.6270
 8.050   86.8572
 8.037   87.0652
 8.025   87.2842
 8.013   87.4832
 8.000   87.6668
 7.988   87.8438
 7.976   88.0596
 7.963   88.2383
 7.951   88.4343
 7.939   88.6121
 7.927   88.7735
 7.915   88.9246
 7.903   89.1140
 7.891   89.2615
 7.879   89.3836
 7.867   89.4971
 7.855   89.6756
 7.843   89.7715
 7.831   89.8604
 7.819   89.9656
 7.807   90.0498
 7.796   90.1091
 7.784   90.1775
 7.772   90.2334
 7.761   90.2839
 7.749   90.4092
 7.738   90.5213
 7.726   90.5891
 7.715   90.6238
 7.703   90.7402
 7.692   90.7986
 7.680   90.8125
 7.669   90.8875
 7.658   90.9609
 7.646   90.9951
 7.635   91.0652
 7.624   91.1047
 7.613   91.1311
 7.601   91.1785
 7.590   91.2693
 7.579   91.3225
 7.568   91.3626
 7.557   91.4346
 7.546   91.4756
 7.535   91.5188
 7.524   91.5664
 7.513   91.6209
 7.502   91.6279
 7.492   91.6648
 7.481   91.7080
 7.470   91.7654
 7.459   91.7576
 7.448   91.8010
 7.438   91.8455
 7.427   91.8660
 7.417   91.8601
 7.406   91.8616
 7.395   91.8386
 7.385   91.8164
 7.374   91.8223
 7.364   91.8015
 7.353   91.8054
 7.343   91.8428
 7.333   91.8665
 7.322   91.8301
 7.312   91.8342
 7.302   91.8001
 7.291   91.7842
 7.281   91.7888
 7.271   91.7927
 7.261   91.7617
 7.251   91.7705
 7.240   91.7576
 7.230   91.7627
 7.220   91.7439
 7.210   91.6633
 7.200   91.5254
 7.190   91.3860
 7.180   91.3035
 7.170   91.2432
 7.160   91.0808
 7.151   90.9485
 7.141   90.8904
 7.131   90.8399
 7.121   90.8689
 7.111   90.9353
 7.102   91.0059
 7.092   91.0261
 7.082   91.0564
 7.073   91.0901
 7.063   91.1165
 7.053   91.1409
 7.044   91.2000
 7.034   91.1394
 7.025   91.1055
 7.015   91.0964
 7.006   91.1074
 6.996   91.0891
 6.987   91.0674
 6.977   91.0652
 6.968   91.0859
 6.959   91.1406
 6.949   91.1209
 6.940   91.0818
 6.931   91.0967
 6.921   91.1301
 6.912   91.1475
 6.903   91.1453
 6.894   91.1199
 6.885   91.1155
 6.876   91.1140
 6.866   91.2188
 6.857   91.2471
 6.848   91.1912
 6.839   91.1924
 6.830   91.3001
 6.821   91.3367
 6.812   91.3347
 6.803   91.4004
 6.794   91.5603
 6.786   91.6775
 6.777   91.7608
 6.768   91.8723
 6.759   91.9815
 6.750   92.1191
 6.741   92.2354
 6.733   92.3425
 6.724   92.4580
 6.715   92.5703
 6.707   92.6594
 6.698   92.7351
 6.689   92.8652
 6.681   93.0107
 6.672   93.0693
 6.663   93.1260
 6.655   93.1472
 6.646   93.2627
 6.638   93.4089
 6.629   93.4143
 6.621   93.3718
 6.612   93.3997
 6.604   93.4365
 6.596   93.4805
 6.587   93.5029
 6.579   93.5476
 6.571   93.6045
 6.562   93.5615
 6.554   93.5459
 6.546   93.5439
 6.537   93.5342
 6.529   93.5457
 6.521   93.5674
 6.513   93.5193
 6.505   93.5508
 6.496   93.6575
 6.488   93.6716
 6.480   93.5935
 6.472   93.5430
 6.464   93.4998
 6.456   93.5007
 6.448   93.4998
 6.440   93.4844
 6.432   93.4695
 6.424   93.4763
 6.416   93.5684
 6.408   93.5205
 6.400   93.3845
 6.392   93.3240
 6.384   93.2586
 6.377   93.2229
 6.369   93.1765
 6.361   93.0603
 6.353   92.9793
 6.345   93.0012
 6.338   92.8884
 6.330   92.7185
 6.322   92.6702
 6.314   92.6101
 6.307   92.5027
 6.299   92.3926
 6.291   92.3086
 6.284   92.1941
 6.276   92.1365
 6.269   92.0847
 6.261   92.0147
 6.254   91.9548
 6.246   91.9099
 6.238   91.8496
 6.231   91.7898
 6.223   91.7439
 6.216   91.6897
 6.209   91.6130
 6.201   91.5176
 6.194   91.4109
 6.186   91.3008
 6.179   91.0779
 6.172   90.7844
 6.164   90.5684
 6.157   90.3845
 6.150   90.2236
 6.142   90.1463
 6.135   90.1152
 6.128   90.1074
 6.121   90.1365
 6.113   90.1560
 6.106   90.1387
 6.099   90.1423
 6.092   90.2175
 6.085   90.2488
 6.078   90.3457
 6.070   90.4080
 6.063   90.3533
 6.056   90.3865
 6.049   90.5293
 6.042   90.4678
 6.035   90.3828
 6.028   90.4700
 6.021   90.6018
 6.014   90.7842
 6.007   90.9072
 6.000   91.0466
 5.993   91.2517
 5.986   91.4529
 5.979   91.6113
 5.973   91.8201
 5.966   92.0437
 5.959   92.2295
 5.952   92.4285
 5.945   92.6560
 5.938   92.9902
 5.932   93.2000
 5.925   93.3171
 5.918   93.5359
 5.911   93.7068
 5.905   93.8889
 5.898   94.1326
 5.891   94.2878
 5.884   94.4255
 5.878   94.6074
 5.871   94.6550
 5.864   94.7656
 5.858   94.8533
 5.851   94.9307
 5.845   94.9939
 5.838   95.0525
 5.831   95.1338
 5.825   95.2830
 5.818   95.3633
 5.812   95.3464
 5.805   95.4080
 5.799   95.4646
 5.792   95.5066
 5.786   95.5488
 5.779   95.5830
 5.773   95.6375
 5.767   95.7537
 5.760   95.7500
 5.754   95.7166
 5.747   95.7900
 5.741   95.8564
 5.735   95.8896
 5.728   95.9434
 5.722   95.9873
 5.716   96.0478
 5.709   96.0781
 5.703   96.0349
 5.697   96.0427
 5.691   96.0576
 5.684   96.0671
 5.678   96.1238
 5.672   96.1345
 5.666   96.0869
 5.660   96.1091
 5.653   96.1211
 5.647   96.1052
 5.641   96.1221
 5.635   96.0918
 5.629   96.0486
 5.623   96.0547
 5.617   96.0291
 5.611   95.9812
 5.604   95.9617
 5.598   95.9509
 5.592   95.8916
 5.586   95.8750
 5.580   95.8936
 5.574   95.8750
 5.568   95.8115
 5.562   95.7832
 5.556   95.7869
 5.550   95.7771
 5.545   95.7341
 5.539   95.7021
 5.533   95.7012
 5.527   95.7168
 5.521   95.7119
 5.515   95.6877
 5.509   95.6790
 5.503   95.7009
 5.498   95.7166
 5.492   95.7488
 5.486   95.7617
 5.480   95.8005
 5.474   95.8301
 5.469   95.8623
 5.463   95.8877
 5.457   95.8982
 5.451   95.9236
 5.446   95.9788
 5.440   96.0039
 5.434   95.9990
 5.428   96.0251
 5.423   96.0947
 5.417   96.0859
 5.411   96.0574
 5.406   96.0749
 5.400   96.0593
 5.395   96.0105
 5.389   95.9734
 5.383   95.9773
 5.378   95.9880
 5.372   96.0115
 5.367   96.0222
 5.361   96.0618
 5.356   96.1042
 5.350   96.1455
 5.344   96.1699
 5.339   96.1643
 5.333   96.1699
 5.328   96.1941
 5.323   96.2087
 5.317   96.2458
 5.312   96.3152
 5.306   96.3689
 5.301   96.3799
 5.295   96.3789
 5.290   96.3611
 5.285   96.3701
 5.279   96.3945
 5.274   96.4246
 5.268   96.4724
 5.263   96.5342
 5.258   96.5945
 5.252   96.6133
 5.247   96.6355
 5.242   96.6609
 5.237   96.7195
 5.231   96.7722
 5.226   96.7783
 5.221   96.7627
 5.215   96.8123
 5.210   96.8728
 5.205   96.9021
 5.200   96.8965
 5.195   96.9080
 5.189   96.9216
 5.184   96.9294
 5.179   96.9785
 5.174   97.0234
 5.169   97.0427
 5.163   97.0635
 5.158   97.0615
 5.153   97.0544
 5.148   97.0593
 5.143   97.0605
 5.138   97.0830
 5.133   97.0937
 5.128   97.0850
 5.123   97.1091
 5.118   97.1374
 5.113   97.1462
 5.108   97.1553
 5.103   97.1709
 5.097   97.1790
 5.092   97.1560
 5.087   97.1384
 5.083   97.1472
 5.078   97.1824
 5.073   97.2078
 5.068   97.2019
 5.063   97.1921
 5.058   97.2097
 5.053   97.2273
 5.048   97.2178
 5.043   97.2244
 5.038   97.2283
 5.033   97.2227
 5.028   97.2234
 5.023   97.2234
 5.019   97.2383
 5.014   97.2312
 5.009   97.2617
 5.004   97.2956
 4.999   97.3279
 4.994   97.3342
 4.990   97.3318
 4.985   97.3328
 4.980   97.3328
 4.975   97.3298
 4.970   97.3245
 4.966   97.3245
 4.961   97.3538
 4.956   97.3572
 4.951   97.3518
 4.947   97.3552
 4.942   97.3572
 4.937   97.3103
 4.933   97.2830
 4.928   97.2932
 4.923   97.3323
 4.919   97.3557
 4.914   97.3533
 4.909   97.4006
 4.905   97.4363
 4.900   97.4368
 4.895   97.4221
 4.891   97.4109
 4.886   97.4109
 4.882   97.4148
 4.877   97.4143
 4.872   97.4329
 4.868   97.4407
 4.863   97.4143
 4.859   97.3904
 4.854   97.3874
 4.850   97.3967
 4.845   97.4324
 4.840   97.4451
 4.836   97.4729
 4.831   97.4895
 4.827   97.5144
 4.822   97.5168
 4.818   97.5315
 4.814   97.5354
 4.809   97.5403
 4.805   97.5369
 4.800   97.5334
 4.796   97.5286
 4.791   97.5334
 4.787   97.5261
 4.782   97.5110
 4.778   97.5100
 4.774   97.5203
 4.769   97.5359
 4.765   97.5359
 4.760   97.5134
 4.756   97.5017
 4.752   97.4875
 4.747   97.5076
 4.743   97.4954
 4.739   97.4685
 4.734   97.4866
 4.730   97.4939
 4.726   97.5066
 4.721   97.4988
 4.717   97.4807
 4.713   97.4509
 4.709   97.4280
 4.704   97.4397
 4.700   97.4358
 4.696   97.4543
 4.692   97.4851
 4.687   97.5066
 4.683   97.5164
 4.679   97.5408
 4.675   97.5066
 4.670   97.4695
 4.666   97.4773
 4.662   97.4929
 4.658   97.4880
 4.654   97.5056
 4.649   97.5085
 4.645   97.5124
 4.641   97.5051
 4.637   97.5027
 4.633   97.5046
 4.629   97.5330
 4.625   97.5613
 4.620   97.5647
 4.616   97.5706
 4.612   97.5842
 4.608   97.6008
 4.604   97.6189
 4.600   97.6111
 4.596   97.6033
 4.592   97.5945
 4.588   97.5710
 4.584   97.5652
 4.580   97.5671
 4.576   97.5842
 4.572   97.5828
 4.568   97.5759
 4.564   97.5593
 4.560   97.6091
 4.555   97.6155
 4.551   97.6208
 4.548   97.6101
 4.544   97.6370
 4.540   97.6155
 4.536   97.6116
 4.532   97.5964
 4.528   97.5857
 4.524   97.5627
 4.520   97.5520
 4.516   97.5544
 4.512   97.5559
 4.508   97.5452
 4.504   97.5393
 4.500   97.5471
 4.496   97.5613
 4.492   97.5837
 4.488   97.5779
 4.485   97.5867
 4.481   97.6160
 4.477   97.6018
 4.473   97.5666
 4.469   97.5720
 4.465   97.5378
 4.461   97.4968
 4.458   97.4963
 4.454   97.5037
 4.450   97.4709
 4.446   97.4900
 4.442   97.5222
 4.438   97.5334
 4.435   97.5496
 4.431   97.5593
 4.427   97.5417
 4.423   97.5427
 4.420   97.5198
 4.416   97.5139
 4.412   97.5012
 4.408   97.5173
 4.405   97.5525
 4.401   97.5623
 4.397   97.5422
 4.393   97.5496
 4.390   97.5632
 4.386   97.5398
 4.382   97.5539
 4.379   97.5691
 4.375   97.5339
 4.371   97.5300
 4.367   97.5691
 4.364   97.6072
 4.360   97.6335
 4.356   97.6267
 4.353   97.6052
 4.349   97.5725
 4.345   97.5764
 4.342   97.5994
 4.338   97.5627
 4.335   97.5593
 4.331   97.5608
 4.327   97.5466
 4.324   97.5144
 4.320   97.4788
 4.317   97.4250
 4.313   97.4241
 4.309   97.4343
 4.306   97.4685
 4.302   97.5046
 4.299   97.5471
 4.295   97.5867
 4.292   97.5945
 4.288   97.5925
 4.284   97.5583
 4.281   97.5505
 4.277   97.5315
 4.274   97.5471
 4.270   97.5725
 4.267   97.5647
 4.263   97.5466
 4.260   97.5603
 4.256   97.5525
 4.253   97.5593
 4.249   97.5334
 4.246   97.5378
 4.242   97.5276
 4.239   97.5290
 4.235   97.5388
 4.232   97.5271
 4.229   97.5588
 4.225   97.5671
 4.222   97.5579
 4.218   97.5320
 4.215   97.5271
 4.211   97.5046
 4.208   97.5061
 4.205   97.5002
 4.201   97.5530
 4.198   97.5764
 4.194   97.5740
 4.191   97.5476
 4.188   97.5295
 4.184   97.5554
 4.181   97.5525
 4.177   97.5535
 4.174   97.5369
 4.171   97.5183
 4.167   97.5168
 4.164   97.5159
 4.161   97.5017
 4.157   97.5207
 4.154   97.5354
 4.151   97.5242
 4.147   97.4998
 4.144   97.5154
 4.141   97.5203
 4.137   97.5085
 4.134   97.4812
 4.131   97.4602
 4.128   97.4597
 4.124   97.4827
 4.121   97.4934
 4.118   97.4924
 4.114   97.5085
 4.111   97.5261
 4.108   97.5168
 4.105   97.4919
 4.101   97.5007
 4.098   97.4802
 4.095   97.4592
 4.092   97.4333
 4.088   97.4421
 4.085   97.4221
 4.082   97.4490
 4.079   97.4436
 4.076   97.4998
 4.072   97.5251
 4.069   97.5354
 4.066   97.5295
 4.063   97.5339
 4.060   97.5056
 4.056   97.5046
 4.053   97.5393
 4.050   97.5393
 4.047   97.5178
 4.044   97.5671
 4.041   97.5974
 4.038   97.5784
 4.034   97.5544
 4.031   97.5232
 4.028   97.4968
 4.025   97.4456
 4.022   97.5027
 4.019   97.5496
 4.016   97.5574
 4.013   97.5452
 4.009   97.5173
 4.006   97.4646
 4.003   97.4373
 4.000   97.4187
 3.997   97.4089
 3.994   97.4353
 3.991   97.4705
 3.988   97.5027
 3.985   97.5115
 3.982   97.5251
 3.979   97.5178
 3.976   97.5232
 3.973   97.5310
 3.969   97.5276
 3.966   97.4978
 3.963   97.4963
 3.960   97.4753
 3.957   97.4675
 3.954   97.4431
 3.951   97.4490
 3.948   97.4744
 3.945   97.5300
 3.942   97.5491
 3.939   97.5515
 3.936   97.5808
 3.933   97.5662
 3.930   97.5823
 3.927   97.6052
 3.924   97.5915
 3.921   97.5569
 3.918   97.5295
 3.916   97.5388
 3.913   97.5251
 3.910   97.5232
 3.907   97.5398
 3.904   97.5295
 3.901   97.5261
 3.898   97.5164
 3.895   97.5315
 3.892   97.5261
 3.889   97.4963
 3.886   97.4871
 3.883   97.5027
 3.880   97.4792
 3.877   97.4831
 3.875   97.5061
 3.872   97.4534
 3.869   97.4495
 3.866   97.4128
 3.863   97.4509
 3.860   97.4416
 3.857   97.4617
 3.854   97.4841
 3.852   97.4685
 3.849   97.4695
 3.846   97.4729
 3.843   97.4709
 3.840   97.4685
 3.837   97.4861
 3.834   97.4495
 3.832   97.4675
 3.829   97.4963
 3.826   97.4656
 3.823   97.4338
 3.820   97.4324
 3.817   97.4314
 3.815   97.4353
 3.812   97.4158
 3.809   97.4265
 3.806   97.4612
 3.803   97.4475
 3.801   97.4397
 3.798   97.4001
 3.795   97.3581
 3.792   97.3435
 3.790   97.3166
 3.787   97.3108
 3.784   97.3142
 3.781   97.3367
 3.779   97.3142
 3.776   97.3035
 3.773   97.3064
 3.770   97.3103
 3.768   97.3166
 3.765   97.3186
 3.762   97.3245
 3.759   97.3025
 3.757   97.2869
 3.754   97.2664
 3.751   97.2673
 3.748   97.2346
 3.746   97.2288
 3.743   97.1863
 3.740   97.1404
 3.738   97.1023
 3.735   97.1238
 3.732   97.1453
 3.730   97.1609
 3.727   97.1526
 3.724   97.1155
 3.722   97.0896
 3.719   97.0764
 3.716   97.0193
 3.714   97.0095
 3.711   97.0217
 3.708   97.0144
 3.706   96.9978
 3.703   96.9983
 3.700   97.0105
 3.698   97.0124
 3.695   97.0198
 3.692   97.0139
 3.690   97.0159
 3.687   97.0124
 3.685   97.0124
 3.682   96.9788
 3.679   96.9685
 3.677   96.9490
 3.674   96.9226
 3.671   96.9089
 3.669   96.9050
 3.666   96.8523
 3.664   96.8064
 3.661   96.7991
 3.659   96.8030
 3.656   96.7771
 3.653   96.7859
 3.651   96.7790
 3.648   96.7947
 3.646   96.7737
 3.643   96.7478
 3.641   96.7131
 3.638   96.7058
 3.635   96.6936
 3.633   96.6394
 3.630   96.6013
 3.628   96.6091
 3.625   96.6155
 3.623   96.6272
 3.620   96.6199
 3.618   96.6096
 3.615   96.5784
 3.613   96.5784
 3.610   96.5447
 3.608   96.5242
 3.605   96.5315
 3.603   96.5217
 3.600   96.4861
 3.598   96.4553
 3.595   96.4197
 3.593   96.4187
 3.590   96.4202
 3.588   96.4167
 3.585   96.4041
 3.583   96.3831
 3.580   96.4060
 3.578   96.3904
 3.575   96.3542
 3.573   96.3298
 3.570   96.3005
 3.568   96.2351
 3.565   96.2214
 3.563   96.2312
 3.561   96.2078
 3.558   96.1780
 3.556   96.1453
 3.553   96.0920
 3.551   96.0535
 3.548   96.0627
 3.546   95.9880
 3.544   95.9607
 3.541   95.9475
 3.539   95.9333
 3.536   95.9207
 3.534   95.8811
 3.531   95.8455
 3.529   95.8088
 3.527   95.8093
 3.524   95.7751
 3.522   95.7390
 3.519   95.6780
 3.517   95.6082
 3.515   95.5291
 3.512   95.4509
 3.510   95.3381
 3.508   95.1917
 3.505   95.1306
 3.503   95.0862
 3.500   95.0940
 3.498   95.1209
 3.496   95.1677
 3.493   95.1716
 3.491   95.1995
 3.489   95.2087
 3.486   95.1838
 3.484   95.1819
 3.482   95.1560
 3.479   95.1560
 3.477   95.1101
 3.475   95.0574
 3.472   95.0588
 3.470   95.0530
 3.468   95.0476
 3.465   95.0374
 3.463   95.0173
 3.461   94.9822
 3.458   94.8914
 3.456   94.8318
 3.454   94.7878
 3.452   94.7400
 3.449   94.6951
 3.447   94.6624
 3.445   94.6116
 3.442   94.5408
 3.440   94.5066
 3.438   94.4500
 3.435   94.3538
 3.433   94.2673
 3.431   94.1545
 3.429   94.0564
 3.426   93.9314
 3.424   93.7947
 3.422   93.6843
 3.420   93.6467
 3.417   93.6082
 3.415   93.6018
 3.413   93.6472
 3.411   93.6814
 3.408   93.6565
 3.406   93.6580
 3.404   93.6785
 3.402   93.6970
 3.399   93.7341
 3.397   93.8103
 3.395   93.8992
 3.393   93.9456
 3.391   93.9241
 3.388   93.8401
 3.386   93.7742
 3.384   93.7327
 3.382   93.7097
 3.380   93.7131
 3.377   93.7073
 3.375   93.7341
 3.373   93.7322
 3.371   93.7166
 3.369   93.7131
 3.366   93.6936
 3.364   93.7283
 3.362   93.7068
 3.360   93.6912
 3.358   93.6213
 3.355   93.5623
 3.353   93.4319
 3.351   93.3811
 3.349   93.3181
 3.347   93.3259
 3.345   93.3103
 3.342   93.3342
 3.340   93.2991
 3.338   93.2957
 3.336   93.3167
 3.334   93.2854
 3.332   93.2517
 3.330   93.1975
 3.327   93.1892
 3.325   93.1155
 3.323   93.0662
 3.321   93.0081
 3.319   92.9529
 3.317   92.8943
 3.315   92.9319
 3.313   92.9392
 3.310   92.9128
 3.308   92.8923
 3.306   92.8655
 3.304   92.7717
 3.302   92.7385
 3.300   92.6912
 3.298   92.6213
 3.296   92.5569
 3.294   92.5413
 3.292   92.4646
 3.289   92.4412
 3.287   92.4119
 3.285   92.3474
 3.283   92.2947
 3.281   92.2966
 3.279   92.3259
 3.277   92.2771
 3.275   92.2546
 3.273   92.1970
 3.271   92.1199
 3.269   92.0281
 3.267   91.9456
 3.265   91.8748
 3.263   91.7986
 3.260   91.7752
 3.258   91.7810
 3.256   91.7776
 3.254   91.7503
 3.252   91.7053
 3.250   91.6506
 3.248   91.5818
 3.246   91.4846
 3.244   91.4182
 3.242   91.3381
 3.240   91.2420
 3.238   91.1638
 3.236   91.1370
 3.234   91.0994
 3.232   90.9885
 3.230   90.8826
 3.228   90.8167
 3.226   90.7249
 3.224   90.6638
 3.222   90.6091
 3.220   90.5642
 3.218   90.5252
 3.216   90.4666
 3.214   90.4006
 3.212   90.3381
 3.210   90.2673
 3.208   90.1756
 3.206   90.1018
 3.204   90.0569
 3.202   89.9964
 3.200   89.9085
 3.198   89.8679
 3.196   89.8479
 3.194   89.7639
 3.192   89.6931
 3.190   89.6463
 3.188   89.5818
 3.186   89.5095
 3.184   89.4143
 3.182   89.3753
 3.180   89.3465
 3.179   89.3543
 3.177   89.3269
 3.175   89.2703
 3.173   89.2068
 3.171   89.1599
 3.169   89.0486
 3.167   88.9226
 3.165   88.8591
 3.163   88.7644
 3.161   88.6843
 3.159   88.6453
 3.157   88.6170
 3.155   88.5564
 3.153   88.4959
 3.151   88.4422
 3.150   88.4109
 3.148   88.2927
 3.146   88.2410
 3.144   88.1170
 3.142   88.0496
 3.140   88.0759
 3.138   88.0486
 3.136   88.0008
 3.134   87.9841
 3.132   87.9207
 3.131   87.7937
 3.129   87.7322
 3.127   87.7478
 3.125   87.7342
 3.123   87.6297
 3.121   87.5925
 3.119   87.5340
 3.117   87.4402
 3.115   87.3943
 3.114   87.3875
 3.112   87.3142
 3.110   87.2312
 3.108   87.2107
 3.106   87.1297
 3.104   87.0398
 3.102   86.9842
 3.101   86.9500
 3.099   86.8679
 3.097   86.8513
 3.095   86.8562
 3.093   86.7879
 3.091   86.7283
 3.089   86.6492
 3.088   86.5877
 3.086   86.5427
 3.084   86.5447
 3.082   86.5652
 3.080   86.5388
 3.078   86.4978
 3.077   86.4021
 3.075   86.2703
 3.073   86.2000
 3.071   86.1677
 3.069   86.1502
 3.068   86.1502
 3.066   86.1472
 3.064   86.0799
 3.062   85.9978
 3.060   85.9969
 3.058   85.9656
 3.057   85.8631
 3.055   85.8494
 3.053   85.8064
 3.051   85.7556
 3.050   85.7283
 3.048   85.6677
 3.046   85.5867
 3.044   85.5203
 3.042   85.4978
 3.041   85.4627
 3.039   85.3885
 3.037   85.3308
 3.035   85.2976
 3.033   85.2488
 3.032   85.2176
 3.030   85.2752
 3.028   85.2322
 3.026   85.2117
 3.025   85.1678
 3.023   85.2068
 3.021   85.1277
 3.019   85.0359
 3.018   85.0252
 3.016   84.9148
 3.014   84.8299
 3.012   84.8054
 3.011   84.6892
 3.009   84.5642
 3.007   84.4695
 3.005   84.4265
 3.004   84.4119
 3.002   84.3387
 3.000   84.2703
 2.998   84.2742
 2.997   84.2117
 2.995   84.2283
 2.993   84.1824
 2.991   84.1365
 2.990   84.1101
 2.988   84.0935
 2.986   84.0818
 2.985   84.1306
 2.983   84.1072
 2.981   84.0760
 2.979   84.0594
 2.978   84.0418
 2.976   84.0369
 2.974   83.9890
 2.973   83.9959
 2.971   84.0359
 2.969   84.0721
 2.967   84.0945
 2.966   84.1541
 2.964   84.1756
 2.962   84.1638
 2.961   84.1619
 2.959   84.1375
 2.957   84.1443
 2.956   84.2205
 2.954   84.2127
 2.952   84.2039
 2.951   84.2537
 2.949   84.3015
 2.947   84.3318
 2.946   84.3435
 2.944   84.3289
 2.942   84.2937
 2.941   84.2469
 2.939   84.2976
 2.937   84.3367
 2.936   84.2381
 2.934   84.2703
 2.932   84.3455
 2.931   84.3220
 2.929   84.3025
 2.927   84.3201
 2.926   84.2928
 2.924   84.3015
 2.922   84.3377
 2.921   84.3748
 2.919   84.3914
 2.917   84.4217
 2.916   84.4773
 2.914   84.4588
 2.912   84.3924
 2.911   84.4080
 2.909   84.4539
 2.908   84.4217
 2.906   84.4099
 2.904   84.4392
 2.903   84.4627
 2.901   84.5554
 2.899   84.6092
 2.898   84.5779
 2.896   84.6150
 2.895   84.6287
 2.893   84.6072
 2.891   84.6219
 2.890   84.6385
 2.888   84.6961
 2.887   84.6961
 2.885   84.6570
 2.883   84.6883
 2.882   84.7127
 2.880   84.7361
 2.878   84.7195
 2.877   84.7586
 2.875   84.8640
 2.874   84.8953
 2.872   84.9099
 2.871   84.8357
 2.869   84.8064
 2.867   84.8728
 2.866   84.9158
 2.864   85.0291
 2.863   85.1287
 2.861   85.2195
 2.859   85.2556
 2.858   85.2986
 2.856   85.3592
 2.855   85.3943
 2.853   85.5359
 2.852   85.6521
 2.850   85.7498
 2.848   85.8484
 2.847   85.9461
 2.845   86.0525
 2.844   86.1648
 2.842   86.1717
 2.841   86.2849
 2.839   86.3650
 2.838   86.4353
 2.836   86.4568
 2.834   86.5115
 2.833   86.6101
 2.831   86.7459
 2.830   86.8513
 2.828   86.9461
 2.827   87.0115
 2.825   87.0896
 2.824   87.1609
 2.822   87.2273
 2.821   87.3474
 2.819   87.4080
 2.817   87.4812
 2.816   87.6492
 2.814   87.7381
 2.813   87.8103
 2.811   87.8845
 2.810   87.9529
 2.808   87.9490
 2.807   87.9080
 2.805   87.9295
 2.804   88.0193
 2.802   88.0330
 2.801   88.0789
 2.799   88.1541
 2.798   88.2420
 2.796   88.3455
 2.795   88.4216
 2.793   88.4646
 2.792   88.5047
 2.790   88.5799
 2.789   88.6756
 2.787   88.7156
 2.786   88.7693
 2.784   88.8250
 2.783   88.9256
 2.781   89.0193
 2.780   89.0672
 2.778   89.0486
 2.777   89.1013
 2.775   89.1736
 2.774   89.2273
 2.772   89.2927
 2.771   89.4382
 2.769   89.5623
 2.768   89.6443
 2.766   89.6912
 2.765   89.7673
 2.763   89.9031
 2.762   90.0007
 2.760   90.1326
 2.759   90.1931
 2.758   90.2185
 2.756   90.0896
 2.755   89.8132
 2.753   89.3172
 2.752   88.8006
 2.750   88.2927
 2.749   87.6795
 2.747   86.8142
 2.746   85.4304
 2.744   83.0779
 2.743   79.8523
 2.741   76.1170
 2.740   73.5272
 2.739   74.8885
 2.737   79.7107
 2.736   85.0935
 2.734   89.3025
 2.733   91.9060
 2.731   93.2029
 2.730   93.5779
 2.729   93.6150
 2.727   93.6179
 2.726   93.7498
 2.724   93.9607
 2.723   94.1560
 2.721   94.3220
 2.720   94.5095
 2.718   94.5134
 2.717   94.5291
 2.716   94.6492
 2.714   94.8044
 2.713   94.9568
 2.711   95.1765
 2.710   95.3123
 2.709   95.2927
 2.707   95.3123
 2.706   95.3650
 2.704   95.5398
 2.703   95.6492
 2.701   95.7263
 2.700   95.8132
 2.699   95.8874
 2.697   95.8279
 2.696   95.8884
 2.694   95.9148
 2.693   95.9226
 2.692   95.9138
 2.690   95.9412
 2.689   95.9646
 2.687   95.9783
 2.686   96.0427
 2.685   96.0710
 2.683   96.0749
 2.682   96.0662
 2.681   96.1677
 2.679   96.2576
 2.678   96.2126
 2.676   96.2576
 2.675   96.2634
 2.674   96.2976
 2.672   96.2517
 2.671   96.3591
 2.669   96.2976
 2.668   96.1208
 2.667   96.0935
 2.665   96.1804
 2.664   96.1609
 2.663   96.0291
 2.661   96.0583
 2.660   96.0945
 2.659   96.1140
 2.657   96.0544
 2.656   96.0671
 2.654   96.0476
 2.653   95.9919
 2.652   96.0828
 2.650   96.0818
 2.649   96.0583
 2.648   96.0857
 2.646   96.1404
 2.645   96.1091
 2.644   96.1482
 2.642   96.0749
 2.641   95.9968
 2.640   96.0740
 2.638   96.1873
 2.637   96.1609
 2.636   96.1374
 2.634   96.0710
 2.633   96.0046
 2.632   95.9744
 2.630   96.0779
 2.629   96.0632
 2.628   96.0906
 2.626   96.2507
 2.625   96.1755
 2.624   96.1101
 2.622   96.0007
 2.621   96.0437
 2.620   96.1218
 2.618   95.9773
 2.617   95.9294
 2.616   95.9499
 2.614   95.9031
 2.613   95.9119
 2.612   95.9568
 2.610   95.9968
 2.609   96.0554
 2.608   95.9998
 2.606   95.9255
 2.605   95.9607
 2.604   95.9382
 2.602   95.8943
 2.601   95.9705
 2.600   96.0505
 2.599   96.0632
 2.597   96.0710
 2.596   96.1697
 2.595   96.2419
 2.593   96.1365
 2.592   96.0437
 2.591   96.0749
 2.589   96.1140
 2.588   96.1296
 2.587   96.1531
 2.586   96.1013
 2.584   96.0906
 2.583   96.1130
 2.582   96.0994
 2.580   96.1296
 2.579   96.0359
 2.578   95.9929
 2.577   95.9773
 2.575   95.9802
 2.574   96.0017
 2.573   95.9968
 2.572   95.9578
 2.570   96.0310
 2.569   95.9412
 2.568   95.9138
 2.566   95.8533
 2.565   95.8044
 2.564   95.8162
 2.563   95.8865
 2.561   95.9470
 2.560   95.8279
 2.559   95.8064
 2.558   95.7419
 2.556   95.6521
 2.555   95.6501
 2.554   95.6560
 2.553   95.6267
 2.551   95.6345
 2.550   95.5857
 2.549   95.6130
 2.547   95.6423
 2.546   95.7185
 2.545   95.6755
 2.544   95.6716
 2.542   95.5955
 2.541   95.6462
 2.540   95.6326
 2.539   95.6423
 2.538   95.6794
 2.536   95.7224
 2.535   95.7693
 2.534   95.7419
 2.533   95.7166
 2.531   95.6814
 2.530   95.7400
 2.529   95.7888
 2.528   95.7830
 2.526   95.6931
 2.525   95.5798
 2.524   95.6052
 2.523   95.5505
 2.521   95.5115
 2.520   95.4900
 2.519   95.4919
 2.518   95.4470
 2.517   95.5271
 2.515   95.6365
 2.514   95.5955
 2.513   95.5994
 2.512   95.5955
 2.510   95.6287
 2.509   95.6619
 2.508   95.5876
 2.507   95.6208
 2.506   95.7029
 2.504   95.7205
 2.503   95.6794
 2.502   95.6443
 2.501   95.5818
 2.500   95.5720
 2.498   95.5818
 2.497   95.5349
 2.496   95.5388
 2.495   95.5076
 2.494   95.5857
 2.492   95.5232
 2.491   95.4919
 2.490   95.5017
 2.489   95.5505
 2.488   95.5251
 2.486   95.7068
 2.485   95.6951
 2.484   95.6580
 2.483   95.6052
 2.482   95.7224
 2.480   95.6873
 2.479   95.6248
 2.478   95.6697
 2.477   95.6169
 2.476   95.6814
 2.475   95.6912
 2.473   95.5486
 2.472   95.5095
 2.471   95.5349
 2.470   95.4392
 2.469   95.4138
 2.467   95.4138
 2.466   95.3201
 2.465   95.2107
 2.464   95.1209
 2.463   95.1326
 2.462   95.2966
 2.460   95.3298
 2.459   95.4568
 2.458   95.5173
 2.457   95.4880
 2.456   95.5330
 2.455   95.5154
 2.453   95.4138
 2.452   95.4568
 2.451   95.6345
 2.450   95.5486
 2.449   95.4802
 2.448   95.4314
 2.447   95.4255
 2.445   95.3396
 2.444   95.2400
 2.443   95.1404
 2.442   95.2087
 2.441   95.2517
 2.440   95.3767
 2.438   95.4412
 2.437   95.3943
 2.436   95.4685
 2.435   95.5154
 2.434   95.4919
 2.433   95.4880
 2.432   95.5251
 2.430   95.2908
 2.429   95.2029
 2.428   95.2224
 2.427   95.2029
 2.426   95.3513
 2.425   95.5623
 2.424   95.7419
 2.423   95.6658
 2.421   95.5251
 2.420   95.3552
 2.419   95.2517
 2.418   95.2966
 2.417   95.3572
 2.416   95.4626
 2.415   95.4939
 2.413   95.4294
 2.412   95.4021
 2.411   95.2498
 2.410   95.1834
 2.409   95.2771
 2.408   95.3220
 2.407   95.3376
 2.406   95.4021
 2.405   95.3982
 2.403   95.3904
 2.402   95.4705
 2.401   95.4958
 2.400   95.3611
 2.399   95.3435
 2.398   95.2751
 2.397   95.2224
 2.396   95.2068
 2.395   95.2068
 2.393   95.1951
 2.392   95.1560
 2.391   95.2048
 2.390   95.1365
 2.389   95.0876
 2.388   95.2361
 2.387   95.2751
 2.386   95.3064
 2.385   95.2830
 2.384   95.2302
 2.382   95.2654
 2.381   95.2888
 2.380   95.3455
 2.379   95.3298
 2.378   95.4451
 2.377   95.3162
 2.376   95.1326
 2.375   94.9158
 2.374   94.6970
 2.373   94.8084
 2.372   94.8533
 2.370   94.8376
 2.369   94.9959
 2.368   95.3298
 2.367   95.4861
 2.366   95.6267
 2.365   95.6248
 2.364   95.5623
 2.363   95.4255
 2.362   95.2693
 2.361   95.0388
 2.360   94.8201
 2.359   94.8689
 2.358   95.0193
 2.356   95.2654
 2.355   95.3923
 2.354   95.4919
 2.353   95.5330
 2.352   95.4529
 2.351   95.4412
 2.350   95.4314
 2.349   95.1169
 2.348   94.9861
 2.347   94.8787
 2.346   94.8318
 2.345   94.8611
 2.344   94.9158
 2.343   94.9158
 2.342   95.0154
 2.340   95.1267
 2.339   95.1580
 2.338   95.0544
 2.337   94.9919
 2.336   95.0330
 2.335   95.0388
 2.334   95.0818
 2.333   95.1365
 2.332   95.0662
 2.331   95.1248
 2.330   95.2458
 2.329   95.3279
 2.328   95.2751
 2.327   95.2595
 2.326   94.9373
 2.325   94.8201
 2.324   94.8123
 2.323   94.8982
 2.322   95.0017
 2.321   95.1345
 2.320   95.2263
 2.318   95.3455
 2.317   95.4333
 2.316   95.2732
 2.315   95.3142
 2.314   95.2107
 2.313   95.3064
 2.312   95.2986
 2.311   95.2927
 2.310   95.3689
 2.309   95.4607
 2.308   95.4626
 2.307   95.4294
 2.306   95.4529
 2.305   95.2830
 2.304   95.3357
 2.303   95.3201
 2.302   95.2224
 2.301   95.2419
 2.300   95.3826
 2.299   95.4490
 2.298   95.3298
 2.297   95.3435
 2.296   95.1423
 2.295   94.8611
 2.294   94.8357
 2.293   94.9314
 2.292   95.2205
 2.291   95.1951
 2.290   95.1658
 2.289   95.0623
 2.288   94.8923
 2.287   94.9021
 2.286   94.9705
 2.285   95.0271
 2.284   95.0857
 2.283   95.0857
 2.282   95.0408
 2.281   94.7185
 2.280   94.7595
 2.279   94.8748
 2.278   95.0017
 2.277   95.2615
 2.276   95.4919
 2.275   95.4529
 2.274   95.2849
 2.273   95.2068
 2.272   95.1052
 2.271   95.0486
 2.270   95.0173
 2.269   95.1189
 2.268   95.1501
 2.267   95.1658
 2.266   95.1365
 2.265   95.0193
 2.264   95.0232
 2.263   94.9158
 2.262   94.9861
 2.261   95.1248
 2.260   95.2654
 2.259   95.2498
 2.258   95.2107
 2.257   95.3611
 2.256   95.4783
 2.255   95.4705
 2.254   95.5095
 2.253   95.5251
 2.252   95.4001
 2.251   95.2185
 2.250   95.2341
 2.249   95.0544
 2.248   95.0193
 2.247   95.2048
 2.246   95.1443
 2.245   95.1560
 2.244   95.1423
 2.243   95.2439
 2.242   95.2810
 2.241   95.3435
 2.240   95.4080
 2.239   95.3376
 2.238   95.3279
 2.237   95.2908
 2.236   95.2263
 2.236   95.2751
 2.235   95.3982
 2.234   95.4158
 2.233   95.3123
 2.232   95.0642
 2.231   94.8845
 2.230   94.9548
 2.229   95.0388
 2.228   94.9861
 2.227   95.0798
 2.226   95.1130
 2.225   95.0408
 2.224   95.1267
 2.223   94.9959
 2.222   94.9626
 2.221   95.2751
 2.220   95.4529
 2.219   95.2283
 2.218   95.1658
 2.217   95.1658
 2.216   95.0564
 2.215   95.1091
 2.215   95.1716
 2.214   95.2361
 2.213   95.4548
 2.212   95.5642
 2.211   95.6013
 2.210   95.5974
 2.209   95.4958
 2.208   95.3435
 2.207   95.2517
 2.206   95.2048
 2.205   95.3123
 2.204   95.3826
 2.203   95.5798
 2.202   95.5544
 2.201   95.3220
 2.200   95.0564
 2.199   94.9607
 2.199   94.9861
 2.198   94.9451
 2.197   95.0720
 2.196   95.1345
 2.195   95.2673
 2.194   95.3064
 2.193   95.2810
 2.192   95.2498
 2.191   95.2126
 2.190   95.2576
 2.189   95.0232
 2.188   95.0935
 2.187   95.0955
 2.186   95.0642
 2.186   95.2205
 2.185   95.3044
 2.184   95.3904
 2.183   95.4861
 2.182   95.2595
 2.181   95.2908
 2.180   95.2595
 2.179   95.2595
 2.178   95.2810
 2.177   95.3669
 2.176   95.3064
 2.175   95.3201
 2.175   95.2732
 2.174   95.3123
 2.173   95.3923
 2.172   95.2439
 2.171   95.2810
 2.170   95.2673
 2.169   95.4236
 2.168   95.5154
 2.167   95.4548
 2.166   95.4607
 2.165   95.6658
 2.165   95.5876
 2.164   95.4763
 2.163   95.6990
 2.162   95.6326
 2.161   95.7224
 2.160   95.6912
 2.159   95.8787
 2.158   95.8201
 2.157   95.5583
 2.156   95.3982
 2.156   95.4998
 2.155   95.7029
 2.154   95.6794
 2.153   95.7068
 2.152   95.4412
 2.151   95.2380
 2.150   95.1052
 2.149   95.0935
 2.148   94.9841
 2.148   95.1443
 2.147   95.3904
 2.146   95.3513
 2.145   95.1794
 2.144   95.1873
 2.143   95.0544
 2.142   95.1873
 2.141   95.4177
 2.140   95.3669
 2.140   95.3552
 2.139   95.5583
 2.138   95.6052
 2.137   95.6521
 2.136   95.5037
 2.135   95.5623
 2.134   95.5857
 2.133   95.5896
 2.133   95.5779
 2.132   95.4099
 2.131   95.4919
 2.130   95.6404
 2.129   95.6990
 2.128   95.5779
 2.127   95.6130
 2.126   95.8591
 2.126   95.7537
 2.125   95.7029
 2.124   95.6912
 2.123   95.6248
 2.122   95.6990
 2.121   95.5779
 2.120   95.5896
 2.119   95.4138
 2.119   95.5740
 2.118   95.6326
 2.117   95.6013
 2.116   95.5193
 2.115   95.4216
 2.114   95.4529
 2.113   95.7029
 2.113   95.8318
 2.112   95.8162
 2.111   95.7654
 2.110   95.6130
 2.109   95.3943
 2.108   95.2380
 2.107   95.2185
 2.107   95.3630
 2.106   95.4021
 2.105   95.5935
 2.104   95.8044
 2.103   95.8435
 2.102   95.8318
 2.101   95.6326
 2.101   95.8201
 2.100   95.6873
 2.099   95.5623
 2.098   95.7888
 2.097   95.9529
 2.096   95.7966
 2.095   95.4177
 2.095   95.4490
 2.094   95.5662
 2.093   95.7927
 2.092   95.6443
 2.091   95.8201
 2.090   95.6755
 2.090   95.7185
 2.089   95.9529
 2.088   95.9998
 2.087   95.9763
 2.086   95.6560
 2.085   95.4294
 2.085   95.2966
 2.084   95.3201
 2.083   95.4333
 2.082   95.5779
 2.081   95.9568
 2.080   96.0466
 2.079   96.1951
