Name:  Alunite (sodium alunite) NaAl3(SO4)2(OH)6
Type:  Mineral 
Class:  Sulfates
Subclass:   
Particle Size:  Fine (0-15 Micrometers)
Sample No.:  alunite.4
Owner: JHU
Wavelength Range:  IR
Origin: Synthetic; Synthesized by Roger Stoffregen and supplied by 
Phil Bethke (USGS).  
Description: The sample was a white, microcrystalline powder 
composed of equant or lath-shaped crystallites from 1 to 15 
micrometers in largest dimension.



Measurement:  Bidirectional Reflectance
First Column:  X
Second Column:  Y  
X Units:  Wavelength (micrometers)
Y Units:  Reflectance (percent)
First X Value:  25.0442
Last X Value:  2.079
Number of X Values:  2287
Additional Information:  alunit4a.txt
25.044    2.2900
24.924    2.0942
24.805    1.9116
24.686    2.0801
24.569    2.1182
24.454    1.9807
24.339    1.9370
24.225    1.8022
24.112    1.7368
24.001    1.6851
23.890    1.5478
23.781    1.5364
23.672    1.3999
23.564    1.3821
23.458    1.4561
23.352    1.4204
23.247    1.1965
23.144    1.1265
23.041    1.1592
22.939    1.1797
22.838    1.1641
22.738    1.1387
22.638    1.1379
22.540    1.0703
22.442    1.0093
22.345    0.9368
22.250    0.8936
22.154    0.8845
22.060    1.0076
21.967    1.1851
21.874    1.2493
21.782    1.3320
21.691    1.5190
21.601    1.7559
21.511    1.8618
21.422    1.9080
21.334    2.0173
21.247    2.1145
21.160    2.0771
21.074    2.2290
20.988    2.3979
20.904    2.3555
20.820    2.2236
20.737    2.0823
20.654    1.9009
20.572    1.6135
20.491    1.4658
20.410    1.6472
20.330    1.8896
20.251    2.0730
20.172    2.2205
20.094    2.3066
20.016    2.2856
19.939    2.2349
19.863    2.1846
19.787    2.1074
19.712    2.0203
19.637    1.9221
19.563    1.8061
19.489    1.6426
19.416    1.4832
19.344    1.3845
19.272    1.2519
19.201    1.1697
19.130    1.2273
19.059    1.2690
18.990    1.2405
18.920    1.2615
18.851    1.2812
18.783    1.2478
18.715    1.1965
18.648    1.1694
18.581    1.2268
18.515    1.3550
18.449    1.5124
18.384    1.6892
18.319    1.8135
18.254    1.8957
18.190    1.9734
18.126    2.0356
18.063    2.0742
18.001    2.1042
17.938    2.0574
17.876    2.0176
17.815    2.0056
17.754    1.9170
17.693    1.8472
17.633    1.8335
17.573    1.7664
17.514    1.7175
17.455    1.6750
17.396    1.6409
17.338    1.5754
17.280    1.5037
17.223    1.4453
17.166    1.4050
17.109    1.3823
17.053    1.3372
16.997    1.3152
16.942    1.2991
16.886    1.2563
16.832    1.2302
16.777    1.2686
16.723    1.2693
16.669    1.2771
16.616    1.2866
16.563    1.2598
16.510    1.2263
16.458    1.1670
16.406    1.1045
16.354    1.0229
16.302    0.9578
16.251    0.9316
16.200    0.9172
16.150    0.9582
16.100    1.0334
16.050    1.0698
16.000    1.1006
15.951    1.1543
15.902    1.1895
15.854    1.1863
15.805    1.1843
15.757    1.2129
15.710    1.1741
15.662    1.1233
15.615    1.1196
15.568    1.1238
15.521    1.1182
15.475    1.0752
15.429    1.0391
15.383    1.0486
15.338    1.0681
15.292    1.0715
15.248    1.0454
15.203    1.0166
15.158    0.9624
15.114    0.9160
15.070    0.9080
15.027    0.8726
14.983    0.8374
14.940    0.8286
14.897    0.8147
14.854    0.8362
14.812    0.8340
14.770    0.8687
14.728    0.8989
14.686    0.9016
14.645    0.9121
14.603    0.8757
14.562    0.8694
14.521    0.9221
14.481    0.9351
14.441    0.9221
14.400    0.9541
14.361    0.9692
14.321    0.9309
14.281    0.9414
14.242    0.9641
14.203    0.9744
14.164    0.9883
14.126    1.0093
14.087    1.0164
14.049    1.0129
14.011    1.0164
13.973    1.0164
13.936    1.0369
13.899    1.0408
13.861    1.0334
13.824    1.0264
13.788    1.0469
13.751    1.0767
13.715    1.0608
13.679    1.0581
13.643    1.0586
13.607    1.0381
13.571    1.0178
13.536    0.9712
13.500    0.9082
13.465    0.8584
13.430    0.8108
13.396    0.7468
13.361    0.7029
13.327    0.6516
13.293    0.5957
13.259    0.5588
13.225    0.5095
13.191    0.4653
13.158    0.4431
13.124    0.4145
13.091    0.3862
13.058    0.3650
13.026    0.3530
12.993    0.3572
12.960    0.3752
12.928    0.3926
12.896    0.4072
12.864    0.4165
12.832    0.4541
12.800    0.5076
12.769    0.5532
12.737    0.6165
12.706    0.6709
12.675    0.7148
12.644    0.7585
12.614    0.7927
12.583    0.8352
12.552    0.8928
12.522    0.9687
12.492    1.0139
12.462    1.0649
12.432    1.1184
12.402    1.1433
12.373    1.1897
12.343    1.2441
12.314    1.3059
12.285    1.3511
12.256    1.3787
12.227    1.4309
12.198    1.4929
12.169    1.5525
12.141    1.6140
12.113    1.6663
12.084    1.7165
12.056    1.7781
12.028    1.8364
12.000    1.8831
11.973    1.9199
11.945    1.9390
11.918    1.9778
11.890    2.0261
11.863    2.0654
11.836    2.0933
11.809    2.1316
11.782    2.1763
11.755    2.2190
11.729    2.2498
11.702    2.2832
11.676    2.3120
11.650    2.3425
11.624    2.3823
11.598    2.3967
11.572    2.4084
11.546    2.4499
11.520    2.4817
11.495    2.4936
11.469    2.4939
11.444    2.5156
11.419    2.5405
11.394    2.5369
11.369    2.5356
11.344    2.5532
11.319    2.5664
11.294    2.5691
11.270    2.5666
11.245    2.5681
11.221    2.5840
11.197    2.6030
11.173    2.6096
11.149    2.6306
11.125    2.6394
11.101    2.6562
11.077    2.6887
11.054    2.7014
11.030    2.7180
11.007    2.7573
10.983    2.7971
10.960    2.8193
10.937    2.8506
10.914    2.9023
10.891    2.9348
10.868    2.9565
10.846    2.9936
10.823    3.0105
10.800    3.0205
10.778    3.0466
10.755    3.0820
10.733    3.1018
10.711    3.1042
10.689    3.1108
10.667    3.1399
10.645    3.1487
10.623    3.1523
10.602    3.1638
10.580    3.1719
10.558    3.1985
10.537    3.2324
10.516    3.2488
10.494    3.2632
10.473    3.3035
10.452    3.3445
10.431    3.3562
10.410    3.3723
10.389    3.4001
10.368    3.4250
10.348    3.4289
10.327    3.4353
10.306    3.4524
10.286    3.4595
10.266    3.4485
10.245    3.4324
10.225    3.4231
10.205    3.4101
10.185    3.3809
10.165    3.3393
10.145    3.3174
10.125    3.2905
10.106    3.2578
10.086    3.2224
10.066    3.1789
10.047    3.1470
10.027    3.1128
10.008    3.0781
 9.989    3.0351
 9.970    2.9878
 9.950    2.9177
 9.931    2.8142
 9.912    2.7334
 9.893    2.6829
 9.875    2.6091
 9.856    2.5019
 9.837    2.3716
 9.818    2.2263
 9.800    2.0461
 9.781    1.8225
 9.763    1.5305
 9.745    1.2349
 9.726    1.0417
 9.708    0.9963
 9.690    1.1550
 9.672    1.4963
 9.654    1.8235
 9.636    2.0232
 9.618    2.1077
 9.600    2.1074
 9.583    2.0764
 9.565    2.0452
 9.547    2.0046
 9.530    1.9653
 9.512    1.9233
 9.495    1.8755
 9.477    1.8445
 9.460    1.8037
 9.443    1.7476
 9.426    1.6807
 9.409    1.6060
 9.392    1.5264
 9.375    1.4431
 9.358    1.3608
 9.341    1.2898
 9.324    1.2380
 9.307    1.1741
 9.291    1.1323
 9.274    1.1172
 9.257    1.1086
 9.241    1.1152
 9.224    1.1660
 9.208    1.2368
 9.192    1.2798
 9.175    1.3105
 9.159    1.3218
 9.143    1.3318
 9.127    1.3643
 9.111    1.3779
 9.095    1.3777
 9.079    1.3899
 9.063    1.3906
 9.047    1.3896
 9.032    1.3948
 9.016    1.3938
 9.000    1.3997
 8.985    1.4114
 8.969    1.4033
 8.954    1.3892
 8.938    1.3955
 8.923    1.4145
 8.907    1.4219
 8.892    1.4219
 8.877    1.4355
 8.862    1.4382
 8.847    1.4419
 8.832    1.4485
 8.817    1.4473
 8.802    1.4585
 8.787    1.4592
 8.772    1.4641
 8.757    1.4631
 8.742    1.4541
 8.728    1.4546
 8.713    1.4482
 8.698    1.4304
 8.684    1.4233
 8.669    1.4170
 8.655    1.3911
 8.640    1.3691
 8.626    1.3552
 8.612    1.3206
 8.597    1.2834
 8.583    1.2519
 8.569    1.2266
 8.555    1.2380
 8.541    1.2991
 8.527    1.3469
 8.513    1.3394
 8.499    1.3052
 8.485    1.2798
 8.471    1.2493
 8.457    1.2075
 8.443    1.1597
 8.430    1.1094
 8.416    1.0762
 8.402    1.0386
 8.389    1.0020
 8.375    0.9724
 8.362    0.9397
 8.348    0.9182
 8.335    0.8955
 8.321    0.8799
 8.308    0.8677
 8.295    0.8513
 8.281    0.8335
 8.268    0.8188
 8.255    0.8081
 8.242    0.8027
 8.229    0.7978
 8.216    0.7903
 8.203    0.7915
 8.190    0.7978
 8.177    0.8059
 8.164    0.8066
 8.151    0.8218
 8.138    0.8350
 8.126    0.8496
 8.113    0.8738
 8.100    0.8965
 8.088    0.9170
 8.075    0.9438
 8.062    0.9717
 8.050    0.9922
 8.037    1.0117
 8.025    1.0359
 8.013    1.0574
 8.000    1.0828
 7.988    1.1077
 7.976    1.1335
 7.963    1.1580
 7.951    1.1743
 7.939    1.1855
 7.927    1.1970
 7.915    1.1929
 7.903    1.1731
 7.891    1.1528
 7.879    1.1406
 7.867    1.1162
 7.855    1.0872
 7.843    1.0588
 7.831    1.0273
 7.819    0.9934
 7.807    0.9651
 7.796    0.9348
 7.784    0.9041
 7.772    0.8853
 7.761    0.8665
 7.749    0.8484
 7.738    0.8330
 7.726    0.8274
 7.715    0.8213
 7.703    0.8188
 7.692    0.8188
 7.680    0.8247
 7.669    0.8308
 7.658    0.8330
 7.646    0.8511
 7.635    0.8770
 7.624    0.8962
 7.613    0.9241
 7.601    0.9663
 7.590    1.0178
 7.579    1.0635
 7.568    1.1008
 7.557    1.1587
 7.546    1.2241
 7.535    1.2810
 7.524    1.3379
 7.513    1.3921
 7.502    1.4473
 7.492    1.4995
 7.481    1.5466
 7.470    1.6050
 7.459    1.6809
 7.448    1.7498
 7.438    1.8035
 7.427    1.8625
 7.417    1.9265
 7.406    1.9919
 7.395    2.0481
 7.385    2.0964
 7.374    2.1448
 7.364    2.1938
 7.353    2.2473
 7.343    2.2922
 7.333    2.3328
 7.322    2.3757
 7.312    2.4143
 7.302    2.4560
 7.291    2.5054
 7.281    2.5427
 7.271    2.5718
 7.261    2.6045
 7.251    2.6379
 7.240    2.6697
 7.230    2.6955
 7.220    2.7251
 7.210    2.7544
 7.200    2.7866
 7.190    2.8230
 7.180    2.8520
 7.170    2.8735
 7.160    2.9058
 7.151    2.9382
 7.141    2.9592
 7.131    2.9849
 7.121    3.0198
 7.111    3.0576
 7.102    3.0884
 7.092    3.1279
 7.082    3.1645
 7.073    3.1907
 7.063    3.2156
 7.053    3.2395
 7.044    3.2607
 7.034    3.2839
 7.025    3.2998
 7.015    3.3083
 7.006    3.3064
 6.996    3.3071
 6.987    3.3169
 6.977    3.3259
 6.968    3.3313
 6.959    3.3352
 6.949    3.3420
 6.940    3.3467
 6.931    3.3572
 6.921    3.3716
 6.912    3.3918
 6.903    3.4199
 6.894    3.4468
 6.885    3.4714
 6.876    3.5007
 6.866    3.5337
 6.857    3.5644
 6.848    3.5979
 6.839    3.6269
 6.830    3.6428
 6.821    3.6597
 6.812    3.6802
 6.803    3.6933
 6.794    3.7065
 6.786    3.7229
 6.777    3.7361
 6.768    3.7397
 6.759    3.7388
 6.750    3.7434
 6.741    3.7356
 6.733    3.7156
 6.724    3.7068
 6.715    3.6933
 6.707    3.6702
 6.698    3.6528
 6.689    3.6392
 6.681    3.6221
 6.672    3.5933
 6.663    3.5701
 6.655    3.5356
 6.646    3.4971
 6.638    3.4758
 6.629    3.4534
 6.621    3.4248
 6.612    3.4058
 6.604    3.4011
 6.596    3.4077
 6.587    3.4277
 6.579    3.4424
 6.571    3.4575
 6.562    3.4873
 6.554    3.5129
 6.546    3.5378
 6.537    3.5681
 6.529    3.6033
 6.521    3.6340
 6.513    3.6643
 6.505    3.7007
 6.496    3.7395
 6.488    3.7793
 6.480    3.8203
 6.472    3.8572
 6.464    3.8904
 6.456    3.9250
 6.448    3.9560
 6.440    3.9809
 6.432    3.9997
 6.424    4.0217
 6.416    4.0505
 6.408    4.0752
 6.400    4.0945
 6.392    4.1150
 6.384    4.1230
 6.377    4.1308
 6.369    4.1462
 6.361    4.1496
 6.353    4.1411
 6.345    4.1389
 6.338    4.1433
 6.330    4.1365
 6.322    4.1208
 6.314    4.1216
 6.307    4.1272
 6.299    4.1147
 6.291    4.1003
 6.284    4.0874
 6.276    4.0745
 6.269    4.0591
 6.261    4.0437
 6.254    4.0388
 6.246    4.0334
 6.238    4.0264
 6.231    4.0171
 6.223    3.9946
 6.216    3.9687
 6.209    3.9497
 6.201    3.9287
 6.194    3.8984
 6.186    3.8655
 6.179    3.8264
 6.172    3.7910
 6.164    3.7558
 6.157    3.7258
 6.150    3.6948
 6.142    3.6604
 6.135    3.6313
 6.128    3.6038
 6.121    3.5832
 6.113    3.5654
 6.106    3.5393
 6.099    3.5195
 6.092    3.5117
 6.085    3.4944
 6.078    3.4929
 6.070    3.5024
 6.063    3.4932
 6.056    3.4902
 6.049    3.4944
 6.042    3.5010
 6.035    3.5095
 6.028    3.5190
 6.021    3.5356
 6.014    3.5442
 6.007    3.5517
 6.000    3.5666
 5.993    3.5884
 5.986    3.6099
 5.979    3.6186
 5.973    3.6289
 5.966    3.6470
 5.959    3.6626
 5.952    3.6816
 5.945    3.7100
 5.938    3.7395
 5.932    3.7766
 5.925    3.8147
 5.918    3.8540
 5.911    3.9060
 5.905    3.9602
 5.898    4.0107
 5.891    4.0766
 5.884    4.1445
 5.878    4.2117
 5.871    4.2768
 5.864    4.3472
 5.858    4.4197
 5.851    4.4783
 5.845    4.5381
 5.838    4.5969
 5.831    4.6418
 5.825    4.6860
 5.818    4.7370
 5.812    4.7952
 5.805    4.8484
 5.799    4.8979
 5.792    4.9492
 5.786    4.9968
 5.779    5.0454
 5.773    5.0862
 5.767    5.1238
 5.760    5.1633
 5.754    5.1994
 5.747    5.2334
 5.741    5.2651
 5.735    5.2954
 5.728    5.3276
 5.722    5.3533
 5.716    5.3789
 5.709    5.4079
 5.703    5.4255
 5.697    5.4477
 5.691    5.4836
 5.684    5.5024
 5.678    5.5154
 5.672    5.5491
 5.666    5.5759
 5.660    5.5889
 5.653    5.6135
 5.647    5.6504
 5.641    5.6677
 5.635    5.6797
 5.629    5.7097
 5.623    5.7378
 5.617    5.7583
 5.611    5.7790
 5.604    5.8039
 5.598    5.8235
 5.592    5.8389
 5.586    5.8613
 5.580    5.8816
 5.574    5.8970
 5.568    5.9162
 5.562    5.9267
 5.556    5.9343
 5.550    5.9524
 5.545    5.9648
 5.539    5.9702
 5.533    5.9765
 5.527    5.9866
 5.521    5.9993
 5.515    6.0095
 5.509    6.0288
 5.503    6.0473
 5.498    6.0556
 5.492    6.0713
 5.486    6.0930
 5.480    6.1116
 5.474    6.1374
 5.469    6.1640
 5.463    6.1858
 5.457    6.2214
 5.451    6.2600
 5.446    6.2859
 5.440    6.3191
 5.434    6.3586
 5.428    6.3940
 5.423    6.4177
 5.417    6.4446
 5.411    6.4702
 5.406    6.4905
 5.400    6.5156
 5.395    6.5442
 5.389    6.5600
 5.383    6.5771
 5.378    6.6037
 5.372    6.6211
 5.367    6.6409
 5.361    6.6582
 5.356    6.6741
 5.350    6.6904
 5.344    6.7107
 5.339    6.7331
 5.333    6.7449
 5.328    6.7544
 5.323    6.7751
 5.317    6.7991
 5.312    6.8132
 5.306    6.8218
 5.301    6.8340
 5.295    6.8491
 5.290    6.8638
 5.285    6.8791
 5.279    6.8872
 5.274    6.8862
 5.268    6.8974
 5.263    6.9170
 5.258    6.9228
 5.252    6.9250
 5.247    6.9416
 5.242    6.9499
 5.237    6.9507
 5.231    6.9619
 5.226    6.9692
 5.221    6.9751
 5.215    6.9907
 5.210    7.0044
 5.205    7.0027
 5.200    7.0095
 5.195    7.0254
 5.189    7.0371
 5.184    7.0361
 5.179    7.0417
 5.174    7.0488
 5.169    7.0539
 5.163    7.0681
 5.158    7.0852
 5.153    7.0852
 5.148    7.0881
 5.143    7.1020
 5.138    7.1120
 5.133    7.1140
 5.128    7.1262
 5.123    7.1430
 5.118    7.1477
 5.113    7.1577
 5.108    7.1736
 5.103    7.1711
 5.097    7.1711
 5.092    7.1792
 5.087    7.1880
 5.083    7.1972
 5.078    7.1970
 5.073    7.1963
 5.068    7.2016
 5.063    7.2141
 5.058    7.2261
 5.053    7.2287
 5.048    7.2375
 5.043    7.2380
 5.038    7.2319
 5.033    7.2334
 5.028    7.2436
 5.023    7.2497
 5.019    7.2483
 5.014    7.2549
 5.009    7.2605
 5.004    7.2573
 4.999    7.2639
 4.994    7.2683
 4.990    7.2659
 4.985    7.2666
 4.980    7.2646
 4.975    7.2639
 4.970    7.2666
 4.966    7.2700
 4.961    7.2688
 4.956    7.2622
 4.951    7.2676
 4.947    7.2676
 4.942    7.2558
 4.937    7.2483
 4.933    7.2468
 4.928    7.2409
 4.923    7.2356
 4.919    7.2375
 4.914    7.2297
 4.909    7.2104
 4.905    7.1994
 4.900    7.1872
 4.895    7.1648
 4.891    7.1326
 4.886    7.1037
 4.882    7.0727
 4.877    7.0422
 4.872    7.0368
 4.868    7.0498
 4.863    7.0586
 4.859    7.0615
 4.854    7.0508
 4.850    7.0246
 4.845    6.9807
 4.840    6.9309
 4.836    6.8689
 4.831    6.7832
 4.827    6.6938
 4.822    6.5967
 4.818    6.5090
 4.814    6.4805
 4.809    6.5107
 4.805    6.5661
 4.800    6.6238
 4.796    6.6846
 4.791    6.7141
 4.787    6.7139
 4.782    6.7124
 4.778    6.6975
 4.774    6.6545
 4.769    6.6055
 4.765    6.5554
 4.760    6.4758
 4.756    6.3633
 4.752    6.2292
 4.747    6.0776
 4.743    5.9050
 4.739    5.7312
 4.734    5.5696
 4.730    5.4338
 4.726    5.3223
 4.721    5.2300
 4.717    5.1445
 4.713    5.0627
 4.709    4.9807
 4.704    4.8677
 4.700    4.7236
 4.696    4.5644
 4.692    4.3850
 4.687    4.2068
 4.683    4.0415
 4.679    3.9150
 4.675    3.8418
 4.670    3.8164
 4.666    3.8332
 4.662    3.8808
 4.658    3.9426
 4.654    4.0107
 4.649    4.0642
 4.645    4.1011
 4.641    4.1179
 4.637    4.1033
 4.633    4.0598
 4.629    3.9936
 4.625    3.8921
 4.620    3.7732
 4.616    3.6619
 4.612    3.5847
 4.608    3.5552
 4.604    3.5759
 4.600    3.6233
 4.596    3.6794
 4.592    3.7085
 4.588    3.6999
 4.584    3.6711
 4.580    3.6379
 4.576    3.6057
 4.572    3.5727
 4.568    3.5554
 4.564    3.5383
 4.560    3.5359
 4.555    3.5442
 4.551    3.5344
 4.548    3.5100
 4.544    3.4792
 4.540    3.4455
 4.536    3.4080
 4.532    3.3716
 4.528    3.3484
 4.524    3.3396
 4.520    3.3452
 4.516    3.3589
 4.512    3.3713
 4.508    3.3884
 4.504    3.4077
 4.500    3.4116
 4.496    3.4084
 4.492    3.4082
 4.488    3.4072
 4.485    3.3962
 4.481    3.3811
 4.477    3.3789
 4.473    3.3955
 4.469    3.4338
 4.465    3.4875
 4.461    3.5371
 4.458    3.5732
 4.454    3.5991
 4.450    3.6145
 4.446    3.6218
 4.442    3.6323
 4.438    3.6577
 4.435    3.6890
 4.431    3.7241
 4.427    3.7537
 4.423    3.7622
 4.420    3.7651
 4.416    3.7737
 4.412    3.7717
 4.408    3.7642
 4.405    3.7595
 4.401    3.7681
 4.397    3.7925
 4.393    3.8159
 4.390    3.8335
 4.386    3.8496
 4.382    3.8843
 4.379    3.9390
 4.375    4.0010
 4.371    4.0459
 4.367    4.0815
 4.364    4.1037
 4.360    4.1059
 4.356    4.0959
 4.353    4.0632
 4.349    4.0178
 4.345    3.9614
 4.342    3.9111
 4.338    3.8750
 4.335    3.8408
 4.331    3.8271
 4.327    3.8393
 4.324    3.8623
 4.320    3.8845
 4.317    3.9079
 4.313    3.9336
 4.309    3.9678
 4.306    4.0054
 4.302    4.0310
 4.299    4.0571
 4.295    4.0964
 4.292    4.1484
 4.288    4.2143
 4.284    4.2988
 4.281    4.3823
 4.277    4.4534
 4.274    4.5200
 4.270    4.5810
 4.267    4.6421
 4.263    4.7031
 4.260    4.7580
 4.256    4.8052
 4.253    4.8559
 4.249    4.9065
 4.246    4.9551
 4.242    4.9949
 4.239    5.0349
 4.235    5.0810
 4.232    5.1206
 4.229    5.1545
 4.225    5.1916
 4.222    5.2405
 4.218    5.2834
 4.215    5.3144
 4.211    5.3457
 4.208    5.3782
 4.205    5.4057
 4.201    5.4270
 4.198    5.4409
 4.194    5.4438
 4.191    5.4575
 4.188    5.4709
 4.184    5.4653
 4.181    5.4599
 4.177    5.4682
 4.174    5.4695
 4.171    5.4673
 4.167    5.4690
 4.164    5.4617
 4.161    5.4519
 4.157    5.4455
 4.154    5.4446
 4.151    5.4446
 4.147    5.4455
 4.144    5.4360
 4.141    5.4231
 4.137    5.4243
 4.134    5.4331
 4.131    5.4214
 4.128    5.4153
 4.124    5.4219
 4.121    5.4175
 4.118    5.4126
 4.114    5.4119
 4.111    5.4101
 4.108    5.4099
 4.105    5.4099
 4.101    5.4099
 4.098    5.4057
 4.095    5.4092
 4.092    5.4128
 4.088    5.4145
 4.085    5.4077
 4.082    5.3977
 4.079    5.3935
 4.076    5.3931
 4.072    5.3928
 4.069    5.3891
 4.066    5.3923
 4.063    5.3940
 4.060    5.3904
 4.056    5.3818
 4.053    5.3716
 4.050    5.3750
 4.047    5.3791
 4.044    5.3738
 4.041    5.3642
 4.038    5.3625
 4.034    5.3701
 4.031    5.3721
 4.028    5.3613
 4.025    5.3628
 4.022    5.3574
 4.019    5.3464
 4.016    5.3437
 4.013    5.3406
 4.009    5.3376
 4.006    5.3391
 4.003    5.3428
 4.000    5.3432
 3.997    5.3423
 3.994    5.3418
 3.991    5.3349
 3.988    5.3335
 3.985    5.3420
 3.982    5.3367
 3.979    5.3266
 3.976    5.3323
 3.973    5.3423
 3.969    5.3462
 3.966    5.3525
 3.963    5.3545
 3.960    5.3506
 3.957    5.3472
 3.954    5.3511
 3.951    5.3530
 3.948    5.3533
 3.945    5.3623
 3.942    5.3757
 3.939    5.3855
 3.936    5.3833
 3.933    5.3857
 3.930    5.3911
 3.927    5.3911
 3.924    5.3970
 3.921    5.4045
 3.918    5.4050
 3.916    5.3948
 3.913    5.3769
 3.910    5.3520
 3.907    5.3132
 3.904    5.2773
 3.901    5.2895
 3.898    5.3386
 3.895    5.3882
 3.892    5.4150
 3.889    5.4270
 3.886    5.4411
 3.883    5.4497
 3.880    5.4551
 3.877    5.4560
 3.875    5.4629
 3.872    5.4695
 3.869    5.4658
 3.866    5.4717
 3.863    5.4770
 3.860    5.4795
 3.857    5.4805
 3.854    5.4748
 3.852    5.4763
 3.849    5.4809
 3.846    5.4848
 3.843    5.4912
 3.840    5.4912
 3.837    5.4888
 3.834    5.4934
 3.832    5.4819
 3.829    5.4736
 3.826    5.4780
 3.823    5.4746
 3.820    5.4734
 3.817    5.4783
 3.815    5.4770
 3.812    5.4746
 3.809    5.4707
 3.806    5.4634
 3.803    5.4646
 3.801    5.4641
 3.798    5.4553
 3.795    5.4504
 3.792    5.4509
 3.790    5.4519
 3.787    5.4473
 3.784    5.4407
 3.781    5.4390
 3.779    5.4302
 3.776    5.4211
 3.773    5.4172
 3.770    5.4031
 3.768    5.3967
 3.765    5.3970
 3.762    5.3957
 3.759    5.3835
 3.757    5.3660
 3.754    5.3625
 3.751    5.3655
 3.748    5.3530
 3.746    5.3318
 3.743    5.3269
 3.740    5.3230
 3.738    5.3122
 3.735    5.2969
 3.732    5.2871
 3.730    5.2817
 3.727    5.2639
 3.724    5.2534
 3.722    5.2397
 3.719    5.2268
 3.716    5.2146
 3.714    5.2053
 3.711    5.1970
 3.708    5.1885
 3.706    5.1758
 3.703    5.1533
 3.700    5.1345
 3.698    5.1203
 3.695    5.1059
 3.692    5.0915
 3.690    5.0801
 3.687    5.0640
 3.685    5.0464
 3.682    5.0320
 3.679    5.0156
 3.677    4.9995
 3.674    4.9875
 3.671    4.9690
 3.669    4.9495
 3.666    4.9307
 3.664    4.9138
 3.661    4.9033
 3.659    4.8899
 3.656    4.8706
 3.653    4.8557
 3.651    4.8384
 3.648    4.8188
 3.646    4.8054
 3.643    4.7888
 3.641    4.7690
 3.638    4.7515
 3.635    4.7427
 3.633    4.7270
 3.630    4.7075
 3.628    4.6846
 3.625    4.6638
 3.623    4.6545
 3.620    4.6367
 3.618    4.6091
 3.615    4.5837
 3.613    4.5759
 3.610    4.5586
 3.608    4.5383
 3.605    4.5181
 3.603    4.5022
 3.600    4.4875
 3.598    4.4729
 3.595    4.4553
 3.593    4.4319
 3.590    4.4106
 3.588    4.3940
 3.585    4.3747
 3.583    4.3613
 3.580    4.3518
 3.578    4.3293
 3.575    4.3008
 3.573    4.2800
 3.570    4.2685
 3.568    4.2546
 3.565    4.2383
 3.563    4.2229
 3.561    4.2014
 3.558    4.1826
 3.556    4.1687
 3.553    4.1558
 3.551    4.1311
 3.548    4.1084
 3.546    4.0954
 3.544    4.0813
 3.541    4.0566
 3.539    4.0427
 3.536    4.0286
 3.534    4.0063
 3.531    3.9922
 3.529    3.9763
 3.527    3.9575
 3.524    3.9429
 3.522    3.9214
 3.519    3.9043
 3.517    3.8892
 3.515    3.8696
 3.512    3.8581
 3.510    3.8494
 3.508    3.8320
 3.505    3.8047
 3.503    3.7805
 3.500    3.7766
 3.498    3.7768
 3.496    3.7510
 3.493    3.7278
 3.491    3.7161
 3.489    3.6999
 3.486    3.6789
 3.484    3.6641
 3.482    3.6514
 3.479    3.6335
 3.477    3.6228
 3.475    3.6008
 3.472    3.5779
 3.470    3.5718
 3.468    3.5593
 3.465    3.5410
 3.463    3.5329
 3.461    3.5220
 3.458    3.5032
 3.456    3.4856
 3.454    3.4773
 3.452    3.4648
 3.449    3.4436
 3.447    3.4280
 3.445    3.4182
 3.442    3.4014
 3.440    3.3899
 3.438    3.3725
 3.435    3.3547
 3.433    3.3469
 3.431    3.3411
 3.429    3.3235
 3.426    3.3035
 3.424    3.2883
 3.422    3.2800
 3.420    3.2654
 3.417    3.2478
 3.415    3.2302
 3.413    3.2136
 3.411    3.1982
 3.408    3.1843
 3.406    3.1738
 3.404    3.1636
 3.402    3.1448
 3.399    3.1309
 3.397    3.1252
 3.395    3.1142
 3.393    3.0981
 3.391    3.0815
 3.388    3.0684
 3.386    3.0571
 3.384    3.0466
 3.382    3.0398
 3.380    3.0310
 3.377    3.0264
 3.375    3.0188
 3.373    3.0041
 3.371    3.0010
 3.369    2.9905
 3.366    2.9726
 3.364    2.9639
 3.362    2.9546
 3.360    2.9368
 3.358    2.9263
 3.355    2.9116
 3.353    2.9021
 3.351    2.8928
 3.349    2.8772
 3.347    2.8691
 3.345    2.8586
 3.342    2.8523
 3.340    2.8418
 3.338    2.8320
 3.336    2.8232
 3.334    2.8196
 3.332    2.8130
 3.330    2.7996
 3.327    2.7908
 3.325    2.7903
 3.323    2.7866
 3.321    2.7766
 3.319    2.7739
 3.317    2.7661
 3.315    2.7578
 3.313    2.7466
 3.310    2.7371
 3.308    2.7261
 3.306    2.7234
 3.304    2.7209
 3.302    2.7107
 3.300    2.7063
 3.298    2.6943
 3.296    2.6804
 3.294    2.6731
 3.292    2.6648
 3.289    2.6587
 3.287    2.6509
 3.285    2.6460
 3.283    2.6389
 3.281    2.6340
 3.279    2.6372
 3.277    2.6296
 3.275    2.6169
 3.273    2.6172
 3.271    2.6177
 3.269    2.6121
 3.267    2.6030
 3.265    2.5869
 3.263    2.5789
 3.260    2.5784
 3.258    2.5774
 3.256    2.5710
 3.254    2.5686
 3.252    2.5671
 3.250    2.5669
 3.248    2.5615
 3.246    2.5525
 3.244    2.5503
 3.242    2.5496
 3.240    2.5491
 3.238    2.5435
 3.236    2.5364
 3.234    2.5259
 3.232    2.5286
 3.230    2.5268
 3.228    2.5146
 3.226    2.5146
 3.224    2.5215
 3.222    2.5046
 3.220    2.4836
 3.218    2.4895
 3.216    2.4973
 3.214    2.4922
 3.212    2.4856
 3.210    2.4766
 3.208    2.4748
 3.206    2.4744
 3.204    2.4641
 3.202    2.4626
 3.200    2.4595
 3.198    2.4539
 3.196    2.4526
 3.194    2.4492
 3.192    2.4431
 3.190    2.4419
 3.188    2.4468
 3.186    2.4407
 3.184    2.4228
 3.182    2.4224
 3.180    2.4241
 3.179    2.4158
 3.177    2.4048
 3.175    2.3916
 3.173    2.3850
 3.171    2.3708
 3.169    2.3545
 3.167    2.3310
 3.165    2.3064
 3.163    2.2898
 3.161    2.2754
 3.159    2.2744
 3.157    2.2844
 3.155    2.2903
 3.153    2.2864
 3.151    2.2917
 3.150    2.3076
 3.148    2.3059
 3.146    2.2900
 3.144    2.2790
 3.142    2.2634
 3.140    2.2432
 3.138    2.2131
 3.136    2.1894
 3.134    2.1638
 3.132    2.1345
 3.131    2.1111
 3.129    2.0906
 3.127    2.0742
 3.125    2.0669
 3.123    2.0632
 3.121    2.0701
 3.119    2.0850
 3.117    2.0930
 3.115    2.0906
 3.114    2.1016
 3.112    2.1138
 3.110    2.1279
 3.108    2.1343
 3.106    2.1360
 3.104    2.1421
 3.102    2.1348
 3.101    2.1338
 3.099    2.1296
 3.097    2.1301
 3.095    2.1350
 3.093    2.1426
 3.091    2.1438
 3.089    2.1477
 3.088    2.1531
 3.086    2.1616
 3.084    2.1733
 3.082    2.1836
 3.080    2.1860
 3.078    2.1916
 3.077    2.1938
 3.075    2.2039
 3.073    2.2158
 3.071    2.2244
 3.069    2.2197
 3.068    2.2002
 3.066    2.1892
 3.064    2.1841
 3.062    2.1775
 3.060    2.1680
 3.058    2.1641
 3.057    2.1550
 3.055    2.1394
 3.053    2.1208
 3.051    2.1101
 3.050    2.0957
 3.048    2.0742
 3.046    2.0583
 3.044    2.0522
 3.042    2.0439
 3.041    2.0337
 3.039    2.0144
 3.037    2.0063
 3.035    2.0193
 3.033    2.0095
 3.032    1.9961
 3.030    1.9983
 3.028    2.0054
 3.026    1.9739
 3.025    1.9441
 3.023    1.9094
 3.021    1.8704
 3.019    1.8301
 3.018    1.7832
 3.016    1.7400
 3.014    1.7092
 3.012    1.6785
 3.011    1.6567
 3.009    1.6340
 3.007    1.6123
 3.005    1.5850
 3.004    1.5654
 3.002    1.5518
 3.000    1.5327
 2.998    1.5217
 2.997    1.5083
 2.995    1.4934
 2.993    1.4839
 2.991    1.4517
 2.990    1.4233
 2.988    1.4123
 2.986    1.3904
 2.985    1.3589
 2.983    1.3350
 2.981    1.3159
 2.979    1.2959
 2.978    1.2690
 2.976    1.2419
 2.974    1.2156
 2.973    1.1970
 2.971    1.1873
 2.969    1.1772
 2.967    1.1787
 2.966    1.1836
 2.964    1.1953
 2.962    1.2100
 2.961    1.2234
 2.959    1.2268
 2.957    1.2305
 2.956    1.2288
 2.954    1.2253
 2.952    1.2139
 2.951    1.1916
 2.949    1.1785
 2.947    1.1621
 2.946    1.1323
 2.944    1.0979
 2.942    1.0732
 2.941    1.0630
 2.939    1.0405
 2.937    1.0078
 2.936    0.9890
 2.934    0.9853
 2.932    0.9805
 2.931    0.9751
 2.929    0.9551
 2.927    0.9231
 2.926    0.9075
 2.924    0.8967
 2.922    0.8723
 2.921    0.8271
 2.919    0.7808
 2.917    0.7510
 2.916    0.7114
 2.914    0.6599
 2.912    0.6108
 2.911    0.5813
 2.909    0.5549
 2.908    0.5337
 2.906    0.5266
 2.904    0.5374
 2.903    0.5735
 2.901    0.6174
 2.899    0.6851
 2.898    0.7527
 2.896    0.7837
 2.895    0.8086
 2.893    0.8325
 2.891    0.8254
 2.890    0.8166
 2.888    0.7947
 2.887    0.7546
 2.885    0.6919
 2.883    0.6265
 2.882    0.5532
 2.880    0.4731
 2.878    0.4177
 2.877    0.3752
 2.875    0.3577
 2.874    0.3589
 2.872    0.3687
 2.871    0.3757
 2.869    0.4004
 2.867    0.4519
 2.866    0.4990
 2.864    0.5288
 2.863    0.5474
 2.861    0.5520
 2.859    0.5376
 2.858    0.5127
 2.856    0.4888
 2.855    0.4780
 2.853    0.4939
 2.852    0.5059
 2.850    0.5159
 2.848    0.5420
 2.847    0.5828
 2.845    0.6218
 2.844    0.6443
 2.842    0.6731
 2.841    0.6958
 2.839    0.7258
 2.838    0.7590
 2.836    0.7783
 2.834    0.8054
 2.833    0.8379
 2.831    0.8765
 2.830    0.9060
 2.828    0.9304
 2.827    0.9824
 2.825    1.0344
 2.824    1.0813
 2.822    1.1338
 2.821    1.1892
 2.819    1.2519
 2.817    1.3061
 2.816    1.3721
 2.814    1.4280
 2.813    1.4780
 2.811    1.5203
 2.810    1.5625
 2.808    1.6143
 2.807    1.6323
 2.805    1.6362
 2.804    1.6667
 2.802    1.7007
 2.801    1.7207
 2.799    1.7400
 2.798    1.7695
 2.796    1.8276
 2.795    1.8831
 2.793    1.9404
 2.792    2.0364
 2.790    2.1431
 2.789    2.2393
 2.787    2.3318
 2.786    2.4272
 2.784    2.5391
 2.783    2.6514
 2.781    2.7449
 2.780    2.8232
 2.778    2.9087
 2.777    2.9902
 2.775    3.0644
 2.774    3.1294
 2.772    3.1892
 2.771    3.2746
 2.769    3.3694
 2.768    3.4502
 2.766    3.5281
 2.765    3.6147
 2.763    3.7336
 2.762    3.8452
 2.760    3.9595
 2.759    4.0981
 2.758    4.2549
 2.756    4.3972
 2.755    4.5434
 2.753    4.6797
 2.752    4.8159
 2.750    4.9492
 2.749    5.0588
 2.747    5.1445
 2.746    5.2410
 2.744    5.3540
 2.743    5.4536
 2.741    5.5688
 2.740    5.7021
 2.739    5.8403
 2.737    5.9607
 2.736    6.0969
 2.734    6.2478
 2.733    6.3887
 2.731    6.5227
 2.730    6.6467
 2.729    6.7517
 2.727    6.8464
 2.726    6.9548
 2.724    7.0547
 2.723    7.1513
 2.721    7.2444
 2.720    7.3257
 2.718    7.4238
 2.717    7.4988
 2.716    7.5654
 2.714    7.6250
 2.713    7.6699
 2.711    7.7378
 2.710    7.8315
 2.709    7.9277
 2.707    8.0403
 2.706    8.1433
 2.704    8.2368
 2.703    8.3386
 2.701    8.4455
 2.700    8.5666
 2.699    8.6782
 2.697    8.8122
 2.696    8.9453
 2.694    9.0666
 2.693    9.1806
 2.692    9.2588
 2.690    9.3122
 2.689    9.3418
 2.687    9.3379
 2.686    9.3152
 2.685    9.2893
 2.683    9.2922
 2.682    9.3347
 2.681    9.4057
 2.679    9.5158
 2.678    9.6689
 2.676    9.8359
 2.675   10.0071
 2.674   10.1606
 2.672   10.3105
 2.671   10.4502
 2.669   10.5659
 2.668   10.6504
 2.667   10.7473
 2.665   10.8479
 2.664   10.8969
 2.663   10.9389
 2.661   10.9682
 2.660   10.9746
 2.659   10.9785
 2.657   10.9721
 2.656   10.9570
 2.654   10.9814
 2.653   11.0175
 2.652   11.0390
 2.650   11.0634
 2.649   11.0979
 2.648   11.1174
 2.646   11.1430
 2.645   11.1631
 2.644   11.1784
 2.642   11.2021
 2.641   11.2068
 2.640   11.2292
 2.638   11.2295
 2.637   11.2180
 2.636   11.1982
 2.634   11.1831
 2.633   11.1599
 2.632   11.1220
 2.630   11.0947
 2.629   11.0998
 2.628   11.0752
 2.626   11.0320
 2.625   11.0134
 2.624   10.9936
 2.622   10.9463
 2.621   10.9316
 2.620   10.9472
 2.618   10.9428
 2.617   10.9421
 2.616   10.9355
 2.614   10.9011
 2.613   10.8418
 2.612   10.7715
 2.610   10.6877
 2.609   10.5815
 2.608   10.4826
 2.606   10.3398
 2.605   10.2177
 2.604   10.1377
 2.602   10.0185
 2.601    9.9092
 2.600    9.8701
 2.599    9.8515
 2.597    9.8423
 2.596    9.8576
 2.595    9.9345
 2.593   10.0019
 2.592   10.0427
 2.591   10.0796
 2.589   10.1098
 2.588   10.1303
 2.587   10.1423
 2.586   10.1650
 2.584   10.1697
 2.583   10.1616
 2.582   10.1369
 2.580   10.0981
 2.579   10.0808
 2.578   10.0627
 2.577   10.0078
 2.575    9.9702
 2.574    9.9585
 2.573    9.9321
 2.572    9.9023
 2.570    9.9243
 2.569    9.9472
 2.568    9.9592
 2.566    9.9873
 2.565   10.0215
 2.564   10.0344
 2.563   10.0263
 2.561   10.0244
 2.560   10.0029
 2.559    9.9951
 2.558   10.0097
 2.556   10.0141
 2.555    9.9760
 2.554    9.9453
 2.553    9.9570
 2.551    9.9560
 2.550    9.9607
 2.549    9.9438
 2.547    9.9189
 2.546    9.8940
 2.545    9.8415
 2.544    9.7588
 2.542    9.6867
 2.541    9.5791
 2.540    9.4597
 2.539    9.3545
 2.538    9.2099
 2.536    9.0285
 2.535    8.8750
 2.534    8.7446
 2.533    8.6272
 2.531    8.5273
 2.530    8.4336
 2.529    8.3423
 2.528    8.2859
 2.526    8.2844
 2.525    8.3135
 2.524    8.3921
 2.523    8.5185
 2.521    8.6428
 2.520    8.8130
 2.519    8.9868
 2.518    9.1325
 2.517    9.2856
 2.515    9.4377
 2.514    9.5473
 2.513    9.6052
 2.512    9.6523
 2.510    9.6645
 2.509    9.6384
 2.508    9.5952
 2.507    9.5412
 2.506    9.5176
 2.504    9.4865
 2.503    9.4765
 2.502    9.5171
 2.501    9.5471
 2.500    9.6054
 2.498    9.7011
 2.497    9.7788
 2.496    9.8388
 2.495    9.8940
 2.494    9.9038
 2.492    9.8987
 2.491    9.8799
 2.490    9.8506
 2.489    9.8257
 2.488    9.8044
 2.486    9.7705
 2.485    9.7478
 2.484    9.7197
 2.483    9.7119
 2.482    9.7212
 2.480    9.7409
 2.479    9.7593
 2.478    9.7983
 2.477    9.8174
 2.476    9.8677
 2.475    9.9189
 2.473    9.9472
 2.472    9.9677
 2.471    9.9775
 2.470    9.9739
 2.469    9.9775
 2.467   10.0034
 2.466   10.0058
 2.465    9.9887
 2.464    9.9746
 2.463    9.9590
 2.462    9.9341
 2.460    9.8789
 2.459    9.8288
 2.458    9.8093
 2.457    9.7866
 2.456    9.7507
 2.455    9.6845
 2.453    9.5981
 2.452    9.5083
 2.451    9.4682
 2.450    9.4570
 2.449    9.4136
 2.448    9.4360
 2.447    9.4922
 2.445    9.5024
 2.444    9.5532
 2.443    9.6177
 2.442    9.6655
 2.441    9.7143
 2.440    9.7871
 2.438    9.8894
 2.437    9.9814
 2.436   10.0996
 2.435   10.2231
 2.434   10.3471
 2.433   10.4726
 2.432   10.5718
 2.430   10.6963
 2.429   10.8384
 2.428   10.9438
 2.427   11.0649
 2.426   11.1733
 2.425   11.2378
 2.424   11.3003
 2.423   11.3515
 2.421   11.3842
 2.420   11.3891
 2.419   11.3940
 2.418   11.3916
 2.417   11.3764
 2.416   11.3720
 2.415   11.3628
 2.413   11.3501
 2.412   11.3300
 2.411   11.3266
 2.410   11.3242
 2.409   11.3403
 2.408   11.3554
 2.407   11.3535
 2.406   11.3535
 2.405   11.3676
 2.403   11.3672
 2.402   11.3637
 2.401   11.3615
 2.400   11.3547
 2.399   11.3579
 2.398   11.3794
 2.397   11.3943
 2.396   11.4043
 2.395   11.4350
 2.393   11.4926
 2.392   11.5376
 2.391   11.6030
 2.390   11.6899
 2.389   11.8100
 2.388   11.8979
 2.387   11.9612
 2.386   12.0810
 2.385   12.2124
 2.384   12.3139
 2.382   12.4326
 2.381   12.5434
 2.380   12.6225
 2.379   12.6958
 2.378   12.7939
 2.377   12.8540
 2.376   12.8965
 2.375   12.9741
 2.374   13.0561
 2.373   13.0913
 2.372   13.1255
 2.370   13.1772
 2.369   13.2548
 2.368   13.3095
 2.367   13.3215
 2.366   13.3574
 2.365   13.4050
 2.364   13.4196
 2.363   13.4167
 2.362   13.4272
 2.361   13.4609
 2.360   13.4651
 2.359   13.4658
 2.358   13.4660
 2.356   13.4409
 2.355   13.4323
 2.354   13.4414
 2.353   13.4126
 2.352   13.3969
 2.351   13.3586
 2.350   13.3000
 2.349   13.2539
 2.348   13.2046
 2.347   13.1562
 2.346   13.1150
 2.345   13.0610
 2.344   13.0134
 2.343   12.9350
 2.342   12.8420
 2.340   12.8012
 2.339   12.7883
 2.338   12.7290
 2.337   12.6548
 2.336   12.5986
 2.335   12.5290
 2.334   12.4524
 2.333   12.4209
 2.332   12.4065
 2.331   12.3567
 2.330   12.3027
 2.329   12.2695
 2.328   12.2470
 2.327   12.2346
 2.326   12.2138
 2.325   12.2094
 2.324   12.2204
 2.323   12.2094
 2.322   12.2373
 2.321   12.3144
 2.320   12.3916
 2.318   12.4756
 2.317   12.5727
 2.316   12.6970
 2.315   12.8247
 2.314   12.9257
 2.313   12.9990
 2.312   13.1259
 2.311   13.2392
 2.310   13.3322
 2.309   13.4609
 2.308   13.5581
 2.307   13.6008
 2.306   13.6760
 2.305   13.7631
 2.304   13.8510
 2.303   13.8911
 2.302   13.9052
 2.301   13.9438
 2.300   13.9839
 2.299   14.0105
 2.298   14.0410
 2.297   14.0796
 2.296   14.1157
 2.295   14.1152
 2.294   14.1396
 2.293   14.1838
 2.292   14.2036
 2.291   14.2258
 2.290   14.2414
 2.289   14.2339
 2.288   14.2187
 2.287   14.2568
 2.286   14.2893
 2.285   14.2959
 2.284   14.2902
 2.283   14.3025
 2.282   14.3256
 2.281   14.3252
 2.280   14.3125
 2.279   14.3337
 2.278   14.3676
 2.277   14.3730
 2.276   14.4138
 2.275   14.4279
 2.274   14.3886
 2.273   14.3794
 2.272   14.4192
 2.271   14.4526
 2.270   14.4441
 2.269   14.4428
 2.268   14.4582
 2.267   14.4885
 2.266   14.4738
 2.265   14.4487
 2.264   14.4426
 2.263   14.4719
 2.262   14.4785
 2.261   14.4677
 2.260   14.4755
 2.259   14.4712
 2.258   14.4209
 2.257   14.4233
 2.256   14.4555
 2.255   14.4052
 2.254   14.4052
 2.253   14.3935
 2.252   14.3889
 2.251   14.3974
 2.250   14.3960
 2.249   14.3464
 2.248   14.3276
 2.247   14.3410
 2.246   14.3274
 2.245   14.3064
 2.244   14.2978
 2.243   14.2490
 2.242   14.1748
 2.241   14.1220
 2.240   14.0749
 2.239   13.9807
 2.238   13.9152
 2.237   13.8152
 2.236   13.6540
 2.236   13.4946
 2.235   13.3713
 2.234   13.3120
 2.233   13.3069
 2.232   13.2915
 2.231   13.2922
 2.230   13.2871
 2.229   13.2304
 2.228   13.1601
 2.227   13.0688
 2.226   12.9170
 2.225   12.7805
 2.224   12.6340
 2.223   12.4602
 2.222   12.2978
 2.221   12.1801
 2.220   12.0664
 2.219   11.9477
 2.218   11.8567
 2.217   11.8576
 2.216   11.9065
 2.215   12.0080
 2.215   12.1904
 2.214   12.4113
 2.213   12.6162
 2.212   12.7744
 2.211   12.8842
 2.210   12.9455
 2.209   12.9814
 2.208   12.9680
 2.207   12.9133
 2.206   12.8413
 2.205   12.7397
 2.204   12.6279
 2.203   12.5190
 2.202   12.4126
 2.201   12.3398
 2.200   12.2900
 2.199   12.2534
 2.199   12.2373
 2.198   12.2348
 2.197   12.1782
 2.196   12.1001
 2.195   12.0283
 2.194   11.9546
 2.193   11.8325
 2.192   11.6753
 2.191   11.5649
 2.190   11.4819
 2.189   11.4074
 2.188   11.3823
 2.187   11.4201
 2.186   11.4463
 2.186   11.4309
 2.185   11.3847
 2.184   11.3676
 2.183   11.3359
 2.182   11.2798
 2.181   11.2326
 2.180   11.2168
 2.179   11.1975
 2.178   11.1594
 2.177   11.1523
 2.176   11.1115
 2.175   11.0615
 2.175   11.0175
 2.174   10.9826
 2.173   10.9853
 2.172   11.0019
 2.171   11.0151
 2.170   11.0234
 2.169   11.0405
 2.168   11.0493
 2.167   11.0627
 2.166   11.0703
 2.165   11.0783
 2.165   11.1008
 2.164   11.1074
 2.163   11.1230
 2.162   11.1572
 2.161   11.1897
 2.160   11.1933
 2.159   11.2275
 2.158   11.2414
 2.157   11.2502
 2.156   11.2685
 2.156   11.3056
 2.155   11.3723
 2.154   11.4416
 2.153   11.5068
 2.152   11.5532
 2.151   11.5879
 2.150   11.6545
 2.149   11.7114
 2.148   11.7785
 2.148   11.8222
 2.147   11.8774
 2.146   11.9258
 2.145   11.9931
 2.144   12.0488
 2.143   12.0930
 2.142   12.1311
 2.141   12.1513
 2.140   12.1985
 2.140   12.2841
 2.139   12.3657
 2.138   12.4367
 2.137   12.5239
 2.136   12.5813
 2.135   12.6045
 2.134   12.6721
 2.133   12.7456
 2.133   12.7998
 2.132   12.8823
 2.131   12.9375
 2.130   12.9590
 2.129   12.9834
 2.128   13.0493
 2.127   13.0781
 2.126   13.1106
 2.126   13.1457
 2.125   13.1584
 2.124   13.1865
 2.123   13.2461
 2.122   13.2998
 2.121   13.3156
 2.120   13.3293
 2.119   13.3340
 2.119   13.3166
 2.118   13.3342
 2.117   13.3947
 2.116   13.3947
 2.115   13.3713
 2.114   13.3979
 2.113   13.4199
 2.113   13.4004
 2.112   13.3723
 2.111   13.3811
 2.110   13.4023
 2.109   13.4104
 2.108   13.4453
 2.107   13.4670
 2.107   13.4631
 2.106   13.4270
 2.105   13.4145
 2.104   13.4209
 2.103   13.4209
 2.102   13.4211
 2.101   13.4165
 2.101   13.4475
 2.100   13.4563
 2.099   13.4878
 2.098   13.5197
 2.097   13.5322
 2.096   13.5473
 2.095   13.5200
 2.095   13.5166
 2.094   13.5393
 2.093   13.5376
 2.092   13.5217
 2.091   13.5478
 2.090   13.5898
 2.090   13.6103
 2.089   13.5908
 2.088   13.5722
 2.087   13.5861
 2.086   13.5693
 2.085   13.5600
 2.085   13.5937
 2.084   13.6001
 2.083   13.6264
 2.082   13.6455
 2.081   13.6206
 2.080   13.5998
 2.079   13.6006
