Name:  Very dark grayish brown loam
Type:  Soils
Class:  Mollisol
Subclass:  Cryoboroll
Particle Size:  see additional information
Sample No.:  87P4453
Owner:  JHU
Wavelength range:  All
Origin:  Wayne Co., Utah, via USDA Soil Conservation service.

Description:  Very dark grayish brown loam, (loamy-skeletal, mixed, typic).  
Physiography: plateaus or tablelands.




Measurement:  Directional (10 degree) hemispherical reflectance
First Column:  X
Second Column:  Y
X Units:  Wavelength (micrometers)
Y Units:  Reflectance (percent)
First X Value:  14.0112
Last X Value:  0.4000
Number of X Values:  2844
Additional information:  87P4453a.txt
14.011    1.4458
13.973    1.4604
13.936    1.4492
13.899    1.4380
13.861    1.4341
13.824    1.4463
13.788    1.4622
13.751    1.4866
13.715    1.4963
13.679    1.4980
13.643    1.5010
13.607    1.5266
13.571    1.5559
13.536    1.5723
13.500    1.5796
13.465    1.5859
13.430    1.5747
13.396    1.5618
13.361    1.5574
13.327    1.5696
13.293    1.5769
13.259    1.5815
13.225    1.6028
13.191    1.6228
13.158    1.6294
13.124    1.6348
13.091    1.6313
13.058    1.6267
13.025    1.6230
12.993    1.6392
12.960    1.6753
12.928    1.7092
12.896    1.7371
12.864    1.7581
12.832    1.7595
12.800    1.7522
12.769    1.7363
12.738    1.7100
12.706    1.6775
12.675    1.6509
12.644    1.6401
12.614    1.6523
12.583    1.6702
12.552    1.6912
12.522    1.6987
12.492    1.6838
12.462    1.6528
12.432    1.6208
12.402    1.6035
12.373    1.6062
12.343    1.6140
12.314    1.6311
12.285    1.6558
12.256    1.6914
12.227    1.7371
12.198    1.7937
12.169    1.8520
12.141    1.9036
12.113    1.9438
12.084    1.9785
12.056    2.0049
12.028    2.0364
12.000    2.0747
11.973    2.1143
11.945    2.1423
11.918    2.1660
11.890    2.1963
11.863    2.2339
11.836    2.2659
11.809    2.2978
11.782    2.3393
11.756    2.3889
11.729    2.4246
11.702    2.4480
11.676    2.4641
11.650    2.4751
11.624    2.4824
11.598    2.4844
11.572    2.4910
11.546    2.5149
11.520    2.5305
11.495    2.5400
11.469    2.5464
11.444    2.5513
11.419    2.5640
11.394    2.5796
11.369    2.5915
11.344    2.6172
11.319    2.6401
11.294    2.6540
11.270    2.6577
11.246    2.6616
11.221    2.6694
11.197    2.6716
11.173    2.6704
11.149    2.6804
11.125    2.6941
11.101    2.7046
11.077    2.7117
11.054    2.7258
11.030    2.7390
11.007    2.7414
10.983    2.7339
10.960    2.7263
10.937    2.7161
10.914    2.7031
10.891    2.6916
10.868    2.6853
10.845    2.6811
10.823    2.6787
10.800    2.6770
10.778    2.6816
10.756    2.6804
10.733    2.6777
10.711    2.6750
10.689    2.6802
10.667    2.6973
10.645    2.7175
10.623    2.7383
10.602    2.7646
10.580    2.7830
10.558    2.7993
10.537    2.8142
10.515    2.8374
10.494    2.8650
10.473    2.8906
10.452    2.9141
10.431    2.9521
10.410    2.9946
10.389    3.0356
10.368    3.0674
10.348    3.0957
10.327    3.1296
10.307    3.1755
10.286    3.2256
10.266    3.2849
10.245    3.3481
10.225    3.4160
10.205    3.4790
10.185    3.5388
10.165    3.6023
10.145    3.6753
10.125    3.7436
10.106    3.8169
10.086    3.8972
10.066    3.9905
10.047    4.0915
10.027    4.1836
10.008    4.2590
 9.989    4.3369
 9.970    4.4053
 9.950    4.4658
 9.931    4.5163
 9.912    4.5676
 9.893    4.6089
 9.875    4.6311
 9.856    4.6453
 9.837    4.6680
 9.819    4.6902
 9.800    4.7248
 9.781    4.7861
 9.763    4.8747
 9.745    4.9682
 9.726    5.0661
 9.708    5.1675
 9.690    5.2551
 9.672    5.3235
 9.654    5.3928
 9.636    5.4597
 9.618    5.5181
 9.600    5.5727
 9.582    5.6260
 9.565    5.6553
 9.547    5.6628
 9.530    5.6489
 9.512    5.6213
 9.495    5.5835
 9.477    5.5359
 9.460    5.4905
 9.443    5.4485
 9.426    5.3931
 9.409    5.3384
 9.392    5.2822
 9.375    5.2302
 9.358    5.1882
 9.341    5.1467
 9.324    5.1099
 9.307    5.0710
 9.291    5.0171
 9.274    4.9460
 9.257    4.8628
 9.241    4.7676
 9.225    4.6743
 9.208    4.5954
 9.192    4.5354
 9.175    4.4868
 9.159    4.4341
 9.143    4.3862
 9.127    4.3415
 9.111    4.2881
 9.095    4.2390
 9.079    4.1943
 9.063    4.1509
 9.047    4.1028
 9.032    4.0527
 9.016    4.0207
 9.000    3.9968
 8.985    3.9895
 8.969    3.9961
 8.954    4.0093
 8.938    4.0173
 8.923    4.0029
 8.908    3.9819
 8.892    3.9714
 8.877    3.9514
 8.862    3.9360
 8.847    3.9172
 8.832    3.8996
 8.817    3.8757
 8.802    3.8381
 8.787    3.8049
 8.772    3.7861
 8.757    3.7615
 8.742    3.7349
 8.727    3.6987
 8.713    3.6599
 8.698    3.6079
 8.684    3.5293
 8.669    3.4270
 8.655    3.3301
 8.640    3.2580
 8.626    3.2173
 8.612    3.2244
 8.597    3.2886
 8.583    3.3660
 8.569    3.4304
 8.555    3.4665
 8.541    3.4817
 8.527    3.4758
 8.513    3.4575
 8.499    3.4475
 8.485    3.4482
 8.471    3.4387
 8.457    3.4297
 8.443    3.4246
 8.430    3.4250
 8.416    3.4260
 8.402    3.4248
 8.389    3.4192
 8.375    3.4148
 8.361    3.4082
 8.348    3.3970
 8.335    3.3872
 8.321    3.3889
 8.308    3.3843
 8.295    3.3613
 8.281    3.3323
 8.268    3.3096
 8.255    3.2788
 8.242    3.2336
 8.229    3.1875
 8.216    3.1484
 8.203    3.0940
 8.190    3.0254
 8.177    2.9558
 8.164    2.8823
 8.151    2.7937
 8.138    2.6985
 8.126    2.6072
 8.113    2.5266
 8.100    2.4443
 8.088    2.3696
 8.075    2.3049
 8.062    2.2436
 8.050    2.1816
 8.037    2.1164
 8.025    2.0559
 8.013    2.0144
 8.000    1.9822
 7.988    1.9578
 7.976    1.9341
 7.963    1.9080
 7.951    1.8733
 7.939    1.8328
 7.927    1.8032
 7.915    1.7825
 7.903    1.7612
 7.891    1.7429
 7.879    1.7239
 7.867    1.7012
 7.855    1.6772
 7.843    1.6609
 7.831    1.6536
 7.819    1.6479
 7.808    1.6443
 7.796    1.6455
 7.784    1.6494
 7.772    1.6558
 7.761    1.6587
 7.749    1.6558
 7.737    1.6506
 7.726    1.6489
 7.715    1.6460
 7.703    1.6440
 7.692    1.6523
 7.680    1.6628
 7.669    1.6636
 7.657    1.6572
 7.646    1.6431
 7.635    1.6282
 7.624    1.6177
 7.613    1.6094
 7.601    1.6096
 7.590    1.6150
 7.579    1.6199
 7.568    1.6260
 7.557    1.6218
 7.546    1.6167
 7.535    1.6150
 7.524    1.6089
 7.513    1.6016
 7.502    1.5984
 7.492    1.5967
 7.481    1.5972
 7.470    1.5967
 7.459    1.5935
 7.449    1.5933
 7.438    1.5998
 7.427    1.6028
 7.417    1.6116
 7.406    1.6255
 7.395    1.6345
 7.385    1.6367
 7.374    1.6299
 7.364    1.6213
 7.353    1.6165
 7.343    1.6030
 7.333    1.5986
 7.322    1.6013
 7.312    1.6047
 7.302    1.6064
 7.291    1.6055
 7.281    1.6025
 7.271    1.5994
 7.261    1.5925
 7.251    1.5940
 7.240    1.5896
 7.230    1.5874
 7.220    1.5920
 7.210    1.6016
 7.200    1.6118
 7.190    1.6223
 7.180    1.6362
 7.170    1.6504
 7.160    1.6528
 7.151    1.6536
 7.141    1.6553
 7.131    1.6592
 7.121    1.6553
 7.111    1.6465
 7.102    1.6401
 7.092    1.6414
 7.082    1.6445
 7.072    1.6467
 7.063    1.6477
 7.053    1.6499
 7.044    1.6492
 7.034    1.6543
 7.025    1.6631
 7.015    1.6792
 7.006    1.6975
 6.996    1.7078
 6.987    1.7087
 6.977    1.7129
 6.968    1.7222
 6.959    1.7436
 6.949    1.7688
 6.940    1.7961
 6.931    1.8271
 6.921    1.8486
 6.912    1.8606
 6.903    1.8716
 6.894    1.8748
 6.885    1.8791
 6.875    1.8926
 6.866    1.9131
 6.857    1.9387
 6.848    1.9705
 6.839    2.0088
 6.830    2.0454
 6.821    2.0737
 6.812    2.1018
 6.803    2.1404
 6.794    2.1870
 6.785    2.2383
 6.777    2.2971
 6.768    2.3557
 6.759    2.4065
 6.750    2.4468
 6.741    2.4736
 6.733    2.4893
 6.724    2.5037
 6.715    2.5156
 6.707    2.5183
 6.698    2.5144
 6.689    2.5088
 6.681    2.5100
 6.672    2.5107
 6.663    2.4910
 6.655    2.4592
 6.646    2.4319
 6.638    2.4018
 6.629    2.3721
 6.621    2.3486
 6.612    2.3403
 6.604    2.3315
 6.596    2.3018
 6.587    2.2664
 6.579    2.2410
 6.571    2.2222
 6.562    2.2078
 6.554    2.2021
 6.546    2.2031
 6.537    2.2046
 6.529    2.1985
 6.521    2.1789
 6.513    2.1489
 6.505    2.1228
 6.496    2.1033
 6.488    2.0942
 6.480    2.0974
 6.472    2.1094
 6.464    2.1133
 6.456    2.1091
 6.448    2.1064
 6.440    2.0959
 6.432    2.0774
 6.424    2.0618
 6.416    2.0547
 6.408    2.0518
 6.400    2.0393
 6.392    2.0300
 6.384    2.0354
 6.377    2.0320
 6.369    2.0168
 6.361    2.0024
 6.353    1.9932
 6.345    1.9822
 6.338    1.9631
 6.330    1.9419
 6.322    1.9287
 6.314    1.9175
 6.307    1.9021
 6.299    1.8835
 6.291    1.8628
 6.284    1.8437
 6.276    1.8230
 6.269    1.7974
 6.261    1.7766
 6.253    1.7664
 6.246    1.7573
 6.239    1.7380
 6.231    1.7173
 6.223    1.7029
 6.216    1.6841
 6.209    1.6611
 6.201    1.6399
 6.194    1.6265
 6.186    1.6143
 6.179    1.5996
 6.172    1.5906
 6.164    1.5886
 6.157    1.5894
 6.150    1.5859
 6.142    1.5747
 6.135    1.5608
 6.128    1.5459
 6.121    1.5383
 6.113    1.5344
 6.106    1.5349
 6.099    1.5403
 6.092    1.5435
 6.085    1.5430
 6.078    1.5386
 6.070    1.5205
 6.063    1.5068
 6.056    1.5051
 6.049    1.5129
 6.042    1.5293
 6.035    1.5476
 6.028    1.5693
 6.021    1.5913
 6.014    1.5964
 6.007    1.6011
 6.000    1.6182
 5.993    1.6423
 5.986    1.6689
 5.979    1.6926
 5.973    1.7190
 5.966    1.7532
 5.959    1.7786
 5.952    1.7988
 5.945    1.8259
 5.938    1.8606
 5.931    1.9048
 5.925    1.9595
 5.918    2.0117
 5.911    2.0684
 5.904    2.1191
 5.898    2.1619
 5.891    2.2107
 5.884    2.2673
 5.878    2.3364
 5.871    2.4170
 5.864    2.4905
 5.858    2.5632
 5.851    2.6294
 5.845    2.6763
 5.838    2.7170
 5.831    2.7622
 5.825    2.8137
 5.818    2.8787
 5.812    2.9531
 5.805    3.0300
 5.799    3.1030
 5.792    3.1658
 5.786    3.2129
 5.779    3.2595
 5.773    3.3147
 5.767    3.3791
 5.760    3.4536
 5.754    3.5371
 5.747    3.6311
 5.741    3.7312
 5.735    3.8201
 5.728    3.9084
 5.722    4.0066
 5.716    4.1055
 5.709    4.2014
 5.703    4.3030
 5.697    4.4099
 5.691    4.5156
 5.684    4.6174
 5.678    4.7102
 5.672    4.7939
 5.666    4.8660
 5.660    4.9177
 5.653    4.9629
 5.647    5.0146
 5.641    5.0788
 5.635    5.1526
 5.629    5.2292
 5.623    5.3039
 5.617    5.3786
 5.611    5.4492
 5.604    5.5190
 5.598    5.5911
 5.592    5.6645
 5.586    5.7378
 5.580    5.8120
 5.574    5.8882
 5.568    5.9731
 5.562    6.0669
 5.556    6.1621
 5.551    6.2544
 5.545    6.3391
 5.539    6.4184
 5.533    6.5002
 5.527    6.5879
 5.521    6.6741
 5.515    6.7544
 5.509    6.8296
 5.503    6.9065
 5.497    6.9753
 5.492    7.0390
 5.486    7.1040
 5.480    7.1609
 5.474    7.2141
 5.468    7.2683
 5.463    7.3227
 5.457    7.3830
 5.451    7.4431
 5.446    7.5007
 5.440    7.5307
 5.434    7.5290
 5.428    7.5232
 5.423    7.5141
 5.417    7.4951
 5.411    7.4690
 5.406    7.4407
 5.400    7.4077
 5.394    7.3511
 5.389    7.2827
 5.383    7.2226
 5.378    7.1699
 5.372    7.1191
 5.367    7.0725
 5.361    7.0437
 5.356    7.0403
 5.350    7.0500
 5.345    7.0713
 5.339    7.1067
 5.333    7.1528
 5.328    7.2016
 5.322    7.2478
 5.317    7.2956
 5.312    7.3481
 5.306    7.3943
 5.301    7.4394
 5.295    7.4907
 5.290    7.5495
 5.285    7.6206
 5.279    7.7026
 5.274    7.7898
 5.268    7.8816
 5.263    7.9763
 5.258    8.0740
 5.252    8.1733
 5.247    8.2805
 5.242    8.3979
 5.237    8.5205
 5.231    8.6379
 5.226    8.7485
 5.221    8.8489
 5.215    8.9314
 5.210    9.0005
 5.205    9.0654
 5.200    9.1255
 5.194    9.1794
 5.189    9.2229
 5.184    9.2629
 5.179    9.3020
 5.174    9.3320
 5.169    9.3574
 5.164    9.3781
 5.158    9.4001
 5.153    9.4240
 5.148    9.4490
 5.143    9.4804
 5.138    9.5180
 5.133    9.5549
 5.128    9.5927
 5.123    9.6313
 5.118    9.6689
 5.113    9.7009
 5.107    9.7287
 5.103    9.7514
 5.098    9.7661
 5.093    9.7739
 5.088    9.7785
 5.082    9.7881
 5.077    9.7990
 5.073    9.8113
 5.068    9.8310
 5.063    9.8584
 5.058    9.8874
 5.053    9.9162
 5.048    9.9453
 5.043    9.9802
 5.038   10.0071
 5.033   10.0205
 5.028   10.0305
 5.023   10.0429
 5.019   10.0564
 5.014   10.0752
 5.009   10.1059
 5.004   10.1504
 4.999   10.1968
 4.994   10.2402
 4.990   10.2910
 4.985   10.3484
 4.980   10.4111
 4.975   10.4839
 4.970   10.5644
 4.966   10.6516
 4.961   10.7348
 4.956   10.8076
 4.951   10.8769
 4.947   10.9377
 4.942   10.9880
 4.937   11.0315
 4.933   11.0710
 4.928   11.1133
 4.923   11.1631
 4.919   11.2263
 4.914   11.3091
 4.909   11.4011
 4.905   11.5000
 4.900   11.5967
 4.895   11.6833
 4.891   11.7610
 4.886   11.8349
 4.882   11.9028
 4.877   11.9636
 4.872   12.0168
 4.868   12.0695
 4.863   12.1194
 4.859   12.1579
 4.854   12.1926
 4.849   12.2341
 4.845   12.2746
 4.840   12.3142
 4.836   12.3476
 4.832   12.3774
 4.827   12.4101
 4.822   12.4358
 4.818   12.4546
 4.814   12.4785
 4.809   12.4995
 4.805   12.5190
 4.800   12.5368
 4.796   12.5578
 4.791   12.5891
 4.787   12.6208
 4.782   12.6445
 4.778   12.6689
 4.774   12.6877
 4.769   12.7050
 4.765   12.7265
 4.761   12.7505
 4.756   12.7736
 4.752   12.7968
 4.747   12.8164
 4.743   12.8337
 4.739   12.8464
 4.734   12.8571
 4.730   12.8737
 4.726   12.8903
 4.721   12.9052
 4.717   12.9257
 4.713   12.9489
 4.709   12.9687
 4.704   12.9814
 4.700   12.9863
 4.696   12.9970
 4.691   13.0085
 4.687   13.0183
 4.683   13.0354
 4.679   13.0656
 4.675   13.1023
 4.670   13.1379
 4.666   13.1728
 4.662   13.2131
 4.658   13.2519
 4.654   13.2871
 4.649   13.3205
 4.645   13.3596
 4.641   13.3986
 4.637   13.4336
 4.633   13.4687
 4.629   13.5090
 4.625   13.5561
 4.620   13.6047
 4.616   13.6482
 4.612   13.6921
 4.608   13.7312
 4.604   13.7683
 4.600   13.8081
 4.596   13.8476
 4.592   13.8860
 4.588   13.9243
 4.584   13.9609
 4.580   13.9943
 4.576   14.0258
 4.572   14.0603
 4.567   14.1008
 4.564   14.1408
 4.559   14.1797
 4.556   14.2212
 4.551   14.2551
 4.548   14.2778
 4.543   14.2964
 4.540   14.3151
 4.536   14.3420
 4.532   14.3693
 4.528   14.3964
 4.524   14.4248
 4.520   14.4394
 4.516   14.4465
 4.512   14.4536
 4.508   14.4636
 4.504   14.4751
 4.500   14.4870
 4.496   14.5075
 4.492   14.5263
 4.488   14.5407
 4.485   14.5637
 4.481   14.5864
 4.477   14.6079
 4.473   14.6318
 4.469   14.6599
 4.465   14.6967
 4.461   14.7309
 4.458   14.7644
 4.454   14.8010
 4.450   14.8371
 4.446   14.8725
 4.442   14.9055
 4.439   14.9392
 4.435   14.9746
 4.431   15.0044
 4.427   15.0305
 4.423   15.0637
 4.420   15.0964
 4.416   15.1252
 4.412   15.1611
 4.408   15.2024
 4.404   15.2412
 4.401   15.2763
 4.397   15.3127
 4.393   15.3449
 4.390   15.3623
 4.386   15.3835
 4.382   15.4204
 4.378   15.4577
 4.375   15.4936
 4.371   15.5300
 4.367   15.5698
 4.364   15.6020
 4.360   15.6259
 4.356   15.6555
 4.353   15.6867
 4.349   15.7155
 4.346   15.7429
 4.342   15.7695
 4.338   15.7973
 4.335   15.8122
 4.331   15.8139
 4.327   15.8178
 4.324   15.8244
 4.320   15.8359
 4.316   15.8569
 4.313   15.8791
 4.309   15.8942
 4.306   15.9008
 4.302   15.9087
 4.299   15.9228
 4.295   15.9294
 4.292   15.9296
 4.288   15.9392
 4.284   15.9511
 4.281   15.9582
 4.277   15.9692
 4.274   15.9921
 4.270   16.0200
 4.267   16.0376
 4.263   16.0517
 4.260   16.0752
 4.256   16.0979
 4.253   16.1091
 4.249   16.1135
 4.246   16.1086
 4.242   16.1003
 4.239   16.0971
 4.235   16.1020
 4.232   16.1135
 4.229   16.1311
 4.225   16.1489
 4.222   16.1657
 4.218   16.1740
 4.215   16.1860
 4.211   16.2033
 4.208   16.2150
 4.205   16.2309
 4.201   16.2470
 4.198   16.2546
 4.194   16.2617
 4.191   16.2651
 4.188   16.2670
 4.184   16.2710
 4.181   16.2700
 4.177   16.2768
 4.174   16.2844
 4.171   16.2866
 4.167   16.2912
 4.164   16.2856
 4.161   16.2702
 4.157   16.2590
 4.154   16.2456
 4.151   16.2331
 4.147   16.2275
 4.144   16.2258
 4.141   16.2326
 4.137   16.2365
 4.134   16.2302
 4.131   16.2199
 4.128   16.2148
 4.124   16.2133
 4.121   16.2128
 4.118   16.2104
 4.114   16.2063
 4.111   16.1955
 4.108   16.1728
 4.105   16.1442
 4.101   16.1237
 4.098   16.1115
 4.095   16.1047
 4.092   16.0998
 4.088   16.0925
 4.085   16.0830
 4.082   16.0727
 4.079   16.0605
 4.076   16.0490
 4.072   16.0358
 4.069   16.0239
 4.066   16.0136
 4.063   15.9980
 4.060   15.9773
 4.056   15.9594
 4.053   15.9499
 4.050   15.9401
 4.047   15.9165
 4.044   15.8940
 4.041   15.8742
 4.037   15.8535
 4.034   15.8357
 4.031   15.8252
 4.028   15.8225
 4.025   15.8125
 4.022   15.7922
 4.019   15.7707
 4.016   15.7468
 4.013   15.7258
 4.009   15.7070
 4.006   15.6887
 4.003   15.6726
 4.000   15.6557
 3.997   15.6325
 3.994   15.6074
 3.991   15.5842
 3.988   15.5634
 3.985   15.5500
 3.982   15.5388
 3.979   15.5244
 3.976   15.5031
 3.973   15.4729
 3.970   15.4462
 3.966   15.4245
 3.963   15.4113
 3.960   15.4091
 3.957   15.4055
 3.954   15.3967
 3.951   15.3820
 3.948   15.3652
 3.945   15.3454
 3.942   15.3237
 3.939   15.3049
 3.936   15.2795
 3.933   15.2412
 3.930   15.2016
 3.927   15.1648
 3.924   15.1281
 3.921   15.0893
 3.918   15.0610
 3.916   15.0446
 3.913   15.0317
 3.910   15.0139
 3.907   14.9948
 3.904   14.9760
 3.901   14.9448
 3.898   14.9069
 3.895   14.8762
 3.892   14.8488
 3.889   14.8213
 3.886   14.7959
 3.883   14.7758
 3.880   14.7570
 3.877   14.7282
 3.875   14.6980
 3.872   14.6638
 3.869   14.6259
 3.866   14.5859
 3.863   14.5517
 3.860   14.5224
 3.857   14.4909
 3.854   14.4607
 3.852   14.4248
 3.849   14.3833
 3.846   14.3452
 3.843   14.3093
 3.840   14.2744
 3.837   14.2395
 3.834   14.2014
 3.832   14.1618
 3.829   14.1145
 3.826   14.0715
 3.823   14.0332
 3.820   13.9924
 3.817   13.9497
 3.815   13.9123
 3.812   13.8720
 3.809   13.8283
 3.806   13.7924
 3.804   13.7636
 3.801   13.7280
 3.798   13.6845
 3.795   13.6411
 3.792   13.5969
 3.790   13.5412
 3.787   13.4860
 3.784   13.4392
 3.781   13.3974
 3.779   13.3525
 3.776   13.3069
 3.773   13.2651
 3.770   13.2151
 3.768   13.1591
 3.765   13.1074
 3.762   13.0612
 3.759   13.0229
 3.757   12.9826
 3.754   12.9406
 3.751   12.9062
 3.748   12.8679
 3.746   12.8210
 3.743   12.7678
 3.740   12.7192
 3.738   12.6694
 3.735   12.6157
 3.732   12.5727
 3.730   12.5412
 3.727   12.5005
 3.724   12.4511
 3.722   12.3969
 3.719   12.3357
 3.716   12.2773
 3.714   12.2346
 3.711   12.2019
 3.708   12.1667
 3.706   12.1233
 3.703   12.0749
 3.700   12.0193
 3.698   11.9585
 3.695   11.9087
 3.692   11.8703
 3.690   11.8362
 3.687   11.8005
 3.684   11.7595
 3.682   11.7041
 3.679   11.6382
 3.677   11.5771
 3.674   11.5217
 3.672   11.4721
 3.669   11.4297
 3.666   11.3943
 3.664   11.3596
 3.661   11.3166
 3.659   11.2705
 3.656   11.2295
 3.653   11.1877
 3.651   11.1430
 3.648   11.0962
 3.646   11.0559
 3.643   11.0144
 3.641   10.9675
 3.638   10.9211
 3.636   10.8728
 3.633   10.8186
 3.630   10.7693
 3.628   10.7260
 3.625   10.6816
 3.623   10.6333
 3.620   10.5903
 3.618   10.5517
 3.615   10.5071
 3.613   10.4592
 3.610   10.4197
 3.608   10.3774
 3.605   10.3254
 3.603   10.2646
 3.600   10.2082
 3.598   10.1496
 3.595   10.0840
 3.593   10.0251
 3.590    9.9826
 3.588    9.9438
 3.585    9.9057
 3.583    9.8667
 3.580    9.8183
 3.578    9.7480
 3.575    9.6684
 3.573    9.5993
 3.570    9.5405
 3.568    9.4819
 3.565    9.4287
 3.563    9.3799
 3.561    9.3237
 3.558    9.2561
 3.556    9.1897
 3.553    9.1279
 3.551    9.0674
 3.548    9.0010
 3.546    8.9304
 3.543    8.8620
 3.541    8.7947
 3.539    8.7329
 3.536    8.6728
 3.534    8.6125
 3.531    8.5488
 3.529    8.4680
 3.527    8.3699
 3.524    8.2583
 3.522    8.1306
 3.519    7.9961
 3.517    7.8457
 3.515    7.6814
 3.512    7.5110
 3.510    7.3554
 3.507    7.2383
 3.505    7.1636
 3.503    7.1335
 3.500    7.1443
 3.498    7.1706
 3.496    7.1929
 3.493    7.1968
 3.491    7.1824
 3.489    7.1589
 3.486    7.1301
 3.484    7.0993
 3.482    7.0654
 3.479    7.0283
 3.477    6.9922
 3.475    6.9521
 3.472    6.9075
 3.470    6.8725
 3.468    6.8454
 3.465    6.8164
 3.463    6.7822
 3.461    6.7370
 3.458    6.6885
 3.456    6.6438
 3.454    6.5930
 3.451    6.5408
 3.449    6.4817
 3.447    6.4126
 3.445    6.3457
 3.442    6.2773
 3.440    6.2075
 3.438    6.1394
 3.436    6.0637
 3.433    5.9795
 3.431    5.8786
 3.429    5.7666
 3.426    5.6753
 3.424    5.6101
 3.422    5.5657
 3.420    5.5390
 3.417    5.5351
 3.415    5.5412
 3.413    5.5378
 3.411    5.5373
 3.408    5.5495
 3.406    5.5581
 3.404    5.5625
 3.402    5.5666
 3.399    5.5754
 3.397    5.5884
 3.395    5.6074
 3.393    5.6304
 3.391    5.6484
 3.388    5.6584
 3.386    5.6619
 3.384    5.6670
 3.382    5.6714
 3.380    5.6709
 3.377    5.6714
 3.375    5.6653
 3.373    5.6575
 3.371    5.6633
 3.369    5.6765
 3.366    5.6960
 3.364    5.7185
 3.362    5.7322
 3.360    5.7366
 3.358    5.7363
 3.355    5.7419
 3.353    5.7493
 3.351    5.7400
 3.349    5.7297
 3.347    5.7180
 3.345    5.7012
 3.342    5.6843
 3.340    5.6789
 3.338    5.6846
 3.336    5.6850
 3.334    5.6753
 3.332    5.6702
 3.330    5.6560
 3.327    5.6352
 3.325    5.6113
 3.323    5.5788
 3.321    5.5430
 3.319    5.5124
 3.317    5.4873
 3.315    5.4665
 3.313    5.4433
 3.310    5.4324
 3.308    5.4150
 3.306    5.3760
 3.304    5.3352
 3.302    5.3039
 3.300    5.2746
 3.298    5.2407
 3.296    5.2029
 3.294    5.1780
 3.292    5.1477
 3.289    5.1125
 3.287    5.0806
 3.285    5.0535
 3.283    5.0256
 3.281    4.9917
 3.279    4.9548
 3.277    4.9314
 3.275    4.9060
 3.273    4.8713
 3.271    4.8310
 3.269    4.8003
 3.267    4.7734
 3.265    4.7417
 3.263    4.7087
 3.261    4.6912
 3.258    4.6709
 3.256    4.6348
 3.254    4.5998
 3.252    4.5725
 3.250    4.5430
 3.248    4.5112
 3.246    4.4890
 3.244    4.4783
 3.242    4.4636
 3.240    4.4375
 3.238    4.4018
 3.236    4.3625
 3.234    4.3269
 3.232    4.2995
 3.230    4.2803
 3.228    4.2712
 3.226    4.2651
 3.224    4.2524
 3.222    4.2307
 3.220    4.2058
 3.218    4.1853
 3.216    4.1702
 3.214    4.1504
 3.212    4.1272
 3.210    4.0962
 3.208    4.0547
 3.206    4.0161
 3.204    3.9839
 3.202    3.9575
 3.200    3.9416
 3.198    3.9263
 3.196    3.9094
 3.194    3.8828
 3.192    3.8581
 3.190    3.8381
 3.188    3.8122
 3.186    3.7739
 3.184    3.7378
 3.182    3.7060
 3.180    3.6826
 3.179    3.6638
 3.177    3.6516
 3.175    3.6372
 3.173    3.6155
 3.171    3.5862
 3.169    3.5583
 3.167    3.5278
 3.165    3.5049
 3.163    3.4922
 3.161    3.4736
 3.159    3.4482
 3.157    3.4289
 3.155    3.4182
 3.153    3.4040
 3.152    3.3904
 3.150    3.3865
 3.148    3.3708
 3.146    3.3425
 3.144    3.3149
 3.142    3.3008
 3.140    3.2949
 3.138    3.2837
 3.136    3.2707
 3.134    3.2559
 3.132    3.2256
 3.131    3.1960
 3.129    3.1743
 3.127    3.1626
 3.125    3.1506
 3.123    3.1335
 3.121    3.1152
 3.119    3.0986
 3.117    3.0806
 3.115    3.0632
 3.114    3.0488
 3.112    3.0376
 3.110    3.0239
 3.108    3.0090
 3.106    2.9878
 3.104    2.9685
 3.102    2.9585
 3.101    2.9546
 3.099    2.9495
 3.097    2.9355
 3.095    2.9121
 3.093    2.8962
 3.091    2.8899
 3.090    2.8823
 3.088    2.8721
 3.086    2.8591
 3.084    2.8408
 3.082    2.8098
 3.080    2.7737
 3.079    2.7649
 3.077    2.7756
 3.075    2.7783
 3.073    2.7754
 3.071    2.7798
 3.069    2.7837
 3.067    2.7778
 3.066    2.7715
 3.064    2.7756
 3.062    2.7725
 3.060    2.7598
 3.059    2.7388
 3.057    2.7178
 3.055    2.6951
 3.053    2.6775
 3.051    2.6741
 3.050    2.6853
 3.048    2.7009
 3.046    2.7031
 3.044    2.6860
 3.042    2.6650
 3.041    2.6421
 3.039    2.6238
 3.037    2.6084
 3.035    2.6018
 3.033    2.6060
 3.032    2.6108
 3.030    2.6204
 3.028    2.6294
 3.026    2.6313
 3.025    2.6333
 3.023    2.6199
 3.021    2.6023
 3.019    2.5864
 3.018    2.5701
 3.016    2.5583
 3.014    2.5493
 3.012    2.5513
 3.011    2.5637
 3.009    2.5627
 3.007    2.5581
 3.005    2.5579
 3.004    2.5557
 3.002    2.5503
 3.000    2.5469
 2.998    2.5393
 2.997    2.5303
 2.995    2.5156
 2.993    2.5019
 2.991    2.4954
 2.990    2.4954
 2.988    2.4919
 2.986    2.4824
 2.985    2.4612
 2.983    2.4497
 2.981    2.4553
 2.979    2.4624
 2.978    2.4602
 2.976    2.4563
 2.974    2.4402
 2.973    2.4148
 2.971    2.3918
 2.969    2.3855
 2.967    2.3943
 2.966    2.4092
 2.964    2.4297
 2.962    2.4409
 2.961    2.4268
 2.959    2.4111
 2.957    2.4048
 2.956    2.4006
 2.954    2.3894
 2.952    2.3935
 2.951    2.4077
 2.949    2.4050
 2.947    2.3892
 2.946    2.3777
 2.944    2.3796
 2.942    2.3743
 2.941    2.3567
 2.939    2.3564
 2.937    2.3684
 2.936    2.3818
 2.934    2.3970
 2.932    2.4072
 2.931    2.4160
 2.929    2.4133
 2.927    2.3931
 2.926    2.3811
 2.924    2.3801
 2.922    2.3772
 2.921    2.3804
 2.919    2.3774
 2.917    2.3765
 2.916    2.3784
 2.914    2.3733
 2.912    2.3855
 2.911    2.4053
 2.909    2.4182
 2.908    2.4360
 2.906    2.4443
 2.904    2.4456
 2.903    2.4353
 2.901    2.4167
 2.899    2.4018
 2.898    2.3826
 2.896    2.3713
 2.895    2.3689
 2.893    2.3743
 2.891    2.3901
 2.890    2.4145
 2.888    2.4360
 2.886    2.4539
 2.885    2.4653
 2.883    2.4778
 2.882    2.4917
 2.880    2.5107
 2.878    2.5232
 2.877    2.5217
 2.875    2.5000
 2.874    2.4812
 2.872    2.4700
 2.870    2.4534
 2.869    2.4456
 2.867    2.4539
 2.866    2.4661
 2.864    2.4739
 2.863    2.4753
 2.861    2.5007
 2.859    2.5273
 2.858    2.5271
 2.856    2.5281
 2.855    2.5349
 2.853    2.5413
 2.852    2.5417
 2.850    2.5439
 2.848    2.5657
 2.847    2.5806
 2.845    2.5857
 2.844    2.5969
 2.842    2.6033
 2.841    2.6045
 2.839    2.6025
 2.837    2.5952
 2.836    2.5764
 2.834    2.5525
 2.833    2.5388
 2.831    2.5364
 2.830    2.5417
 2.828    2.5518
 2.827    2.5754
 2.825    2.6069
 2.824    2.6269
 2.822    2.6284
 2.821    2.6274
 2.819    2.6328
 2.817    2.6269
 2.816    2.6099
 2.814    2.6077
 2.813    2.6189
 2.811    2.6186
 2.810    2.6023
 2.808    2.6011
 2.807    2.6189
 2.805    2.6306
 2.804    2.6338
 2.802    2.6457
 2.801    2.6526
 2.799    2.6514
 2.798    2.6599
 2.796    2.6672
 2.795    2.6667
 2.793    2.6721
 2.792    2.6702
 2.790    2.6555
 2.789    2.6404
 2.787    2.6372
 2.786    2.6306
 2.784    2.6055
 2.783    2.5881
 2.781    2.6084
 2.780    2.6252
 2.778    2.6216
 2.777    2.6221
 2.775    2.6155
 2.774    2.5837
 2.772    2.5510
 2.771    2.5320
 2.769    2.5251
 2.768    2.5102
 2.766    2.4665
 2.765    2.4092
 2.763    2.3540
 2.762    2.3164
 2.761    2.3052
 2.759    2.3223
 2.757    2.3528
 2.756    2.3992
 2.755    2.4358
 2.753    2.4595
 2.752    2.4914
 2.750    2.5271
 2.749    2.5613
 2.747    2.5991
 2.746    2.6489
 2.744    2.7129
 2.743    2.7639
 2.741    2.7976
 2.740    2.8430
 2.739    2.8960
 2.737    2.9538
 2.736    3.0188
 2.734    3.1042
 2.733    3.1926
 2.731    3.2666
 2.730    3.3335
 2.728    3.4067
 2.727    3.4856
 2.726    3.5703
 2.724    3.6511
 2.723    3.7390
 2.721    3.8398
 2.720    3.9543
 2.719    4.0742
 2.717    4.1863
 2.716    4.2778
 2.714    4.3420
 2.713    4.3528
 2.711    4.3179
 2.710    4.2737
 2.708    4.2517
 2.707    4.2583
 2.706    4.3010
 2.704    4.3828
 2.703    4.5276
 2.701    4.7322
 2.700    4.9971
 2.699    5.3335
 2.697    5.7527
 2.696    6.2702
 2.695    6.8950
 2.693    7.6162
 2.692    8.4316
 2.690    9.3269
 2.689   10.2585
 2.688   11.1677
 2.686   12.0437
 2.685   12.8794
 2.683   13.6189
 2.682   14.2566
 2.680   14.7937
 2.679   15.2597
 2.678   15.7004
 2.676   16.1530
 2.675   16.5654
 2.674   16.9074
 2.672   17.2199
 2.671   17.4956
 2.670   17.7158
 2.668   17.9194
 2.667   18.2014
 2.665   18.5500
 2.664   18.8591
 2.663   19.1301
 2.661   19.4458
 2.660   19.7248
 2.659   19.9409
 2.657   20.0996
 2.656   20.2480
 2.655   20.3903
 2.653   20.5195
 2.652   20.6503
 2.650   20.8115
 2.649   20.9606
 2.648   21.0988
 2.646   21.2084
 2.645   21.3066
 2.644   21.4016
 2.642   21.4982
 2.641   21.6225
 2.640   21.7641
 2.638   21.8732
 2.637   21.9775
 2.636   22.0666
 2.634   22.0898
 2.633   22.0798
 2.632   22.0820
 2.630   22.0876
 2.629   22.1469
 2.627   22.2392
 2.626   22.3832
 2.625   22.5197
 2.624   22.5646
 2.622   22.6113
 2.621   22.6279
 2.620   22.5883
 2.618   22.6005
 2.617   22.6635
 2.616   22.7795
 2.614   22.8984
 2.613   22.9811
 2.612   23.0788
 2.610   23.1201
 2.609   23.0673
 2.608   22.9951
 2.606   22.9487
 2.605   22.9601
 2.604   23.0217
 2.603   23.1320
 2.601   23.2895
 2.600   23.3898
 2.599   23.2917
 2.597   23.1032
 2.596   22.9711
 2.595   22.9445
 2.593   23.0146
 2.592   23.1679
 2.591   23.3559
 2.590   23.5131
 2.588   23.5287
 2.587   23.4643
 2.586   23.4333
 2.584   23.4316
 2.583   23.4814
 2.582   23.5534
 2.580   23.5947
 2.579   23.6589
 2.578   23.6938
 2.577   23.6650
 2.575   23.6494
 2.574   23.6308
 2.573   23.6396
 2.571   23.6728
 2.570   23.7141
 2.569   23.7712
 2.568   23.7741
 2.566   23.7263
 2.565   23.7057
 2.564   23.6821
 2.563   23.6767
 2.561   23.7241
 2.560   23.8090
 2.559   23.8952
 2.558   23.9489
 2.556   23.9724
 2.555   23.9782
 2.554   23.9577
 2.553   23.9365
 2.551   23.9291
 2.550   23.9252
 2.549   23.9328
 2.547   23.9553
 2.546   23.9643
 2.545   23.9653
 2.544   23.9589
 2.543   23.9548
 2.541   23.9785
 2.540   23.9951
 2.539   23.9955
 2.538   24.0087
 2.536   24.0053
 2.535   23.9868
 2.534   23.9714
 2.533   23.9692
 2.531   23.9802
 2.530   23.9843
 2.529   23.9909
 2.528   24.0002
 2.526   23.9955
 2.525   23.9863
 2.524   23.9936
 2.523   24.0124
 2.522   24.0358
 2.520   24.0573
 2.519   24.0580
 2.518   24.0410
 2.517   24.0344
 2.515   24.0388
 2.514   24.0690
 2.513   24.1047
 2.512   24.1450
 2.511   24.1782
 2.509   24.1904
 2.508   24.1940
 2.507   24.1945
 2.506   24.1938
 2.504   24.2079
 2.503   24.2255
 2.502   24.2455
 2.501   24.2607
 2.500   24.2802
 2.498   24.2919
 2.497   24.2980
 2.496   24.3066
 2.495   24.3200
 2.494   24.3386
 2.492   24.3513
 2.491   24.3615
 2.490   24.3911
 2.489   24.4211
 2.488   24.4330
 2.486   24.4448
 2.485   24.4723
 2.484   24.4999
 2.483   24.5363
 2.482   24.5837
 2.481   24.6325
 2.479   24.6721
 2.478   24.7060
 2.477   24.7397
 2.476   24.7639
 2.474   24.7744
 2.473   24.7885
 2.472   24.7953
 2.471   24.8066
 2.470   24.8395
 2.469   24.9081
 2.467   24.9848
 2.466   25.0461
 2.465   25.0927
 2.464   25.1240
 2.463   25.1435
 2.462   25.1774
 2.460   25.2202
 2.459   25.2634
 2.458   25.2941
 2.457   25.3234
 2.456   25.3552
 2.455   25.3796
 2.454   25.4108
 2.452   25.4675
 2.451   25.5192
 2.450   25.5466
 2.449   25.5605
 2.448   25.5827
 2.446   25.6091
 2.445   25.6362
 2.444   25.6681
 2.443   25.7158
 2.442   25.7670
 2.441   25.8173
 2.440   25.8625
 2.438   25.8852
 2.437   25.9147
 2.436   25.9516
 2.435   25.9833
 2.434   26.0278
 2.433   26.0868
 2.432   26.1564
 2.430   26.2150
 2.429   26.2656
 2.428   26.3132
 2.427   26.3510
 2.426   26.3903
 2.425   26.4389
 2.424   26.4814
 2.422   26.5173
 2.421   26.5439
 2.420   26.5781
 2.419   26.6010
 2.418   26.6293
 2.417   26.6706
 2.416   26.7258
 2.415   26.7897
 2.414   26.8598
 2.412   26.9089
 2.411   26.9399
 2.410   26.9599
 2.409   26.9538
 2.408   26.9247
 2.407   26.9081
 2.406   26.9206
 2.405   26.9596
 2.403   27.0075
 2.402   27.0575
 2.401   27.1064
 2.400   27.1271
 2.399   27.1169
 2.398   27.1078
 2.397   27.0900
 2.396   27.0700
 2.394   27.0788
 2.393   27.0988
 2.392   27.1135
 2.391   27.1413
 2.390   27.1725
 2.389   27.1999
 2.388   27.2189
 2.387   27.2302
 2.386   27.2341
 2.385   27.2338
 2.384   27.2477
 2.382   27.2868
 2.381   27.3115
 2.380   27.3395
 2.379   27.3869
 2.378   27.4094
 2.377   27.3998
 2.376   27.4013
 2.375   27.4340
 2.374   27.4694
 2.373   27.4941
 2.372   27.5226
 2.370   27.5412
 2.369   27.5492
 2.368   27.5676
 2.367   27.6047
 2.366   27.6425
 2.365   27.6576
 2.364   27.6674
 2.363   27.6491
 2.362   27.6064
 2.361   27.6059
 2.360   27.6406
 2.359   27.6703
 2.357   27.6764
 2.356   27.6642
 2.355   27.6598
 2.354   27.6535
 2.353   27.6393
 2.352   27.6603
 2.351   27.6950
 2.350   27.7201
 2.349   27.7409
 2.348   27.7590
 2.347   27.7778
 2.346   27.8002
 2.345   27.8190
 2.344   27.8293
 2.343   27.8329
 2.341   27.8488
 2.341   27.8754
 2.339   27.9350
 2.338   28.0112
 2.337   28.0751
 2.336   28.1381
 2.335   28.1728
 2.334   28.1835
 2.333   28.1845
 2.332   28.1772
 2.331   28.1945
 2.330   28.2023
 2.329   28.1847
 2.328   28.1730
 2.327   28.1601
 2.326   28.1557
 2.325   28.1716
 2.324   28.1769
 2.323   28.1706
 2.322   28.1698
 2.321   28.1750
 2.320   28.1647
 2.318   28.1532
 2.317   28.1650
 2.316   28.1972
 2.315   28.1891
 2.314   28.1520
 2.313   28.1484
 2.312   28.1640
 2.311   28.1703
 2.310   28.1911
 2.309   28.2197
 2.308   28.2365
 2.307   28.2302
 2.306   28.2287
 2.305   28.2541
 2.304   28.2848
 2.303   28.3156
 2.302   28.3627
 2.301   28.4030
 2.300   28.4330
 2.299   28.4560
 2.298   28.4914
 2.297   28.5302
 2.296   28.5558
 2.295   28.5639
 2.294   28.5610
 2.293   28.5746
 2.292   28.6052
 2.291   28.6130
 2.290   28.6113
 2.289   28.6410
 2.288   28.6803
 2.287   28.7035
 2.286   28.7275
 2.285   28.7741
 2.284   28.8061
 2.283   28.7887
 2.282   28.7497
 2.281   28.7482
 2.280   28.7839
 2.279   28.8180
 2.278   28.8671
 2.277   28.9111
 2.276   28.9345
 2.275   28.9596
 2.274   28.9897
 2.273   29.0092
 2.272   29.0077
 2.271   28.9906
 2.270   28.9955
 2.269   29.0014
 2.268   29.0177
 2.267   29.0448
 2.266   29.0805
 2.265   29.1034
 2.264   29.0890
 2.263   29.0798
 2.262   29.1166
 2.261   29.1657
 2.260   29.1972
 2.259   29.1957
 2.258   29.1869
 2.257   29.1701
 2.256   29.1447
 2.255   29.1364
 2.254   29.1789
 2.253   29.2399
 2.252   29.2853
 2.251   29.3002
 2.250   29.2905
 2.249   29.2707
 2.248   29.2685
 2.247   29.2897
 2.246   29.3322
 2.245   29.3683
 2.244   29.3959
 2.243   29.3984
 2.242   29.3747
 2.241   29.3647
 2.240   29.3639
 2.239   29.3761
 2.238   29.4032
 2.237   29.4267
 2.236   29.4169
 2.236   29.3468
 2.235   29.2924
 2.234   29.2968
 2.233   29.3146
 2.232   29.3527
 2.231   29.4010
 2.230   29.4316
 2.229   29.3935
 2.228   29.3112
 2.227   29.2958
 2.226   29.3212
 2.225   29.3442
 2.224   29.3615
 2.223   29.3642
 2.222   29.3476
 2.221   29.2680
 2.220   29.1747
 2.219   29.1303
 2.218   29.0864
 2.217   29.0453
 2.216   29.0246
 2.216   29.0007
 2.215   28.9396
 2.214   28.8241
 2.213   28.6889
 2.212   28.5612
 2.211   28.4399
 2.210   28.3588
 2.209   28.3381
 2.208   28.3407
 2.207   28.3644
 2.206   28.4074
 2.205   28.4301
 2.204   28.4430
 2.203   28.4794
 2.202   28.5253
 2.201   28.5666
 2.200   28.5973
 2.200   28.6222
 2.199   28.6286
 2.198   28.6257
 2.197   28.6342
 2.196   28.6677
 2.195   28.7138
 2.194   28.7670
 2.193   28.8134
 2.192   28.8356
 2.191   28.8583
 2.190   28.8801
 2.189   28.8735
 2.188   28.8906
 2.187   28.9308
 2.187   28.9657
 2.186   28.9838
 2.185   29.0102
 2.184   29.0658
 2.183   29.0988
 2.182   29.1213
 2.181   29.1901
 2.180   29.2497
 2.179   29.2656
 2.178   29.2614
 2.177   29.2602
 2.176   29.2333
 2.176   29.1698
 2.175   29.1532
 2.174   29.1952
 2.173   29.2404
 2.172   29.2692
 2.171   29.3068
 2.170   29.3569
 2.169   29.3837
 2.168   29.4025
 2.167   29.4650
 2.166   29.5256
 2.166   29.5509
 2.165   29.5456
 2.164   29.5268
 2.163   29.5043
 2.162   29.5124
 2.161   29.5339
 2.160   29.5383
 2.159   29.5282
 2.158   29.5343
 2.157   29.5607
 2.156   29.5966
 2.156   29.6357
 2.155   29.7043
 2.154   29.7289
 2.153   29.7028
 2.152   29.6786
 2.151   29.7011
 2.150   29.7660
 2.149   29.8320
 2.148   29.8671
 2.148   29.8840
 2.147   29.8656
 2.146   29.8566
 2.145   29.8830
 2.144   29.9648
 2.143   30.0610
 2.142   30.0988
 2.141   30.0856
 2.140   30.0307
 2.140   29.9635
 2.139   29.9299
 2.138   29.9543
 2.137   29.9972
 2.136   30.0280
 2.135   30.0463
 2.134   30.0431
 2.133   30.0041
 2.132   29.9528
 2.132   29.9396
 2.131   29.9445
 2.130   29.9255
 2.129   29.9164
 2.128   29.9325
 2.127   29.9342
 2.126   29.9426
 2.126   29.9797
 2.125   30.0309
 2.124   30.0534
 2.123   30.0690
 2.122   30.1047
 2.121   30.1183
 2.120   30.0859
 2.119   30.0661
 2.119   30.0678
 2.118   30.0444
 2.117   30.0524
 2.116   30.0964
 2.115   30.1318
 2.114   30.1125
 2.113   30.0300
 2.112   29.9582
 2.112   29.9230
 2.111   29.9230
 2.110   29.9538
 2.109   29.9555
 2.108   29.9218
 2.107   29.8957
 2.107   29.9032
 2.106   29.9445
 2.105   30.0221
 2.104   30.1281
 2.103   30.2133
 2.102   30.2319
 2.101   30.1772
 2.100   30.1335
 2.100   30.0724
 2.099   29.9772
 2.098   29.9360
 2.097   29.9552
 2.096   30.0024
 2.095   30.0295
 2.095   30.0004
 2.094   29.9909
 2.093   29.9618
 2.092   29.9155
 2.091   29.9362
 2.090   30.0160
 2.090   30.0629
 2.089   30.0431
 2.088   30.0221
 2.087   30.0346
 2.086   30.0329
 2.085   29.9887
 2.084   29.9528
 2.084   29.9391
 2.083   29.9201
 2.082   29.8874
 2.081   29.9367
 2.080   30.1606
 2.079   30.3124
 2.076   30.6848
 2.072   30.5196
 2.068   30.6292
 2.064   30.6292
 2.060   30.4166
 2.056   30.4810
 2.052   30.4296
 2.048   30.3782
 2.044   30.5431
 2.040   30.1104
 2.036   30.0424
 2.032   29.9944
 2.028   30.3076
 2.024   30.2723
 2.020   30.3048
 2.016   30.1327
 2.012   29.9307
 2.008   29.8417
 2.004   29.9390
 2.000   29.3959
 1.996   29.1642
 1.992   29.0786
 1.988   28.8914
 1.984   28.7122
 1.980   28.5084
 1.976   28.4845
 1.972   28.4466
 1.968   28.7051
 1.964   28.4994
 1.960   28.1752
 1.956   27.7640
 1.952   27.3985
 1.948   27.2381
 1.944   26.8556
 1.940   26.6056
 1.936   26.4287
 1.932   26.3994
 1.928   26.1899
 1.924   26.0692
 1.920   25.7832
 1.916   25.8481
 1.912   26.0384
 1.908   26.0533
 1.904   26.2700
 1.900   26.7002
 1.896   27.4867
 1.892   28.1816
 1.888   28.7836
 1.884   29.5331
 1.880   30.5036
 1.876   31.0433
 1.872   31.1246
 1.868   31.6611
 1.864   31.6770
 1.860   31.8966
 1.856   31.8933
 1.852   32.3252
 1.848   32.6103
 1.844   32.5214
 1.840   32.5347
 1.836   32.5053
 1.832   32.2197
 1.828   32.3339
 1.824   32.1314
 1.820   32.0264
 1.816   31.6304
 1.812   31.8026
 1.808   32.1647
 1.804   31.8720
 1.800   32.0704
 1.796   32.0880
 1.792   31.7686
 1.788   31.7513
 1.784   32.0880
 1.780   31.9334
 1.776   31.6832
 1.772   31.6832
 1.768   31.9351
 1.764   31.7619
 1.760   31.7631
 1.756   31.7807
 1.752   31.6576
 1.748   31.8470
 1.744   31.6484
 1.740   31.7181
 1.736   31.7795
 1.732   31.5617
 1.728   31.8351
 1.724   31.5266
 1.720   31.5093
 1.716   31.3883
 1.712   31.5618
 1.708   31.2687
 1.704   31.5869
 1.700   31.6567
 1.696   31.5964
 1.692   31.6311
 1.688   31.4578
 1.684   31.6311
 1.680   31.6567
 1.676   31.3186
 1.672   31.4401
 1.668   31.5966
 1.664   31.3883
 1.660   31.2842
 1.656   31.3179
 1.652   31.1604
 1.648   31.1949
 1.644   31.3179
 1.640   31.3872
 1.636   31.4745
 1.632   31.2468
 1.628   31.2111
 1.624   31.2632
 1.620   31.0297
 1.616   30.9836
 1.612   31.0008
 1.608   30.9472
 1.604   31.1691
 1.600   30.7881
 1.596   30.8914
 1.592   30.8569
 1.588   30.8224
 1.584   30.6939
 1.580   30.7024
 1.576   30.7929
 1.572   30.6342
 1.568   30.5802
 1.564   30.5771
 1.560   30.5228
 1.556   30.4887
 1.552   30.4320
 1.548   30.2929
 1.544   30.6113
 1.540   30.8028
 1.536   30.3942
 1.532   30.3942
 1.528   30.1763
 1.524   30.2776
 1.520   30.0162
 1.516   29.9385
 1.512   30.1340
 1.508   29.9057
 1.504   29.5826
 1.500   29.3830
 1.496   29.9019
 1.492   29.7369
 1.488   29.6433
 1.484   29.2672
 1.480   29.2178
 1.476   29.0299
 1.472   29.1257
 1.468   28.9891
 1.464   29.0545
 1.460   28.8666
 1.456   28.7443
 1.452   28.9644
 1.448   29.1286
 1.444   29.0055
 1.440   28.8808
 1.436   28.8973
 1.432   28.7162
 1.428   28.6349
 1.424   28.4206
 1.420   28.5679
 1.416   28.3026
 1.412   28.1999
 1.408   27.9280
 1.404   28.1967
 1.400   28.0664
 1.396   27.8569
 1.392   27.9280
 1.388   28.1933
 1.384   28.2191
 1.380   28.4105
 1.376   28.6568
 1.372   28.9549
 1.368   28.7928
 1.364   28.7788
 1.360   29.0610
 1.356   29.1786
 1.352   28.9865
 1.348   29.1376
 1.344   29.0392
 1.340   28.9578
 1.336   29.0140
 1.332   29.0797
 1.328   29.0879
 1.324   29.0962
 1.320   29.1708
 1.316   28.9151
 1.312   28.5015
 1.308   28.1193
 1.304   28.2672
 1.300   28.5150
 1.296   28.5621
 1.292   28.3687
 1.288   28.3250
 1.284   28.3020
 1.280   28.2295
 1.276   28.0747
 1.272   27.8251
 1.268   27.6248
 1.264   28.0213
 1.260   28.1647
 1.256   28.1811
 1.252   28.1439
 1.248   27.8160
 1.244   27.7535
 1.240   27.6909
 1.236   27.7233
 1.232   27.6766
 1.228   27.5168
 1.224   27.2146
 1.220   27.0556
 1.216   27.7213
 1.212   27.5545
 1.208   27.4913
 1.204   27.4121
 1.200   27.4280
 1.196   27.2853
 1.192   27.2104
 1.188   27.3015
 1.184   27.0374
 1.180   27.2387
 1.176   27.0702
 1.172   26.7620
 1.168   26.7773
 1.164   26.7282
 1.160   26.8048
 1.156   26.7028
 1.152   26.2568
 1.148   26.2952
 1.144   25.9913
 1.140   25.9106
 1.136   26.1352
 1.132   26.1946
 1.128   26.3317
 1.124   25.9176
 1.120   25.8502
 1.116   25.4902
 1.112   25.4161
 1.108   25.4456
 1.104   25.3541
 1.100   24.9722
 1.096   25.1972
 1.092   25.0014
 1.088   25.1041
 1.084   24.9763
 1.080   24.7649
 1.076   24.8232
 1.072   24.6229
 1.068   24.4240
 1.064   24.3682
 1.060   24.5384
 1.056   24.4110
 1.052   24.4545
 1.048   24.4110
 1.044   24.2559
 1.040   24.0999
 1.036   24.1869
 1.032   23.7728
 1.028   23.4316
 1.024   23.5732
 1.020   23.4732
 1.016   23.2767
 1.012   23.1768
 1.008   22.9579
 1.004   22.8302
 1.000   22.7972
 0.996   22.9604
 0.992   22.8736
 0.988   22.5021
 0.984   22.7784
 0.980   22.6119
 0.976   22.3961
 0.972   22.4535
 0.968   22.2067
 0.964   22.1759
 0.960   21.8885
 0.956   21.7867
 0.952   21.5455
 0.948   21.6790
 0.944   21.4170
 0.940   21.4559
 0.936   21.2805
 0.932   21.2934
 0.928   21.1523
 0.924   20.8709
 0.920   20.7939
 0.916   20.6391
 0.912   20.6391
 0.908   20.4205
 0.904   20.2141
 0.900   20.3012
 0.896   20.2099
 0.892   20.2038
 0.888   20.0584
 0.884   20.2521
 0.880   20.1226
 0.876   20.0943
 0.872   20.1963
 0.868   19.8431
 0.864   19.8604
 0.860   19.5895
 0.856   19.5557
 0.852   19.3684
 0.848   19.4999
 0.844   19.3139
 0.840   19.2318
 0.836   19.0859
 0.832   19.0532
 0.828   18.7647
 0.824   18.5979
 0.820   18.6220
 0.816   18.6331
 0.812   18.7511
 0.808   18.3344
 0.804   18.3118
 0.800   18.1560
 0.799   17.5675
 0.798   17.5660
 0.797   17.6193
 0.796   17.5835
 0.795   17.5586
 0.794   17.1303
 0.793   17.5462
 0.792   17.5223
 0.791   17.5068
 0.790   17.3631
 0.789   17.4624
 0.788   17.5192
 0.787   17.4999
 0.786   17.6320
 0.785   17.5192
 0.784   17.4499
 0.783   17.2607
 0.782   17.0310
 0.781   16.9136
 0.780   16.8665
 0.779   17.0432
 0.778   17.1043
 0.777   17.0676
 0.776   17.0432
 0.775   16.8665
 0.774   16.9739
 0.773   16.8424
 0.772   16.8413
 0.771   16.8413
 0.770   16.4837
 0.769   16.4959
 0.768   16.4718
 0.767   16.5552
 0.766   16.5671
 0.765   16.5552
 0.764   16.4236
 0.763   16.4956
 0.762   16.2218
 0.761   16.2570
 0.760   16.3159
 0.759   16.2906
 0.758   16.0034
 0.757   16.1828
 0.756   16.0502
 0.755   16.0502
 0.754   15.9685
 0.753   16.0391
 0.752   15.7866
 0.751   15.8492
 0.750   16.0156
 0.749   15.8213
 0.748   15.7991
 0.747   15.7875
 0.746   15.4391
 0.745   15.7031
 0.744   15.5361
 0.743   15.5247
 0.742   15.6063
 0.741   15.6514
 0.740   15.5423
 0.739   15.3988
 0.738   15.2783
 0.737   15.1578
 0.736   15.2687
 0.735   15.2687
 0.734   15.3374
 0.733   15.1301
 0.732   15.0205
 0.731   14.9415
 0.730   14.7099
 0.729   14.6658
 0.728   14.8185
 0.727   14.7410
 0.726   14.6757
 0.725   14.5881
 0.724   14.4155
 0.723   14.3607
 0.722   14.4045
 0.721   14.3935
 0.720   14.6324
 0.719   14.2169
 0.718   14.2836
 0.717   14.1410
 0.716   14.1302
 0.715   14.1843
 0.714   14.2169
 0.713   14.0740
 0.712   14.0848
 0.711   13.9172
 0.710   13.7848
 0.709   13.7848
 0.708   13.6737
 0.707   13.5941
 0.706   13.5835
 0.705   13.5730
 0.704   13.5309
 0.703   13.3574
 0.702   13.3367
 0.701   13.0843
 0.700   13.4826
 0.699   13.5352
 0.698   13.3297
 0.697   13.2342
 0.696   12.8915
 0.695   12.8504
 0.694   12.8709
 0.693   12.8197
 0.692   12.6759
 0.691   12.6759
 0.690   12.6759
 0.689   12.6130
 0.688   12.5827
 0.687   12.4292
 0.686   12.4192
 0.685   12.3894
 0.684   12.2959
 0.683   12.2762
 0.682   12.0299
 0.681   11.8971
 0.680   11.8683
 0.679   11.9938
 0.678   12.0231
 0.677   11.9281
 0.676   11.8797
 0.675   11.8990
 0.674   11.7270
 0.673   11.4328
 0.672   11.4328
 0.671   11.7661
 0.670   11.7856
 0.669   11.8052
 0.668   11.7204
 0.667   11.4216
 0.666   11.6814
 0.665   11.4337
 0.664   11.3004
 0.663   11.2531
 0.662   11.4529
 0.661   11.0903
 0.660   10.7466
 0.659   11.0063
 0.658   10.8554
 0.657   11.0716
 0.656   10.6674
 0.655   10.7122
 0.654   10.8885
 0.653   10.9663
 0.652   10.7870
 0.651   10.6634
 0.650   10.6181
 0.649   10.5731
 0.648   10.2746
 0.647   10.3274
 0.646   10.2661
 0.645   10.2749
 0.644   10.1427
 0.643   10.3015
 0.642   10.1778
 0.641   10.1690
 0.640   10.1602
 0.639   10.1427
 0.638    9.9825
 0.637    9.9477
 0.636   10.0658
 0.635    9.9477
 0.634    9.7086
 0.633    9.7086
 0.632    9.9912
 0.631    9.7513
 0.630    9.7428
 0.629    9.6441
 0.628    9.7728
 0.627    9.4608
 0.626    9.2873
 0.625    9.0323
 0.624    9.4989
 0.623    9.5329
 0.622    9.0972
 0.621    9.0323
 0.620    9.0366
 0.619    8.9879
 0.618    9.2343
 0.617    9.0056
 0.616    8.8813
 0.615    8.9055
 0.614    8.7810
 0.613    8.7730
 0.612    8.8050
 0.611    8.8050
 0.610    8.6723
 0.609    8.6644
 0.608    8.3997
 0.607    8.5784
 0.606    8.6184
 0.605    8.5092
 0.604    8.2658
 0.603    8.2813
 0.602    8.1940
 0.601    8.2483
 0.600    8.0332
 0.599    8.1068
 0.598    7.9948
 0.597    7.8470
 0.596    7.8622
 0.595    7.9312
 0.594    7.8243
 0.593    7.7267
 0.592    7.7343
 0.591    7.6063
 0.590    7.5216
 0.589    7.6587
 0.588    7.3649
 0.587    7.3942
 0.586    7.2730
 0.585    7.4533
 0.584    6.9734
 0.583    6.9032
 0.582    6.9102
 0.581    6.9312
 0.580    6.7241
 0.579    6.8671
 0.578    6.8742
 0.577    6.6764
 0.576    6.4345
 0.575    6.5531
 0.574    6.5125
 0.573    6.1597
 0.572    6.3599
 0.571    6.4125
 0.570    6.4656
 0.569    6.0479
 0.568    5.9108
 0.567    5.9046
 0.566    5.8984
 0.565    5.6438
 0.564    5.6197
 0.563    5.6493
 0.562    5.6739
 0.561    5.4368
 0.560    5.3238
 0.559    5.3592
 0.558    5.2538
 0.557    5.2019
 0.556    4.9441
 0.555    4.5177
 0.554    4.8155
 0.553    4.3945
 0.552    4.7141
 0.551    4.6230
 0.550    4.5313
 0.549    4.5635
 0.548    4.0419
 0.547    4.0272
 0.546    4.0125
 0.545    3.9689
 0.544    4.1738
 0.543    3.7345
 0.542    3.7533
 0.541    3.9298
 0.540    3.9448
 0.539    3.7245
 0.538    3.9700
 0.537    3.7589
 0.536    3.5992
 0.535    3.6282
 0.534    3.6380
 0.533    3.4597
 0.532    3.2324
 0.531    3.4173
 0.530    3.3068
 0.529    3.4408
 0.528    3.3161
 0.527    3.2050
 0.526    2.8884
 0.525    2.9052
 0.524    2.6588
 0.523    3.2325
 0.522    2.6832
 0.521    2.6913
 0.520    3.0084
 0.519    2.5295
 0.518    2.6923
 0.517    2.3927
 0.516    2.4043
 0.515    2.7479
 0.514    2.2982
 0.513    2.4199
 0.512    2.3174
 0.511    2.3059
 0.510    2.3290
 0.509    2.3251
 0.508    2.0470
 0.507    2.0397
 0.506    2.0507
 0.505    1.9214
 0.504    2.0544
 0.503    1.9214
 0.502    1.9358
 0.501    1.6414
 0.500    1.8170
 0.499    1.8419
 0.498    1.8064
 0.497    1.7993
 0.496    1.6547
 0.495    1.5254
 0.494    1.5516
 0.493    1.5385
 0.492    1.3638
 0.491    1.5157
 0.490    1.3700
 0.489    1.5385
 0.488    1.5582
 0.487    1.4283
 0.486    1.0118
 0.485    1.2410
 0.484    1.2529
 0.483    1.2589
 0.482    1.2710
 0.481    1.2860
 0.480    1.2740
 0.479    1.0118
 0.478    1.0233
 0.477    1.0290
 0.476    1.2800
 0.475    1.1415
 0.474    0.8783
 0.473    0.8756
 0.472    0.8756
 0.471    0.8756
 0.470    0.8159
 0.469    0.5517
 0.468    0.4288
 0.467    0.5585
 0.466    0.5427
 0.465    0.5517
 0.464    0.5676
 0.463    0.4021
 0.462    0.3939
 0.461    0.3918
 0.460    0.4021
 0.459    0.5474
 0.458    0.4288
 0.457    0.4495
 0.456    0.4533
 0.455    0.2890
 0.454    0.2941
 0.453    0.2806
 0.452    0.2890
 0.451    0.0000
 0.450    0.0000
 0.449    0.0000
 0.448    0.0000
 0.447    0.0000
 0.446    0.0000
 0.445    0.0000
 0.444    0.0000
 0.443    0.0000
 0.442    0.0000
 0.441    0.0000
 0.440    0.0000
 0.439    0.0000
 0.438    0.0000
 0.437    0.0000
 0.436    0.0000
 0.435    0.0000
 0.434    0.0000
 0.433    0.0000
 0.432    0.0000
 0.431    0.0000
 0.430    0.0000
 0.429    0.0000
 0.428    0.0000
 0.427    0.0000
 0.426    0.0000
 0.425    0.0000
 0.424    0.0000
 0.423    0.0000
 0.422    0.0000
 0.421    0.0000
 0.420    0.0000
 0.419    0.0000
 0.418    0.0000
 0.417    0.0000
 0.416    0.0000
 0.415    0.0000
 0.414    0.0000
 0.413    0.0000
 0.412    0.0000
 0.411    0.0000
 0.410    0.0000
 0.409    0.0000
 0.408    0.0000
 0.407    0.0000
 0.406    0.0000
 0.405    0.0000
 0.404    0.0000
 0.403    0.0000
 0.402    0.0000
 0.401    0.0000
 0.400    0.0000
