Name: Augite (Ca,Na)(Mg,Fe,Al,Ti)(Si,Al)2O6
Type:  Mineral
Class:  Silicates
Subclass:  Inosilicates (Pyroxene Group - single chain)
Particle Size:  Fine (less than 75 Micrometers)
Sample No.:  augite.1
Owner:  JHU
Wavelength Range:  IR
Origin:  Sample from Monteagle Township, Hostings Co., Ontario, 
Canada via the Smithsonian (sample no. NMNH 117461). 
Description: Sample consisted of  fragments of well-formed crystal(s), 
with some surface contamination by calcite.  Small grains were deep, 
translucent green and generally clear and unaltered.  The powdered 
sample was washed in dilute HCl to remove residual calcite, but an 
extremely weak carbonate band is still seen in the spectrum of the 
75-250 micrometers size range near 4.0 micrometers.
Measurement:  Bidirectional reflectance 
First Column:  X
Second Column:  Y  
X Units:  Wavelength (micrometers)
Y Units:  Reflectance (percent)
First X Value:  25.0442
Last X Value:  2.079
Number of X Values:  2287
Additional Information: augite1a.txt
25.044    2.5498
24.924    2.4932
24.805    2.2993
24.686    2.3384
24.569    2.3359
24.454    2.3760
24.339    2.4419
24.225    2.4805
24.112    2.4458
24.001    2.6240
23.890    2.8818
23.781    2.7246
23.672    2.6055
23.564    2.6133
23.458    2.7578
23.352    2.8467
23.247    2.8965
23.144    2.7180
23.041    2.7842
22.939    2.9170
22.838    2.9709
22.738    3.0332
22.638    3.0225
22.540    3.0762
22.442    3.1797
22.345    3.1819
22.250    3.1548
22.154    3.2031
22.060    3.2627
21.967    3.3830
21.874    3.3584
21.782    3.2756
21.691    3.3286
21.601    3.3613
21.511    3.2969
21.422    3.3010
21.334    3.3205
21.247    3.2627
21.160    3.1416
21.074    3.0530
20.988    2.9853
20.904    2.9062
20.820    2.9155
20.737    2.8716
20.654    2.8164
20.572    2.8235
20.491    2.8423
20.410    2.8713
20.330    2.8887
20.251    2.8989
20.172    2.8879
20.094    2.9321
20.016    2.9929
19.939    3.0205
19.863    3.1042
19.787    3.1555
19.712    3.1445
19.637    3.1953
19.563    3.2651
19.489    3.2749
19.416    3.2798
19.344    3.3091
19.272    3.3491
19.201    3.3296
19.130    3.2710
19.059    3.2847
18.990    3.3096
18.920    3.3225
18.851    3.3320
18.783    3.3364
18.715    3.4009
18.648    3.4375
18.581    3.4387
18.515    3.4526
18.449    3.4888
18.384    3.4477
18.319    3.4131
18.254    3.4780
18.190    3.5461
18.126    3.5229
18.063    3.4651
18.001    3.4280
17.938    3.4131
17.876    3.3755
17.815    3.3393
17.754    3.3577
17.693    3.3032
17.633    3.2270
17.573    3.1675
17.514    3.0986
17.455    3.0469
17.396    2.9817
17.338    2.8901
17.280    2.8484
17.223    2.8205
17.166    2.7607
17.109    2.6650
17.053    2.6133
16.997    2.5391
16.942    2.4600
16.886    2.4209
16.832    2.3769
16.777    2.3130
16.723    2.2842
16.669    2.2039
16.616    2.1252
16.563    2.0591
16.510    1.9951
16.458    1.9265
16.406    1.9070
16.354    1.9202
16.302    1.8916
16.251    1.8120
16.200    1.7681
16.150    1.7539
16.100    1.7092
16.050    1.6418
16.000    1.5894
15.951    1.5635
15.902    1.5542
15.854    1.5276
15.805    1.5469
15.757    1.5623
15.710    1.5413
15.662    1.5305
15.615    1.5295
15.568    1.5544
15.521    1.5793
15.475    1.6282
15.429    1.6980
15.383    1.7759
15.338    1.8435
15.292    1.8926
15.248    1.9897
15.203    2.0356
15.158    2.0098
15.114    1.9856
15.070    1.9512
15.027    1.8984
14.983    1.8467
14.940    1.8154
14.897    1.7856
14.854    1.8154
14.812    1.8506
14.770    1.9204
14.728    2.0278
14.686    2.1655
14.645    2.3345
14.603    2.4810
14.562    2.6064
14.521    2.7158
14.481    2.7798
14.441    2.8765
14.400    3.0388
14.361    3.1892
14.321    3.3066
14.281    3.4407
14.242    3.5857
14.203    3.7400
14.164    3.8584
14.126    3.9214
14.087    4.0127
14.049    4.1191
14.011    4.2195
13.973    4.3188
13.936    4.4609
13.899    4.5771
13.861    4.6704
13.824    4.7534
13.788    4.8281
13.751    4.8923
13.715    4.9377
13.679    4.9297
13.643    4.8791
13.607    4.8791
13.571    4.8708
13.536    4.8179
13.500    4.7471
13.465    4.7226
13.430    4.6733
13.396    4.6120
13.361    4.5727
13.327    4.5425
13.293    4.4785
13.259    4.4360
13.225    4.3950
13.191    4.3418
13.158    4.2952
13.124    4.2466
13.091    4.1902
13.058    4.0925
13.026    4.0207
12.993    3.9910
12.960    3.9404
12.928    3.8667
12.896    3.8198
12.864    3.7722
12.832    3.7063
12.800    3.6929
12.769    3.7119
12.737    3.7107
12.706    3.6865
12.675    3.6719
12.644    3.6663
12.614    3.6357
12.583    3.6094
12.552    3.5989
12.522    3.5544
12.492    3.4958
12.462    3.4617
12.432    3.4175
12.402    3.3528
12.373    3.2764
12.343    3.1743
12.314    3.0749
12.285    3.0032
12.256    2.9375
12.227    2.8257
12.198    2.7502
12.169    2.7156
12.141    2.6692
12.113    2.6443
12.084    2.5850
12.056    2.5256
12.028    2.5051
12.000    2.4836
11.973    2.4604
11.945    2.4172
11.918    2.3955
11.890    2.4033
11.863    2.3874
11.836    2.3928
11.809    2.4429
11.782    2.4683
11.755    2.4963
11.729    2.5332
11.702    2.5808
11.676    2.6099
11.650    2.6626
11.624    2.6990
11.598    2.7102
11.572    2.7258
11.546    2.7466
11.520    2.7432
11.495    2.7673
11.469    2.7925
11.444    2.7849
11.419    2.7497
11.394    2.7585
11.369    2.7771
11.344    2.7510
11.319    2.7390
11.294    2.7436
11.270    2.7539
11.245    2.7390
11.221    2.7031
11.197    2.6926
11.173    2.7085
11.149    2.7129
11.125    2.6955
11.101    2.7026
11.077    2.7104
11.054    2.7102
11.030    2.7090
11.007    2.7317
10.983    2.7417
10.960    2.7512
10.937    2.7585
10.914    2.7637
10.891    2.7617
10.868    2.7305
10.846    2.6904
10.823    2.6716
10.800    2.6360
10.778    2.5925
10.755    2.5852
10.733    2.5923
10.711    2.6230
10.689    2.6728
10.667    2.7031
10.645    2.7222
10.623    2.7390
10.602    2.7451
10.580    2.7205
10.558    2.6907
10.537    2.6706
10.516    2.6409
10.494    2.6213
10.473    2.6143
10.452    2.6218
10.431    2.6289
10.410    2.6204
10.389    2.5832
10.368    2.5173
10.348    2.4456
10.327    2.3716
10.306    2.2532
10.286    2.1167
10.266    2.0017
10.245    1.8818
10.225    1.7566
10.205    1.6309
10.185    1.5276
10.165    1.4543
10.145    1.4094
10.125    1.3979
10.106    1.3896
10.086    1.3857
10.066    1.3950
10.047    1.4123
10.027    1.4202
10.008    1.4319
 9.989    1.4497
 9.970    1.4714
 9.950    1.4875
 9.931    1.4968
 9.912    1.5044
 9.893    1.5278
 9.875    1.5566
 9.856    1.5596
 9.837    1.5688
 9.818    1.5803
 9.800    1.5908
 9.781    1.5913
 9.763    1.5930
 9.745    1.5864
 9.726    1.5715
 9.708    1.5840
 9.690    1.6143
 9.672    1.6138
 9.654    1.6155
 9.636    1.6506
 9.618    1.6760
 9.600    1.7100
 9.583    1.7602
 9.565    1.8208
 9.547    1.8899
 9.530    1.9499
 9.512    2.0339
 9.495    2.1226
 9.477    2.2124
 9.460    2.2959
 9.443    2.3850
 9.426    2.4780
 9.409    2.5537
 9.392    2.6067
 9.375    2.6572
 9.358    2.7173
 9.341    2.7580
 9.324    2.7930
 9.307    2.8223
 9.291    2.8528
 9.274    2.8686
 9.257    2.8855
 9.241    2.9138
 9.224    2.9363
 9.208    2.9587
 9.192    3.0002
 9.175    3.0322
 9.159    3.0520
 9.143    3.0862
 9.127    3.1196
 9.111    3.1511
 9.095    3.1741
 9.079    3.2112
 9.063    3.2795
 9.047    3.3352
 9.032    3.3953
 9.016    3.4836
 9.000    3.5588
 8.985    3.6194
 8.969    3.6973
 8.954    3.7502
 8.938    3.7891
 8.923    3.8286
 8.907    3.8655
 8.892    3.8931
 8.877    3.9311
 8.862    3.9880
 8.847    4.0317
 8.832    4.0759
 8.817    4.1045
 8.802    4.1057
 8.787    4.0752
 8.772    4.0298
 8.757    3.9636
 8.742    3.8618
 8.728    3.7578
 8.713    3.6426
 8.698    3.5190
 8.684    3.3740
 8.669    3.2065
 8.655    3.0320
 8.640    2.8567
 8.626    2.6943
 8.612    2.5403
 8.597    2.4036
 8.583    2.2895
 8.569    2.1914
 8.555    2.0911
 8.541    2.0007
 8.527    1.9387
 8.513    1.8904
 8.499    1.8484
 8.485    1.8181
 8.471    1.8281
 8.457    1.8418
 8.443    1.8520
 8.430    1.8743
 8.416    1.9065
 8.402    1.9441
 8.389    1.9836
 8.375    2.0303
 8.362    2.0972
 8.348    2.1655
 8.335    2.2378
 8.321    2.3061
 8.308    2.3708
 8.295    2.4512
 8.281    2.5344
 8.268    2.6118
 8.255    2.7021
 8.242    2.7895
 8.229    2.8721
 8.216    2.9678
 8.203    3.0625
 8.190    3.1516
 8.177    3.2388
 8.164    3.3445
 8.151    3.4431
 8.138    3.5476
 8.126    3.6658
 8.113    3.7849
 8.100    3.8938
 8.088    4.0156
 8.075    4.1516
 8.062    4.2815
 8.050    4.4111
 8.037    4.5483
 8.025    4.6912
 8.013    4.8281
 8.000    4.9612
 7.988    5.0810
 7.976    5.1960
 7.963    5.3242
 7.951    5.4382
 7.939    5.5320
 7.927    5.6343
 7.915    5.7290
 7.903    5.8210
 7.891    5.9265
 7.879    6.0278
 7.867    6.1160
 7.855    6.2051
 7.843    6.3076
 7.831    6.4050
 7.819    6.4934
 7.807    6.5932
 7.796    6.6889
 7.784    6.7700
 7.772    6.8537
 7.761    6.9424
 7.749    7.0317
 7.738    7.1186
 7.726    7.2109
 7.715    7.2905
 7.703    7.3640
 7.692    7.4421
 7.680    7.5212
 7.669    7.5981
 7.658    7.6672
 7.646    7.7414
 7.635    7.8005
 7.624    7.8528
 7.613    7.9248
 7.601    7.9958
 7.590    8.0373
 7.579    8.1025
 7.568    8.1755
 7.557    8.2329
 7.546    8.2954
 7.535    8.3613
 7.524    8.4184
 7.513    8.4668
 7.502    8.5268
 7.492    8.5989
 7.481    8.6560
 7.470    8.7204
 7.459    8.7839
 7.448    8.8271
 7.438    8.8752
 7.427    8.9358
 7.417    8.9726
 7.406    9.0024
 7.395    9.0320
 7.385    9.0493
 7.374    9.0520
 7.364    9.0718
 7.353    9.1001
 7.343    9.1067
 7.333    9.1162
 7.322    9.1494
 7.312    9.1687
 7.302    9.1885
 7.291    9.2243
 7.281    9.2497
 7.271    9.2710
 7.261    9.3098
 7.251    9.3635
 7.240    9.4111
 7.230    9.4516
 7.220    9.4929
 7.210    9.5315
 7.200    9.5691
 7.190    9.6303
 7.180    9.6731
 7.170    9.6977
 7.160    9.7475
 7.151    9.8073
 7.141    9.8498
 7.131    9.8979
 7.121    9.9636
 7.111   10.0178
 7.102   10.0627
 7.092   10.1211
 7.082   10.1728
 7.073   10.2165
 7.063   10.2707
 7.053   10.3218
 7.044   10.3640
 7.034   10.4128
 7.025   10.4699
 7.015   10.5058
 7.006   10.5410
 6.996   10.5879
 6.987   10.6152
 6.977   10.6316
 6.968   10.6445
 6.959   10.6633
 6.949   10.6613
 6.940   10.6631
 6.931   10.6679
 6.921   10.6369
 6.912   10.5932
 6.903   10.5710
 6.894   10.5393
 6.885   10.4875
 6.876   10.4377
 6.866   10.3979
 6.857   10.3569
 6.848   10.3213
 6.839   10.2932
 6.830   10.2512
 6.821   10.1985
 6.812   10.1523
 6.803   10.0898
 6.794   10.0078
 6.786    9.9365
 6.777    9.8481
 6.768    9.7282
 6.759    9.6203
 6.750    9.5119
 6.741    9.3823
 6.733    9.2600
 6.724    9.1614
 6.715    9.0779
 6.707    9.0002
 6.698    8.9533
 6.689    8.9282
 6.681    8.9013
 6.672    8.8911
 6.663    8.8989
 6.655    8.9045
 6.646    8.9021
 6.638    8.9060
 6.629    8.8984
 6.621    8.8672
 6.612    8.8281
 6.604    8.7793
 6.596    8.7207
 6.587    8.6733
 6.579    8.6225
 6.571    8.5632
 6.562    8.5190
 6.554    8.4924
 6.546    8.4519
 6.537    8.4092
 6.529    8.3918
 6.521    8.3806
 6.513    8.3701
 6.505    8.3711
 6.496    8.3843
 6.488    8.4079
 6.480    8.4419
 6.472    8.4949
 6.464    8.5454
 6.456    8.5913
 6.448    8.6543
 6.440    8.7231
 6.432    8.7898
 6.424    8.8725
 6.416    8.9580
 6.408    9.0378
 6.400    9.1186
 6.392    9.2011
 6.384    9.2722
 6.377    9.3188
 6.369    9.3738
 6.361    9.4236
 6.353    9.4502
 6.345    9.4736
 6.338    9.5031
 6.330    9.5229
 6.322    9.5410
 6.314    9.5654
 6.307    9.5962
 6.299    9.6274
 6.291    9.6665
 6.284    9.7016
 6.276    9.7405
 6.269    9.7983
 6.261    9.8550
 6.254    9.9028
 6.246    9.9414
 6.238    9.9905
 6.231   10.0373
 6.223   10.0664
 6.216   10.0869
 6.209   10.1045
 6.201   10.1020
 6.194   10.0876
 6.186   10.0764
 6.179   10.0422
 6.172    9.9953
 6.164    9.9570
 6.157    9.9131
 6.150    9.8576
 6.142    9.8132
 6.135    9.7871
 6.128    9.7827
 6.121    9.8012
 6.113    9.8418
 6.106    9.9009
 6.099    9.9629
 6.092   10.0307
 6.085   10.0847
 6.078   10.1176
 6.070   10.1599
 6.063   10.1875
 6.056   10.1841
 6.049   10.1999
 6.042   10.2553
 6.035   10.3171
 6.028   10.3908
 6.021   10.5034
 6.014   10.6338
 6.007   10.7824
 6.000   10.9634
 5.993   11.1555
 5.986   11.3445
 5.979   11.5478
 5.973   11.7597
 5.966   11.9619
 5.959   12.1538
 5.952   12.3525
 5.945   12.5266
 5.938   12.6745
 5.932   12.8359
 5.925   12.9853
 5.918   13.0866
 5.911   13.1792
 5.905   13.2685
 5.898   13.3315
 5.891   13.3862
 5.884   13.4358
 5.878   13.4826
 5.871   13.5212
 5.864   13.5705
 5.858   13.6318
 5.851   13.6762
 5.845   13.7390
 5.838   13.8225
 5.831   13.8984
 5.825   13.9758
 5.818   14.0752
 5.812   14.1689
 5.805   14.2422
 5.799   14.3366
 5.792   14.4275
 5.786   14.4907
 5.779   14.5473
 5.773   14.6071
 5.767   14.6594
 5.760   14.7109
 5.754   14.7558
 5.747   14.7954
 5.741   14.8325
 5.735   14.8693
 5.728   14.8991
 5.722   14.9148
 5.716   14.9350
 5.709   14.9682
 5.703   14.9914
 5.697   14.9968
 5.691   15.0073
 5.684   15.0131
 5.678   15.0051
 5.672   15.0131
 5.666   15.0161
 5.660   14.9934
 5.653   14.9785
 5.647   14.9734
 5.641   14.9602
 5.635   14.9441
 5.629   14.9275
 5.623   14.9091
 5.617   14.8891
 5.611   14.8772
 5.604   14.8669
 5.598   14.8415
 5.592   14.8225
 5.586   14.8149
 5.580   14.7973
 5.574   14.7810
 5.568   14.7776
 5.562   14.7653
 5.556   14.7378
 5.550   14.7231
 5.545   14.7070
 5.539   14.6696
 5.533   14.6408
 5.527   14.6150
 5.521   14.5647
 5.515   14.5053
 5.509   14.4604
 5.503   14.4001
 5.498   14.3208
 5.492   14.2578
 5.486   14.1972
 5.480   14.1106
 5.474   14.0278
 5.469   13.9575
 5.463   13.8681
 5.457   13.7783
 5.451   13.7068
 5.446   13.6306
 5.440   13.5551
 5.434   13.4985
 5.428   13.4450
 5.423   13.3869
 5.417   13.3469
 5.411   13.3103
 5.406   13.2634
 5.400   13.2209
 5.395   13.1894
 5.389   13.1430
 5.383   13.0859
 5.378   13.0393
 5.372   12.9885
 5.367   12.9292
 5.361   12.8747
 5.356   12.8257
 5.350   12.7700
 5.344   12.7231
 5.339   12.6941
 5.333   12.6599
 5.328   12.6218
 5.323   12.5942
 5.317   12.5744
 5.312   12.5442
 5.306   12.5290
 5.301   12.5376
 5.295   12.5334
 5.290   12.5276
 5.285   12.5495
 5.279   12.5725
 5.274   12.5737
 5.268   12.5915
 5.263   12.6079
 5.258   12.5959
 5.252   12.5879
 5.247   12.5910
 5.242   12.5666
 5.237   12.5312
 5.231   12.5034
 5.226   12.4621
 5.221   12.4082
 5.215   12.3523
 5.210   12.2978
 5.205   12.2292
 5.200   12.1653
 5.195   12.1162
 5.189   12.0490
 5.184   11.9824
 5.179   11.9277
 5.174   11.8584
 5.169   11.7944
 5.163   11.7378
 5.158   11.6814
 5.153   11.6089
 5.148   11.5456
 5.143   11.4878
 5.138   11.4153
 5.133   11.3606
 5.128   11.3149
 5.123   11.2597
 5.118   11.2173
 5.113   11.1899
 5.108   11.1709
 5.103   11.1562
 5.097   11.1504
 5.092   11.1692
 5.087   11.1967
 5.083   11.2324
 5.078   11.2883
 5.073   11.3508
 5.068   11.4223
 5.063   11.5110
 5.058   11.6030
 5.053   11.6833
 5.048   11.7675
 5.043   11.8593
 5.038   11.9348
 5.033   12.0063
 5.028   12.0805
 5.023   12.1403
 5.019   12.1858
 5.014   12.2365
 5.009   12.2881
 5.004   12.3208
 4.999   12.3647
 4.994   12.4040
 4.990   12.4250
 4.985   12.4450
 4.980   12.4780
 4.975   12.5014
 4.970   12.5083
 4.966   12.5378
 4.961   12.5622
 4.956   12.5739
 4.951   12.5974
 4.947   12.6181
 4.942   12.6367
 4.937   12.6550
 4.933   12.6804
 4.928   12.6994
 4.923   12.7168
 4.919   12.7465
 4.914   12.7793
 4.909   12.8034
 4.905   12.8325
 4.900   12.8681
 4.895   12.9033
 4.891   12.9499
 4.886   13.0085
 4.882   13.0537
 4.877   13.0925
 4.872   13.1508
 4.868   13.2111
 4.863   13.2656
 4.859   13.3191
 4.854   13.3881
 4.850   13.4467
 4.845   13.5036
 4.840   13.5776
 4.836   13.6533
 4.831   13.7197
 4.827   13.7871
 4.822   13.8637
 4.818   13.9248
 4.814   13.9936
 4.809   14.0637
 4.805   14.1198
 4.800   14.1843
 4.796   14.2563
 4.791   14.3195
 4.787   14.3796
 4.782   14.4687
 4.778   14.5525
 4.774   14.6172
 4.769   14.6904
 4.765   14.7758
 4.760   14.8593
 4.756   14.9414
 4.752   15.0158
 4.747   15.0803
 4.743   15.1504
 4.739   15.2334
 4.734   15.3210
 4.730   15.3950
 4.726   15.4751
 4.721   15.5656
 4.717   15.6401
 4.713   15.7138
 4.709   15.7907
 4.704   15.8518
 4.700   15.8957
 4.696   15.9504
 4.692   16.0058
 4.687   16.0461
 4.683   16.0825
 4.679   16.1355
 4.675   16.1953
 4.670   16.2524
 4.666   16.3210
 4.662   16.4060
 4.658   16.4924
 4.654   16.5930
 4.649   16.6987
 4.645   16.7834
 4.641   16.8657
 4.637   16.9665
 4.633   17.0473
 4.629   17.1198
 4.625   17.2136
 4.620   17.3066
 4.616   17.3725
 4.612   17.4472
 4.608   17.5280
 4.604   17.5964
 4.600   17.6579
 4.596   17.7353
 4.592   17.8100
 4.588   17.8723
 4.584   17.9448
 4.580   18.0109
 4.576   18.0730
 4.572   18.1550
 4.568   18.2292
 4.564   18.2929
 4.560   18.3764
 4.555   18.4624
 4.551   18.5209
 4.548   18.5842
 4.544   18.6694
 4.540   18.7365
 4.536   18.7883
 4.532   18.8447
 4.528   18.8969
 4.524   18.9328
 4.520   18.9677
 4.516   19.0126
 4.512   19.0424
 4.508   19.0625
 4.504   19.0854
 4.500   19.1079
 4.496   19.1408
 4.492   19.1713
 4.488   19.1965
 4.485   19.2148
 4.481   19.2392
 4.477   19.2670
 4.473   19.2844
 4.469   19.2944
 4.465   19.3161
 4.461   19.3371
 4.458   19.3486
 4.454   19.3742
 4.450   19.3947
 4.446   19.4033
 4.442   19.4199
 4.438   19.4453
 4.435   19.4721
 4.431   19.4897
 4.427   19.5017
 4.423   19.5180
 4.420   19.5354
 4.416   19.5551
 4.412   19.5639
 4.408   19.5651
 4.405   19.5930
 4.401   19.6228
 4.397   19.6257
 4.393   19.6306
 4.390   19.6506
 4.386   19.6694
 4.382   19.6801
 4.379   19.6970
 4.375   19.7102
 4.371   19.7060
 4.367   19.7236
 4.364   19.7521
 4.360   19.7609
 4.356   19.7612
 4.353   19.7795
 4.349   19.8012
 4.345   19.8139
 4.342   19.8247
 4.338   19.8322
 4.335   19.8378
 4.331   19.8505
 4.327   19.8742
 4.324   19.8867
 4.320   19.8847
 4.317   19.9011
 4.313   19.9047
 4.309   19.9057
 4.306   19.9191
 4.302   19.9291
 4.299   19.9401
 4.295   19.9543
 4.292   19.9716
 4.288   19.9831
 4.284   19.9860
 4.281   20.0046
 4.277   20.0183
 4.274   20.0170
 4.270   20.0371
 4.267   20.0578
 4.263   20.0571
 4.260   20.0676
 4.256   20.0817
 4.253   20.0825
 4.249   20.0864
 4.246   20.1059
 4.242   20.1232
 4.239   20.1245
 4.235   20.1364
 4.232   20.1469
 4.229   20.1540
 4.225   20.1516
 4.222   20.1713
 4.218   20.1711
 4.215   20.1679
 4.211   20.1899
 4.208   20.2043
 4.205   20.2055
 4.201   20.2177
 4.198   20.2248
 4.194   20.2265
 4.191   20.2297
 4.188   20.2353
 4.184   20.2392
 4.181   20.2502
 4.177   20.2665
 4.174   20.2724
 4.171   20.2719
 4.167   20.2839
 4.164   20.2912
 4.161   20.2824
 4.157   20.2785
 4.154   20.2998
 4.151   20.3066
 4.147   20.2951
 4.144   20.3041
 4.141   20.3132
 4.137   20.3127
 4.134   20.3256
 4.131   20.3400
 4.128   20.3344
 4.124   20.3256
 4.121   20.3317
 4.118   20.3391
 4.114   20.3498
 4.111   20.3715
 4.108   20.3803
 4.105   20.3774
 4.101   20.3798
 4.098   20.3945
 4.095   20.3964
 4.092   20.4003
 4.088   20.4103
 4.085   20.4128
 4.082   20.4125
 4.079   20.4174
 4.076   20.4321
 4.072   20.4260
 4.069   20.4299
 4.066   20.4387
 4.063   20.4353
 4.060   20.4233
 4.056   20.4340
 4.053   20.4487
 4.050   20.4531
 4.047   20.4584
 4.044   20.4626
 4.041   20.4523
 4.038   20.4655
 4.034   20.4797
 4.031   20.4780
 4.028   20.4826
 4.025   20.4919
 4.022   20.4965
 4.019   20.4894
 4.016   20.4929
 4.013   20.4978
 4.009   20.4990
 4.006   20.5075
 4.003   20.5178
 4.000   20.5126
 3.997   20.5051
 3.994   20.5070
 3.991   20.5102
 3.988   20.5134
 3.985   20.5239
 3.982   20.5353
 3.979   20.5229
 3.976   20.5312
 3.973   20.5461
 3.969   20.5371
 3.966   20.5456
 3.963   20.5527
 3.960   20.5546
 3.957   20.5659
 3.954   20.5715
 3.951   20.5693
 3.948   20.5737
 3.945   20.5927
 3.942   20.6086
 3.939   20.6098
 3.936   20.6127
 3.933   20.6191
 3.930   20.6154
 3.927   20.6237
 3.924   20.6430
 3.921   20.6323
 3.918   20.6269
 3.916   20.6413
 3.913   20.6562
 3.910   20.6533
 3.907   20.6564
 3.904   20.6735
 3.901   20.6721
 3.898   20.6586
 3.895   20.6625
 3.892   20.6831
 3.889   20.6796
 3.886   20.6728
 3.883   20.6677
 3.880   20.6723
 3.877   20.6718
 3.875   20.6672
 3.872   20.6728
 3.869   20.6728
 3.866   20.6799
 3.863   20.6769
 3.860   20.6738
 3.857   20.6723
 3.854   20.6748
 3.852   20.6706
 3.849   20.6769
 3.846   20.6813
 3.843   20.6718
 3.840   20.6625
 3.837   20.6701
 3.834   20.6789
 3.832   20.6772
 3.829   20.6828
 3.826   20.6806
 3.823   20.6743
 3.820   20.6791
 3.817   20.6943
 3.815   20.6918
 3.812   20.6831
 3.809   20.6823
 3.806   20.6782
 3.803   20.6735
 3.801   20.6789
 3.798   20.6782
 3.795   20.6789
 3.792   20.6769
 3.790   20.6799
 3.787   20.6831
 3.784   20.6848
 3.781   20.6896
 3.779   20.6855
 3.776   20.6721
 3.773   20.6789
 3.770   20.6916
 3.768   20.6852
 3.765   20.6789
 3.762   20.6865
 3.759   20.6784
 3.757   20.6774
 3.754   20.6774
 3.751   20.6769
 3.748   20.6740
 3.746   20.6713
 3.743   20.6738
 3.740   20.6750
 3.738   20.6640
 3.735   20.6726
 3.732   20.6679
 3.730   20.6584
 3.727   20.6545
 3.724   20.6542
 3.722   20.6520
 3.719   20.6530
 3.716   20.6574
 3.714   20.6477
 3.711   20.6372
 3.708   20.6396
 3.706   20.6279
 3.703   20.6225
 3.700   20.6249
 3.698   20.6215
 3.695   20.6162
 3.692   20.6174
 3.690   20.6142
 3.687   20.6064
 3.685   20.6030
 3.682   20.6018
 3.679   20.5983
 3.677   20.5864
 3.674   20.5830
 3.671   20.5783
 3.669   20.5678
 3.666   20.5646
 3.664   20.5588
 3.661   20.5502
 3.659   20.5590
 3.656   20.5568
 3.653   20.5383
 3.651   20.5366
 3.648   20.5378
 3.646   20.5397
 3.643   20.5346
 3.641   20.5212
 3.638   20.5229
 3.635   20.5202
 3.633   20.5068
 3.630   20.5109
 3.628   20.4995
 3.625   20.4914
 3.623   20.4909
 3.620   20.4916
 3.618   20.4787
 3.615   20.4719
 3.613   20.4667
 3.610   20.4648
 3.608   20.4526
 3.605   20.4492
 3.603   20.4492
 3.600   20.4348
 3.598   20.4204
 3.595   20.4218
 3.593   20.4155
 3.590   20.4111
 3.588   20.4101
 3.585   20.3967
 3.583   20.3823
 3.580   20.3867
 3.578   20.3830
 3.575   20.3669
 3.573   20.3505
 3.570   20.3478
 3.568   20.3486
 3.565   20.3403
 3.563   20.3244
 3.561   20.3190
 3.558   20.3144
 3.556   20.3010
 3.553   20.2883
 3.551   20.2673
 3.548   20.2580
 3.546   20.2582
 3.544   20.2448
 3.541   20.2387
 3.539   20.2253
 3.536   20.2053
 3.534   20.1826
 3.531   20.1704
 3.529   20.1564
 3.527   20.1267
 3.524   20.0964
 3.522   20.0671
 3.519   20.0239
 3.517   19.9726
 3.515   19.9199
 3.512   19.8471
 3.510   19.7663
 3.508   19.6979
 3.505   19.6447
 3.503   19.6096
 3.500   19.5964
 3.498   19.6176
 3.496   19.6545
 3.493   19.6877
 3.491   19.7126
 3.489   19.7316
 3.486   19.7519
 3.484   19.7700
 3.482   19.7766
 3.479   19.7768
 3.477   19.7822
 3.475   19.7827
 3.472   19.7812
 3.470   19.7888
 3.468   19.7902
 3.465   19.7741
 3.463   19.7602
 3.461   19.7514
 3.458   19.7258
 3.456   19.6970
 3.454   19.6794
 3.452   19.6584
 3.449   19.6284
 3.447   19.6015
 3.445   19.5649
 3.442   19.5393
 3.440   19.4953
 3.438   19.4677
 3.435   19.4289
 3.433   19.3627
 3.431   19.2973
 3.429   19.2377
 3.426   19.1616
 3.424   19.0932
 3.422   19.0327
 3.420   18.9819
 3.417   18.9516
 3.415   18.9541
 3.413   18.9741
 3.411   18.9814
 3.408   19.0048
 3.406   19.0373
 3.404   19.0932
 3.402   19.1445
 3.399   19.1740
 3.397   19.2053
 3.395   19.2441
 3.393   19.2678
 3.391   19.2719
 3.388   19.2714
 3.386   19.2768
 3.384   19.2751
 3.382   19.2761
 3.380   19.2685
 3.377   19.2714
 3.375   19.3029
 3.373   19.3271
 3.371   19.3352
 3.369   19.3486
 3.366   19.3742
 3.364   19.3964
 3.362   19.4047
 3.360   19.3964
 3.358   19.3862
 3.355   19.3828
 3.353   19.3974
 3.351   19.3930
 3.349   19.4084
 3.347   19.4172
 3.345   19.4404
 3.342   19.4528
 3.340   19.4602
 3.338   19.4597
 3.336   19.4763
 3.334   19.4831
 3.332   19.4804
 3.330   19.4738
 3.327   19.4833
 3.325   19.4863
 3.323   19.4719
 3.321   19.4653
 3.319   19.4675
 3.317   19.4643
 3.315   19.4594
 3.313   19.4462
 3.310   19.4274
 3.308   19.4228
 3.306   19.4211
 3.304   19.4155
 3.302   19.4079
 3.300   19.4067
 3.298   19.3920
 3.296   19.3750
 3.294   19.3691
 3.292   19.3518
 3.289   19.3417
 3.287   19.3361
 3.285   19.3198
 3.283   19.3061
 3.281   19.3061
 3.279   19.2871
 3.277   19.2866
 3.275   19.2690
 3.273   19.2622
 3.271   19.2492
 3.269   19.2351
 3.267   19.2211
 3.265   19.2119
 3.263   19.2041
 3.260   19.1818
 3.258   19.1650
 3.256   19.1528
 3.254   19.1440
 3.252   19.1276
 3.250   19.1169
 3.248   19.0971
 3.246   19.0854
 3.244   19.0815
 3.242   19.0615
 3.240   19.0349
 3.238   19.0278
 3.236   19.0180
 3.234   19.0034
 3.232   18.9941
 3.230   18.9809
 3.228   18.9665
 3.226   18.9633
 3.224   18.9521
 3.222   18.9421
 3.220   18.9230
 3.218   18.8999
 3.216   18.8867
 3.214   18.8791
 3.212   18.8657
 3.210   18.8513
 3.208   18.8310
 3.206   18.8071
 3.204   18.7941
 3.202   18.7778
 3.200   18.7605
 3.198   18.7512
 3.196   18.7324
 3.194   18.7082
 3.192   18.7016
 3.190   18.6872
 3.188   18.6684
 3.186   18.6606
 3.184   18.6479
 3.182   18.6225
 3.180   18.6137
 3.179   18.5935
 3.177   18.5612
 3.175   18.5512
 3.173   18.5356
 3.171   18.5222
 3.169   18.5078
 3.167   18.4851
 3.165   18.4775
 3.163   18.4687
 3.161   18.4492
 3.159   18.4209
 3.157   18.3923
 3.155   18.3757
 3.153   18.3701
 3.151   18.3449
 3.150   18.3273
 3.148   18.3100
 3.146   18.2927
 3.144   18.2788
 3.142   18.2543
 3.140   18.2314
 3.138   18.2160
 3.136   18.1887
 3.134   18.1709
 3.132   18.1589
 3.131   18.1425
 3.129   18.1127
 3.127   18.0935
 3.125   18.0739
 3.123   18.0515
 3.121   18.0341
 3.119   18.0305
 3.117   18.0219
 3.115   17.9902
 3.114   17.9714
 3.112   17.9526
 3.110   17.9196
 3.108   17.9089
 3.106   17.8957
 3.104   17.8701
 3.102   17.8554
 3.101   17.8464
 3.099   17.8266
 3.097   17.7981
 3.095   17.7878
 3.093   17.7675
 3.091   17.7485
 3.089   17.7255
 3.088   17.7121
 3.086   17.7055
 3.084   17.6845
 3.082   17.6518
 3.080   17.6206
 3.078   17.6054
 3.077   17.6093
 3.075   17.5852
 3.073   17.5571
 3.071   17.5356
 3.069   17.5166
 3.068   17.5053
 3.066   17.4794
 3.064   17.4526
 3.062   17.4394
 3.060   17.4250
 3.058   17.3957
 3.057   17.3674
 3.055   17.3461
 3.053   17.3396
 3.051   17.3164
 3.050   17.3051
 3.048   17.2990
 3.046   17.2763
 3.044   17.2573
 3.042   17.2517
 3.041   17.2324
 3.039   17.2058
 3.037   17.1892
 3.035   17.1740
 3.033   17.1508
 3.032   17.1340
 3.030   17.1254
 3.028   17.0998
 3.026   17.0659
 3.025   17.0644
 3.023   17.0561
 3.021   17.0231
 3.019   16.9980
 3.018   16.9885
 3.016   16.9646
 3.014   16.9296
 3.012   16.9018
 3.011   16.8789
 3.009   16.8564
 3.007   16.8415
 3.005   16.8256
 3.004   16.7951
 3.002   16.7690
 3.000   16.7561
 2.998   16.7351
 2.997   16.7085
 2.995   16.6931
 2.993   16.6821
 2.991   16.6626
 2.990   16.6347
 2.988   16.6245
 2.986   16.5996
 2.985   16.5817
 2.983   16.5681
 2.981   16.5400
 2.979   16.5134
 2.978   16.4868
 2.976   16.4641
 2.974   16.4292
 2.973   16.3813
 2.971   16.3527
 2.969   16.3447
 2.967   16.3266
 2.966   16.2917
 2.964   16.2641
 2.962   16.2446
 2.961   16.2128
 2.959   16.1806
 2.957   16.1499
 2.956   16.1430
 2.954   16.1211
 2.952   16.0803
 2.951   16.0424
 2.949   16.0263
 2.947   15.9948
 2.946   15.9570
 2.944   15.9360
 2.942   15.9108
 2.941   15.8628
 2.939   15.8193
 2.937   15.7993
 2.936   15.7851
 2.934   15.7587
 2.932   15.7187
 2.931   15.6745
 2.929   15.6479
 2.927   15.6174
 2.926   15.5869
 2.924   15.5605
 2.922   15.5332
 2.921   15.4917
 2.919   15.4458
 2.917   15.4296
 2.916   15.4028
 2.914   15.3547
 2.912   15.3222
 2.911   15.3068
 2.909   15.2749
 2.908   15.2519
 2.906   15.2299
 2.904   15.2085
 2.903   15.1882
 2.901   15.1674
 2.899   15.1430
 2.898   15.1157
 2.896   15.1049
 2.895   15.0817
 2.893   15.0810
 2.891   15.0639
 2.890   15.0297
 2.888   15.0044
 2.887   15.0080
 2.885   15.0195
 2.883   15.0258
 2.882   15.0258
 2.880   15.0200
 2.878   15.0244
 2.877   15.0224
 2.875   15.0288
 2.874   15.0229
 2.872   14.9973
 2.871   15.0000
 2.869   15.0083
 2.867   15.0014
 2.866   15.0004
 2.864   14.9983
 2.863   15.0000
 2.861   15.0048
 2.859   15.0097
 2.858   15.0161
 2.856   15.0297
 2.855   15.0385
 2.853   15.0205
 2.852   15.0171
 2.850   15.0273
 2.848   15.0229
 2.847   15.0224
 2.845   15.0293
 2.844   15.0515
 2.842   15.0654
 2.841   15.0629
 2.839   15.0727
 2.838   15.0832
 2.836   15.0864
 2.834   15.1093
 2.833   15.1435
 2.831   15.1689
 2.830   15.2114
 2.828   15.2631
 2.827   15.3100
 2.825   15.3725
 2.824   15.4272
 2.822   15.4965
 2.821   15.5693
 2.819   15.6347
 2.817   15.6997
 2.816   15.7736
 2.814   15.8491
 2.813   15.9145
 2.811   15.9809
 2.810   16.0337
 2.808   16.0937
 2.807   16.1635
 2.805   16.2187
 2.804   16.2436
 2.802   16.2651
 2.801   16.2832
 2.799   16.3032
 2.798   16.3325
 2.796   16.3632
 2.795   16.3877
 2.793   16.4013
 2.792   16.3969
 2.790   16.4140
 2.789   16.4072
 2.787   16.4462
 2.786   16.4690
 2.784   16.4770
 2.783   16.4936
 2.781   16.5190
 2.780   16.5146
 2.778   16.5244
 2.777   16.5463
 2.775   16.5747
 2.774   16.5693
 2.772   16.6005
 2.771   16.6342
 2.769   16.6469
 2.768   16.6377
 2.766   16.6630
 2.765   16.6723
 2.763   16.6870
 2.762   16.6919
 2.760   16.6836
 2.759   16.6845
 2.758   16.7265
 2.756   16.7714
 2.755   16.8022
 2.753   16.8188
 2.752   16.8090
 2.750   16.8325
 2.749   16.8496
 2.747   16.7998
 2.746   16.6757
 2.744   16.5385
 2.743   16.5566
 2.741   16.7710
 2.740   16.9409
 2.739   17.0195
 2.737   17.0410
 2.736   17.0053
 2.734   16.9057
 2.733   16.6709
 2.731   16.3877
 2.730   16.3149
 2.729   16.6025
 2.727   16.9252
 2.726   17.0180
 2.724   16.9663
 2.723   16.8129
 2.721   16.5537
 2.720   16.3247
 2.718   16.3955
 2.717   16.7910
 2.716   17.2175
 2.714   17.4841
 2.713   17.6650
 2.711   17.8098
 2.710   17.9106
 2.709   18.0112
 2.707   18.0937
 2.706   18.1555
 2.704   18.2202
 2.703   18.2900
 2.701   18.3579
 2.700   18.4355
 2.699   18.5144
 2.697   18.5686
 2.696   18.6135
 2.694   18.6547
 2.693   18.7023
 2.692   18.7458
 2.690   18.7788
 2.689   18.8151
 2.687   18.8417
 2.686   18.8562
 2.685   18.8815
 2.683   18.9028
 2.682   18.9160
 2.681   18.9189
 2.679   18.9191
 2.678   18.9265
 2.676   18.9018
 2.675   18.8945
 2.674   18.8735
 2.672   18.8735
 2.671   18.9167
 2.669   19.0439
 2.668   19.2285
 2.667   19.4038
 2.665   19.5078
 2.664   19.5742
 2.663   19.5954
 2.661   19.5971
 2.660   19.6076
 2.659   19.6232
 2.657   19.6354
 2.656   19.6252
 2.654   19.6359
 2.653   19.6301
 2.652   19.6560
 2.650   19.6643
 2.649   19.6320
 2.648   19.6335
 2.646   19.6276
 2.645   19.6098
 2.644   19.5854
 2.642   19.5954
 2.641   19.6003
 2.640   19.6130
 2.638   19.6164
 2.637   19.5964
 2.636   19.5659
 2.634   19.5737
 2.633   19.5622
 2.632   19.5471
 2.630   19.5412
 2.629   19.5461
 2.628   19.5510
 2.626   19.5451
 2.625   19.5170
 2.624   19.5178
 2.622   19.5195
 2.621   19.5043
 2.620   19.4897
 2.618   19.4738
 2.617   19.4741
 2.616   19.4780
 2.614   19.4541
 2.613   19.4499
 2.612   19.4580
 2.610   19.4377
 2.609   19.4199
 2.608   19.3891
 2.606   19.3857
 2.605   19.3847
 2.604   19.3837
 2.602   19.3803
 2.601   19.3769
 2.600   19.3847
 2.599   19.3664
 2.597   19.3632
 2.596   19.3439
 2.595   19.3359
 2.593   19.3378
 2.592   19.3159
 2.591   19.3046
 2.589   19.3054
 2.588   19.3002
 2.587   19.3071
 2.586   19.3007
 2.584   19.2602
 2.583   19.2700
 2.582   19.2729
 2.580   19.2453
 2.579   19.2297
 2.578   19.2409
 2.577   19.2258
 2.575   19.2111
 2.574   19.1870
 2.573   19.1862
 2.572   19.2006
 2.570   19.1914
 2.569   19.1850
 2.568   19.1828
 2.566   19.1557
 2.565   19.1298
 2.564   19.1262
 2.563   19.1162
 2.561   19.0952
 2.560   19.0876
 2.559   19.1008
 2.558   19.0852
 2.556   19.0571
 2.555   19.0625
 2.554   19.0383
 2.553   19.0136
 2.551   19.0131
 2.550   19.0131
 2.549   19.0205
 2.547   18.9982
 2.546   18.9765
 2.545   18.9641
 2.544   18.9670
 2.542   18.9497
 2.541   18.9575
 2.540   18.9396
 2.539   18.9130
 2.538   18.9155
 2.536   18.9201
 2.535   18.9067
 2.534   18.8891
 2.533   18.8525
 2.531   18.8422
 2.530   18.8469
 2.529   18.8359
 2.528   18.8168
 2.526   18.8125
 2.525   18.8166
 2.524   18.7990
 2.523   18.7814
 2.521   18.7502
 2.520   18.7392
 2.519   18.7465
 2.518   18.7014
 2.517   18.6855
 2.515   18.6972
 2.514   18.6801
 2.513   18.6738
 2.512   18.6564
 2.510   18.6347
 2.509   18.6508
 2.508   18.6750
 2.507   18.6816
 2.506   18.6398
 2.504   18.6108
 2.503   18.6059
 2.502   18.5781
 2.501   18.5449
 2.500   18.5576
 2.498   18.5537
 2.497   18.5361
 2.496   18.5100
 2.495   18.5295
 2.494   18.4946
 2.492   18.4621
 2.491   18.4702
 2.490   18.4707
 2.489   18.4406
 2.488   18.4250
 2.486   18.4084
 2.485   18.3759
 2.484   18.3803
 2.483   18.4104
 2.482   18.3918
 2.480   18.3667
 2.479   18.3481
 2.478   18.3466
 2.477   18.3388
 2.476   18.3261
 2.475   18.3400
 2.473   18.3134
 2.472   18.2978
 2.471   18.2707
 2.470   18.2441
 2.469   18.2258
 2.467   18.2229
 2.466   18.2131
 2.465   18.1875
 2.464   18.1772
 2.463   18.1762
 2.462   18.1650
 2.460   18.1691
 2.459   18.1438
 2.458   18.1396
 2.457   18.1513
 2.456   18.1494
 2.455   18.1213
 2.453   18.0930
 2.452   18.0966
 2.451   18.0773
 2.450   18.0598
 2.449   18.0529
 2.448   18.0366
 2.447   18.0190
 2.445   17.9960
 2.444   17.9580
 2.443   17.9599
 2.442   17.9748
 2.441   17.9785
 2.440   17.9816
 2.438   17.9697
 2.437   17.9292
 2.436   17.8967
 2.435   17.8935
 2.434   17.9038
 2.433   17.8996
 2.432   17.8769
 2.430   17.8554
 2.429   17.8557
 2.428   17.8681
 2.427   17.8369
 2.426   17.8313
 2.425   17.7854
 2.424   17.7307
 2.423   17.7309
 2.421   17.7539
 2.420   17.7622
 2.419   17.7590
 2.418   17.7500
 2.417   17.7417
 2.416   17.7334
 2.415   17.7063
 2.413   17.7053
 2.412   17.6953
 2.411   17.6857
 2.410   17.7050
 2.409   17.6857
 2.408   17.6643
 2.407   17.6596
 2.406   17.6523
 2.405   17.6262
 2.403   17.5656
 2.402   17.5520
 2.401   17.5595
 2.400   17.5454
 2.399   17.5136
 2.398   17.4992
 2.397   17.5070
 2.396   17.4819
 2.395   17.4775
 2.393   17.4748
 2.392   17.4492
 2.391   17.4043
 2.390   17.4162
 2.389   17.4140
 2.388   17.3986
 2.387   17.3967
 2.386   17.3938
 2.385   17.3769
 2.384   17.3603
 2.382   17.3701
 2.381   17.3537
 2.380   17.3439
 2.379   17.3427
 2.378   17.3166
 2.377   17.3049
 2.376   17.3085
 2.375   17.2873
 2.374   17.2512
 2.373   17.2636
 2.372   17.2763
 2.370   17.2734
 2.369   17.2597
 2.368   17.2238
 2.367   17.1994
 2.366   17.1994
 2.365   17.1789
 2.364   17.1738
 2.363   17.1919
 2.362   17.1904
 2.361   17.1533
 2.360   17.1279
 2.359   17.1328
 2.358   17.1328
 2.356   17.1015
 2.355   17.0908
 2.354   17.0888
 2.353   17.0849
 2.352   17.0586
 2.351   17.0305
 2.350   17.0148
 2.349   17.0236
 2.348   17.0039
 2.347   16.9834
 2.346   16.9794
 2.345   16.9592
 2.344   16.9375
 2.343   16.9169
 2.342   16.9169
 2.340   16.9375
 2.339   16.9074
 2.338   16.8847
 2.337   16.8603
 2.336   16.8537
 2.335   16.8554
 2.334   16.8420
 2.333   16.8156
 2.332   16.7990
 2.331   16.8154
 2.330   16.8156
 2.329   16.7939
 2.328   16.7473
 2.327   16.7324
 2.326   16.7561
 2.325   16.7473
 2.324   16.7260
 2.323   16.7128
 2.322   16.7119
 2.321   16.7124
 2.320   16.7368
 2.318   16.7006
 2.317   16.6596
 2.316   16.6440
 2.315   16.6445
 2.314   16.6264
 2.313   16.6103
 2.312   16.6098
 2.311   16.6040
 2.310   16.6020
 2.309   16.5673
 2.308   16.5410
 2.307   16.5503
 2.306   16.5551
 2.305   16.5639
 2.304   16.5424
 2.303   16.5039
 2.302   16.4961
 2.301   16.4917
 2.300   16.4834
 2.299   16.4868
 2.298   16.4819
 2.297   16.4555
 2.296   16.4502
 2.295   16.4370
 2.294   16.4262
 2.293   16.4204
 2.292   16.4209
 2.291   16.4174
 2.290   16.3974
 2.289   16.3823
 2.288   16.3574
 2.287   16.3540
 2.286   16.3671
 2.285   16.3496
 2.284   16.3452
 2.283   16.3378
 2.282   16.3286
 2.281   16.2949
 2.280   16.2690
 2.279   16.2578
 2.278   16.2519
 2.277   16.2436
 2.276   16.2373
 2.275   16.2187
 2.274   16.2236
 2.273   16.2114
 2.272   16.2036
 2.271   16.2031
 2.270   16.2109
 2.269   16.1987
 2.268   16.1503
 2.267   16.1484
 2.266   16.1479
 2.265   16.1411
 2.264   16.1474
 2.263   16.1318
 2.262   16.1010
 2.261   16.1020
 2.260   16.0932
 2.259   16.0791
 2.258   16.0629
 2.257   16.0595
 2.256   16.0644
 2.255   16.0156
 2.254   16.0420
 2.253   16.0376
 2.252   16.0004
 2.251   15.9926
 2.250   15.9824
 2.249   15.9897
 2.248   15.9775
 2.247   15.9663
 2.246   15.9414
 2.245   15.9506
 2.244   15.9379
 2.243   15.8989
 2.242   15.9043
 2.241   15.8847
 2.240   15.8696
 2.239   15.8540
 2.238   15.8481
 2.237   15.8579
 2.236   15.8535
 2.236   15.8540
 2.235   15.8496
 2.234   15.8637
 2.233   15.8364
 2.232   15.8012
 2.231   15.8134
 2.230   15.7929
 2.229   15.7719
 2.228   15.7441
 2.227   15.7544
 2.226   15.7773
 2.225   15.7627
 2.224   15.7153
 2.223   15.7280
 2.222   15.7431
 2.221   15.7441
 2.220   15.7509
 2.219   15.7089
 2.218   15.6948
 2.217   15.7021
 2.216   15.6611
 2.215   15.6289
 2.215   15.6562
 2.214   15.6528
 2.213   15.5942
 2.212   15.6196
 2.211   15.6250
 2.210   15.6123
 2.209   15.5908
 2.208   15.5966
 2.207   15.5849
 2.206   15.5649
 2.205   15.5859
 2.204   15.5586
 2.203   15.5434
 2.202   15.5664
 2.201   15.5214
 2.200   15.5400
 2.199   15.5337
 2.199   15.4980
 2.198   15.4843
 2.197   15.5337
 2.196   15.5200
 2.195   15.5048
 2.194   15.5004
 2.193   15.4931
 2.192   15.4912
 2.191   15.4907
 2.190   15.4282
 2.189   15.4287
 2.188   15.4497
 2.187   15.4472
 2.186   15.3989
 2.186   15.4047
 2.185   15.3877
 2.184   15.3735
 2.183   15.3676
 2.182   15.3442
 2.181   15.3530
 2.180   15.3545
 2.179   15.3359
 2.178   15.3276
 2.177   15.3017
 2.176   15.3208
 2.175   15.3447
 2.175   15.3217
 2.174   15.3325
 2.173   15.3466
 2.172   15.2978
 2.171   15.2797
 2.170   15.2910
 2.169   15.2490
 2.168   15.2387
 2.167   15.2548
 2.166   15.2656
 2.165   15.2583
 2.165   15.2451
 2.164   15.2485
 2.163   15.2304
 2.162   15.2285
 2.161   15.2392
 2.160   15.2705
 2.159   15.2744
 2.158   15.2739
 2.157   15.2148
 2.156   15.1670
 2.156   15.1933
 2.155   15.2089
 2.154   15.1338
 2.153   15.1025
 2.152   15.0800
 2.151   15.0722
 2.150   15.0478
 2.149   15.0839
 2.148   15.0722
 2.148   15.0556
 2.147   15.0219
 2.146   15.0185
 2.145   15.0273
 2.144   15.0356
 2.143   15.0644
 2.142   15.0376
 2.141   14.9946
 2.140   15.0000
 2.140   15.0097
 2.139   15.0078
 2.138   14.9892
 2.137   14.9804
 2.136   14.9882
 2.135   14.9687
 2.134   14.9433
 2.133   14.8989
 2.133   14.9106
 2.132   14.9287
 2.131   14.9150
 2.130   14.9218
 2.129   14.9087
 2.128   14.8676
 2.127   14.8613
 2.126   14.8740
 2.126   14.8969
 2.125   14.8481
 2.124   14.8183
 2.123   14.8403
 2.122   14.8740
 2.121   14.8886
 2.120   14.8691
 2.119   14.8188
 2.119   14.7773
 2.118   14.7773
 2.117   14.7856
 2.116   14.7602
 2.115   14.7920
 2.114   14.8261
 2.113   14.7939
 2.113   14.8086
 2.112   14.7949
 2.111   14.7797
 2.110   14.7734
 2.109   14.7373
 2.108   14.7212
 2.107   14.7480
 2.107   14.7500
 2.106   14.7382
 2.105   14.7558
 2.104   14.6914
 2.103   14.6630
 2.102   14.6689
 2.101   14.6801
 2.101   14.6645
 2.100   14.6840
 2.099   14.7011
 2.098   14.6650
 2.097   14.6587
 2.096   14.6704
 2.095   14.6582
 2.095   14.6255
 2.094   14.6318
 2.093   14.6626
 2.092   14.6684
 2.091   14.6601
 2.090   14.6191
 2.090   14.6001
 2.089   14.5883
 2.088   14.5883
 2.087   14.5673
 2.086   14.5727
 2.085   14.5761
 2.085   14.5566
 2.084   14.5400
 2.083   14.5415
 2.082   14.5156
 2.081   14.5044
 2.080   14.5024
 2.079   14.5009
