Name: Red Quartzite 
Type:  Rocks
Class:  Metamorphic 
Subclass: Quartzite
Particle Size:  500 - 1500 Micrometer
File Name:   qtzite1.doc
Owner:  JHU
Wavelength Range:  All
Origin:  Sample No. 377, The Hunt and Salisbury Collection at the U.S. 
Geological Survey, Denver, Co.
Description:  A well-compacted sample with medium-grained subangular to 
subrounded quartz grains and small amounts of interstitial calcite cement.  There 
is also a trace amount of secondary quartz cement   Fluid inclusions are common 
in the quartz with some grains showing strain while trace amounts of feldspar are 
present.  The calcite cement itself is stained with ferruginous material and some 
clay.  Modal analyses gave 69% quartz, 25% calcite, 5% clay, 1% feldspar.    
Measurement:  Directional (10 Degree) Hemispherical Reflectance
First Column:  X
Second Column:  Y  
X Units:  Wavelength (micrometers)
Y Units:  Reflectance (percent)
First X Value: 14.0112	
Last X Value:  0.4
Number of X Values:  2844
Additional Information:  None
14.011    0.4062
13.973    0.6934
13.936    0.9367
13.899    1.1289
13.861    1.2755
13.824    1.3793
13.788    1.4461
13.751    1.4672
13.715    1.4333
13.679    1.3688
13.643    1.3293
13.607    1.3554
13.571    1.4645
13.536    1.6393
13.500    1.8454
13.465    2.0292
13.430    2.1542
13.396    2.2074
13.361    2.1962
13.327    2.1371
13.293    2.0600
13.259    1.9937
13.225    1.9655
13.191    1.9894
13.158    2.0762
13.124    2.2213
13.091    2.4115
13.058    2.6331
13.025    2.8799
12.993    3.1496
12.960    3.4468
12.928    3.7655
12.896    4.0825
12.864    4.3497
12.832    4.5143
12.800    4.5315
12.769    4.3866
12.738    4.1081
12.706    3.7741
12.675    3.4768
12.644    3.2939
12.614    3.2602
12.583    3.3628
12.552    3.5362
12.522    3.6863
12.492    3.7207
12.462    3.5839
12.432    3.2632
12.402    2.7941
12.373    2.2500
12.343    1.7255
12.314    1.3040
12.285    1.0329
12.256    0.9154
12.227    0.9226
12.198    1.0039
12.169    1.1126
12.141    1.2154
12.113    1.3073
12.084    1.3965
12.056    1.4911
12.028    1.5901
12.000    1.6889
11.973    1.7767
11.945    1.8451
11.918    1.8887
11.890    1.9131
11.863    1.9270
11.836    1.9392
11.809    1.9583
11.782    1.9919
11.756    2.0420
11.729    2.1069
11.702    2.1789
11.676    2.2495
11.650    2.3112
11.624    2.3650
11.598    2.4172
11.572    2.4794
11.546    2.5624
11.520    2.6739
11.495    2.8115
11.469    2.9663
11.444    3.1261
11.419    3.2824
11.394    3.4221
11.369    3.5304
11.344    3.5932
11.319    3.5968
11.294    3.5338
11.270    3.4111
11.246    3.2499
11.221    3.0826
11.197    2.9372
11.173    2.8295
11.149    2.7596
11.125    2.7136
11.101    2.6737
11.077    2.6306
11.054    2.5847
11.030    2.5459
11.007    2.5222
10.983    2.5158
10.960    2.5220
10.937    2.5302
10.914    2.5290
10.891    2.5174
10.868    2.4995
10.845    2.4840
10.823    2.4756
10.800    2.4768
10.778    2.4885
10.756    2.5055
10.733    2.5215
10.711    2.5363
10.689    2.5505
10.667    2.5667
10.645    2.5871
10.623    2.6155
10.602    2.6550
10.580    2.7024
10.558    2.7517
10.537    2.7993
10.515    2.8421
10.494    2.8809
10.473    2.9182
10.452    2.9608
10.431    3.0144
10.410    3.0783
10.389    3.1488
10.368    3.2245
10.348    3.3010
10.327    3.3771
10.307    3.4527
10.286    3.5298
10.266    3.6073
10.245    3.6820
10.225    3.7506
10.205    3.8118
10.185    3.8644
10.165    3.9099
10.145    3.9497
10.125    3.9862
10.106    4.0196
10.086    4.0506
10.066    4.0793
10.047    4.1054
10.027    4.1291
10.008    4.1502
 9.989    4.1669
 9.970    4.1793
 9.950    4.1909
 9.931    4.2095
 9.912    4.2410
 9.893    4.2913
 9.875    4.3617
 9.856    4.4475
 9.837    4.5375
 9.819    4.6220
 9.800    4.6980
 9.781    4.7701
 9.763    4.8466
 9.745    4.9402
 9.726    5.0600
 9.708    5.2063
 9.690    5.3696
 9.672    5.5391
 9.654    5.7059
 9.636    5.8661
 9.618    6.0231
 9.600    6.1872
 9.582    6.3685
 9.565    6.5727
 9.547    6.8016
 9.530    7.0562
 9.512    7.3371
 9.495    7.6498
 9.477    8.0075
 9.460    8.4293
 9.443    8.9332
 9.426    9.5328
 9.409   10.2299
 9.392   11.0109
 9.375   11.8415
 9.358   12.6751
 9.341   13.4582
 9.324   14.1403
 9.307   14.6844
 9.291   15.0770
 9.274   15.3278
 9.257   15.4632
 9.241   15.5199
 9.225   15.5350
 9.208   15.5353
 9.192   15.5343
 9.175   15.5359
 9.159   15.5412
 9.143   15.5462
 9.127   15.5484
 9.111   15.5448
 9.095   15.5283
 9.079   15.4814
 9.063   15.3797
 9.047   15.1993
 9.032   14.9278
 9.016   14.5729
 9.000   14.1779
 8.985   13.8113
 8.969   13.5520
 8.954   13.4599
 8.938   13.5602
 8.923   13.8322
 8.908   14.2181
 8.892   14.6396
 8.877   15.0275
 8.862   15.3345
 8.847   15.5407
 8.832   15.6479
 8.817   15.6726
 8.802   15.6383
 8.787   15.5725
 8.772   15.4955
 8.757   15.4184
 8.742   15.3268
 8.727   15.1782
 8.713   14.9103
 8.698   14.4693
 8.684   13.8470
 8.669   13.1094
 8.655   12.3947
 8.640   11.8777
 8.626   11.7018
 8.612   11.9258
 8.597   12.5000
 8.583   13.2893
 8.569   14.1243
 8.555   14.8632
 8.541   15.4321
 8.527   15.8273
 8.513   16.0862
 8.499   16.2607
 8.485   16.3925
 8.471   16.5075
 8.457   16.6157
 8.443   16.7216
 8.430   16.8320
 8.416   16.9540
 8.402   17.0930
 8.389   17.2519
 8.375   17.4292
 8.361   17.6194
 8.348   17.8151
 8.335   18.0103
 8.321   18.2054
 8.308   18.4036
 8.295   18.6089
 8.281   18.8231
 8.268   19.0413
 8.255   19.2521
 8.242   19.4370
 8.229   19.5725
 8.216   19.6318
 8.203   19.5876
 8.190   19.4138
 8.177   19.0913
 8.164   18.6127
 8.151   17.9871
 8.138   17.2387
 8.126   16.4026
 8.113   15.5192
 8.100   14.6298
 8.088   13.7685
 8.075   12.9593
 8.062   12.2153
 8.050   11.5384
 8.037   10.9226
 8.025   10.3556
 8.013    9.8222
 8.000    9.3097
 7.988    8.8071
 7.976    8.3079
 7.963    7.8101
 7.951    7.3180
 7.939    6.8394
 7.927    6.3856
 7.915    5.9661
 7.903    5.5893
 7.891    5.2567
 7.879    4.9656
 7.867    4.7078
 7.855    4.4779
 7.843    4.2701
 7.831    4.0820
 7.819    3.9145
 7.808    3.7698
 7.796    3.6478
 7.784    3.5462
 7.772    3.4587
 7.761    3.3795
 7.749    3.3020
 7.737    3.2214
 7.726    3.1352
 7.715    3.0436
 7.703    2.9476
 7.692    2.8477
 7.680    2.7443
 7.669    2.6407
 7.657    2.5388
 7.646    2.4430
 7.635    2.3572
 7.624    2.2835
 7.613    2.2218
 7.601    2.1703
 7.590    2.1272
 7.579    2.0906
 7.568    2.0566
 7.557    2.0236
 7.546    1.9894
 7.535    1.9535
 7.524    1.9162
 7.513    1.8808
 7.502    1.8516
 7.492    1.8301
 7.481    1.8157
 7.470    1.8061
 7.459    1.7975
 7.449    1.7884
 7.438    1.7779
 7.427    1.7674
 7.417    1.7585
 7.406    1.7512
 7.395    1.7439
 7.385    1.7349
 7.374    1.7220
 7.364    1.7057
 7.353    1.6884
 7.343    1.6750
 7.333    1.6693
 7.322    1.6743
 7.312    1.6896
 7.302    1.7119
 7.291    1.7336
 7.281    1.7502
 7.271    1.7593
 7.261    1.7648
 7.251    1.7719
 7.240    1.7877
 7.230    1.8153
 7.220    1.8545
 7.210    1.9002
 7.200    1.9469
 7.190    1.9920
 7.180    2.0359
 7.170    2.0787
 7.160    2.1248
 7.151    2.1780
 7.141    2.2414
 7.131    2.3160
 7.121    2.4009
 7.111    2.4923
 7.102    2.5840
 7.092    2.6673
 7.082    2.7357
 7.072    2.7859
 7.063    2.8187
 7.053    2.8386
 7.044    2.8515
 7.034    2.8622
 7.025    2.8761
 7.015    2.8940
 7.006    2.9134
 6.996    2.9307
 6.987    2.9422
 6.977    2.9453
 6.968    2.9393
 6.959    2.9269
 6.949    2.9141
 6.940    2.9070
 6.931    2.9091
 6.921    2.9218
 6.912    2.9440
 6.903    2.9702
 6.894    2.9928
 6.885    3.0084
 6.875    3.0168
 6.866    3.0190
 6.857    3.0175
 6.848    3.0170
 6.839    3.0202
 6.830    3.0263
 6.821    3.0355
 6.812    3.0481
 6.803    3.0653
 6.794    3.0867
 6.785    3.1103
 6.777    3.1334
 6.768    3.1531
 6.759    3.1682
 6.750    3.1800
 6.741    3.1912
 6.733    3.2049
 6.724    3.2228
 6.715    3.2439
 6.707    3.2661
 6.698    3.2893
 6.689    3.3149
 6.681    3.3448
 6.672    3.3797
 6.663    3.4190
 6.655    3.4599
 6.646    3.4996
 6.638    3.5351
 6.629    3.5666
 6.621    3.5941
 6.612    3.6174
 6.604    3.6360
 6.596    3.6499
 6.587    3.6609
 6.579    3.6724
 6.571    3.6879
 6.562    3.7118
 6.554    3.7439
 6.546    3.7812
 6.537    3.8188
 6.529    3.8530
 6.521    3.8822
 6.513    3.9087
 6.505    3.9348
 6.496    3.9630
 6.488    3.9925
 6.480    4.0169
 6.472    4.0243
 6.464    4.0015
 6.456    3.9389
 6.448    3.8329
 6.440    3.6876
 6.432    3.5152
 6.424    3.3297
 6.416    3.1436
 6.408    2.9629
 6.400    2.7906
 6.392    2.6273
 6.384    2.4737
 6.377    2.3313
 6.369    2.2024
 6.361    2.0861
 6.353    1.9784
 6.345    1.8755
 6.338    1.7751
 6.330    1.6775
 6.322    1.5858
 6.314    1.5047
 6.307    1.4368
 6.299    1.3827
 6.291    1.3405
 6.284    1.3090
 6.276    1.2864
 6.269    1.2715
 6.261    1.2602
 6.253    1.2474
 6.246    1.2308
 6.239    1.2089
 6.231    1.1838
 6.223    1.1588
 6.216    1.1389
 6.209    1.1264
 6.201    1.1197
 6.194    1.1161
 6.186    1.1151
 6.179    1.1171
 6.172    1.1207
 6.164    1.1247
 6.157    1.1291
 6.150    1.1317
 6.142    1.1331
 6.135    1.1362
 6.128    1.1458
 6.121    1.1631
 6.113    1.1853
 6.106    1.2076
 6.099    1.2243
 6.092    1.2310
 6.085    1.2286
 6.078    1.2222
 6.070    1.2174
 6.063    1.2185
 6.056    1.2267
 6.049    1.2413
 6.042    1.2604
 6.035    1.2791
 6.028    1.2949
 6.021    1.3061
 6.014    1.3118
 6.007    1.3113
 6.000    1.3054
 5.993    1.2970
 5.986    1.2881
 5.979    1.2796
 5.973    1.2731
 5.966    1.2698
 5.959    1.2698
 5.952    1.2731
 5.945    1.2783
 5.938    1.2846
 5.931    1.2903
 5.925    1.2934
 5.918    1.2951
 5.911    1.2970
 5.904    1.3032
 5.898    1.3155
 5.891    1.3341
 5.884    1.3573
 5.878    1.3817
 5.871    1.4049
 5.864    1.4257
 5.858    1.4449
 5.851    1.4630
 5.845    1.4810
 5.838    1.4975
 5.831    1.5121
 5.825    1.5246
 5.818    1.5370
 5.812    1.5515
 5.805    1.5703
 5.799    1.5937
 5.792    1.6202
 5.786    1.6478
 5.779    1.6738
 5.773    1.6971
 5.767    1.7167
 5.760    1.7334
 5.754    1.7482
 5.747    1.7633
 5.741    1.7796
 5.735    1.7968
 5.728    1.8143
 5.722    1.8301
 5.716    1.8413
 5.709    1.8458
 5.703    1.8430
 5.697    1.8332
 5.691    1.8164
 5.684    1.7937
 5.678    1.7669
 5.672    1.7389
 5.666    1.7126
 5.660    1.6901
 5.653    1.6715
 5.647    1.6556
 5.641    1.6401
 5.635    1.6234
 5.629    1.6043
 5.623    1.5829
 5.617    1.5607
 5.611    1.5379
 5.604    1.5138
 5.598    1.4882
 5.592    1.4617
 5.586    1.4365
 5.580    1.4154
 5.574    1.4006
 5.568    1.3946
 5.562    1.3987
 5.556    1.4126
 5.551    1.4358
 5.545    1.4667
 5.539    1.5032
 5.533    1.5422
 5.527    1.5786
 5.521    1.6095
 5.515    1.6339
 5.509    1.6533
 5.503    1.6710
 5.497    1.6899
 5.492    1.7135
 5.486    1.7430
 5.480    1.7774
 5.474    1.8150
 5.468    1.8538
 5.463    1.8906
 5.457    1.9222
 5.451    1.9437
 5.446    1.9528
 5.440    1.9487
 5.434    1.9328
 5.428    1.9084
 5.423    1.8803
 5.417    1.8531
 5.411    1.8301
 5.406    1.8119
 5.400    1.7985
 5.394    1.7892
 5.389    1.7817
 5.383    1.7753
 5.378    1.7700
 5.372    1.7671
 5.367    1.7679
 5.361    1.7726
 5.356    1.7794
 5.350    1.7859
 5.345    1.7892
 5.339    1.7884
 5.333    1.7854
 5.328    1.7824
 5.322    1.7829
 5.317    1.7877
 5.312    1.7970
 5.306    1.8083
 5.301    1.8203
 5.295    1.8305
 5.290    1.8392
 5.285    1.8458
 5.279    1.8531
 5.274    1.8629
 5.268    1.8775
 5.263    1.8987
 5.258    1.9268
 5.252    1.9593
 5.247    1.9942
 5.242    2.0296
 5.237    2.0648
 5.231    2.1002
 5.226    2.1363
 5.221    2.1734
 5.215    2.2093
 5.210    2.2412
 5.205    2.2658
 5.200    2.2815
 5.194    2.2890
 5.189    2.2897
 5.184    2.2870
 5.179    2.2837
 5.174    2.2818
 5.169    2.2820
 5.164    2.2830
 5.158    2.2835
 5.153    2.2825
 5.148    2.2806
 5.143    2.2794
 5.138    2.2797
 5.133    2.2825
 5.128    2.2875
 5.123    2.2933
 5.118    2.2964
 5.113    2.2966
 5.107    2.2943
 5.103    2.2902
 5.098    2.2854
 5.093    2.2810
 5.088    2.2777
 5.082    2.2746
 5.077    2.2722
 5.073    2.2717
 5.068    2.2734
 5.063    2.2777
 5.058    2.2844
 5.053    2.2925
 5.048    2.3005
 5.043    2.3071
 5.038    2.3124
 5.033    2.3170
 5.028    2.3217
 5.023    2.3290
 5.019    2.3406
 5.014    2.3562
 5.009    2.3751
 5.004    2.3969
 4.999    2.4196
 4.994    2.4424
 4.990    2.4643
 4.985    2.4870
 4.980    2.5114
 4.975    2.5383
 4.970    2.5703
 4.966    2.6095
 4.961    2.6562
 4.956    2.7084
 4.951    2.7632
 4.947    2.8180
 4.942    2.8713
 4.937    2.9230
 4.933    2.9754
 4.928    3.0343
 4.923    3.1048
 4.919    3.1941
 4.914    3.3094
 4.909    3.4597
 4.905    3.6532
 4.900    3.8951
 4.895    4.1846
 4.891    4.5164
 4.886    4.8804
 4.882    5.2632
 4.877    5.6534
 4.872    6.0429
 4.868    6.4258
 4.863    6.7980
 4.859    7.1562
 4.854    7.4988
 4.849    7.8242
 4.845    8.1331
 4.840    8.4291
 4.836    8.7161
 4.832    8.9963
 4.827    9.2707
 4.822    9.5399
 4.818    9.8045
 4.814   10.0639
 4.809   10.3204
 4.805   10.5770
 4.800   10.8362
 4.796   11.0962
 4.791   11.3554
 4.787   11.6100
 4.782   11.8543
 4.778   12.0806
 4.774   12.2852
 4.769   12.4677
 4.765   12.6299
 4.761   12.7734
 4.756   12.9007
 4.752   13.0124
 4.747   13.1049
 4.743   13.1721
 4.739   13.2094
 4.734   13.2125
 4.730   13.1733
 4.726   13.0797
 4.721   12.9185
 4.717   12.6749
 4.713   12.3405
 4.709   11.9184
 4.704   11.4284
 4.700   10.9068
 4.696   10.4005
 4.691    9.9605
 4.687    9.6325
 4.683    9.4449
 4.679    9.4076
 4.675    9.5105
 4.670    9.7291
 4.666   10.0347
 4.662   10.4032
 4.658   10.8212
 4.654   11.2838
 4.649   11.7914
 4.645   12.3395
 4.641   12.9180
 4.637   13.5087
 4.633   14.0882
 4.629   14.6339
 4.625   15.1316
 4.620   15.5738
 4.616   15.9604
 4.612   16.2953
 4.608   16.5846
 4.604   16.8351
 4.600   17.0499
 4.596   17.2325
 4.592   17.3851
 4.588   17.5084
 4.584   17.6007
 4.580   17.6608
 4.576   17.6850
 4.572   17.6691
 4.567   17.6070
 4.564   17.4913
 4.559   17.3162
 4.556   17.0758
 4.551   16.7691
 4.548   16.4006
 4.543   15.9793
 4.540   15.5160
 4.536   15.0222
 4.532   14.5064
 4.528   13.9724
 4.524   13.4219
 4.520   12.8579
 4.516   12.2882
 4.512   11.7275
 4.508   11.1980
 4.504   10.7242
 4.500   10.3249
 4.496   10.0083
 4.492    9.7703
 4.488    9.5952
 4.485    9.4641
 4.481    9.3628
 4.477    9.2884
 4.473    9.2473
 4.469    9.2516
 4.465    9.3126
 4.461    9.4335
 4.458    9.6050
 4.454    9.8083
 4.450   10.0220
 4.446   10.2288
 4.442   10.4197
 4.439   10.5979
 4.435   10.7735
 4.431   10.9570
 4.427   11.1549
 4.423   11.3678
 4.420   11.5930
 4.416   11.8267
 4.412   12.0696
 4.408   12.3262
 4.404   12.6036
 4.401   12.9072
 4.397   13.2410
 4.393   13.6035
 4.390   13.9913
 4.386   14.3992
 4.382   14.8220
 4.378   15.2534
 4.375   15.6860
 4.371   16.1128
 4.367   16.5262
 4.364   16.9200
 4.360   17.2901
 4.356   17.6337
 4.353   17.9501
 4.349   18.2374
 4.346   18.4944
 4.342   18.7190
 4.338   18.9109
 4.335   19.0692
 4.331   19.1930
 4.327   19.2793
 4.324   19.3253
 4.320   19.3280
 4.316   19.2891
 4.313   19.2166
 4.309   19.1258
 4.306   19.0334
 4.302   18.9557
 4.299   18.9039
 4.295   18.8820
 4.292   18.8865
 4.288   18.9135
 4.284   18.9611
 4.281   19.0307
 4.277   19.1265
 4.274   19.2554
 4.270   19.4205
 4.267   19.6167
 4.263   19.8279
 4.260   20.0316
 4.256   20.2019
 4.253   20.3173
 4.249   20.3677
 4.246   20.3596
 4.242   20.3134
 4.239   20.2550
 4.235   20.2100
 4.232   20.1943
 4.229   20.2120
 4.225   20.2550
 4.222   20.3080
 4.218   20.3526
 4.215   20.3766
 4.211   20.3744
 4.208   20.3510
 4.205   20.3178
 4.201   20.2909
 4.198   20.2869
 4.194   20.3158
 4.191   20.3807
 4.188   20.4766
 4.184   20.5941
 4.181   20.7216
 4.177   20.8479
 4.174   20.9654
 4.171   21.0699
 4.167   21.1608
 4.164   21.2379
 4.161   21.3025
 4.157   21.3573
 4.154   21.4052
 4.151   21.4482
 4.147   21.4887
 4.144   21.5283
 4.141   21.5685
 4.137   21.6083
 4.134   21.6460
 4.131   21.6796
 4.128   21.7064
 4.124   21.7243
 4.121   21.7334
 4.118   21.7377
 4.114   21.7423
 4.111   21.7516
 4.108   21.7664
 4.105   21.7825
 4.101   21.7921
 4.098   21.7856
 4.095   21.7571
 4.092   21.7035
 4.088   21.6238
 4.085   21.5169
 4.082   21.3810
 4.079   21.2140
 4.076   21.0168
 4.072   20.7917
 4.069   20.5435
 4.066   20.2746
 4.063   19.9801
 4.060   19.6485
 4.056   19.2638
 4.053   18.8109
 4.050   18.2841
 4.047   17.6895
 4.044   17.0454
 4.041   16.3788
 4.037   15.7209
 4.034   15.0971
 4.031   14.5231
 4.028   14.0054
 4.025   13.5419
 4.022   13.1240
 4.019   12.7397
 4.016   12.3787
 4.013   12.0334
 4.009   11.6994
 4.006   11.3757
 4.003   11.0664
 4.000   10.7778
 3.997   10.5189
 3.994   10.2978
 3.991   10.1199
 3.988    9.9883
 3.985    9.9029
 3.982    9.8598
 3.979    9.8523
 3.976    9.8729
 3.973    9.9167
 3.970    9.9808
 3.966   10.0634
 3.963   10.1685
 3.960   10.3022
 3.957   10.4718
 3.954   10.6831
 3.951   10.9389
 3.948   11.2365
 3.945   11.5630
 3.942   11.8968
 3.939   12.2127
 3.936   12.4885
 3.933   12.7110
 3.930   12.8785
 3.927   13.0000
 3.924   13.0900
 3.921   13.1620
 3.918   13.2254
 3.916   13.2845
 3.913   13.3393
 3.910   13.3879
 3.907   13.4281
 3.904   13.4594
 3.901   13.4822
 3.898   13.4991
 3.895   13.5142
 3.892   13.5288
 3.889   13.5439
 3.886   13.5577
 3.883   13.5688
 3.880   13.5754
 3.877   13.5783
 3.875   13.5793
 3.872   13.5807
 3.869   13.5852
 3.866   13.5949
 3.863   13.6106
 3.860   13.6331
 3.857   13.6618
 3.854   13.6979
 3.852   13.7420
 3.849   13.7977
 3.846   13.8724
 3.843   13.9748
 3.840   14.1157
 3.837   14.3025
 3.834   14.5385
 3.832   14.8222
 3.829   15.1462
 3.826   15.5008
 3.823   15.8752
 3.820   16.2630
 3.817   16.6625
 3.815   17.0775
 3.812   17.5197
 3.809   18.0039
 3.806   18.5448
 3.804   19.1537
 3.801   19.8299
 3.798   20.5589
 3.795   21.3099
 3.792   22.0416
 3.790   22.7117
 3.787   23.2847
 3.784   23.7420
 3.781   24.0853
 3.779   24.3322
 3.776   24.5072
 3.773   24.6348
 3.770   24.7339
 3.768   24.8138
 3.765   24.8760
 3.762   24.9198
 3.759   24.9449
 3.757   24.9526
 3.754   24.9474
 3.751   24.9385
 3.748   24.9363
 3.746   24.9507
 3.743   24.9880
 3.740   25.0505
 3.738   25.1349
 3.735   25.2347
 3.732   25.3431
 3.730   25.4536
 3.727   25.5604
 3.724   25.6603
 3.722   25.7522
 3.719   25.8384
 3.716   25.9206
 3.714   26.0024
 3.711   26.0874
 3.708   26.1754
 3.706   26.2662
 3.703   26.3599
 3.700   26.4594
 3.698   26.5693
 3.695   26.6913
 3.692   26.8272
 3.690   26.9769
 3.687   27.1363
 3.684   27.2983
 3.682   27.4567
 3.679   27.6067
 3.677   27.7445
 3.674   27.8651
 3.672   27.9658
 3.669   28.0462
 3.666   28.1063
 3.664   28.1448
 3.661   28.1620
 3.659   28.1608
 3.656   28.1457
 3.653   28.1199
 3.651   28.0866
 3.648   28.0496
 3.646   28.0091
 3.643   27.9632
 3.641   27.9058
 3.638   27.8344
 3.636   27.7486
 3.633   27.6505
 3.630   27.5445
 3.628   27.4364
 3.625   27.3323
 3.623   27.2356
 3.620   27.1435
 3.618   27.0521
 3.615   26.9578
 3.613   26.8569
 3.610   26.7456
 3.608   26.6229
 3.605   26.4889
 3.603   26.3439
 3.600   26.1862
 3.598   26.0142
 3.595   25.8263
 3.593   25.6196
 3.590   25.3886
 3.588   25.1275
 3.585   24.8349
 3.583   24.5162
 3.580   24.1843
 3.578   23.8613
 3.575   23.5728
 3.573   23.3403
 3.570   23.1696
 3.568   23.0510
 3.565   22.9608
 3.563   22.8682
 3.561   22.7452
 3.558   22.5744
 3.556   22.3514
 3.553   22.0813
 3.551   21.7717
 3.548   21.4307
 3.546   21.0627
 3.543   20.6675
 3.541   20.2421
 3.539   19.7830
 3.536   19.2865
 3.534   18.7497
 3.531   18.1723
 3.529   17.5615
 3.527   16.9316
 3.524   16.3047
 3.522   15.7072
 3.519   15.1653
 3.517   14.6980
 3.515   14.3138
 3.512   14.0090
 3.510   13.7707
 3.507   13.5826
 3.505   13.4287
 3.503   13.2960
 3.500   13.1752
 3.498   13.0604
 3.496   12.9469
 3.493   12.8306
 3.491   12.7083
 3.489   12.5799
 3.486   12.4500
 3.484   12.3272
 3.482   12.2241
 3.479   12.1564
 3.477   12.1395
 3.475   12.1866
 3.472   12.3036
 3.470   12.4869
 3.468   12.7203
 3.465   12.9769
 3.463   13.2262
 3.461   13.4405
 3.458   13.6049
 3.456   13.7183
 3.454   13.7912
 3.451   13.8384
 3.449   13.8736
 3.447   13.9049
 3.445   13.9358
 3.442   13.9640
 3.440   13.9865
 3.438   14.0022
 3.436   14.0109
 3.433   14.0112
 3.431   14.0037
 3.429   13.9918
 3.426   13.9776
 3.424   13.9607
 3.422   13.9401
 3.420   13.9152
 3.417   13.8834
 3.415   13.8415
 3.413   13.7915
 3.411   13.7376
 3.408   13.6836
 3.406   13.6322
 3.404   13.5851
 3.402   13.5410
 3.399   13.4953
 3.397   13.4431
 3.395   13.3824
 3.393   13.3140
 3.391   13.2415
 3.388   13.1714
 3.386   13.1087
 3.384   13.0558
 3.382   13.0122
 3.380   12.9756
 3.377   12.9433
 3.375   12.9122
 3.373   12.8806
 3.371   12.8462
 3.369   12.8026
 3.366   12.7435
 3.364   12.6641
 3.362   12.5619
 3.360   12.4399
 3.358   12.3060
 3.355   12.1765
 3.353   12.0739
 3.351   12.0256
 3.349   12.0619
 3.347   12.2102
 3.345   12.4871
 3.342   12.8904
 3.340   13.3977
 3.338   13.9693
 3.336   14.5556
 3.334   15.1095
 3.332   15.5950
 3.330   15.9924
 3.327   16.2992
 3.325   16.5257
 3.323   16.6879
 3.321   16.8021
 3.319   16.8810
 3.317   16.9346
 3.315   16.9698
 3.313   16.9904
 3.310   17.0016
 3.308   17.0112
 3.306   17.0246
 3.304   17.0446
 3.302   17.0703
 3.300   17.0983
 3.298   17.1205
 3.296   17.1278
 3.294   17.1162
 3.292   17.0880
 3.289   17.0478
 3.287   17.0011
 3.285   16.9518
 3.283   16.9025
 3.281   16.8519
 3.279   16.7956
 3.277   16.7339
 3.275   16.6695
 3.273   16.6042
 3.271   16.5399
 3.269   16.4764
 3.267   16.4142
 3.265   16.3508
 3.263   16.2844
 3.261   16.2166
 3.258   16.1489
 3.256   16.0786
 3.254   16.0032
 3.252   15.9197
 3.250   15.8266
 3.248   15.7252
 3.246   15.6213
 3.244   15.5250
 3.242   15.4397
 3.240   15.3648
 3.238   15.2957
 3.236   15.2247
 3.234   15.1455
 3.232   15.0564
 3.230   14.9636
 3.228   14.8735
 3.226   14.7887
 3.224   14.7090
 3.222   14.6313
 3.220   14.5516
 3.218   14.4665
 3.216   14.3777
 3.214   14.2899
 3.212   14.2049
 3.210   14.1212
 3.208   14.0360
 3.206   13.9484
 3.204   13.8573
 3.202   13.7642
 3.200   13.6724
 3.198   13.5857
 3.196   13.5037
 3.194   13.4240
 3.192   13.3449
 3.190   13.2659
 3.188   13.1867
 3.186   13.1082
 3.184   13.0318
 3.182   12.9584
 3.180   12.8856
 3.179   12.8124
 3.177   12.7378
 3.175   12.6605
 3.173   12.5802
 3.171   12.4980
 3.169   12.4155
 3.167   12.3325
 3.165   12.2474
 3.163   12.1602
 3.161   12.0701
 3.159   11.9760
 3.157   11.8801
 3.155   11.7861
 3.153   11.6980
 3.152   11.6183
 3.150   11.5484
 3.148   11.4886
 3.146   11.4358
 3.144   11.3870
 3.142   11.3396
 3.140   11.2922
 3.138   11.2430
 3.136   11.1898
 3.134   11.1329
 3.132   11.0728
 3.131   11.0101
 3.129   10.9480
 3.127   10.8896
 3.125   10.8376
 3.123   10.7912
 3.121   10.7481
 3.119   10.7043
 3.117   10.6570
 3.115   10.6044
 3.114   10.5493
 3.112   10.4952
 3.110   10.4462
 3.108   10.4052
 3.106   10.3723
 3.104   10.3419
 3.102   10.3103
 3.101   10.2751
 3.099   10.2359
 3.097   10.1957
 3.095   10.1594
 3.093   10.1313
 3.091   10.1108
 3.090   10.0914
 3.088   10.0679
 3.086   10.0377
 3.084   10.0005
 3.082    9.9610
 3.080    9.9253
 3.079    9.8986
 3.077    9.8808
 3.075    9.8669
 3.073    9.8536
 3.071    9.8387
 3.069    9.8232
 3.067    9.8095
 3.066    9.7990
 3.064    9.7909
 3.062    9.7801
 3.060    9.7605
 3.059    9.7303
 3.057    9.6913
 3.055    9.6483
 3.053    9.6069
 3.051    9.5715
 3.050    9.5427
 3.048    9.5183
 3.046    9.4947
 3.044    9.4710
 3.042    9.4449
 3.041    9.4153
 3.039    9.3827
 3.037    9.3495
 3.035    9.3172
 3.033    9.2878
 3.032    9.2624
 3.030    9.2416
 3.028    9.2229
 3.026    9.2040
 3.025    9.1846
 3.023    9.1657
 3.021    9.1477
 3.019    9.1324
 3.018    9.1200
 3.016    9.1105
 3.014    9.1040
 3.012    9.1004
 3.011    9.0989
 3.009    9.0970
 3.007    9.0925
 3.005    9.0848
 3.004    9.0738
 3.002    9.0619
 3.000    9.0518
 2.998    9.0436
 2.997    9.0343
 2.995    9.0202
 2.993    8.9978
 2.991    8.9669
 2.990    8.9305
 2.988    8.8937
 2.986    8.8604
 2.985    8.8329
 2.983    8.8107
 2.981    8.7903
 2.979    8.7683
 2.978    8.7405
 2.976    8.7032
 2.974    8.6539
 2.973    8.5903
 2.971    8.5135
 2.969    8.4278
 2.967    8.3393
 2.966    8.2537
 2.964    8.1783
 2.962    8.1175
 2.961    8.0732
 2.959    8.0457
 2.957    8.0362
 2.956    8.0465
 2.954    8.0752
 2.952    8.1192
 2.951    8.1742
 2.949    8.2341
 2.947    8.2895
 2.946    8.3338
 2.944    8.3657
 2.942    8.3886
 2.941    8.4080
 2.939    8.4295
 2.937    8.4597
 2.936    8.4985
 2.934    8.5403
 2.932    8.5760
 2.931    8.5979
 2.929    8.6020
 2.927    8.5896
 2.926    8.5676
 2.924    8.5475
 2.922    8.5374
 2.921    8.5417
 2.919    8.5599
 2.917    8.5896
 2.916    8.6252
 2.914    8.6618
 2.912    8.6960
 2.911    8.7254
 2.909    8.7477
 2.908    8.7614
 2.906    8.7700
 2.904    8.7782
 2.903    8.7893
 2.901    8.8059
 2.899    8.8276
 2.898    8.8514
 2.896    8.8728
 2.895    8.8912
 2.893    8.9085
 2.891    8.9274
 2.890    8.9497
 2.888    8.9760
 2.886    9.0021
 2.885    9.0240
 2.883    9.0401
 2.882    9.0523
 2.880    9.0660
 2.878    9.0870
 2.877    9.1195
 2.875    9.1631
 2.874    9.2107
 2.872    9.2559
 2.870    9.2932
 2.869    9.3208
 2.867    9.3425
 2.866    9.3650
 2.864    9.3902
 2.863    9.4167
 2.861    9.4401
 2.859    9.4557
 2.858    9.4597
 2.856    9.4536
 2.855    9.4451
 2.853    9.4456
 2.852    9.4629
 2.850    9.4992
 2.848    9.5519
 2.847    9.6114
 2.845    9.6651
 2.844    9.7036
 2.842    9.7255
 2.841    9.7394
 2.839    9.7560
 2.837    9.7818
 2.836    9.8198
 2.834    9.8653
 2.833    9.9089
 2.831    9.9428
 2.830    9.9632
 2.828    9.9748
 2.827    9.9842
 2.825    9.9967
 2.824   10.0173
 2.822   10.0474
 2.821   10.0857
 2.819   10.1297
 2.817   10.1751
 2.816   10.2201
 2.814   10.2615
 2.813   10.2972
 2.811   10.3252
 2.810   10.3443
 2.808   10.3546
 2.807   10.3582
 2.805   10.3543
 2.804   10.3433
 2.802   10.3252
 2.801   10.2988
 2.799   10.2631
 2.798   10.2211
 2.796   10.1799
 2.795   10.1457
 2.793   10.1196
 2.792   10.1005
 2.790   10.0827
 2.789   10.0572
 2.787   10.0151
 2.786    9.9543
 2.784    9.8772
 2.783    9.7878
 2.781    9.6870
 2.780    9.5753
 2.778    9.4531
 2.777    9.3191
 2.775    9.1645
 2.774    8.9659
 2.772    8.6843
 2.771    8.2731
 2.769    7.6959
 2.768    6.9578
 2.766    6.1298
 2.765    5.3469
 2.763    4.7651
 2.762    4.5076
 2.761    4.6200
 2.759    5.0531
 2.757    5.6767
 2.756    6.3310
 2.755    6.8856
 2.753    7.2679
 2.752    7.4594
 2.750    7.4747
 2.749    7.3394
 2.747    7.0751
 2.746    6.6970
 2.744    6.2304
 2.743    5.7242
 2.741    5.2505
 2.740    4.8880
 2.739    4.7015
 2.737    4.7153
 2.736    4.9035
 2.734    5.1912
 2.733    5.4816
 2.731    5.6913
 2.730    5.7791
 2.728    5.7572
 2.727    5.6812
 2.726    5.6194
 2.724    5.6214
 2.723    5.6941
 2.721    5.8060
 2.720    5.9070
 2.719    5.9515
 2.717    5.9154
 2.716    5.8048
 2.714    5.6501
 2.713    5.4924
 2.711    5.3711
 2.710    5.3206
 2.708    5.3691
 2.707    5.5376
 2.706    5.8322
 2.704    6.2475
 2.703    6.7645
 2.701    7.3543
 2.700    7.9849
 2.699    8.6355
 2.697    9.3019
 2.696   10.0007
 2.695   10.7556
 2.693   11.5839
 2.692   12.4890
 2.690   13.4553
 2.689   14.4533
 2.688   15.4505
 2.686   16.4224
 2.685   17.3582
 2.683   18.2544
 2.682   19.1097
 2.680   19.9212
 2.679   20.6864
 2.678   21.4045
 2.676   22.0777
 2.675   22.7132
 2.674   23.3233
 2.672   23.9197
 2.671   24.5090
 2.670   25.0904
 2.668   25.6596
 2.667   26.2130
 2.665   26.7480
 2.664   27.2624
 2.663   27.7558
 2.661   28.2297
 2.660   28.6823
 2.659   29.1061
 2.657   29.4978
 2.656   29.8581
 2.655   30.1902
 2.653   30.4971
 2.652   30.7843
 2.650   31.0575
 2.649   31.3214
 2.648   31.5808
 2.646   31.8451
 2.645   32.1167
 2.644   32.3915
 2.642   32.6634
 2.641   32.9237
 2.640   33.1649
 2.638   33.3853
 2.637   33.5910
 2.636   33.7934
 2.634   33.9978
 2.633   34.2061
 2.632   34.4186
 2.630   34.6308
 2.629   34.8352
 2.627   35.0249
 2.626   35.1949
 2.625   35.3457
 2.624   35.4789
 2.622   35.5991
 2.621   35.7101
 2.620   35.8149
 2.618   35.9132
 2.617   36.0053
 2.616   36.0884
 2.614   36.1635
 2.613   36.2322
 2.612   36.2936
 2.610   36.3462
 2.609   36.3891
 2.608   36.4229
 2.606   36.4494
 2.605   36.4709
 2.604   36.4913
 2.603   36.5102
 2.601   36.5233
 2.600   36.5245
 2.599   36.5092
 2.597   36.4745
 2.596   36.4245
 2.595   36.3711
 2.593   36.3291
 2.592   36.3077
 2.591   36.3097
 2.590   36.3308
 2.588   36.3633
 2.587   36.3982
 2.586   36.4319
 2.584   36.4644
 2.583   36.4975
 2.582   36.5262
 2.580   36.5416
 2.579   36.5363
 2.578   36.5169
 2.577   36.4991
 2.575   36.5037
 2.574   36.5446
 2.573   36.6241
 2.571   36.7250
 2.570   36.8160
 2.569   36.8705
 2.568   36.8848
 2.566   36.8726
 2.565   36.8556
 2.564   36.8528
 2.563   36.8762
 2.561   36.9193
 2.560   36.9582
 2.559   36.9672
 2.558   36.9303
 2.556   36.8375
 2.555   36.6860
 2.554   36.4783
 2.553   36.2269
 2.551   35.9448
 2.550   35.6441
 2.549   35.3378
 2.547   35.0419
 2.546   34.7679
 2.545   34.5227
 2.544   34.3064
 2.543   34.1195
 2.541   33.9596
 2.540   33.8278
 2.539   33.7288
 2.538   33.6714
 2.536   33.6620
 2.535   33.6998
 2.534   33.7735
 2.533   33.8712
 2.531   33.9824
 2.530   34.1068
 2.529   34.2489
 2.528   34.4167
 2.526   34.6121
 2.525   34.8256
 2.524   35.0380
 2.523   35.2342
 2.522   35.4084
 2.520   35.5656
 2.519   35.7120
 2.518   35.8539
 2.517   35.9912
 2.515   36.1161
 2.514   36.2194
 2.513   36.3016
 2.512   36.3726
 2.511   36.4430
 2.509   36.5162
 2.508   36.5915
 2.507   36.6644
 2.506   36.7286
 2.504   36.7813
 2.503   36.8306
 2.502   36.8865
 2.501   36.9516
 2.500   37.0181
 2.498   37.0810
 2.497   37.1337
 2.496   37.1705
 2.495   37.1937
 2.494   37.2155
 2.492   37.2495
 2.491   37.3033
 2.490   37.3798
 2.489   37.4837
 2.488   37.6124
 2.486   37.7579
 2.485   37.9178
 2.484   38.0952
 2.483   38.2919
 2.482   38.5051
 2.481   38.7288
 2.479   38.9547
 2.478   39.1702
 2.477   39.3652
 2.476   39.5399
 2.474   39.7033
 2.473   39.8600
 2.472   40.0124
 2.471   40.1651
 2.470   40.3198
 2.469   40.4754
 2.467   40.6340
 2.466   40.7991
 2.465   40.9690
 2.464   41.1267
 2.463   41.2565
 2.462   41.3533
 2.460   41.4212
 2.459   41.4738
 2.458   41.5346
 2.457   41.6245
 2.456   41.7490
 2.455   41.8968
 2.454   42.0514
 2.452   42.1970
 2.451   42.3255
 2.450   42.4385
 2.449   42.5474
 2.448   42.6588
 2.446   42.7742
 2.445   42.8919
 2.444   43.0060
 2.443   43.1134
 2.442   43.2202
 2.441   43.3410
 2.440   43.4941
 2.438   43.6855
 2.437   43.9130
 2.436   44.1686
 2.435   44.4351
 2.434   44.6973
 2.433   44.9471
 2.432   45.1815
 2.430   45.3991
 2.429   45.5923
 2.428   45.7589
 2.427   45.9041
 2.426   46.0365
 2.425   46.1671
 2.424   46.3071
 2.422   46.4578
 2.421   46.6109
 2.420   46.7506
 2.419   46.8643
 2.418   46.9480
 2.417   47.0076
 2.416   47.0571
 2.415   47.1124
 2.414   47.1803
 2.412   47.2675
 2.411   47.3710
 2.410   47.4758
 2.409   47.5636
 2.408   47.6227
 2.407   47.6516
 2.406   47.6514
 2.405   47.6242
 2.403   47.5822
 2.402   47.5332
 2.401   47.4691
 2.400   47.3792
 2.399   47.2600
 2.398   47.1174
 2.397   46.9573
 2.396   46.7873
 2.394   46.6231
 2.393   46.4750
 2.392   46.3429
 2.391   46.2216
 2.390   46.1019
 2.389   45.9791
 2.388   45.8522
 2.387   45.7271
 2.386   45.6177
 2.385   45.5397
 2.384   45.5058
 2.382   45.5182
 2.381   45.5666
 2.380   45.6385
 2.379   45.7273
 2.378   45.8275
 2.377   45.9386
 2.376   46.0634
 2.375   46.2063
 2.374   46.3635
 2.373   46.5252
 2.372   46.6827
 2.370   46.8255
 2.369   46.9415
 2.368   47.0198
 2.367   47.0499
 2.366   47.0243
 2.365   46.9353
 2.364   46.7834
 2.363   46.5748
 2.362   46.3247
 2.361   46.0531
 2.360   45.7804
 2.359   45.5249
 2.357   45.3053
 2.356   45.1302
 2.355   44.9991
 2.354   44.9074
 2.353   44.8517
 2.352   44.8222
 2.351   44.8042
 2.350   44.7887
 2.349   44.7760
 2.348   44.7634
 2.347   44.7444
 2.346   44.7184
 2.345   44.6928
 2.344   44.6734
 2.343   44.6643
 2.341   44.6765
 2.341   44.7237
 2.339   44.8035
 2.338   44.8993
 2.337   44.9921
 2.336   45.0679
 2.335   45.1163
 2.334   45.1330
 2.333   45.1249
 2.332   45.1050
 2.331   45.0847
 2.330   45.0758
 2.329   45.0942
 2.328   45.1562
 2.327   45.2677
 2.326   45.4220
 2.325   45.5978
 2.324   45.7689
 2.323   45.9156
 2.322   46.0322
 2.321   46.1255
 2.320   46.2085
 2.318   46.2896
 2.317   46.3710
 2.316   46.4532
 2.315   46.5336
 2.314   46.6140
 2.313   46.7028
 2.312   46.8032
 2.311   46.9152
 2.310   47.0323
 2.309   47.1526
 2.308   47.2798
 2.307   47.4131
 2.306   47.5467
 2.305   47.6753
 2.304   47.7892
 2.303   47.8840
 2.302   47.9660
 2.301   48.0546
 2.300   48.1696
 2.299   48.3170
 2.298   48.4855
 2.297   48.6539
 2.296   48.7967
 2.295   48.9020
 2.294   48.9777
 2.293   49.0475
 2.292   49.1341
 2.291   49.2519
 2.290   49.3999
 2.289   49.5676
 2.288   49.7414
 2.287   49.9145
 2.286   50.0890
 2.285   50.2641
 2.284   50.4332
 2.283   50.5876
 2.282   50.7221
 2.281   50.8398
 2.280   50.9534
 2.279   51.0836
 2.278   51.2465
 2.277   51.4413
 2.276   51.6518
 2.275   51.8597
 2.274   52.0495
 2.273   52.2148
 2.272   52.3574
 2.271   52.4839
 2.270   52.5999
 2.269   52.7033
 2.268   52.7918
 2.267   52.8685
 2.266   52.9371
 2.265   53.0051
 2.264   53.0783
 2.263   53.1558
 2.262   53.2316
 2.261   53.3022
 2.260   53.3744
 2.259   53.4622
 2.258   53.5771
 2.257   53.7260
 2.256   53.9003
 2.255   54.0731
 2.254   54.2083
 2.253   54.2832
 2.252   54.2965
 2.251   54.2702
 2.250   54.2401
 2.249   54.2468
 2.248   54.3152
 2.247   54.4411
 2.246   54.5949
 2.245   54.7404
 2.244   54.8466
 2.243   54.9045
 2.242   54.9279
 2.241   54.9483
 2.240   54.9959
 2.239   55.0823
 2.238   55.1986
 2.237   55.3266
 2.236   55.4445
 2.236   55.5431
 2.235   55.6209
 2.234   55.6787
 2.233   55.7130
 2.232   55.7177
 2.231   55.6871
 2.230   55.6196
 2.229   55.5190
 2.228   55.3993
 2.227   55.2703
 2.226   55.1273
 2.225   54.9593
 2.224   54.7559
 2.223   54.5064
 2.222   54.1999
 2.221   53.8252
 2.220   53.3837
 2.219   52.8771
 2.218   52.3000
 2.217   51.6320
 2.216   50.8336
 2.216   49.8425
 2.215   48.5948
 2.214   47.0562
 2.213   45.2728
 2.212   43.3920
 2.211   41.6461
 2.210   40.2936
 2.209   39.5521
 2.208   39.5294
 2.207   40.1919
 2.206   41.3752
 2.205   42.8414
 2.204   44.3544
 2.203   45.7336
 2.202   46.8724
 2.201   47.7435
 2.200   48.3708
 2.200   48.7982
 2.199   49.0652
 2.198   49.2049
 2.197   49.2525
 2.196   49.2484
 2.195   49.2315
 2.194   49.2416
 2.193   49.3025
 2.192   49.4145
 2.191   49.5585
 2.190   49.7042
 2.189   49.8287
 2.188   49.9210
 2.187   49.9782
 2.187   50.0088
 2.186   50.0189
 2.185   50.0136
 2.184   49.9950
 2.183   49.9612
 2.182   49.9143
 2.181   49.8574
 2.180   49.7894
 2.179   49.7135
 2.178   49.6351
 2.177   49.5653
 2.176   49.5073
 2.176   49.4544
 2.175   49.4023
 2.174   49.3439
 2.173   49.2733
 2.172   49.2011
 2.171   49.1518
 2.170   49.1506
 2.169   49.2008
 2.168   49.2869
 2.167   49.3812
 2.166   49.4504
 2.166   49.4741
 2.165   49.4595
 2.164   49.4358
 2.163   49.4434
 2.162   49.5162
 2.161   49.6750
 2.160   49.9184
 2.159   50.2314
 2.158   50.5911
 2.157   50.9646
 2.156   51.3156
 2.156   51.6234
 2.155   51.8832
 2.154   52.1059
 2.153   52.3202
 2.152   52.5682
 2.151   52.8816
 2.150   53.2642
 2.149   53.7020
 2.148   54.1778
 2.148   54.6653
 2.147   55.1397
 2.146   55.5885
 2.145   56.0075
 2.144   56.3881
 2.143   56.7198
 2.142   57.0052
 2.141   57.2602
 2.140   57.4999
 2.140   57.7404
 2.139   57.9921
 2.138   58.2582
 2.137   58.5343
 2.136   58.8089
 2.135   59.0700
 2.134   59.3042
 2.133   59.4961
 2.132   59.6320
 2.132   59.7036
 2.131   59.7275
 2.130   59.7366
 2.129   59.7602
 2.128   59.8145
 2.127   59.9023
 2.126   60.0150
 2.126   60.1345
 2.125   60.2454
 2.124   60.3548
 2.123   60.4718
 2.122   60.5909
 2.121   60.6924
 2.120   60.7570
 2.119   60.7714
 2.119   60.7278
 2.118   60.6340
 2.117   60.5182
 2.116   60.4086
 2.115   60.3213
 2.114   60.2665
 2.113   60.2570
 2.112   60.3019
 2.112   60.4052
 2.111   60.5677
 2.110   60.7878
 2.109   61.0453
 2.108   61.3029
 2.107   61.5248
 2.107   61.6870
 2.106   61.7819
 2.105   61.8214
 2.104   61.8314
 2.103   61.8396
 2.102   61.8563
 2.101   61.8769
 2.100   61.9008
 2.100   61.9320
 2.099   61.9733
 2.098   62.0284
 2.097   62.0947
 2.096   62.1581
 2.095   62.1944
 2.095   62.1896
 2.094   62.1540
 2.093   62.1107
 2.092   62.0842
 2.091   62.0910
 2.090   62.1332
 2.090   62.1954
 2.089   62.2552
 2.088   62.2985
 2.087   62.3270
 2.086   62.3629
 2.085   62.4105
 2.084   62.4962
 2.084   62.6380
 2.083   62.7347
 2.082   62.8979
 2.081   62.9648
 2.080   62.7218
 2.079   62.8959
 2.076   62.9361
 2.072   62.9532
 2.068   63.0941
 2.064   63.1640
 2.060   63.2355
 2.056   63.2743
 2.052   63.4551
 2.048   63.5568
 2.044   63.4762
 2.040   63.4776
 2.036   63.2748
 2.032   63.0833
 2.028   63.1732
 2.024   63.3755
 2.020   63.6774
 2.016   63.6571
 2.012   63.3203
 2.008   63.1391
 2.004   62.8319
 2.000   62.7222
 1.996   62.5268
 1.992   62.5735
 1.988   62.4370
 1.984   62.1202
 1.980   61.4153
 1.976   61.1564
 1.972   61.0486
 1.968   60.8612
 1.964   60.6933
 1.960   60.3350
 1.956   60.1267
 1.952   59.8806
 1.948   59.9311
 1.944   59.8847
 1.940   59.6637
 1.936   59.5120
 1.932   59.4250
 1.928   59.3188
 1.924   59.2992
 1.920   59.1137
 1.916   59.0736
 1.912   59.1884
 1.908   59.3107
 1.904   59.3865
 1.900   59.9591
 1.896   60.8921
 1.892   62.0133
 1.888   62.8836
 1.884   63.9456
 1.880   64.3589
 1.876   64.6692
 1.872   65.1681
 1.868   65.9601
 1.864   66.3312
 1.860   66.7789
 1.856   67.1570
 1.852   67.0948
 1.848   67.4658
 1.844   67.3413
 1.840   67.2129
 1.836   67.0836
 1.832   67.0335
 1.828   67.1505
 1.824   67.2284
 1.820   67.3684
 1.816   67.2222
 1.812   67.3434
 1.808   67.4336
 1.804   67.5890
 1.800   67.4174
 1.796   67.5380
 1.792   67.7839
 1.788   67.7847
 1.784   68.1942
 1.780   68.3180
 1.776   68.3755
 1.772   68.3674
 1.768   68.3477
 1.764   68.3378
 1.760   68.3279
 1.756   68.3279
 1.752   68.4725
 1.748   68.3262
 1.744   68.1540
 1.740   68.1591
 1.736   68.3188
 1.732   68.5408
 1.728   68.6162
 1.724   68.6519
 1.720   68.6924
 1.716   68.6524
 1.712   68.5699
 1.708   68.5680
 1.704   68.0552
 1.700   67.7056
 1.696   67.8715
 1.692   68.1540
 1.688   68.1319
 1.684   68.1121
 1.680   68.1409
 1.676   67.8827
 1.672   67.7856
 1.668   67.7254
 1.664   67.9487
 1.660   68.4285
 1.656   68.2727
 1.652   68.1931
 1.648   68.2695
 1.644   68.3714
 1.640   68.1521
 1.636   68.3163
 1.632   68.4635
 1.628   68.4242
 1.624   68.4507
 1.620   68.5221
 1.616   68.2976
 1.612   68.0788
 1.608   68.1102
 1.604   67.9938
 1.600   67.8960
 1.596   67.9754
 1.592   68.0550
 1.588   68.3188
 1.584   68.3596
 1.580   68.3646
 1.576   68.4534
 1.572   68.3760
 1.568   68.4168
 1.564   68.3678
 1.560   68.0834
 1.556   67.8716
 1.552   67.7324
 1.548   67.6215
 1.544   67.5791
 1.540   67.5644
 1.536   67.5142
 1.532   67.2842
 1.528   67.1663
 1.524   67.2860
 1.520   67.4898
 1.516   67.2354
 1.512   66.8321
 1.508   66.4723
 1.504   66.1606
 1.500   65.9446
 1.496   66.5902
 1.492   66.5877
 1.488   66.6146
 1.484   66.3638
 1.480   66.0225
 1.476   65.9964
 1.472   65.7096
 1.468   65.5370
 1.464   65.6794
 1.460   65.6601
 1.456   65.6827
 1.452   65.3566
 1.448   65.1357
 1.444   64.9367
 1.440   64.7888
 1.436   64.7888
 1.432   64.6969
 1.428   64.4574
 1.424   64.4257
 1.420   64.3414
 1.416   63.5219
 1.412   60.7093
 1.408   57.6784
 1.404   57.6134
 1.400   58.4338
 1.396   58.6587
 1.392   58.6543
 1.388   58.5937
 1.384   59.4108
 1.380   60.4336
 1.376   61.5963
 1.372   62.0527
 1.368   62.7138
 1.364   63.3310
 1.360   64.0093
 1.356   64.5315
 1.352   64.3240
 1.348   64.2888
 1.344   64.5965
 1.340   64.8818
 1.336   65.2896
 1.332   65.7386
 1.328   65.9636
 1.324   66.1462
 1.320   66.0815
 1.316   66.0077
 1.312   65.9946
 1.308   65.9725
 1.304   65.7667
 1.300   65.7344
 1.296   65.7697
 1.292   65.7079
 1.288   65.5404
 1.284   65.4591
 1.280   65.4973
 1.276   65.3185
 1.272   65.4438
 1.268   65.3360
 1.264   65.3929
 1.260   65.5033
 1.256   65.5459
 1.252   65.4585
 1.248   65.2367
 1.244   65.0714
 1.240   64.6607
 1.236   64.1412
 1.232   63.9763
 1.228   64.0863
 1.224   63.9213
 1.220   63.7133
 1.216   63.7229
 1.212   63.6547
 1.208   63.4992
 1.204   63.7755
 1.200   63.8092
 1.196   63.8647
 1.192   63.6684
 1.188   63.4503
 1.184   63.1988
 1.180   62.9823
 1.176   62.8110
 1.172   62.5406
 1.168   62.3344
 1.164   62.0493
 1.160   61.8127
 1.156   61.5932
 1.152   61.2159
 1.148   61.1482
 1.144   60.7918
 1.140   60.5810
 1.136   60.1928
 1.132   59.9639
 1.128   60.2688
 1.124   60.3073
 1.120   59.7624
 1.116   59.1052
 1.112   58.7404
 1.108   58.5840
 1.104   58.6815
 1.100   58.2295
 1.096   58.1438
 1.092   57.6186
 1.088   57.1030
 1.084   56.4815
 1.080   56.2001
 1.076   55.6929
 1.072   55.6144
 1.068   55.1929
 1.064   54.9148
 1.060   54.7035
 1.056   54.5420
 1.052   53.9042
 1.048   53.5288
 1.044   53.3181
 1.040   52.7860
 1.036   52.6611
 1.032   52.0611
 1.028   51.8162
 1.024   51.8797
 1.020   51.4720
 1.016   51.2302
 1.012   51.2167
 1.008   50.5393
 1.004   50.3151
 1.000   49.9632
 0.996   49.6643
 0.992   49.0263
 0.988   48.3625
 0.984   48.3378
 0.980   47.8650
 0.976   47.1162
 0.972   46.8480
 0.968   46.5080
 0.964   45.7229
 0.960   45.3618
 0.956   44.9501
 0.952   44.4289
 0.948   44.1146
 0.944   43.6524
 0.940   43.3632
 0.936   42.9952
 0.932   42.6312
 0.928   42.0540
 0.924   41.7480
 0.920   41.3552
 0.916   40.9699
 0.912   40.7600
 0.908   40.3410
 0.904   40.1685
 0.900   39.8968
 0.896   39.5698
 0.892   39.3890
 0.888   39.2034
 0.884   38.9803
 0.880   38.9346
 0.876   38.6594
 0.872   38.6359
 0.868   38.5428
 0.864   38.2299
 0.860   38.1604
 0.856   38.1362
 0.852   37.8453
 0.848   37.9092
 0.844   38.0432
 0.840   38.2046
 0.836   38.1634
 0.832   38.1927
 0.828   38.3456
 0.824   38.5774
 0.820   38.3817
 0.816   38.4482
 0.812   38.6835
 0.808   38.9621
 0.804   39.1475
 0.800   39.1825
 0.799   39.1825
 0.798   39.1830
 0.797   39.1297
 0.796   39.3187
 0.795   39.2592
 0.794   39.2312
 0.793   39.4069
 0.792   39.3745
 0.791   39.3237
 0.790   39.3560
 0.789   39.4021
 0.788   39.3310
 0.787   39.1163
 0.786   39.6619
 0.785   39.6782
 0.784   40.0388
 0.783   40.0698
 0.782   39.8098
 0.781   39.5781
 0.780   39.4444
 0.779   39.5486
 0.778   39.6105
 0.777   39.9098
 0.776   40.0104
 0.775   39.7371
 0.774   40.1060
 0.773   40.1371
 0.772   40.3737
 0.771   40.4125
 0.770   40.5328
 0.769   40.1938
 0.768   40.3917
 0.767   40.5013
 0.766   40.2447
 0.765   40.3845
 0.764   40.3205
 0.763   40.2826
 0.762   40.5450
 0.761   40.5574
 0.760   40.8105
 0.759   40.6626
 0.758   40.7682
 0.757   40.6684
 0.756   40.6652
 0.755   40.4817
 0.754   40.9372
 0.753   40.7602
 0.752   40.5417
 0.751   40.8823
 0.750   40.7819
 0.749   40.3812
 0.748   40.3527
 0.747   40.7516
 0.746   41.0896
 0.745   40.7377
 0.744   40.8344
 0.743   40.5524
 0.742   40.3483
 0.741   40.1084
 0.740   40.4882
 0.739   40.3181
 0.738   40.3264
 0.737   40.3347
 0.736   40.2758
 0.735   40.2537
 0.734   40.4063
 0.733   40.6187
 0.732   40.4934
 0.731   40.3430
 0.730   40.3979
 0.729   40.4282
 0.728   39.8652
 0.727   39.5504
 0.726   39.9526
 0.725   40.1167
 0.724   39.8590
 0.723   39.6477
 0.722   39.5082
 0.721   39.6706
 0.720   39.3672
 0.719   39.1880
 0.718   39.4334
 0.717   39.4222
 0.716   39.3314
 0.715   39.1655
 0.714   39.0533
 0.713   38.8708
 0.712   38.7924
 0.711   38.7165
 0.710   38.2124
 0.709   38.2385
 0.708   38.3348
 0.707   38.1519
 0.706   37.7908
 0.705   37.5330
 0.704   37.3862
 0.703   37.2892
 0.702   37.2388
 0.701   37.0957
 0.700   36.7507
 0.699   36.9344
 0.698   36.9921
 0.697   36.9120
 0.696   36.6385
 0.695   36.5556
 0.694   36.4199
 0.693   36.2680
 0.692   36.1451
 0.691   36.0284
 0.690   35.9072
 0.689   35.7130
 0.688   35.6010
 0.687   35.6647
 0.686   35.4679
 0.685   35.4699
 0.684   35.6397
 0.683   35.4860
 0.682   35.4454
 0.681   35.0724
 0.680   34.8144
 0.679   34.5697
 0.678   34.4909
 0.677   34.4383
 0.676   34.4585
 0.675   34.4517
 0.674   34.2744
 0.673   34.0682
 0.672   33.7235
 0.671   33.4146
 0.670   33.5623
 0.669   33.6806
 0.668   33.3837
 0.667   33.2684
 0.666   33.0834
 0.665   32.9475
 0.664   32.8046
 0.663   32.5898
 0.662   32.8635
 0.661   32.8287
 0.660   32.7869
 0.659   32.5988
 0.658   32.5568
 0.657   32.3916
 0.656   32.0967
 0.655   32.0970
 0.654   32.0542
 0.653   31.7192
 0.652   31.6910
 0.651   31.5342
 0.650   31.3357
 0.649   31.3992
 0.648   31.1537
 0.647   31.2887
 0.646   31.0164
 0.645   30.9275
 0.644   30.7929
 0.643   30.4343
 0.642   30.1535
 0.641   30.1670
 0.640   30.3888
 0.639   30.4245
 0.638   30.0661
 0.637   30.0757
 0.636   29.7586
 0.635   29.5319
 0.634   29.5627
 0.633   29.5229
 0.632   29.4873
 0.631   29.3318
 0.630   29.3582
 0.629   29.3623
 0.628   29.1392
 0.627   28.8444
 0.626   28.6044
 0.625   28.6161
 0.624   28.5835
 0.623   28.7833
 0.622   28.2993
 0.621   28.2279
 0.620   27.9041
 0.619   27.7131
 0.618   27.4950
 0.617   27.1800
 0.616   26.9296
 0.615   26.9629
 0.614   26.6717
 0.613   26.5048
 0.612   26.4380
 0.611   26.2717
 0.610   26.3218
 0.609   26.1437
 0.608   26.0731
 0.607   25.7331
 0.606   25.6855
 0.605   25.4221
 0.604   25.3255
 0.603   24.9451
 0.602   24.8548
 0.601   24.6197
 0.600   24.3959
 0.599   24.1697
 0.598   24.0498
 0.597   23.8125
 0.596   23.4413
 0.595   23.1009
 0.594   23.1322
 0.593   23.0084
 0.592   22.9487
 0.591   22.7505
 0.590   22.1906
 0.589   21.6968
 0.588   21.6216
 0.587   21.3447
 0.586   20.9813
 0.585   20.5623
 0.584   20.3423
 0.583   19.9307
 0.582   19.8047
 0.581   19.4020
 0.580   19.2855
 0.579   18.8328
 0.578   18.6075
 0.577   18.5167
 0.576   18.1805
 0.575   17.8423
 0.574   17.5957
 0.573   17.3589
 0.572   17.4022
 0.571   17.1783
 0.570   16.7653
 0.569   16.5052
 0.568   16.1808
 0.567   15.9121
 0.566   15.7410
 0.565   15.5698
 0.564   15.2713
 0.563   15.1162
 0.562   14.8919
 0.561   14.6164
 0.560   14.3921
 0.559   14.1098
 0.558   13.6842
 0.557   13.6943
 0.556   13.6637
 0.555   13.4555
 0.554   13.3543
 0.553   13.0362
 0.552   12.8731
 0.551   12.7465
 0.550   12.6773
 0.549   12.6731
 0.548   12.5146
 0.547   12.1696
 0.546   12.0976
 0.545   12.1193
 0.544   12.0110
 0.543   11.7804
 0.542   11.7013
 0.541   11.6779
 0.540   11.5905
 0.539   11.4082
 0.538   11.3104
 0.537   11.4127
 0.536   11.0471
 0.535   11.0902
 0.534   10.9289
 0.533   10.8882
 0.532   10.7600
 0.531   10.6856
 0.530   10.8026
 0.529   10.6916
 0.528   10.6958
 0.527   10.7229
 0.526   10.5909
 0.525   10.6476
 0.524   10.6220
 0.523   10.4089
 0.522   10.5680
 0.521   10.2468
 0.520   10.3557
 0.519   10.0492
 0.518   10.0168
 0.517   10.1445
 0.516   10.0694
 0.515    9.7729
 0.514    9.9451
 0.513    9.9211
 0.512    9.9863
 0.511    9.9098
 0.510    9.9879
 0.509    9.8759
 0.508    9.8201
 0.507    9.4199
 0.506    9.3661
 0.505    9.6810
 0.504    9.6045
 0.503    9.6682
 0.502    9.5064
 0.501    9.5954
 0.500    9.4876
 0.499    9.3209
 0.498    9.2605
 0.497    9.2113
 0.496    9.2193
 0.495    9.2864
 0.494    9.2051
 0.493    9.2051
 0.492    8.9996
 0.491    9.0541
 0.490    9.0035
 0.489    8.8481
 0.488    8.5736
 0.487    8.9451
 0.486    9.0403
 0.485    9.0288
 0.484    8.9694
 0.483    8.6864
 0.482    8.7565
 0.481    8.7565
 0.480    8.5795
 0.479    8.6015
 0.478    8.8416
 0.477    8.6074
 0.476    8.5402
 0.475    8.5461
 0.474    8.5533
 0.473    8.8473
 0.472    8.8473
 0.471    8.9389
 0.470    8.6805
 0.469    8.5587
 0.468    8.4143
 0.467    8.1240
 0.466    8.2208
 0.465    8.3683
 0.464    8.3605
 0.463    8.5110
 0.462    8.4931
 0.461    8.4339
 0.460    8.3757
 0.459    7.9281
 0.458    7.9456
 0.457    8.2084
 0.456    8.1252
 0.455    7.8590
 0.454    7.8389
 0.453    7.8910
 0.452    7.7633
 0.451    7.6604
 0.450    7.5692
 0.449    7.5744
 0.448    7.5640
 0.447    7.5846
 0.446    7.8508
 0.445    7.6828
 0.444    7.5845
 0.443    7.4190
 0.442    7.2981
 0.441    7.1077
 0.440    7.4607
 0.439    7.0292
 0.438    7.3061
 0.437    7.0244
 0.436    7.0943
 0.435    6.9267
 0.434    6.9051
 0.433    6.8829
 0.432    6.9153
 0.431    6.4833
 0.430    6.6169
 0.429    6.5531
 0.428    6.3969
 0.427    6.3588
 0.426    6.0994
 0.425    6.0418
 0.424    6.3207
 0.423    6.3015
 0.422    6.2127
 0.421    6.1150
 0.420    6.2393
 0.419    6.0317
 0.418    5.7252
 0.417    6.1513
 0.416    6.0112
 0.415    5.9891
 0.414    6.1676
 0.413    5.5505
 0.412    5.8832
 0.411    5.8532
 0.410    5.6247
 0.409    5.5707
 0.408    5.5783
 0.407    5.5240
 0.406    5.6237
 0.405    5.5429
 0.404    5.2827
 0.403    5.3964
 0.402    5.1448
 0.401    5.4146
 0.400    5.4477
