Name: Fossiliferous Limestone 
Type:  Rocks
Class:  Sedimentary
Subclass: Limestone
Particle Size:  500 - 1500 Micrometers
Sample No.:  limestone.1
Owner:  JHU
Wavelength Range:  All
Origin:  Sample No. 355,  from the Hunt and Salisbury Collection at 
the U.S. Geological Survey, Denver, Co.
Description: Sample consists of a homogeneous microcrystalline 
carbonate matrix, with scattered flecks of reddish brown material 
and abundant fossils (primarily small bivalves) with recrystallized 
calcite. Some bivalves still show laminar structure. Very minor 
quartz was also noted in this section.

Measurement:  Directional (10 Degree) Hemispherical Reflectance
First Column:  X
Second Column:  Y  
X Units:  Wavelength (micrometers)
Y Units:  Reflectance (percent)
First X Value:  14.0112
Last X Value:  0.4
Number of X Values:  2844
Additional Information:  None 
14.011    1.7906
13.973    1.3437
13.936    1.2604
13.899    1.4434
13.861    1.6994
13.824    1.9595
13.788    2.0746
13.751    2.1210
13.715    2.3985
13.679    2.5201
13.643    2.5064
13.607    2.4998
13.571    2.5888
13.536    2.7234
13.500    2.7967
13.465    2.8293
13.430    2.8680
13.396    2.8965
13.361    2.9003
13.327    2.9694
13.293    3.0393
13.259    2.9594
13.225    2.9307
13.191    2.9780
13.158    2.9878
13.124    2.8673
13.091    2.8278
13.058    2.8699
13.025    2.8336
12.993    2.7931
12.960    2.8065
12.928    2.8144
12.896    2.8003
12.864    2.8235
12.832    2.8103
12.800    2.8417
12.769    2.8505
12.738    2.8792
12.706    2.8706
12.675    2.8447
12.644    2.8783
12.614    2.9565
12.583    2.9783
12.552    2.9118
12.522    2.8744
12.492    2.9359
12.462    2.9616
12.432    2.9752
12.402    3.0350
12.373    3.0833
12.343    3.1111
12.314    3.1629
12.285    3.1548
12.256    3.1397
12.227    3.1747
12.198    3.2472
12.169    3.2371
12.141    3.2058
12.113    3.2252
12.084    3.2350
12.056    3.2562
12.028    3.2458
12.000    3.3022
11.973    3.3510
11.945    3.3183
11.918    3.3489
11.890    3.3802
11.863    3.3678
11.836    3.2888
11.809    3.0905
11.782    2.9618
11.756    3.1732
11.729    3.4326
11.702    3.6580
11.676    3.7977
11.650    3.9288
11.624    4.1074
11.598    4.2590
11.572    4.3875
11.546    4.4636
11.520    4.4540
11.495    4.4074
11.469    4.5327
11.444    4.8258
11.419    5.1890
11.394    5.6219
11.369    6.0960
11.344    6.3989
11.319    6.7428
11.294    7.8878
11.270    9.5598
11.246   10.0613
11.221    9.4064
11.197    8.6927
11.173    8.2245
11.149    7.8352
11.125    7.4340
11.101    7.0648
11.077    6.7103
11.054    6.4374
11.030    6.1757
11.007    5.9182
10.983    5.7252
10.960    5.5709
10.937    5.4728
10.914    5.4194
10.891    5.3173
10.868    5.2753
10.845    5.1940
10.823    5.0931
10.800    5.0029
10.778    4.8969
10.756    4.8059
10.733    4.7169
10.711    4.6419
10.689    4.5684
10.667    4.5356
10.645    4.5151
10.623    4.5320
10.602    4.5703
10.580    4.5151
10.558    4.4289
10.537    4.4067
10.515    4.3992
10.494    4.3552
10.473    4.2865
10.452    4.1925
10.431    4.1416
10.410    4.1042
10.389    4.0427
10.368    3.9882
10.348    3.9243
10.327    3.8312
10.307    3.7590
10.286    3.7193
10.266    3.6288
10.245    3.5377
10.225    3.4965
10.205    3.4350
10.185    3.3817
10.165    3.3666
10.145    3.3678
10.125    3.3453
10.106    3.3001
10.086    3.2922
10.066    3.2599
10.047    3.2177
10.027    3.2137
10.008    3.2501
 9.989    3.2113
 9.970    3.2053
 9.950    3.2285
 9.931    3.2149
 9.912    3.2118
 9.893    3.2228
 9.875    3.1774
 9.856    3.1711
 9.837    3.1898
 9.819    3.1869
 9.800    3.1855
 9.781    3.2275
 9.763    3.2343
 9.745    3.2161
 9.726    3.2795
 9.708    3.3240
 9.690    3.2901
 9.672    3.2965
 9.654    3.3027
 9.636    3.3505
 9.618    3.4116
 9.600    3.4486
 9.582    3.4460
 9.565    3.4815
 9.547    3.5535
 9.530    3.5549
 9.512    3.5752
 9.495    3.6393
 9.477    3.6549
 9.460    3.6285
 9.443    3.6478
 9.426    3.6863
 9.409    3.7374
 9.392    3.7685
 9.375    3.7977
 9.358    3.8559
 9.341    3.9233
 9.324    3.9617
 9.307    3.9999
 9.291    4.0662
 9.274    4.1253
 9.257    4.1200
 9.241    4.0973
 9.225    4.0834
 9.208    4.1205
 9.192    4.1511
 9.175    4.2229
 9.159    4.2707
 9.143    4.2744
 9.127    4.3145
 9.111    4.3449
 9.095    4.3502
 9.079    4.3459
 9.063    4.3669
 9.047    4.4040
 9.032    4.4320
 9.016    4.4514
 9.000    4.4238
 8.985    4.4170
 8.969    4.4351
 8.954    4.4660
 8.938    4.4772
 8.923    4.4514
 8.908    4.4708
 8.892    4.5119
 8.877    4.5121
 8.862    4.5428
 8.847    4.6409
 8.832    4.7091
 8.817    4.7262
 8.802    4.7609
 8.787    4.8485
 8.772    4.9229
 8.757    4.9314
 8.742    5.0089
 8.727    5.0668
 8.713    5.0670
 8.698    5.0505
 8.684    5.0833
 8.669    5.1153
 8.655    5.1055
 8.640    5.0600
 8.626    4.9911
 8.612    4.9156
 8.597    4.8720
 8.583    4.9608
 8.569    5.0972
 8.555    5.1794
 8.541    5.2363
 8.527    5.3331
 8.513    5.3799
 8.499    5.4209
 8.485    5.4838
 8.471    5.4931
 8.457    5.5404
 8.443    5.6484
 8.430    5.7429
 8.416    5.8082
 8.402    5.8991
 8.389    6.0053
 8.375    6.1509
 8.361    6.2980
 8.348    6.4117
 8.335    6.5219
 8.321    6.6442
 8.308    6.7265
 8.295    6.8200
 8.281    6.9274
 8.268    6.9903
 8.255    7.0784
 8.242    7.1595
 8.229    7.2260
 8.216    7.3057
 8.203    7.3998
 8.190    7.4438
 8.177    7.4747
 8.164    7.4285
 8.151    7.3988
 8.138    7.4110
 8.126    7.4315
 8.113    7.4158
 8.100    7.3526
 8.088    7.3141
 8.075    7.2954
 8.062    7.2926
 8.050    7.3284
 8.037    7.3923
 8.025    7.4775
 8.013    7.5653
 8.000    7.6340
 7.988    7.6551
 7.976    7.6513
 7.963    7.6752
 7.951    7.6639
 7.939    7.6156
 7.927    7.5328
 7.915    7.4823
 7.903    7.4694
 7.891    7.4624
 7.879    7.4873
 7.867    7.5728
 7.855    7.6213
 7.843    7.6390
 7.831    7.6247
 7.819    7.5972
 7.808    7.5522
 7.796    7.5337
 7.784    7.5492
 7.772    7.6010
 7.761    7.6337
 7.749    7.6038
 7.737    7.5925
 7.726    7.6354
 7.715    7.6285
 7.703    7.5529
 7.692    7.4687
 7.680    7.3923
 7.669    7.3241
 7.657    7.2641
 7.646    7.1868
 7.635    7.1165
 7.624    7.0215
 7.613    6.9507
 7.601    6.9222
 7.590    6.9004
 7.579    6.9081
 7.568    6.9559
 7.557    6.9751
 7.546    6.9598
 7.535    6.9621
 7.524    6.9787
 7.513    6.9993
 7.502    7.0038
 7.492    7.0131
 7.481    7.0353
 7.470    7.0157
 7.459    6.9698
 7.449    6.9370
 7.438    6.9064
 7.427    6.9105
 7.417    6.9107
 7.406    6.8806
 7.395    6.8590
 7.385    6.8426
 7.374    6.7916
 7.364    6.6944
 7.353    6.5841
 7.343    6.4698
 7.333    6.3501
 7.322    6.2497
 7.312    6.1446
 7.302    6.0113
 7.291    5.8697
 7.281    5.7407
 7.271    5.6659
 7.261    5.6073
 7.251    5.5606
 7.240    5.5457
 7.230    5.4878
 7.220    5.4309
 7.210    5.4300
 7.200    5.4270
 7.190    5.4938
 7.180    5.6068
 7.170    5.7032
 7.160    5.8209
 7.151    5.9554
 7.141    6.0729
 7.131    6.2073
 7.121    6.4623
 7.111    6.8334
 7.102    7.1792
 7.092    7.4354
 7.082    7.5880
 7.072    7.6364
 7.063    7.6194
 7.053    7.5773
 7.044    7.5404
 7.034    7.5153
 7.025    7.5223
 7.015    7.5402
 7.006    7.5244
 6.996    7.4906
 6.987    7.4624
 6.977    7.4330
 6.968    7.4076
 6.959    7.3973
 6.949    7.4131
 6.940    7.4277
 6.931    7.4847
 6.921    7.5339
 6.912    7.5472
 6.903    7.5988
 6.894    7.6629
 6.885    7.7228
 6.875    7.7610
 6.866    7.7887
 6.857    7.8563
 6.848    7.9156
 6.839    7.9986
 6.830    8.0654
 6.821    8.1180
 6.812    8.2055
 6.803    8.2879
 6.794    8.3529
 6.785    8.4042
 6.777    8.4719
 6.768    8.5597
 6.759    8.6786
 6.750    8.7812
 6.741    8.8841
 6.733    8.9707
 6.724    9.0815
 6.715    9.2171
 6.707    9.3734
 6.698    9.5241
 6.689    9.6506
 6.681    9.7806
 6.672    9.9569
 6.663   10.1715
 6.655   10.3848
 6.646   10.5570
 6.638   10.7345
 6.629   10.9963
 6.621   11.3180
 6.612   11.6456
 6.604   11.9473
 6.596   12.2480
 6.587   12.5926
 6.579   12.8725
 6.571   13.1273
 6.562   13.4037
 6.554   13.6460
 6.546   13.8786
 6.537   14.1217
 6.529   14.3332
 6.521   14.4940
 6.513   14.6555
 6.505   14.7765
 6.496   14.8497
 6.488   14.9818
 6.480   15.1782
 6.472   15.3228
 6.464   15.4077
 6.456   15.3823
 6.448   15.2390
 6.440   14.9540
 6.432   14.4394
 6.424   13.7834
 6.416   12.9931
 6.408   12.2818
 6.400   11.6516
 6.392   10.9845
 6.384   10.3556
 6.377    9.7622
 6.369    9.1961
 6.361    8.6482
 6.353    8.0594
 6.345    7.4237
 6.338    6.7490
 6.330    6.1312
 6.322    5.6599
 6.314    5.3012
 6.307    4.9988
 6.299    4.7696
 6.291    4.6231
 6.284    4.5791
 6.276    4.5780
 6.269    4.5038
 6.261    4.4033
 6.253    4.3318
 6.246    4.2047
 6.239    4.0169
 6.231    3.8616
 6.223    3.7399
 6.216    3.6011
 6.209    3.4580
 6.201    3.3402
 6.194    3.2197
 6.186    3.0993
 6.179    3.0323
 6.172    2.9694
 6.164    2.8761
 6.157    2.8421
 6.150    2.7967
 6.142    2.7161
 6.135    2.6533
 6.128    2.6155
 6.121    2.5818
 6.113    2.5225
 6.106    2.4825
 6.099    2.4469
 6.092    2.3984
 6.085    2.3825
 6.078    2.3693
 6.070    2.3406
 6.063    2.3084
 6.056    2.2646
 6.049    2.2425
 6.042    2.2364
 6.035    2.2787
 6.028    2.3212
 6.021    2.3101
 6.014    2.3050
 6.007    2.2880
 6.000    2.3057
 5.993    2.3277
 5.986    2.2971
 5.979    2.2762
 5.973    2.2734
 5.966    2.2691
 5.959    2.2581
 5.952    2.2581
 5.945    2.2490
 5.938    2.2294
 5.931    2.2407
 5.925    2.2581
 5.918    2.2478
 5.911    2.2284
 5.904    2.2507
 5.898    2.2593
 5.891    2.2402
 5.884    2.2299
 5.878    2.2274
 5.871    2.2009
 5.864    2.1935
 5.858    2.1952
 5.851    2.1550
 5.845    2.1502
 5.838    2.1187
 5.831    2.0629
 5.825    2.0643
 5.818    2.0526
 5.812    2.0143
 5.805    2.0052
 5.799    2.0052
 5.792    1.9533
 5.786    1.9129
 5.779    1.9296
 5.773    1.9042
 5.767    1.8588
 5.760    1.8641
 5.754    1.8865
 5.747    1.8753
 5.741    1.8853
 5.735    1.8913
 5.728    1.9117
 5.722    1.9521
 5.716    1.9545
 5.709    1.9617
 5.703    1.9880
 5.697    1.9932
 5.691    1.9985
 5.684    2.0375
 5.678    2.0775
 5.672    2.0949
 5.666    2.1131
 5.660    2.1517
 5.653    2.1799
 5.647    2.1846
 5.641    2.1818
 5.635    2.1743
 5.629    2.1478
 5.623    2.1043
 5.617    2.0365
 5.611    1.9430
 5.604    1.8536
 5.598    1.7482
 5.592    1.6298
 5.586    1.5027
 5.580    1.3807
 5.574    1.3203
 5.568    1.2817
 5.562    1.2230
 5.556    1.2248
 5.551    1.3200
 5.545    1.4432
 5.539    1.6408
 5.533    1.8942
 5.527    2.0940
 5.521    2.2653
 5.515    2.4476
 5.509    2.6185
 5.503    2.7594
 5.497    2.9131
 5.492    3.0371
 5.486    3.1278
 5.480    3.2396
 5.474    3.3835
 5.468    3.5025
 5.463    3.6235
 5.457    3.7460
 5.451    3.8850
 5.446    4.0155
 5.440    4.1526
 5.434    4.2875
 5.428    4.4074
 5.423    4.5476
 5.417    4.6774
 5.411    4.8270
 5.406    4.9571
 5.400    5.0842
 5.394    5.2041
 5.389    5.2849
 5.383    5.3694
 5.378    5.4656
 5.372    5.5591
 5.367    5.6566
 5.361    5.7364
 5.356    5.8455
 5.350    5.9577
 5.345    6.0561
 5.339    6.1889
 5.333    6.3470
 5.328    6.4819
 5.322    6.6263
 5.317    6.7918
 5.312    6.9505
 5.306    7.0861
 5.301    7.2217
 5.295    7.3720
 5.290    7.5469
 5.285    7.7055
 5.279    7.8239
 5.274    7.9773
 5.268    8.1512
 5.263    8.3317
 5.258    8.5343
 5.252    8.7209
 5.247    8.9135
 5.242    9.1284
 5.237    9.3475
 5.231    9.5230
 5.226    9.7132
 5.221    9.8892
 5.215   10.0653
 5.210   10.2273
 5.205   10.3692
 5.200   10.5319
 5.194   10.6747
 5.189   10.7749
 5.184   10.8907
 5.179   10.9932
 5.174   11.0421
 5.169   11.0786
 5.164   11.1867
 5.158   11.3339
 5.153   11.4051
 5.148   11.4586
 5.143   11.5135
 5.138   11.5729
 5.133   11.6234
 5.128   11.6312
 5.123   11.5270
 5.118   11.2245
 5.113   10.5369
 5.107    9.4767
 5.103    8.4616
 5.098    8.2180
 5.093    9.1614
 5.088   10.4776
 5.082   11.4178
 5.077   11.9717
 5.073   12.2672
 5.068   12.4026
 5.063   12.4935
 5.058   12.5808
 5.053   12.6338
 5.048   12.6426
 5.043   12.6285
 5.038   12.6459
 5.033   12.6751
 5.028   12.6507
 5.023   12.6361
 5.019   12.6603
 5.014   12.6720
 5.009   12.6852
 5.004   12.6768
 4.999   12.6794
 4.994   12.7143
 4.990   12.7428
 4.985   12.7807
 4.980   12.8371
 4.975   12.8943
 4.970   12.9354
 4.966   13.0116
 4.961   13.0740
 4.956   13.1140
 4.951   13.1472
 4.947   13.1747
 4.942   13.2068
 4.937   13.2232
 4.933   13.2300
 4.928   13.2680
 4.923   13.3250
 4.919   13.3977
 4.914   13.4828
 4.909   13.5764
 4.905   13.6635
 4.900   13.7618
 4.895   13.8669
 4.891   13.9693
 4.886   14.0228
 4.882   14.1033
 4.877   14.1989
 4.872   14.2284
 4.868   14.2542
 4.863   14.3148
 4.859   14.3624
 4.854   14.4179
 4.849   14.4619
 4.845   14.4799
 4.840   14.5203
 4.836   14.5672
 4.832   14.6033
 4.827   14.6225
 4.822   14.6373
 4.818   14.6731
 4.814   14.6645
 4.809   14.6529
 4.805   14.6645
 4.800   14.6581
 4.796   14.6545
 4.791   14.6435
 4.787   14.6461
 4.782   14.6275
 4.778   14.5440
 4.774   14.4530
 4.769   14.3252
 4.765   14.1095
 4.761   13.8652
 4.756   13.6343
 4.752   13.4137
 4.747   13.1714
 4.743   12.8421
 4.739   12.4406
 4.734   12.0241
 4.730   11.5899
 4.726   11.0516
 4.721   10.3878
 4.717    9.6583
 4.713    8.9351
 4.709    8.2671
 4.704    7.6689
 4.700    7.1825
 4.696    6.8104
 4.691    6.5393
 4.687    6.3496
 4.683    6.1972
 4.679    6.0857
 4.675    6.0317
 4.670    6.0343
 4.666    6.0482
 4.662    6.1240
 4.658    6.2738
 4.654    6.4616
 4.649    6.7387
 4.645    7.0849
 4.641    7.5002
 4.637    7.9969
 4.633    8.4683
 4.629    8.8927
 4.625    9.2841
 4.620    9.6626
 4.616   10.0347
 4.612   10.3323
 4.608   10.5428
 4.604   10.7163
 4.600   10.8716
 4.596   11.0288
 4.592   11.1752
 4.588   11.2678
 4.584   11.3331
 4.580   11.3995
 4.576   11.4667
 4.572   11.5255
 4.567   11.5628
 4.564   11.6015
 4.559   11.6305
 4.556   11.6689
 4.551   11.6985
 4.548   11.7071
 4.543   11.7368
 4.540   11.7781
 4.536   11.8018
 4.532   11.8035
 4.528   11.8327
 4.524   11.8832
 4.520   11.8935
 4.516   11.9129
 4.512   11.9690
 4.508   12.0272
 4.504   12.0983
 4.500   12.2140
 4.496   12.3378
 4.492   12.5196
 4.488   12.7438
 4.485   12.9752
 4.481   13.2151
 4.477   13.4817
 4.473   13.7824
 4.469   14.0434
 4.465   14.2724
 4.461   14.5014
 4.458   14.7148
 4.454   14.9133
 4.450   15.1333
 4.446   15.3680
 4.442   15.6206
 4.439   15.8800
 4.435   16.1317
 4.431   16.3599
 4.427   16.5739
 4.423   16.7767
 4.420   16.9349
 4.416   17.0839
 4.412   17.2179
 4.408   17.3514
 4.404   17.4588
 4.401   17.5157
 4.397   17.5715
 4.393   17.6586
 4.390   17.7481
 4.386   17.8507
 4.382   17.9390
 4.378   17.9519
 4.375   17.9368
 4.371   17.8928
 4.367   17.7957
 4.364   17.6469
 4.360   17.4337
 4.356   17.2007
 4.353   16.9774
 4.349   16.7724
 4.346   16.6841
 4.342   16.6619
 4.338   16.6245
 4.335   16.5513
 4.331   16.5178
 4.327   16.5264
 4.324   16.5341
 4.320   16.4917
 4.316   16.4104
 4.313   16.3365
 4.309   16.2949
 4.306   16.3259
 4.302   16.3798
 4.299   16.3875
 4.295   16.2903
 4.292   16.0401
 4.288   15.6070
 4.284   15.1289
 4.281   14.7775
 4.277   14.4691
 4.274   14.2210
 4.270   14.1013
 4.267   14.1494
 4.263   14.3784
 4.260   14.7172
 4.256   15.0409
 4.253   15.3039
 4.249   15.4900
 4.246   15.6522
 4.242   15.7725
 4.239   15.8293
 4.235   15.8882
 4.232   15.9137
 4.229   15.8787
 4.225   15.8692
 4.222   15.8929
 4.218   15.9199
 4.215   15.9297
 4.211   15.9149
 4.208   15.8879
 4.205   15.8410
 4.201   15.7838
 4.198   15.6924
 4.194   15.5806
 4.191   15.4804
 4.188   15.3678
 4.184   15.2720
 4.181   15.1883
 4.177   15.0347
 4.174   14.8821
 4.171   14.7586
 4.167   14.6071
 4.164   14.4572
 4.161   14.3059
 4.157   14.1423
 4.154   13.9530
 4.151   13.7614
 4.147   13.5552
 4.144   13.3324
 4.141   13.0931
 4.137   12.8265
 4.134   12.5722
 4.131   12.3452
 4.128   12.1174
 4.124   11.8657
 4.121   11.6002
 4.118   11.3650
 4.114   11.1147
 4.111   10.8723
 4.108   10.6316
 4.105   10.3904
 4.101   10.2039
 4.098   10.0060
 4.095    9.7622
 4.092    9.5466
 4.088    9.3255
 4.085    9.0856
 4.082    8.8420
 4.079    8.6130
 4.076    8.3566
 4.072    8.0661
 4.069    7.8237
 4.066    7.6055
 4.063    7.3976
 4.060    7.1719
 4.056    6.9115
 4.053    6.6449
 4.050    6.3630
 4.047    6.0345
 4.044    5.6946
 4.041    5.3816
 4.037    5.1048
 4.034    4.8557
 4.031    4.6454
 4.028    4.4918
 4.025    4.3189
 4.022    4.1660
 4.019    4.0495
 4.016    3.9069
 4.013    3.7482
 4.009    3.6300
 4.006    3.5113
 4.003    3.3644
 4.000    3.2262
 3.997    3.1120
 3.994    2.9946
 3.991    2.9027
 3.988    2.8240
 3.985    2.7548
 3.982    2.6871
 3.979    2.6639
 3.976    2.6598
 3.973    2.6653
 3.970    2.6598
 3.966    2.6930
 3.963    2.7687
 3.960    2.7900
 3.957    2.8060
 3.954    2.8940
 3.951    3.0051
 3.948    3.0917
 3.945    3.1785
 3.942    3.3039
 3.939    3.4374
 3.936    3.5266
 3.933    3.5990
 3.930    3.6654
 3.927    3.6918
 3.924    3.7120
 3.921    3.7527
 3.918    3.7932
 3.916    3.8262
 3.913    3.8422
 3.910    3.8533
 3.907    3.8740
 3.904    3.8956
 3.901    3.9444
 3.898    3.9906
 3.895    4.0035
 3.892    4.0018
 3.889    4.0272
 3.886    4.0365
 3.883    4.0334
 3.880    4.0399
 3.877    4.0624
 3.875    4.0478
 3.872    4.0401
 3.869    4.0693
 3.866    4.0752
 3.863    4.0729
 3.860    4.1001
 3.857    4.1439
 3.854    4.1760
 3.852    4.1927
 3.849    4.2150
 3.846    4.2389
 3.843    4.2628
 3.840    4.3097
 3.837    4.3760
 3.834    4.4772
 3.832    4.6215
 3.829    4.7584
 3.826    4.8577
 3.823    5.0004
 3.820    5.1996
 3.817    5.3709
 3.815    5.5467
 3.812    5.7891
 3.809    6.0515
 3.806    6.3607
 3.804    6.7475
 3.801    7.2021
 3.798    7.7595
 3.795    8.4130
 3.792    9.1183
 3.790    9.8442
 3.787   10.5290
 3.784   11.1015
 3.781   11.5494
 3.779   11.9552
 3.776   12.3066
 3.773   12.6208
 3.770   12.9072
 3.768   13.1689
 3.765   13.3759
 3.762   13.5738
 3.759   13.7774
 3.757   13.9190
 3.754   13.9956
 3.751   14.1191
 3.748   14.2382
 3.746   14.3480
 3.743   14.4770
 3.740   14.6828
 3.738   14.9022
 3.735   15.0687
 3.732   15.2115
 3.730   15.3507
 3.727   15.4744
 3.724   15.5620
 3.722   15.6596
 3.719   15.7333
 3.716   15.7934
 3.714   15.8249
 3.711   15.8678
 3.708   15.9280
 3.706   15.9687
 3.703   15.9690
 3.700   16.0025
 3.698   16.0565
 3.695   16.0450
 3.692   16.0314
 3.690   16.0537
 3.687   16.0673
 3.684   16.0419
 3.682   16.0248
 3.679   16.0077
 3.677   15.9755
 3.674   15.9154
 3.672   15.8551
 3.669   15.8178
 3.666   15.7678
 3.664   15.7275
 3.661   15.6709
 3.659   15.5768
 3.656   15.4619
 3.653   15.4196
 3.651   15.3972
 3.648   15.2871
 3.646   15.1814
 3.643   15.1402
 3.641   15.0418
 3.638   14.9249
 3.636   14.8536
 3.633   14.7313
 3.630   14.6127
 3.628   14.5150
 3.625   14.4109
 3.623   14.3141
 3.620   14.1858
 3.618   14.0618
 3.615   13.9599
 3.613   13.8125
 3.610   13.6391
 3.608   13.4876
 3.605   13.3333
 3.603   13.1299
 3.600   12.9148
 3.598   12.6929
 3.595   12.4389
 3.593   12.1634
 3.590   11.8882
 3.588   11.6013
 3.585   11.2893
 3.583   10.9178
 3.580   10.4995
 3.578   10.1199
 3.575    9.7983
 3.573    9.5528
 3.570    9.4337
 3.568    9.4193
 3.565    9.4433
 3.563    9.4365
 3.561    9.3784
 3.558    9.2483
 3.556    9.1165
 3.553    8.9498
 3.551    8.7430
 3.548    8.5197
 3.546    8.2731
 3.543    8.0294
 3.541    7.7517
 3.539    7.4345
 3.536    7.1447
 3.534    6.8559
 3.531    6.5310
 3.529    6.1819
 3.527    5.8936
 3.524    5.6211
 3.522    5.3283
 3.519    5.0481
 3.517    4.8660
 3.515    4.7452
 3.512    4.6167
 3.510    4.5078
 3.507    4.4253
 3.505    4.3700
 3.503    4.3181
 3.500    4.2648
 3.498    4.1901
 3.496    4.1360
 3.493    4.0932
 3.491    4.0262
 3.489    3.9686
 3.486    3.9248
 3.484    3.8901
 3.482    3.8518
 3.479    3.7894
 3.477    3.7504
 3.475    3.7688
 3.472    3.8662
 3.470    3.9869
 3.468    4.1081
 3.465    4.2784
 3.463    4.4183
 3.461    4.4842
 3.458    4.5499
 3.456    4.6758
 3.454    4.7400
 3.451    4.7033
 3.449    4.7332
 3.447    4.7705
 3.445    4.7636
 3.442    4.7662
 3.440    4.7842
 3.438    4.8055
 3.436    4.8047
 3.433    4.7768
 3.431    4.7954
 3.429    4.8253
 3.426    4.8301
 3.424    4.8084
 3.422    4.8538
 3.420    4.8354
 3.417    4.7710
 3.415    4.7938
 3.413    4.8148
 3.411    4.8007
 3.408    4.8256
 3.406    4.8193
 3.404    4.7627
 3.402    4.7408
 3.399    4.7868
 3.397    4.7411
 3.395    4.7282
 3.393    4.7672
 3.391    4.7172
 3.388    4.6772
 3.386    4.6746
 3.384    4.6722
 3.382    4.6789
 3.380    4.6933
 3.377    4.6437
 3.375    4.6273
 3.373    4.6569
 3.371    4.6507
 3.369    4.6215
 3.366    4.5622
 3.364    4.5430
 3.362    4.5509
 3.360    4.4830
 3.358    4.3987
 3.355    4.3159
 3.353    4.3078
 3.351    4.3026
 3.349    4.3066
 3.347    4.3753
 3.345    4.5116
 3.342    4.7634
 3.340    5.0584
 3.338    5.4230
 3.336    5.7910
 3.334    6.1585
 3.332    6.5063
 3.330    6.7808
 3.327    6.9890
 3.325    7.2011
 3.323    7.4342
 3.321    7.5823
 3.319    7.6818
 3.317    7.8080
 3.315    7.9656
 3.313    8.0878
 3.310    8.1438
 3.308    8.2291
 3.306    8.3176
 3.304    8.3546
 3.302    8.4218
 3.300    8.4788
 3.298    8.5126
 3.296    8.5630
 3.294    8.6300
 3.292    8.7241
 3.289    8.7661
 3.287    8.7494
 3.285    8.7958
 3.283    8.8420
 3.281    8.8597
 3.279    8.9126
 3.277    8.9221
 3.275    8.9164
 3.273    8.9272
 3.271    8.9747
 3.269    9.0192
 3.267    9.0087
 3.265    9.0081
 3.263    9.0305
 3.261    9.0224
 3.258    9.0099
 3.256    9.0325
 3.254    9.0363
 3.252    9.0624
 3.250    9.0468
 3.248    8.9865
 3.246    8.9923
 3.244    9.0265
 3.242    8.9915
 3.240    8.9243
 3.238    8.9090
 3.236    8.8992
 3.234    8.9460
 3.232    8.9482
 3.230    8.8959
 3.228    8.8987
 3.226    8.8676
 3.224    8.8270
 3.222    8.7829
 3.220    8.7297
 3.218    8.7594
 3.216    8.7805
 3.214    8.7490
 3.212    8.7443
 3.210    8.7126
 3.208    8.6659
 3.206    8.6207
 3.204    8.5767
 3.202    8.5982
 3.200    8.6173
 3.198    8.5685
 3.196    8.4993
 3.194    8.4754
 3.192    8.4587
 3.190    8.4436
 3.188    8.4269
 3.186    8.4157
 3.184    8.3934
 3.182    8.3627
 3.180    8.3489
 3.179    8.3139
 3.177    8.2384
 3.175    8.2130
 3.173    8.1678
 3.171    8.0847
 3.169    8.0520
 3.167    8.0367
 3.165    7.9735
 3.163    7.9091
 3.161    7.8276
 3.159    7.7345
 3.157    7.6775
 3.155    7.6780
 3.153    7.6352
 3.152    7.6211
 3.150    7.6204
 3.148    7.5919
 3.146    7.5866
 3.144    7.5832
 3.142    7.5689
 3.140    7.5294
 3.138    7.5047
 3.136    7.4890
 3.134    7.4976
 3.132    7.5210
 3.131    7.4662
 3.129    7.4440
 3.127    7.4735
 3.125    7.4445
 3.123    7.4108
 3.121    7.3722
 3.119    7.3191
 3.117    7.2780
 3.115    7.2416
 3.114    7.2569
 3.112    7.2368
 3.110    7.1483
 3.108    7.1672
 3.106    7.2019
 3.104    7.1767
 3.102    7.1316
 3.101    7.1619
 3.099    7.1863
 3.097    7.1457
 3.095    7.1186
 3.093    7.1236
 3.091    7.1830
 3.090    7.2267
 3.088    7.2247
 3.086    7.2258
 3.084    7.2275
 3.082    7.2229
 3.080    7.2019
 3.079    7.2332
 3.077    7.2741
 3.075    7.2600
 3.073    7.2710
 3.071    7.2987
 3.069    7.2645
 3.067    7.2600
 3.066    7.2533
 3.064    7.2413
 3.062    7.2255
 3.060    7.2144
 3.059    7.1818
 3.057    7.1892
 3.055    7.2356
 3.053    7.2413
 3.051    7.2660
 3.050    7.2476
 3.048    7.2552
 3.046    7.2107
 3.044    7.2126
 3.042    7.2813
 3.041    7.2961
 3.039    7.2794
 3.037    7.2987
 3.035    7.2959
 3.033    7.2961
 3.032    7.2954
 3.030    7.2504
 3.028    7.2232
 3.026    7.2591
 3.025    7.3332
 3.023    7.3223
 3.021    7.2818
 3.019    7.2247
 3.018    7.1809
 3.016    7.2294
 3.014    7.2602
 3.012    7.2438
 3.011    7.2445
 3.009    7.2833
 3.007    7.3397
 3.005    7.3241
 3.004    7.2225
 3.002    7.1908
 3.000    7.2318
 2.998    7.2134
 2.997    7.2237
 2.995    7.2589
 2.993    7.2675
 2.991    7.2514
 2.990    7.2720
 2.988    7.3359
 2.986    7.3253
 2.985    7.2703
 2.983    7.2368
 2.981    7.2700
 2.979    7.2533
 2.978    7.2310
 2.976    7.2177
 2.974    7.1942
 2.973    7.1806
 2.971    7.1918
 2.969    7.2299
 2.967    7.2074
 2.966    7.1822
 2.964    7.2569
 2.962    7.2732
 2.961    7.2358
 2.959    7.2229
 2.957    7.2531
 2.956    7.2091
 2.954    7.1857
 2.952    7.2184
 2.951    7.2152
 2.949    7.1801
 2.947    7.1600
 2.946    7.1445
 2.944    7.1990
 2.942    7.1985
 2.941    7.1971
 2.939    7.1978
 2.937    7.1820
 2.936    7.2053
 2.934    7.3034
 2.932    7.2976
 2.931    7.2210
 2.929    7.2210
 2.927    7.2519
 2.926    7.2059
 2.924    7.2131
 2.922    7.2421
 2.921    7.2451
 2.919    7.2883
 2.917    7.2791
 2.916    7.2856
 2.914    7.3047
 2.912    7.3459
 2.911    7.4074
 2.909    7.3847
 2.908    7.3629
 2.906    7.4071
 2.904    7.4778
 2.903    7.4086
 2.901    7.3603
 2.899    7.4232
 2.898    7.4554
 2.896    7.4906
 2.895    7.5386
 2.893    7.5469
 2.891    7.5586
 2.890    7.5622
 2.888    7.5869
 2.886    7.6196
 2.885    7.6397
 2.883    7.6364
 2.882    7.6163
 2.880    7.6574
 2.878    7.7165
 2.877    7.7429
 2.875    7.7809
 2.874    7.8264
 2.872    7.8294
 2.870    7.8199
 2.869    7.8426
 2.867    7.8888
 2.866    7.8941
 2.864    7.8627
 2.863    7.9041
 2.861    7.9653
 2.859    7.9356
 2.858    7.9010
 2.856    7.9697
 2.855    8.0017
 2.853    8.0161
 2.852    8.0321
 2.850    8.0711
 2.848    8.0830
 2.847    8.1209
 2.845    8.1283
 2.844    8.1270
 2.842    8.1333
 2.841    8.1453
 2.839    8.2012
 2.837    8.2053
 2.836    8.1955
 2.834    8.1599
 2.833    8.1898
 2.831    8.2151
 2.830    8.1922
 2.828    8.1926
 2.827    8.1460
 2.825    8.1278
 2.824    8.1556
 2.822    8.1778
 2.821    8.2457
 2.819    8.2424
 2.817    8.2115
 2.816    8.2027
 2.814    8.2113
 2.813    8.2535
 2.811    8.2998
 2.810    8.2929
 2.808    8.2970
 2.807    8.2903
 2.805    8.2582
 2.804    8.2221
 2.802    8.2479
 2.801    8.2422
 2.799    8.2049
 2.798    8.1275
 2.796    8.1410
 2.795    8.1247
 2.793    8.0324
 2.792    7.9876
 2.790    7.9522
 2.789    7.8259
 2.787    7.7836
 2.786    7.8247
 2.784    7.8964
 2.783    7.9147
 2.781    7.8563
 2.780    7.8663
 2.778    7.8833
 2.777    7.9108
 2.775    7.8778
 2.774    7.8679
 2.772    7.8998
 2.771    7.8792
 2.769    7.8337
 2.768    7.7924
 2.766    7.8618
 2.765    7.9228
 2.763    7.9443
 2.762    8.0020
 2.761    8.0584
 2.759    8.1501
 2.757    8.2369
 2.756    8.2706
 2.755    8.3479
 2.753    8.5144
 2.752    8.7166
 2.750    8.8592
 2.749    9.0348
 2.747    9.2191
 2.746    9.4045
 2.744    9.5674
 2.743    9.7718
 2.741    9.9471
 2.740   10.1357
 2.739   10.4455
 2.737   10.7424
 2.736   10.9711
 2.734   11.2860
 2.733   11.6523
 2.731   12.0382
 2.730   12.4150
 2.728   12.8393
 2.727   13.2948
 2.726   13.8087
 2.724   14.3475
 2.723   14.9497
 2.721   15.6266
 2.720   16.3143
 2.719   16.9815
 2.717   17.7225
 2.716   18.5233
 2.714   19.2599
 2.713   19.9576
 2.711   20.5551
 2.710   21.1446
 2.708   21.7485
 2.707   22.2892
 2.706   22.8496
 2.704   23.5338
 2.703   24.2851
 2.701   25.0856
 2.700   25.9063
 2.699   26.7112
 2.697   27.4857
 2.696   28.1998
 2.695   28.9419
 2.693   29.7722
 2.692   30.6008
 2.690   31.2879
 2.689   31.9131
 2.688   32.5681
 2.686   33.1551
 2.685   33.6615
 2.683   34.1618
 2.682   34.6805
 2.680   35.1698
 2.679   35.4842
 2.678   35.7579
 2.676   36.0269
 2.675   36.4546
 2.674   36.9332
 2.672   37.3164
 2.671   37.4397
 2.670   37.6804
 2.668   38.0421
 2.667   38.2823
 2.665   38.5321
 2.664   38.8618
 2.663   39.1602
 2.661   39.3604
 2.660   39.5344
 2.659   39.7105
 2.657   39.9510
 2.656   40.1328
 2.655   40.2959
 2.653   40.4015
 2.652   40.5381
 2.650   40.7735
 2.649   40.9126
 2.648   40.9893
 2.646   41.1020
 2.645   41.2585
 2.644   41.4202
 2.642   41.5123
 2.641   41.5702
 2.640   41.6617
 2.638   41.7324
 2.637   41.8320
 2.636   41.8777
 2.634   41.8659
 2.633   41.9208
 2.632   41.9109
 2.630   41.8617
 2.629   41.9846
 2.627   42.0712
 2.626   42.0989
 2.625   42.2136
 2.624   42.3112
 2.622   42.3665
 2.621   42.2805
 2.620   42.2614
 2.618   42.3152
 2.617   42.2191
 2.616   42.2994
 2.614   42.3607
 2.613   42.3620
 2.612   42.3825
 2.610   42.3725
 2.609   42.3349
 2.608   42.2672
 2.606   42.1746
 2.605   42.1336
 2.604   42.1571
 2.603   42.1774
 2.601   42.1540
 2.600   42.0787
 2.599   41.9829
 2.597   41.8159
 2.596   41.5707
 2.595   41.3387
 2.593   41.3393
 2.592   41.3870
 2.591   41.2774
 2.590   41.0261
 2.588   40.7663
 2.587   40.5522
 2.586   40.3529
 2.584   40.1210
 2.583   39.9392
 2.582   39.7870
 2.580   39.6892
 2.579   39.6258
 2.578   39.4386
 2.577   39.2897
 2.575   39.1614
 2.574   38.8585
 2.573   38.6304
 2.571   38.4506
 2.570   38.0464
 2.569   37.6638
 2.568   37.3789
 2.566   36.9841
 2.565   36.4520
 2.564   35.9132
 2.563   35.3036
 2.561   34.6234
 2.560   33.9736
 2.559   33.2611
 2.558   32.4519
 2.556   31.6602
 2.555   30.8073
 2.554   29.8902
 2.553   28.9791
 2.551   28.1218
 2.550   27.2708
 2.549   26.4054
 2.547   25.6384
 2.546   24.9993
 2.545   24.3543
 2.544   23.6711
 2.543   23.0594
 2.541   22.6356
 2.540   22.3514
 2.539   22.0636
 2.538   21.9157
 2.536   21.9026
 2.535   21.9054
 2.534   21.9523
 2.533   22.1184
 2.531   22.3945
 2.530   22.6758
 2.529   22.9445
 2.528   23.3185
 2.526   23.7705
 2.525   24.1506
 2.524   24.5021
 2.523   24.8845
 2.522   25.3079
 2.520   25.7081
 2.519   26.0116
 2.518   26.3133
 2.517   26.5898
 2.515   26.8360
 2.514   27.0777
 2.513   27.2497
 2.512   27.3880
 2.511   27.5328
 2.509   27.6799
 2.508   27.8041
 2.507   27.9280
 2.506   28.0017
 2.504   28.0670
 2.503   28.1369
 2.502   28.2247
 2.501   28.2802
 2.500   28.3608
 2.498   28.4237
 2.497   28.5354
 2.496   28.6573
 2.495   28.7685
 2.494   28.8880
 2.492   28.9700
 2.491   29.0908
 2.490   29.2334
 2.489   29.4083
 2.488   29.5937
 2.486   29.7657
 2.485   29.9306
 2.484   30.1464
 2.483   30.3797
 2.482   30.6543
 2.481   30.9451
 2.479   31.1934
 2.478   31.5272
 2.477   31.8997
 2.476   32.2404
 2.474   32.5550
 2.473   33.0146
 2.472   33.4642
 2.471   33.8217
 2.470   34.2509
 2.469   34.6968
 2.467   35.0679
 2.466   35.4361
 2.465   35.8376
 2.464   36.2479
 2.463   36.6243
 2.462   37.0067
 2.460   37.3176
 2.459   37.6452
 2.458   38.0098
 2.457   38.3233
 2.456   38.6395
 2.455   38.9511
 2.454   39.2231
 2.452   39.4614
 2.451   39.7239
 2.450   40.0105
 2.449   40.1938
 2.448   40.4058
 2.446   40.6251
 2.445   40.8488
 2.444   41.0248
 2.443   41.2283
 2.442   41.4869
 2.441   41.7324
 2.440   41.9487
 2.438   42.1109
 2.437   42.3227
 2.436   42.5842
 2.435   42.7854
 2.434   42.9962
 2.433   43.2006
 2.432   43.3845
 2.430   43.5931
 2.429   43.8154
 2.428   44.0090
 2.427   44.2523
 2.426   44.4688
 2.425   44.6136
 2.424   44.7387
 2.422   44.9143
 2.421   45.0957
 2.420   45.2874
 2.419   45.4849
 2.418   45.6081
 2.417   45.7474
 2.416   45.8823
 2.415   45.9747
 2.414   46.1109
 2.412   46.2078
 2.411   46.2523
 2.410   46.3379
 2.409   46.4549
 2.408   46.5458
 2.407   46.5657
 2.406   46.5078
 2.405   46.4935
 2.403   46.5200
 2.402   46.5363
 2.401   46.5671
 2.400   46.5891
 2.399   46.6255
 2.398   46.7401
 2.397   46.8246
 2.396   46.8940
 2.394   47.0037
 2.393   47.1093
 2.392   47.1698
 2.391   47.1744
 2.390   47.2277
 2.389   47.2275
 2.388   47.1306
 2.387   47.1334
 2.386   47.1837
 2.385   47.1052
 2.384   46.9935
 2.382   46.9061
 2.381   46.7624
 2.380   46.6482
 2.379   46.4982
 2.378   46.3872
 2.377   46.1977
 2.376   45.9015
 2.375   45.7065
 2.374   45.5271
 2.373   45.2680
 2.372   44.9971
 2.370   44.6655
 2.369   44.3444
 2.368   43.9673
 2.367   43.5326
 2.366   43.1340
 2.365   42.7646
 2.364   42.2533
 2.363   41.5554
 2.362   40.8641
 2.361   40.2366
 2.360   39.6220
 2.359   38.9363
 2.357   38.2125
 2.356   37.5493
 2.355   36.9454
 2.354   36.3341
 2.353   35.7620
 2.352   35.1567
 2.351   34.6201
 2.350   34.2066
 2.349   33.8006
 2.348   33.3886
 2.347   32.9794
 2.346   32.7489
 2.345   32.5286
 2.344   32.2815
 2.343   32.1667
 2.341   32.0763
 2.341   31.9805
 2.339   31.9447
 2.338   32.0291
 2.337   32.0937
 2.336   32.2227
 2.335   32.3966
 2.334   32.5414
 2.333   32.7785
 2.332   32.9692
 2.331   33.2885
 2.330   33.6379
 2.329   33.9186
 2.328   34.2195
 2.327   34.5849
 2.326   34.8847
 2.325   35.1856
 2.324   35.4840
 2.323   35.6979
 2.322   35.9886
 2.321   36.2730
 2.320   36.4747
 2.318   36.6991
 2.317   36.9638
 2.316   37.1904
 2.315   37.3679
 2.314   37.4531
 2.313   37.5858
 2.312   37.7563
 2.311   37.8883
 2.310   38.0134
 2.309   38.1572
 2.308   38.2974
 2.307   38.3993
 2.306   38.4728
 2.305   38.5854
 2.304   38.6654
 2.303   38.7919
 2.302   38.9277
 2.301   38.9911
 2.300   39.0485
 2.299   39.2080
 2.298   39.3453
 2.297   39.5253
 2.296   39.7792
 2.295   39.9316
 2.294   40.1359
 2.293   40.3112
 2.292   40.4208
 2.291   40.6543
 2.290   40.8927
 2.289   41.0671
 2.288   41.2104
 2.287   41.4109
 2.286   41.6635
 2.285   41.8836
 2.284   42.1482
 2.283   42.4561
 2.282   42.7459
 2.281   42.9254
 2.280   43.1496
 2.279   43.4197
 2.278   43.7037
 2.277   43.9841
 2.276   44.2932
 2.275   44.5674
 2.274   44.8004
 2.273   45.0019
 2.272   45.2129
 2.271   45.4421
 2.270   45.6450
 2.269   45.8620
 2.268   46.0981
 2.267   46.2546
 2.266   46.3862
 2.265   46.5650
 2.264   46.7290
 2.263   46.8523
 2.262   46.9478
 2.261   47.0222
 2.260   47.2109
 2.259   47.4833
 2.258   47.5950
 2.257   47.6662
 2.256   47.8058
 2.255   47.9869
 2.254   48.2060
 2.253   48.2933
 2.252   48.3006
 2.251   48.4128
 2.250   48.6173
 2.249   48.7458
 2.248   48.8844
 2.247   49.0221
 2.246   49.0719
 2.245   49.1400
 2.244   49.2358
 2.243   49.3769
 2.242   49.5054
 2.241   49.6050
 2.240   49.6803
 2.239   49.7480
 2.238   49.7983
 2.237   49.8365
 2.236   49.9487
 2.236   50.0335
 2.235   50.0452
 2.234   50.1447
 2.233   50.2467
 2.232   50.2661
 2.231   50.3182
 2.230   50.3242
 2.229   50.2447
 2.228   50.2603
 2.227   50.3605
 2.226   50.3947
 2.225   50.4565
 2.224   50.4392
 2.223   50.4663
 2.222   50.5235
 2.221   50.5046
 2.220   50.6804
 2.219   50.6988
 2.218   50.6344
 2.217   50.8548
 2.216   51.0278
 2.216   51.0003
 2.215   51.0408
 2.214   51.1218
 2.213   51.1355
 2.212   51.1668
 2.211   51.2987
 2.210   51.3943
 2.209   51.3870
 2.208   51.4740
 2.207   51.5836
 2.206   51.5982
 2.205   51.6152
 2.204   51.8098
 2.203   51.9006
 2.202   51.9039
 2.201   52.0093
 2.200   52.0980
 2.200   52.1588
 2.199   52.2080
 2.198   52.2475
 2.197   52.3112
 2.196   52.3904
 2.195   52.4600
 2.194   52.5438
 2.193   52.5795
 2.192   52.6356
 2.191   52.6801
 2.190   52.7229
 2.189   52.8438
 2.188   52.9079
 2.187   52.8977
 2.187   52.9156
 2.186   52.9780
 2.185   53.0167
 2.184   53.0617
 2.183   52.9993
 2.182   52.9409
 2.181   53.0411
 2.180   53.0735
 2.179   53.0869
 2.178   53.1273
 2.177   53.1326
 2.176   53.0833
 2.176   53.1186
 2.175   53.1732
 2.174   53.1314
 2.173   53.0838
 2.172   53.1080
 2.171   53.0754
 2.170   52.9883
 2.169   52.9438
 2.168   52.9223
 2.167   52.9433
 2.166   52.8962
 2.166   52.9261
 2.165   52.8285
 2.164   52.7115
 2.163   52.6861
 2.162   52.7036
 2.161   52.8029
 2.160   52.8055
 2.159   52.7036
 2.158   52.7234
 2.157   52.7007
 2.156   52.6519
 2.156   52.6442
 2.155   52.5787
 2.154   52.5909
 2.153   52.6583
 2.152   52.7299
 2.151   52.7854
 2.150   52.8091
 2.149   52.8220
 2.148   52.8598
 2.148   52.8711
 2.147   52.9696
 2.146   53.0587
 2.145   53.2161
 2.144   53.2790
 2.143   53.2567
 2.142   53.3687
 2.141   53.4977
 2.140   53.5754
 2.140   53.6144
 2.139   53.7125
 2.138   53.7764
 2.137   53.8370
 2.136   53.8999
 2.135   53.9922
 2.134   54.0583
 2.133   53.9472
 2.132   53.8845
 2.132   53.9846
 2.131   54.1106
 2.130   54.0712
 2.129   54.0309
 2.128   54.0448
 2.127   54.1640
 2.126   54.2837
 2.126   54.2160
 2.125   54.1333
 2.124   54.1645
 2.123   54.1901
 2.122   54.1881
 2.121   54.1755
 2.120   54.1116
 2.119   54.1073
 2.119   54.3133
 2.118   54.3018
 2.117   54.2059
 2.116   54.3008
 2.115   54.2769
 2.114   54.1657
 2.113   54.2037
 2.112   54.3496
 2.112   54.3049
 2.111   54.2107
 2.110   54.3154
 2.109   54.3813
 2.108   54.3430
 2.107   54.3569
 2.107   54.2812
 2.106   54.2573
 2.105   54.2832
 2.104   54.3501
 2.103   54.4059
 2.102   54.5138
 2.101   54.5496
 2.100   54.3372
 2.100   54.2918
 2.099   54.3717
 2.098   54.4822
 2.097   54.5437
 2.096   54.3956
 2.095   54.3984
 2.095   54.5564
 2.094   54.5677
 2.093   54.5640
 2.092   54.5330
 2.091   54.5056
 2.090   54.5463
 2.090   54.5700
 2.089   54.5526
 2.088   54.6014
 2.087   54.5780
 2.086   54.4822
 2.085   54.4717
 2.084   54.5458
 2.084   54.5976
 2.083   54.6080
 2.082   54.6009
 2.081   54.5385
 2.080   54.6358
 2.079   54.6066
 2.076   54.5153
 2.072   54.1348
 2.068   54.1875
 2.064   54.0726
 2.060   54.0253
 2.056   53.9121
 2.052   53.9802
 2.048   53.7752
 2.044   53.6770
 2.040   53.5750
 2.036   53.5552
 2.032   53.6122
 2.028   53.4672
 2.024   53.2497
 2.020   53.0560
 2.016   52.6767
 2.012   52.2062
 2.008   51.7645
 2.004   51.5870
 2.000   50.9886
 1.996   50.6557
 1.992   50.2842
 1.988   49.9489
 1.984   49.5754
 1.980   49.5183
 1.976   49.4770
 1.972   49.6379
 1.968   49.4445
 1.964   49.2088
 1.960   49.3582
 1.956   48.9902
 1.952   48.9378
 1.948   48.7531
 1.944   48.6474
 1.940   48.5581
 1.936   48.4005
 1.932   48.3099
 1.928   48.1380
 1.924   48.0396
 1.920   47.7818
 1.916   47.8565
 1.912   47.7941
 1.908   47.9443
 1.904   48.3639
 1.900   49.0722
 1.896   49.4406
 1.892   50.2015
 1.888   51.0736
 1.884   51.8265
 1.880   52.4850
 1.876   52.8240
 1.872   53.3797
 1.868   53.8492
 1.864   54.7240
 1.860   55.0789
 1.856   55.3094
 1.852   55.4191
 1.848   55.6587
 1.844   55.6818
 1.840   55.9871
 1.836   56.2869
 1.832   56.4373
 1.828   56.4826
 1.824   56.4379
 1.820   56.5639
 1.816   56.9073
 1.812   57.0047
 1.808   56.8241
 1.804   56.8149
 1.800   56.9975
 1.796   57.0587
 1.792   57.1295
 1.788   57.1728
 1.784   57.2297
 1.780   57.1979
 1.776   57.1593
 1.772   56.9226
 1.768   56.8022
 1.764   56.7814
 1.760   56.7147
 1.756   56.7147
 1.752   56.5190
 1.748   56.3107
 1.744   56.3917
 1.740   56.4800
 1.736   56.5402
 1.732   56.6565
 1.728   56.6827
 1.724   56.6583
 1.720   56.7325
 1.716   56.4694
 1.712   56.5964
 1.708   56.4237
 1.704   56.6568
 1.700   56.7563
 1.696   56.5932
 1.692   56.6917
 1.688   56.5154
 1.684   56.5402
 1.680   56.5580
 1.676   56.4552
 1.672   56.7857
 1.668   56.6082
 1.664   56.7084
 1.660   56.8941
 1.656   56.6763
 1.652   56.3728
 1.648   56.4875
 1.644   56.2152
 1.640   56.1010
 1.636   56.2828
 1.632   56.1862
 1.628   56.2297
 1.624   56.3617
 1.620   56.0394
 1.616   56.0569
 1.612   56.2066
 1.608   56.1050
 1.604   56.1169
 1.600   55.8732
 1.596   55.9456
 1.592   56.1950
 1.588   56.0976
 1.584   56.0827
 1.580   56.2232
 1.576   56.0680
 1.572   55.9030
 1.568   55.5224
 1.564   55.3036
 1.560   55.1803
 1.556   55.1032
 1.552   55.0279
 1.548   55.0358
 1.544   55.0840
 1.540   54.9323
 1.536   54.8972
 1.532   54.4866
 1.528   54.4382
 1.524   54.5809
 1.520   54.3818
 1.516   54.3095
 1.512   54.4516
 1.508   54.1305
 1.504   54.0215
 1.500   53.9422
 1.496   53.5961
 1.492   53.7095
 1.488   53.7095
 1.484   53.4809
 1.480   53.4308
 1.476   53.3717
 1.472   53.2408
 1.468   53.1992
 1.464   53.1337
 1.460   52.7951
 1.456   52.3799
 1.452   52.1628
 1.448   52.1347
 1.444   52.1044
 1.440   52.1276
 1.436   51.9768
 1.432   51.9066
 1.428   51.7611
 1.424   51.5426
 1.420   51.3081
 1.416   51.1577
 1.412   50.9198
 1.408   50.6432
 1.404   50.8729
 1.400   51.1660
 1.396   51.2854
 1.392   51.4680
 1.388   51.9898
 1.384   52.1898
 1.380   52.0414
 1.376   52.2458
 1.372   52.3841
 1.368   52.6403
 1.364   52.6211
 1.360   52.4030
 1.356   52.1939
 1.352   52.3041
 1.348   52.2952
 1.344   52.1555
 1.340   52.1642
 1.336   52.2153
 1.332   52.0936
 1.328   51.9201
 1.324   51.9145
 1.320   51.9982
 1.316   51.9927
 1.312   51.8180
 1.308   51.6957
 1.304   51.4745
 1.300   51.2383
 1.296   51.1418
 1.292   51.0348
 1.288   50.9172
 1.284   50.7781
 1.280   50.7302
 1.276   50.4071
 1.272   50.2608
 1.268   50.2379
 1.264   50.3171
 1.260   50.3064
 1.256   50.1726
 1.252   49.9928
 1.248   49.8818
 1.244   49.8145
 1.240   49.7362
 1.236   49.6241
 1.232   49.2417
 1.228   49.0392
 1.224   49.0174
 1.220   49.1410
 1.216   48.9048
 1.212   48.7477
 1.208   48.7139
 1.204   48.6570
 1.200   48.5220
 1.196   48.3885
 1.192   48.3782
 1.188   48.1988
 1.184   48.0208
 1.180   47.8424
 1.176   47.7538
 1.172   47.6102
 1.168   47.4426
 1.164   47.2257
 1.160   47.0753
 1.156   47.0106
 1.152   46.9318
 1.148   47.0227
 1.144   46.8727
 1.140   46.5311
 1.136   46.2772
 1.132   46.2545
 1.128   46.2285
 1.124   46.1212
 1.120   45.8825
 1.116   45.9507
 1.112   45.9352
 1.108   45.8046
 1.104   45.4544
 1.100   45.2094
 1.096   45.2642
 1.092   45.1616
 1.088   44.9422
 1.084   44.7301
 1.080   44.9006
 1.076   44.7579
 1.072   44.4535
 1.068   44.2611
 1.064   44.2588
 1.060   44.0479
 1.056   43.9938
 1.052   44.0136
 1.048   43.8079
 1.044   43.6684
 1.040   43.6250
 1.036   43.5085
 1.032   43.4661
 1.028   43.3708
 1.024   43.4001
 1.020   43.2478
 1.016   43.2429
 1.012   43.1107
 1.008   42.9666
 1.004   42.9707
 1.000   42.8576
 0.996   42.5618
 0.992   42.2999
 0.988   42.8080
 0.984   42.5981
 0.980   42.6307
 0.976   42.3084
 0.972   42.3673
 0.968   42.2708
 0.964   42.3164
 0.960   42.1622
 0.956   42.3282
 0.952   42.1192
 0.948   41.9751
 0.944   42.0333
 0.940   42.1614
 0.936   41.9977
 0.932   41.9666
 0.928   41.7764
 0.924   41.8269
 0.920   41.7489
 0.916   41.6753
 0.912   41.5705
 0.908   41.5547
 0.904   41.5267
 0.900   41.2559
 0.896   41.3674
 0.892   41.3535
 0.888   41.3445
 0.884   41.2584
 0.880   41.2843
 0.876   41.3993
 0.872   41.2106
 0.868   41.1980
 0.864   41.1499
 0.860   41.0888
 0.856   41.2054
 0.852   41.1246
 0.848   41.1149
 0.844   41.0433
 0.840   41.2765
 0.836   41.2694
 0.832   41.2357
 0.828   41.2785
 0.824   41.6068
 0.820   41.5616
 0.816   41.3308
 0.812   41.1377
 0.808   41.2418
 0.804   41.3733
 0.800   41.4881
 0.799   41.7778
 0.798   41.7811
 0.797   41.7028
 0.796   41.7323
 0.795   41.5957
 0.794   41.5362
 0.793   41.5906
 0.792   41.5546
 0.791   41.5003
 0.790   41.5572
 0.789   41.6163
 0.788   41.5086
 0.787   41.2664
 0.786   41.2549
 0.785   41.2189
 0.784   41.3711
 0.783   41.4043
 0.782   41.3262
 0.781   41.3561
 0.780   41.3860
 0.779   41.3590
 0.778   41.4070
 0.777   41.3022
 0.776   41.2091
 0.775   41.0743
 0.774   40.8832
 0.773   40.7566
 0.772   40.9231
 0.771   41.0571
 0.770   41.0743
 0.769   40.8680
 0.768   41.1513
 0.767   41.1723
 0.766   40.9040
 0.765   40.9359
 0.764   40.8846
 0.763   41.0104
 0.762   40.9173
 0.761   40.7770
 0.760   40.6375
 0.759   40.7562
 0.758   40.9953
 0.757   40.9559
 0.756   40.9046
 0.755   40.7789
 0.754   40.7164
 0.753   40.6956
 0.752   40.7164
 0.751   40.6682
 0.750   40.5778
 0.749   40.5778
 0.748   40.3818
 0.747   40.6074
 0.746   40.4336
 0.745   40.3980
 0.744   40.3152
 0.743   40.4992
 0.742   40.4217
 0.741   40.4911
 0.740   40.2585
 0.739   40.4533
 0.738   40.5214
 0.737   40.4643
 0.736   40.1653
 0.735   40.1397
 0.734   40.1180
 0.733   39.9999
 0.732   39.9328
 0.731   40.0409
 0.730   40.1747
 0.729   40.2418
 0.728   40.1902
 0.727   40.1022
 0.726   39.9270
 0.725   39.8608
 0.724   39.6421
 0.723   39.6669
 0.722   39.9105
 0.721   39.7809
 0.720   39.8269
 0.719   39.8367
 0.718   39.7955
 0.717   39.5230
 0.716   39.4621
 0.715   39.6362
 0.714   39.6977
 0.713   39.8211
 0.712   39.5872
 0.711   39.6183
 0.710   39.4479
 0.709   39.4187
 0.708   39.3782
 0.707   39.4072
 0.706   39.5462
 0.705   39.4771
 0.704   39.3895
 0.703   39.1990
 0.702   38.7879
 0.701   39.0456
 0.700   39.1432
 0.699   39.2248
 0.698   39.5337
 0.697   39.4028
 0.696   39.3964
 0.695   38.9023
 0.694   39.0221
 0.693   38.9680
 0.692   38.8270
 0.691   38.6664
 0.690   38.5235
 0.689   38.6678
 0.688   38.9219
 0.687   38.8695
 0.686   38.5825
 0.685   38.5898
 0.684   38.8092
 0.683   38.9300
 0.682   38.8092
 0.681   38.8652
 0.680   38.5950
 0.679   38.6604
 0.678   38.6851
 0.677   38.5606
 0.676   38.5437
 0.675   38.5851
 0.674   38.3654
 0.673   38.5136
 0.672   38.2525
 0.671   37.9830
 0.670   38.1160
 0.669   38.0440
 0.668   38.1337
 0.667   38.3083
 0.666   38.1918
 0.665   38.1165
 0.664   38.1609
 0.663   37.9832
 0.662   37.9314
 0.661   38.0100
 0.660   37.8154
 0.659   37.6704
 0.658   37.7401
 0.657   37.6621
 0.656   37.3798
 0.655   37.5614
 0.654   37.7951
 0.653   37.7373
 0.652   37.7604
 0.651   37.8417
 0.650   37.8651
 0.649   37.8069
 0.648   37.5020
 0.647   37.5802
 0.646   37.4668
 0.645   37.2132
 0.644   37.2708
 0.643   37.3309
 0.642   37.3486
 0.641   37.3309
 0.640   37.1932
 0.639   36.9190
 0.638   37.0113
 0.637   36.9873
 0.636   36.8687
 0.635   36.9477
 0.634   36.9319
 0.633   36.8133
 0.632   36.8386
 0.631   36.8386
 0.630   36.7830
 0.629   36.8028
 0.628   36.8244
 0.627   36.7471
 0.626   37.0638
 0.625   36.7506
 0.624   36.7903
 0.623   36.6733
 0.622   36.5961
 0.621   36.5584
 0.620   36.3111
 0.619   36.3541
 0.618   36.3751
 0.617   36.2992
 0.616   36.4408
 0.615   36.4425
 0.614   36.1065
 0.613   36.1671
 0.612   36.4460
 0.611   36.0717
 0.610   36.0891
 0.609   35.9044
 0.608   35.9377
 0.607   35.8620
 0.606   35.8242
 0.605   35.8830
 0.604   35.8458
 0.603   35.8085
 0.602   35.8870
 0.601   35.7738
 0.600   35.7185
 0.599   35.7198
 0.598   35.6433
 0.597   35.5078
 0.596   35.4314
 0.595   35.3346
 0.594   35.7180
 0.593   35.7396
 0.592   35.3929
 0.591   35.2966
 0.590   35.2000
 0.589   35.0456
 0.588   35.0453
 0.587   35.2584
 0.586   35.1030
 0.585   35.0260
 0.584   34.9096
 0.583   34.9292
 0.582   34.9288
 0.581   34.8904
 0.580   34.5466
 0.579   34.5843
 0.578   34.4869
 0.577   34.3731
 0.576   34.3722
 0.575   34.3347
 0.574   34.2609
 0.573   34.4711
 0.572   34.0671
 0.571   33.9217
 0.570   33.8255
 0.569   33.8075
 0.568   33.7338
 0.567   33.6390
 0.566   33.7636
 0.565   33.5927
 0.564   33.4235
 0.563   33.3101
 0.562   33.2124
 0.561   33.0586
 0.560   33.0312
 0.559   32.9476
 0.558   32.7250
 0.557   32.7132
 0.556   32.5713
 0.555   32.2967
 0.554   32.3102
 0.553   32.2500
 0.552   32.2602
 0.551   32.3374
 0.550   31.9792
 0.549   32.0636
 0.548   31.9650
 0.547   31.9543
 0.546   31.6029
 0.545   31.6196
 0.544   31.4000
 0.543   31.3544
 0.542   31.3293
 0.541   31.3874
 0.540   31.1500
 0.539   30.9388
 0.538   30.6706
 0.537   30.7745
 0.536   30.6015
 0.535   30.5679
 0.534   30.3197
 0.533   30.0761
 0.532   29.8949
 0.531   29.7923
 0.530   30.0296
 0.529   29.9210
 0.528   29.8440
 0.527   29.7654
 0.526   29.6672
 0.525   29.5940
 0.524   29.1436
 0.523   28.9601
 0.522   28.8854
 0.521   28.7509
 0.520   28.7514
 0.519   28.8432
 0.518   28.7610
 0.517   28.5564
 0.516   28.5337
 0.515   28.2095
 0.514   28.0816
 0.513   28.0424
 0.512   27.9603
 0.511   27.8152
 0.510   27.7628
 0.509   27.5193
 0.508   27.2418
 0.507   27.2327
 0.506   27.0871
 0.505   27.0590
 0.504   27.2347
 0.503   27.0721
 0.502   27.0023
 0.501   26.6557
 0.500   26.7749
 0.499   26.5496
 0.498   26.5396
 0.497   26.4148
 0.496   26.3701
 0.495   26.1605
 0.494   26.0879
 0.493   26.0501
 0.492   25.9716
 0.491   25.9148
 0.490   25.8550
 0.489   25.7088
 0.488   25.6178
 0.487   25.5071
 0.486   25.5101
 0.485   25.1746
 0.484   25.0738
 0.483   25.1376
 0.482   25.0475
 0.481   25.0217
 0.480   24.9074
 0.479   24.9202
 0.478   24.9591
 0.477   24.7805
 0.476   24.9211
 0.475   24.6238
 0.474   24.8058
 0.473   24.5996
 0.472   24.6368
 0.471   24.5355
 0.470   24.2649
 0.469   24.5534
 0.468   24.4039
 0.467   24.2883
 0.466   24.3054
 0.465   24.1446
 0.464   24.0857
 0.463   23.9227
 0.462   23.9799
 0.461   24.1325
 0.460   23.8056
 0.459   23.3555
 0.458   23.3860
 0.457   23.5187
 0.456   23.4206
 0.455   23.4549
 0.454   23.3903
 0.453   23.3637
 0.452   23.4285
 0.451   23.3065
 0.450   23.1826
 0.449   23.2433
 0.448   23.2120
 0.447   23.1174
 0.446   22.9419
 0.445   22.7879
 0.444   22.7603
 0.443   22.7559
 0.442   22.5238
 0.441   22.4233
 0.440   22.4405
 0.439   22.3635
 0.438   22.1739
 0.437   21.9709
 0.436   21.8029
 0.435   21.6162
 0.434   21.6162
 0.433   21.6951
 0.432   21.4720
 0.431   21.3296
 0.430   21.2620
 0.429   20.9341
 0.428   20.9332
 0.427   20.7392
 0.426   20.6018
 0.425   20.4601
 0.424   20.4601
 0.423   20.3491
 0.422   20.2490
 0.421   20.0697
 0.420   19.9701
 0.419   19.8415
 0.418   19.7899
 0.417   19.5026
 0.416   19.5191
 0.415   19.4803
 0.414   19.3207
 0.413   19.2724
 0.412   18.9607
 0.411   19.0763
 0.410   19.0070
 0.409   18.9888
 0.408   18.8959
 0.407   18.8572
 0.406   18.7873
 0.405   18.4899
 0.404   18.4679
 0.403   18.4784
 0.402   18.4225
 0.401   18.1987
 0.400   18.1699
