Name: Oolitic Limestone 
Type:  Rocks
Class:  Sedimentary
Subclass: Limestone
Particle Size:  0 - 75 Micrometers
Sample No.:  limestone.4
Owner:  JHU
Wavelength Range:  All
Origin:  Sample No. 354,  The Hunt and Salisbury Collection at the U.S. 
Geological Survey, Denver, Co.
Description: Ooids (~ 1 mm diameter) with good laminar structure 
and occasionally with cores of recrystallized silica or carbonate are 
set in a micritic (microcrystalline calcite) groundmass. Some areas of 
this groundmass also contain recrystallized silica and carbonate. In 
addition there has been some compaction of the sample. While still 
soft, most ooids are slightly deformed with continuous boundaries.
Measurement:  Directional (10 Degree) Hemispherical Reflectance
First Column:  X
Second Column:  Y  
X Units:  Wavelength (micrometers)
Y Units:  Reflectance (percent)
First X Value: 14.9831
Last X Value:  0.4
Number of X Values:  2868
Additional Information:  None 
14.983   23.2800
14.940   23.9420
14.897   24.2820
14.854   24.5050
14.812   24.6900
14.770   24.6130
14.728   24.5420
14.686   24.5020
14.645   24.4560
14.603   24.3190
14.562   23.9120
14.521   23.3170
14.481   22.5540
14.441   21.6460
14.400   20.6790
14.361   19.5370
14.321   18.0200
14.281   16.0730
14.242   13.6940
14.203   10.9790
14.164    8.2248
14.126    5.7101
14.087    3.5998
14.049    2.1086
14.011    1.4602
13.973    1.9158
13.936    3.5520
13.899    6.1622
13.861    9.4047
13.824   12.7970
13.788   15.8680
13.751   18.3790
13.715   20.3360
13.679   21.9160
13.643   23.2350
13.607   24.2830
13.571   25.0470
13.536   25.5720
13.500   25.9250
13.465   26.1290
13.430   26.2330
13.396   26.2940
13.361   26.3010
13.327   26.2170
13.293   26.0400
13.259   25.7740
13.225   25.4220
13.191   25.0090
13.158   24.5710
13.124   24.1380
13.091   23.7090
13.058   23.2790
13.026   22.8700
12.993   22.4990
12.960   22.1850
12.928   21.9430
12.896   21.7710
12.864   21.6580
12.832   21.5810
12.800   21.5350
12.769   21.5220
12.737   21.5800
12.706   21.7300
12.675   21.9760
12.644   22.2820
12.614   22.5800
12.583   22.8430
12.552   23.1010
12.522   23.3690
12.492   23.6880
12.462   24.0800
12.432   24.5270
12.402   24.9530
12.373   25.3030
12.343   25.5790
12.314   25.8430
12.285   26.1210
12.256   26.4290
12.227   26.7610
12.198   27.0790
12.169   27.3260
12.141   27.5110
12.113   27.6330
12.084   27.6980
12.056   27.6870
12.028   27.5960
12.000   27.4230
11.973   27.1670
11.945   26.8290
11.918   26.1780
11.890   24.2540
11.863   20.7790
11.836   17.1860
11.809   14.7120
11.782   13.7200
11.755   14.1530
11.729   15.6220
11.702   17.1570
11.676   17.3130
11.650   15.8330
11.624   13.8990
11.598   12.0630
11.572   10.3360
11.546    8.8103
11.520    7.6034
11.495    6.7907
11.469    6.4395
11.444    6.5311
11.419    6.8921
11.394    7.2719
11.369    7.7505
11.344    8.8898
11.319   10.9000
11.294   13.3930
11.270   15.9530
11.245   18.2250
11.221   19.8530
11.197   20.6140
11.173   20.7540
11.149   20.8820
11.125   21.1820
11.101   21.4140
11.077   21.5130
11.054   21.5230
11.030   21.5060
11.007   21.4920
10.983   21.4870
10.960   21.4940
10.937   21.5170
10.914   21.5040
10.891   21.4270
10.868   21.2800
10.846   21.0630
10.823   20.7660
10.800   20.4120
10.778   20.0140
10.755   19.6050
10.733   19.2190
10.711   18.9030
10.689   18.6850
10.667   18.5770
10.645   18.5600
10.623   18.5760
10.602   18.5770
10.580   18.5720
10.558   18.5840
10.537   18.6330
10.516   18.7400
10.494   18.9190
10.473   19.1450
10.452   19.3370
10.431   19.4430
10.410   19.4540
10.389   19.3700
10.368   19.2190
10.348   19.0210
10.327   18.7830
10.306   18.4950
10.286   18.1360
10.266   17.7150
10.245   17.2760
10.225   16.8890
10.205   16.6010
10.185   16.4050
10.165   16.2510
10.145   16.0740
10.125   15.8440
10.106   15.5680
10.086   15.2740
10.066   15.0010
10.047   14.7690
10.027   14.5810
10.008   14.4220
 9.989   14.2770
 9.970   14.1410
 9.950   14.0040
 9.931   13.8530
 9.912   13.7020
 9.893   13.5820
 9.875   13.5190
 9.856   13.5170
 9.837   13.5710
 9.819   13.6570
 9.800   13.7440
 9.781   13.8080
 9.763   13.8720
 9.745   13.9940
 9.726   14.2000
 9.708   14.4800
 9.690   14.8280
 9.672   15.1970
 9.654   15.5180
 9.636   15.7700
 9.618   15.9610
 9.600   16.1360
 9.582   16.3300
 9.565   16.5630
 9.547   16.8320
 9.530   17.1010
 9.512   17.3360
 9.495   17.5350
 9.477   17.6900
 9.460   17.8120
 9.443   17.9060
 9.426   17.9410
 9.409   17.9160
 9.392   17.8820
 9.375   17.8970
 9.358   17.9990
 9.341   18.1980
 9.324   18.5100
 9.307   18.8460
 9.291   18.9660
 9.274   18.7730
 9.257   18.3830
 9.241   17.9000
 9.225   17.5430
 9.208   17.5450
 9.192   17.9650
 9.175   18.6540
 9.159   19.3340
 9.143   19.8660
 9.127   20.2210
 9.111   20.3420
 9.095   20.3550
 9.079   20.3920
 9.063   20.4390
 9.047   20.4630
 9.032   20.4710
 9.016   20.4860
 9.000   20.5050
 8.985   20.5170
 8.969   20.5390
 8.954   20.5900
 8.938   20.6460
 8.923   20.6880
 8.908   20.7240
 8.892   20.7510
 8.877   20.7560
 8.862   20.7390
 8.847   20.6990
 8.832   20.6200
 8.817   20.4840
 8.802   20.2790
 8.787   20.0020
 8.772   19.6430
 8.757   19.2050
 8.742   18.7020
 8.727   18.1580
 8.713   17.5790
 8.698   16.9750
 8.684   16.3400
 8.669   15.6470
 8.655   14.8730
 8.640   14.0750
 8.626   13.3400
 8.612   12.7500
 8.597   12.3610
 8.583   12.1850
 8.569   12.1790
 8.555   12.2410
 8.541   12.2630
 8.527   12.2120
 8.513   12.1090
 8.499   11.9980
 8.485   11.9350
 8.471   11.9580
 8.457   12.0590
 8.443   12.2240
 8.430   12.4290
 8.416   12.6480
 8.402   12.8920
 8.389   13.1820
 8.375   13.5120
 8.361   13.8430
 8.348   14.1410
 8.335   14.3960
 8.321   14.5980
 8.308   14.7520
 8.295   14.8880
 8.281   15.0280
 8.268   15.1720
 8.255   15.3040
 8.242   15.4180
 8.229   15.5050
 8.216   15.5420
 8.203   15.5170
 8.190   15.4330
 8.177   15.3060
 8.164   15.1670
 8.151   15.0190
 8.138   14.8640
 8.126   14.7040
 8.113   14.5170
 8.100   14.3010
 8.088   14.0800
 8.075   13.8980
 8.062   13.8040
 8.050   13.8070
 8.037   13.8810
 8.025   13.9930
 8.013   14.0970
 8.000   14.1570
 7.988   14.1410
 7.976   14.0500
 7.963   13.8890
 7.951   13.6610
 7.939   13.3870
 7.927   13.1100
 7.915   12.8800
 7.903   12.7190
 7.891   12.6340
 7.879   12.6180
 7.867   12.6160
 7.855   12.5790
 7.843   12.4860
 7.831   12.3350
 7.819   12.1430
 7.808   11.9600
 7.796   11.8160
 7.784   11.7150
 7.772   11.6390
 7.761   11.5620
 7.749   11.4620
 7.737   11.3160
 7.726   11.1230
 7.715   10.9060
 7.703   10.6540
 7.692   10.3690
 7.680   10.0680
 7.669    9.7608
 7.657    9.4549
 7.646    9.1572
 7.635    8.8884
 7.624    8.6637
 7.613    8.4690
 7.601    8.3113
 7.590    8.1941
 7.579    8.1081
 7.568    8.0470
 7.557    8.0008
 7.546    7.9684
 7.535    7.9392
 7.524    7.8914
 7.513    7.8287
 7.502    7.7479
 7.492    7.6494
 7.481    7.5468
 7.470    7.4410
 7.459    7.3347
 7.449    7.2286
 7.438    7.1270
 7.427    7.0363
 7.417    6.9489
 7.406    6.8643
 7.395    6.7807
 7.385    6.6886
 7.374    6.5868
 7.364    6.4712
 7.353    6.3438
 7.343    6.2077
 7.333    6.0646
 7.322    5.9287
 7.312    5.8010
 7.302    5.6855
 7.291    5.5884
 7.281    5.5126
 7.271    5.4593
 7.261    5.4273
 7.251    5.4167
 7.240    5.4262
 7.230    5.4430
 7.220    5.4704
 7.210    5.5126
 7.200    5.5720
 7.190    5.6556
 7.180    5.7672
 7.170    5.8920
 7.160    6.0113
 7.151    6.1364
 7.141    6.3107
 7.131    6.5442
 7.121    6.8324
 7.111    7.1589
 7.102    7.4753
 7.092    7.7304
 7.082    7.8961
 7.072    7.9897
 7.063    8.0389
 7.053    8.0572
 7.044    8.0574
 7.034    8.0484
 7.025    8.0295
 7.015    8.0096
 7.006    8.0006
 6.996    8.0020
 6.987    8.0020
 6.977    8.0013
 6.968    7.9963
 6.959    7.9975
 6.949    8.0053
 6.940    8.0226
 6.931    8.0584
 6.921    8.1124
 6.912    8.1889
 6.903    8.2867
 6.894    8.3973
 6.885    8.5126
 6.875    8.6123
 6.866    8.6937
 6.857    8.7619
 6.848    8.8209
 6.839    8.8844
 6.830    8.9538
 6.821    9.0272
 6.812    9.1124
 6.803    9.1922
 6.794    9.2671
 6.785    9.3514
 6.777    9.4440
 6.768    9.5432
 6.759    9.6394
 6.750    9.7329
 6.741    9.8354
 6.733    9.9399
 6.724   10.0510
 6.715   10.1780
 6.707   10.3170
 6.698   10.4620
 6.689   10.6000
 6.681   10.7310
 6.672   10.8630
 6.663   11.0020
 6.655   11.1460
 6.646   11.2990
 6.638   11.4770
 6.629   11.6810
 6.621   11.9050
 6.612   12.1490
 6.604   12.4080
 6.596   12.6830
 6.587   12.9560
 6.579   13.2220
 6.571   13.4880
 6.562   13.7400
 6.554   13.9790
 6.546   14.2040
 6.537   14.4230
 6.529   14.6350
 6.521   14.8370
 6.513   15.0330
 6.505   15.2070
 6.496   15.3650
 6.488   15.5130
 6.480   15.6340
 6.472   15.6910
 6.464   15.6150
 6.456   15.3560
 6.448   14.8710
 6.440   14.1530
 6.432   13.2890
 6.424   12.3620
 6.416   11.4420
 6.408   10.5870
 6.400    9.8129
 6.392    9.1127
 6.384    8.4624
 6.377    7.8474
 6.369    7.2650
 6.361    6.6863
 6.353    6.0840
 6.345    5.4868
 6.338    4.9312
 6.330    4.4348
 6.322    4.0100
 6.314    3.6725
 6.307    3.4395
 6.299    3.2934
 6.291    3.1956
 6.284    3.1416
 6.276    3.1241
 6.269    3.1047
 6.261    3.0571
 6.253    2.9851
 6.246    2.9166
 6.239    2.8484
 6.231    2.7667
 6.223    2.6935
 6.216    2.6322
 6.209    2.5815
 6.201    2.5484
 6.194    2.5292
 6.186    2.5252
 6.179    2.5285
 6.172    2.5290
 6.164    2.5422
 6.157    2.5578
 6.150    2.5822
 6.142    2.6275
 6.135    2.6831
 6.128    2.7437
 6.121    2.8117
 6.113    2.8754
 6.106    2.9377
 6.099    2.9983
 6.092    3.0597
 6.085    3.1359
 6.078    3.2254
 6.070    3.3206
 6.063    3.4308
 6.056    3.5515
 6.049    3.6863
 6.042    3.8419
 6.035    4.0069
 6.028    4.1770
 6.021    4.3522
 6.014    4.5237
 6.007    4.6930
 6.000    4.8580
 5.993    5.0105
 5.986    5.1526
 5.979    5.2829
 5.973    5.4027
 5.966    5.5296
 5.959    5.6658
 5.952    5.8098
 5.945    5.9763
 5.938    6.1537
 5.931    6.3289
 5.925    6.5025
 5.918    6.6725
 5.911    6.8381
 5.904    6.9951
 5.898    7.1383
 5.891    7.2726
 5.884    7.3879
 5.878    7.4744
 5.871    7.5300
 5.864    7.5632
 5.858    7.5734
 5.851    7.5674
 5.845    7.5480
 5.838    7.5201
 5.831    7.4836
 5.825    7.4455
 5.818    7.4090
 5.812    7.3811
 5.805    7.3529
 5.799    7.3205
 5.792    7.2823
 5.786    7.2369
 5.779    7.1821
 5.773    7.1345
 5.767    7.1158
 5.760    7.1383
 5.754    7.2106
 5.747    7.3337
 5.741    7.5073
 5.735    7.7145
 5.728    7.9352
 5.722    8.1633
 5.716    8.4001
 5.709    8.6379
 5.703    8.8673
 5.697    9.1027
 5.691    9.3717
 5.684    9.6777
 5.678   10.0240
 5.672   10.4320
 5.666   10.8990
 5.660   11.3640
 5.653   11.7530
 5.647   12.0180
 5.641   12.1150
 5.635   11.9820
 5.629   11.5760
 5.623   10.8860
 5.617    9.9133
 5.611    8.6677
 5.604    7.1999
 5.598    5.6395
 5.592    4.1888
 5.586    3.0154
 5.580    2.1830
 5.574    1.6688
 5.568    1.4327
 5.562    1.4621
 5.556    1.8090
 5.551    2.5962
 5.545    3.9219
 5.539    5.7466
 5.533    7.8838
 5.527   10.0800
 5.521   12.1250
 5.515   13.9150
 5.509   15.4480
 5.503   16.7940
 5.497   18.0190
 5.492   19.1670
 5.486   20.2470
 5.480   21.2700
 5.474   22.2550
 5.468   23.2100
 5.463   24.1300
 5.457   25.0250
 5.451   25.9060
 5.446   26.7760
 5.440   27.6240
 5.434   28.4600
 5.428   29.2920
 5.423   30.1020
 5.417   30.8650
 5.411   31.5760
 5.406   32.2380
 5.400   32.8550
 5.394   33.4250
 5.389   33.9660
 5.383   34.4980
 5.378   35.0130
 5.372   35.5010
 5.367   35.9700
 5.361   36.4260
 5.356   36.8770
 5.350   37.3290
 5.345   37.7920
 5.339   38.2770
 5.333   38.7780
 5.328   39.2780
 5.322   39.7750
 5.317   40.2570
 5.312   40.7170
 5.306   41.1600
 5.301   41.5810
 5.295   41.9890
 5.290   42.3780
 5.285   42.7460
 5.279   43.1150
 5.274   43.4940
 5.268   43.8710
 5.263   44.2550
 5.258   44.6480
 5.252   45.0440
 5.247   45.4280
 5.242   45.8020
 5.237   46.1720
 5.231   46.5300
 5.226   46.8630
 5.221   47.1780
 5.215   47.4790
 5.210   47.7600
 5.205   48.0160
 5.200   48.2550
 5.194   48.4760
 5.189   48.6680
 5.184   48.8250
 5.179   48.9590
 5.174   49.0840
 5.169   49.2060
 5.164   49.3340
 5.158   49.4730
 5.153   49.6130
 5.148   49.7360
 5.143   49.8430
 5.138   49.9390
 5.133   50.0230
 5.128   50.0140
 5.123   49.6820
 5.118   48.6830
 5.113   46.9990
 5.107   45.2630
 5.103   44.1920
 5.098   44.1600
 5.093   45.2090
 5.088   47.0370
 5.082   49.0170
 5.077   50.4570
 5.073   51.1200
 5.068   51.3450
 5.063   51.4350
 5.058   51.4880
 5.053   51.5280
 5.048   51.5560
 5.043   51.5680
 5.038   51.5630
 5.033   51.5530
 5.028   51.5370
 5.023   51.5180
 5.019   51.5070
 5.014   51.5060
 5.009   51.5150
 5.004   51.5280
 4.999   51.5390
 4.994   51.5590
 4.990   51.5920
 4.985   51.6380
 4.980   51.7020
 4.975   51.7750
 4.970   51.8550
 4.966   51.9370
 4.961   52.0120
 4.956   52.0760
 4.951   52.1320
 4.947   52.1800
 4.942   52.2200
 4.937   52.2490
 4.933   52.2870
 4.928   52.3390
 4.923   52.4060
 4.919   52.4880
 4.914   52.5940
 4.909   52.7210
 4.905   52.8500
 4.900   52.9710
 4.895   53.0860
 4.891   53.1880
 4.886   53.2820
 4.882   53.3760
 4.877   53.4760
 4.872   53.5750
 4.868   53.6680
 4.863   53.7580
 4.859   53.8390
 4.854   53.9100
 4.849   53.9730
 4.845   54.0280
 4.840   54.0840
 4.836   54.1370
 4.832   54.1890
 4.827   54.2340
 4.822   54.2620
 4.818   54.2740
 4.814   54.2710
 4.809   54.2540
 4.805   54.2420
 4.800   54.2330
 4.796   54.2200
 4.791   54.1890
 4.787   54.1340
 4.782   54.0510
 4.778   53.9290
 4.774   53.7510
 4.769   53.5230
 4.765   53.2390
 4.761   52.9040
 4.756   52.5240
 4.752   52.0960
 4.747   51.6120
 4.743   51.0640
 4.739   50.4240
 4.734   49.6570
 4.730   48.7020
 4.726   47.5160
 4.721   46.0790
 4.717   44.4170
 4.713   42.5990
 4.709   40.7550
 4.704   39.0070
 4.700   37.4460
 4.696   36.1160
 4.691   35.0370
 4.687   34.1970
 4.683   33.5750
 4.679   33.1510
 4.675   32.9100
 4.670   32.8390
 4.666   32.9470
 4.662   33.2660
 4.658   33.8400
 4.654   34.6780
 4.649   35.7690
 4.645   37.0770
 4.641   38.5030
 4.637   39.9160
 4.633   41.2310
 4.629   42.4170
 4.625   43.4670
 4.620   44.3610
 4.616   45.1010
 4.612   45.7010
 4.608   46.1590
 4.604   46.4890
 4.600   46.7340
 4.596   46.9390
 4.592   47.1350
 4.588   47.3150
 4.584   47.4600
 4.580   47.5570
 4.576   47.6100
 4.572   47.6490
 4.567   47.6990
 4.564   47.7520
 4.559   47.8020
 4.556   47.8460
 4.551   47.8760
 4.548   47.8890
 4.543   47.8860
 4.540   47.8830
 4.536   47.8910
 4.532   47.9000
 4.528   47.9150
 4.524   47.9400
 4.520   47.9740
 4.516   48.0170
 4.512   48.0710
 4.508   48.1510
 4.504   48.2670
 4.500   48.4380
 4.496   48.6710
 4.492   48.9630
 4.488   49.3030
 4.485   49.6730
 4.481   50.0640
 4.477   50.4630
 4.473   50.8450
 4.469   51.1960
 4.465   51.5160
 4.461   51.8060
 4.458   52.0690
 4.454   52.3210
 4.450   52.5910
 4.446   52.8810
 4.442   53.1790
 4.439   53.4680
 4.435   53.7370
 4.431   53.9740
 4.427   54.1680
 4.423   54.3290
 4.420   54.4570
 4.416   54.5530
 4.412   54.6220
 4.408   54.6560
 4.404   54.6630
 4.401   54.6620
 4.397   54.6680
 4.393   54.6900
 4.390   54.7260
 4.386   54.7730
 4.382   54.8020
 4.378   54.7790
 4.375   54.6900
 4.371   54.5250
 4.367   54.2820
 4.364   53.9600
 4.360   53.5810
 4.356   53.1720
 4.353   52.7590
 4.349   52.3670
 4.346   52.0030
 4.342   51.6590
 4.338   51.3160
 4.335   50.9500
 4.331   50.5390
 4.327   50.0690
 4.324   49.5380
 4.320   48.9470
 4.316   48.2970
 4.313   47.5950
 4.309   46.8530
 4.306   46.0680
 4.302   45.2270
 4.299   44.3040
 4.295   43.2990
 4.292   42.2180
 4.288   41.0770
 4.284   39.9020
 4.281   38.7420
 4.277   37.6730
 4.274   36.8020
 4.270   36.2400
 4.267   36.0640
 4.263   36.2850
 4.260   36.8610
 4.256   37.6890
 4.253   38.6470
 4.249   39.6380
 4.246   40.6180
 4.242   41.5670
 4.239   42.4760
 4.235   43.3510
 4.232   44.2140
 4.229   45.0690
 4.225   45.9060
 4.222   46.7090
 4.218   47.4570
 4.215   48.1270
 4.211   48.6990
 4.208   49.1570
 4.205   49.5000
 4.201   49.7390
 4.198   49.8810
 4.194   49.9460
 4.191   49.9560
 4.188   49.9270
 4.184   49.8630
 4.181   49.7720
 4.177   49.6590
 4.174   49.5210
 4.171   49.3520
 4.167   49.1670
 4.164   48.9630
 4.161   48.7390
 4.157   48.4890
 4.154   48.2130
 4.151   47.9090
 4.147   47.5650
 4.144   47.1810
 4.141   46.7710
 4.137   46.3360
 4.134   45.8830
 4.131   45.4170
 4.128   44.9320
 4.124   44.4390
 4.121   43.9390
 4.118   43.4320
 4.114   42.9240
 4.111   42.4140
 4.108   41.8940
 4.105   41.3620
 4.101   40.8160
 4.098   40.2620
 4.095   39.6930
 4.092   39.0980
 4.088   38.4790
 4.085   37.8230
 4.082   37.1100
 4.079   36.3420
 4.076   35.5290
 4.072   34.6860
 4.069   33.8300
 4.066   32.9610
 4.063   32.0670
 4.060   31.1140
 4.056   30.0440
 4.053   28.7930
 4.050   27.3310
 4.047   25.6630
 4.044   23.8550
 4.041   22.0000
 4.037   20.2050
 4.034   18.5510
 4.031   17.0610
 4.028   15.7360
 4.025   14.5530
 4.022   13.4550
 4.019   12.3960
 4.016   11.3430
 4.013   10.2870
 4.009    9.2313
 4.006    8.2014
 4.003    7.2586
 4.000    6.4400
 3.997    5.7546
 3.994    5.1995
 3.991    4.7595
 3.988    4.4322
 3.985    4.2189
 3.982    4.0986
 3.979    4.0538
 3.976    4.0638
 3.973    4.1189
 3.970    4.2066
 3.966    4.3243
 3.963    4.4993
 3.960    4.7583
 3.957    5.1041
 3.954    5.5420
 3.951    6.0921
 3.948    6.7798
 3.945    7.5802
 3.942    8.4112
 3.939    9.1716
 3.936    9.7871
 3.933   10.2320
 3.930   10.5320
 3.927   10.7430
 3.924   10.9430
 3.921   11.1710
 3.918   11.4060
 3.916   11.6120
 3.913   11.7740
 3.910   11.9040
 3.907   12.0190
 3.904   12.1190
 3.901   12.2180
 3.898   12.3190
 3.895   12.4080
 3.892   12.4890
 3.889   12.5740
 3.886   12.6630
 3.883   12.7420
 3.880   12.8070
 3.877   12.8730
 3.875   12.9330
 3.872   12.9760
 3.869   13.0250
 3.866   13.0990
 3.863   13.1910
 3.860   13.2840
 3.857   13.3870
 3.854   13.5130
 3.852   13.6540
 3.849   13.8180
 3.846   14.0380
 3.843   14.3440
 3.840   14.7570
 3.837   15.3040
 3.834   15.9970
 3.832   16.8270
 3.829   17.7490
 3.826   18.7290
 3.823   19.7560
 3.820   20.8200
 3.817   21.9240
 3.815   23.1020
 3.812   24.3890
 3.809   25.8180
 3.806   27.4200
 3.804   29.2120
 3.801   31.2030
 3.798   33.3470
 3.795   35.5400
 3.792   37.6530
 3.790   39.5620
 3.787   41.1850
 3.784   42.5000
 3.781   43.5340
 3.779   44.3650
 3.776   45.0630
 3.773   45.6700
 3.770   46.2050
 3.768   46.6720
 3.765   47.0750
 3.762   47.4080
 3.759   47.6810
 3.757   47.9100
 3.754   48.1020
 3.751   48.2860
 3.748   48.4860
 3.746   48.7140
 3.743   48.9690
 3.740   49.2460
 3.738   49.5340
 3.735   49.8120
 3.732   50.0570
 3.730   50.2660
 3.727   50.4540
 3.724   50.6180
 3.722   50.7550
 3.719   50.8750
 3.716   50.9820
 3.714   51.0760
 3.711   51.1570
 3.708   51.2270
 3.706   51.2920
 3.703   51.3480
 3.700   51.3960
 3.698   51.4320
 3.695   51.4540
 3.692   51.4710
 3.690   51.4830
 3.687   51.4870
 3.684   51.4840
 3.682   51.4760
 3.679   51.4560
 3.677   51.4210
 3.674   51.3710
 3.672   51.3140
 3.669   51.2530
 3.666   51.1850
 3.664   51.1130
 3.661   51.0360
 3.659   50.9460
 3.656   50.8580
 3.653   50.7620
 3.651   50.6530
 3.648   50.5420
 3.646   50.4290
 3.643   50.3140
 3.641   50.1910
 3.638   50.0580
 3.636   49.9280
 3.633   49.7830
 3.630   49.6220
 3.628   49.4600
 3.625   49.2970
 3.623   49.1350
 3.620   48.9600
 3.618   48.7630
 3.615   48.5480
 3.613   48.3060
 3.610   48.0350
 3.608   47.7400
 3.605   47.4180
 3.603   47.0630
 3.600   46.6640
 3.598   46.2230
 3.595   45.7260
 3.593   45.1580
 3.590   44.5160
 3.588   43.7960
 3.585   42.9750
 3.583   42.0350
 3.580   41.0260
 3.578   40.0620
 3.575   39.2380
 3.573   38.6310
 3.570   38.2810
 3.568   38.1520
 3.565   38.1260
 3.563   38.0660
 3.561   37.8930
 3.558   37.5820
 3.556   37.1250
 3.553   36.5490
 3.551   35.8810
 3.548   35.1200
 3.546   34.2530
 3.543   33.2660
 3.541   32.1510
 3.539   30.8960
 3.536   29.4930
 3.534   27.9390
 3.531   26.2290
 3.529   24.3770
 3.527   22.4380
 3.524   20.5050
 3.522   18.6850
 3.519   17.0780
 3.517   15.7370
 3.515   14.6650
 3.512   13.8400
 3.510   13.2000
 3.507   12.6670
 3.505   12.1980
 3.503   11.7640
 3.500   11.3380
 3.498   10.9070
 3.496   10.4820
 3.493   10.0800
 3.491    9.6933
 3.489    9.3232
 3.486    8.9808
 3.484    8.6750
 3.482    8.4224
 3.479    8.2762
 3.477    8.3096
 3.475    8.5791
 3.472    9.1174
 3.470    9.9136
 3.468   10.8730
 3.465   11.8780
 3.463   12.8180
 3.461   13.6110
 3.458   14.2230
 3.456   14.6650
 3.454   14.9690
 3.451   15.1810
 3.449   15.3340
 3.447   15.4530
 3.445   15.5520
 3.442   15.6340
 3.440   15.7080
 3.438   15.7700
 3.436   15.8150
 3.433   15.8580
 3.431   15.8950
 3.429   15.9020
 3.426   15.8900
 3.424   15.8670
 3.422   15.8440
 3.420   15.8220
 3.417   15.8000
 3.415   15.7760
 3.413   15.7340
 3.411   15.6560
 3.408   15.5690
 3.406   15.4810
 3.404   15.3860
 3.402   15.2930
 3.399   15.2000
 3.397   15.1110
 3.395   15.0170
 3.393   14.9170
 3.391   14.8100
 3.388   14.6890
 3.386   14.5590
 3.384   14.4320
 3.382   14.3160
 3.380   14.2240
 3.377   14.1490
 3.375   14.0850
 3.373   14.0240
 3.371   13.9380
 3.369   13.8080
 3.366   13.6050
 3.364   13.3090
 3.362   12.9390
 3.360   12.5220
 3.358   12.0890
 3.355   11.6910
 3.353   11.3940
 3.351   11.3070
 3.349   11.5850
 3.347   12.3820
 3.345   13.8140
 3.342   15.8540
 3.340   18.3310
 3.338   21.0070
 3.336   23.6210
 3.334   25.9690
 3.332   27.9680
 3.330   29.6230
 3.327   30.9900
 3.325   32.1290
 3.323   33.0970
 3.321   33.9490
 3.319   34.7030
 3.317   35.3720
 3.315   35.9750
 3.313   36.5190
 3.310   37.0070
 3.308   37.4630
 3.306   37.9040
 3.304   38.3280
 3.302   38.7180
 3.300   39.0800
 3.298   39.4170
 3.296   39.7230
 3.294   39.9930
 3.292   40.2440
 3.289   40.4890
 3.287   40.7270
 3.285   40.9590
 3.283   41.1840
 3.281   41.4070
 3.279   41.6270
 3.277   41.8230
 3.275   41.9950
 3.273   42.1580
 3.271   42.3070
 3.269   42.4470
 3.267   42.5710
 3.265   42.6790
 3.263   42.7800
 3.261   42.8840
 3.258   42.9790
 3.256   43.0650
 3.254   43.1440
 3.252   43.2220
 3.250   43.2970
 3.248   43.3520
 3.246   43.3890
 3.244   43.4270
 3.242   43.4610
 3.240   43.4940
 3.238   43.5440
 3.236   43.6120
 3.234   43.6850
 3.232   43.7480
 3.230   43.7920
 3.228   43.8270
 3.226   43.8520
 3.224   43.8630
 3.222   43.8720
 3.220   43.8750
 3.218   43.8760
 3.216   43.8780
 3.214   43.8890
 3.212   43.9010
 3.210   43.9090
 3.208   43.9140
 3.206   43.9010
 3.204   43.8740
 3.202   43.8460
 3.200   43.8130
 3.198   43.7720
 3.196   43.7240
 3.194   43.6930
 3.192   43.6700
 3.190   43.6360
 3.188   43.6000
 3.186   43.5570
 3.184   43.4800
 3.182   43.3760
 3.180   43.2590
 3.179   43.1360
 3.177   43.0090
 3.175   42.8790
 3.173   42.7420
 3.171   42.5740
 3.169   42.3460
 3.167   42.0760
 3.165   41.7850
 3.163   41.4810
 3.161   41.1870
 3.159   40.9190
 3.157   40.6700
 3.155   40.4510
 3.153   40.2850
 3.152   40.1780
 3.150   40.1220
 3.148   40.1120
 3.146   40.1260
 3.144   40.1390
 3.142   40.1480
 3.140   40.1570
 3.138   40.1740
 3.136   40.1960
 3.134   40.2160
 3.132   40.2280
 3.131   40.2150
 3.129   40.1730
 3.127   40.1080
 3.125   40.0000
 3.123   39.8420
 3.121   39.6380
 3.119   39.4020
 3.117   39.1590
 3.115   38.9290
 3.114   38.7200
 3.112   38.5540
 3.110   38.4590
 3.108   38.4250
 3.106   38.4370
 3.104   38.4860
 3.102   38.5650
 3.101   38.6460
 3.099   38.7080
 3.097   38.7770
 3.095   38.8700
 3.093   38.9750
 3.091   39.0840
 3.090   39.1960
 3.088   39.3020
 3.086   39.3950
 3.084   39.4750
 3.082   39.5570
 3.080   39.6390
 3.079   39.7060
 3.077   39.7420
 3.075   39.7610
 3.073   39.7620
 3.071   39.7490
 3.069   39.7310
 3.067   39.7170
 3.066   39.7110
 3.064   39.7110
 3.062   39.7220
 3.060   39.7450
 3.059   39.7700
 3.057   39.7860
 3.055   39.8010
 3.053   39.8160
 3.051   39.8110
 3.050   39.8080
 3.048   39.8080
 3.046   39.8100
 3.044   39.8150
 3.042   39.8130
 3.041   39.8070
 3.039   39.7960
 3.037   39.7660
 3.035   39.7420
 3.033   39.7380
 3.032   39.7440
 3.030   39.7490
 3.028   39.7370
 3.026   39.7070
 3.025   39.6710
 3.023   39.6340
 3.021   39.6100
 3.019   39.5970
 3.018   39.5660
 3.016   39.5340
 3.014   39.4970
 3.012   39.4500
 3.011   39.4080
 3.009   39.3760
 3.007   39.3470
 3.005   39.3050
 3.004   39.2520
 3.002   39.2250
 3.000   39.2110
 2.998   39.1940
 2.997   39.1650
 2.995   39.1280
 2.993   39.0920
 2.991   39.0510
 2.990   39.0060
 2.988   38.9730
 2.986   38.9480
 2.985   38.9140
 2.983   38.8600
 2.981   38.7950
 2.979   38.7400
 2.978   38.6850
 2.976   38.6260
 2.974   38.5760
 2.973   38.5330
 2.971   38.4930
 2.969   38.4520
 2.967   38.4050
 2.966   38.3620
 2.964   38.3280
 2.962   38.2760
 2.961   38.2240
 2.959   38.1860
 2.957   38.1580
 2.956   38.1170
 2.954   38.0640
 2.952   38.0230
 2.951   38.0000
 2.949   37.9740
 2.947   37.9570
 2.946   37.9500
 2.944   37.9460
 2.942   37.9360
 2.941   37.9340
 2.939   37.9400
 2.937   37.9450
 2.936   37.9480
 2.934   37.9510
 2.932   37.9410
 2.931   37.9350
 2.929   37.9420
 2.927   37.9550
 2.926   37.9550
 2.924   37.9490
 2.922   37.9530
 2.921   37.9740
 2.919   37.9910
 2.917   38.0180
 2.916   38.0670
 2.914   38.1170
 2.912   38.1640
 2.911   38.2020
 2.909   38.2300
 2.908   38.2600
 2.906   38.2990
 2.904   38.3350
 2.903   38.3750
 2.901   38.4200
 2.899   38.4750
 2.898   38.5270
 2.896   38.5700
 2.895   38.6230
 2.893   38.6910
 2.891   38.7410
 2.890   38.7850
 2.888   38.8280
 2.886   38.8800
 2.885   38.9560
 2.883   39.0330
 2.882   39.1010
 2.880   39.1670
 2.878   39.2200
 2.877   39.2690
 2.875   39.3110
 2.874   39.3610
 2.872   39.4480
 2.870   39.5390
 2.869   39.6140
 2.867   39.6820
 2.866   39.7330
 2.864   39.7690
 2.863   39.8000
 2.861   39.8240
 2.859   39.8660
 2.858   39.9210
 2.856   39.9880
 2.855   40.0690
 2.853   40.1410
 2.852   40.1960
 2.850   40.2460
 2.848   40.2820
 2.847   40.3120
 2.845   40.3400
 2.844   40.3710
 2.842   40.4120
 2.841   40.4520
 2.839   40.4750
 2.837   40.4870
 2.836   40.5050
 2.834   40.5240
 2.833   40.5300
 2.831   40.5210
 2.830   40.5190
 2.828   40.5250
 2.827   40.5240
 2.825   40.5170
 2.824   40.5210
 2.822   40.5230
 2.821   40.4970
 2.819   40.4430
 2.817   40.3890
 2.816   40.3370
 2.814   40.2820
 2.813   40.2440
 2.811   40.2100
 2.810   40.1510
 2.808   40.0560
 2.807   39.9420
 2.805   39.8250
 2.804   39.6910
 2.802   39.5340
 2.801   39.3680
 2.799   39.1630
 2.798   38.9090
 2.796   38.6080
 2.795   38.2890
 2.793   37.9750
 2.792   37.6870
 2.790   37.4590
 2.789   37.3120
 2.787   37.2380
 2.786   37.2540
 2.784   37.3460
 2.783   37.4870
 2.781   37.6660
 2.780   37.8550
 2.778   38.0420
 2.777   38.2060
 2.775   38.3420
 2.774   38.4780
 2.772   38.6190
 2.771   38.7450
 2.769   38.8240
 2.768   38.7540
 2.766   38.5090
 2.765   38.2240
 2.763   38.0430
 2.762   38.0560
 2.761   38.3020
 2.759   38.7450
 2.757   39.2730
 2.756   39.7220
 2.755   40.0500
 2.753   40.3450
 2.752   40.6290
 2.750   40.9030
 2.749   41.1800
 2.747   41.4320
 2.746   41.6510
 2.744   41.8430
 2.743   42.0160
 2.741   42.1810
 2.740   42.3510
 2.739   42.5760
 2.737   42.8840
 2.736   43.2590
 2.734   43.6940
 2.733   44.1540
 2.731   44.5720
 2.730   44.9230
 2.728   45.2290
 2.727   45.5420
 2.726   45.9090
 2.724   46.3580
 2.723   46.8880
 2.721   47.4720
 2.720   48.0480
 2.719   48.5580
 2.717   48.9700
 2.716   49.2760
 2.714   49.4790
 2.713   49.5550
 2.711   49.5020
 2.710   49.3370
 2.708   49.0780
 2.707   48.8140
 2.706   48.6930
 2.704   48.8360
 2.703   49.3100
 2.701   50.0790
 2.700   51.0380
 2.699   52.0390
 2.697   52.9520
 2.696   53.7430
 2.695   54.4230
 2.693   54.9890
 2.692   55.4970
 2.690   55.9660
 2.689   56.3610
 2.688   56.6750
 2.686   56.9330
 2.685   57.1620
 2.683   57.3610
 2.682   57.5140
 2.680   57.6530
 2.679   57.7830
 2.678   57.8910
 2.676   57.9910
 2.675   58.0790
 2.674   58.1560
 2.672   58.2230
 2.671   58.2730
 2.670   58.3250
 2.668   58.3820
 2.667   58.4330
 2.665   58.4810
 2.664   58.5230
 2.663   58.5580
 2.661   58.5880
 2.660   58.6160
 2.659   58.6470
 2.657   58.6820
 2.656   58.7040
 2.655   58.7160
 2.653   58.7350
 2.652   58.7540
 2.650   58.7660
 2.649   58.7650
 2.648   58.7670
 2.646   58.7660
 2.645   58.7630
 2.644   58.7610
 2.642   58.7690
 2.641   58.7830
 2.640   58.7940
 2.638   58.7980
 2.637   58.8060
 2.636   58.8060
 2.634   58.8060
 2.633   58.8070
 2.632   58.8050
 2.630   58.7910
 2.629   58.7660
 2.627   58.7310
 2.626   58.7040
 2.625   58.6820
 2.624   58.6700
 2.622   58.6720
 2.621   58.6830
 2.620   58.6880
 2.618   58.6840
 2.617   58.6720
 2.616   58.6420
 2.614   58.6160
 2.613   58.5970
 2.612   58.5790
 2.610   58.5570
 2.609   58.5280
 2.608   58.5070
 2.606   58.4960
 2.605   58.4690
 2.604   58.4490
 2.603   58.4340
 2.601   58.3990
 2.600   58.3540
 2.599   58.3100
 2.597   58.2690
 2.596   58.2270
 2.595   58.1710
 2.593   58.1160
 2.592   58.0710
 2.591   58.0180
 2.590   57.9570
 2.588   57.8850
 2.587   57.7920
 2.586   57.6960
 2.584   57.6140
 2.583   57.5500
 2.582   57.4960
 2.580   57.4490
 2.579   57.4060
 2.578   57.3610
 2.577   57.3150
 2.575   57.2670
 2.574   57.1930
 2.573   57.0940
 2.571   56.9770
 2.570   56.8440
 2.569   56.7070
 2.568   56.5630
 2.566   56.4020
 2.565   56.2100
 2.564   55.9860
 2.563   55.7390
 2.561   55.4670
 2.560   55.1640
 2.559   54.8380
 2.558   54.4690
 2.556   54.0490
 2.555   53.5900
 2.554   53.1030
 2.553   52.6050
 2.551   52.0970
 2.550   51.5700
 2.549   51.0360
 2.547   50.5020
 2.546   49.9920
 2.545   49.5060
 2.544   49.0450
 2.543   48.6330
 2.541   48.2740
 2.540   47.9730
 2.539   47.7500
 2.538   47.6170
 2.536   47.5770
 2.535   47.6160
 2.534   47.7230
 2.533   47.8930
 2.531   48.0990
 2.530   48.3390
 2.529   48.6210
 2.528   48.9200
 2.526   49.2230
 2.525   49.5340
 2.524   49.8450
 2.523   50.1430
 2.522   50.4070
 2.520   50.6380
 2.519   50.8490
 2.518   51.0300
 2.517   51.1760
 2.515   51.3000
 2.514   51.4140
 2.513   51.5120
 2.512   51.6010
 2.511   51.6850
 2.509   51.7680
 2.508   51.8440
 2.507   51.9050
 2.506   51.9640
 2.504   52.0070
 2.503   52.0290
 2.502   52.0490
 2.501   52.0830
 2.500   52.1260
 2.498   52.1710
 2.497   52.2220
 2.496   52.2730
 2.495   52.3130
 2.494   52.3530
 2.492   52.3990
 2.491   52.4590
 2.490   52.5200
 2.489   52.5750
 2.488   52.6420
 2.486   52.7300
 2.485   52.8360
 2.484   52.9510
 2.483   53.0750
 2.482   53.2190
 2.481   53.3680
 2.479   53.5070
 2.478   53.6500
 2.477   53.8090
 2.476   53.9690
 2.474   54.1220
 2.473   54.2720
 2.472   54.4280
 2.471   54.5920
 2.470   54.7510
 2.469   54.9070
 2.467   55.0650
 2.466   55.2160
 2.465   55.3480
 2.464   55.4660
 2.463   55.5810
 2.462   55.7060
 2.460   55.8310
 2.459   55.9390
 2.458   56.0270
 2.457   56.1040
 2.456   56.1720
 2.455   56.2360
 2.454   56.3120
 2.452   56.3930
 2.451   56.4770
 2.450   56.5420
 2.449   56.5860
 2.448   56.6410
 2.446   56.7040
 2.445   56.7640
 2.444   56.8280
 2.443   56.8930
 2.442   56.9530
 2.441   56.9840
 2.440   57.0050
 2.438   57.0450
 2.437   57.0880
 2.436   57.1320
 2.435   57.1710
 2.434   57.2200
 2.433   57.2660
 2.432   57.2910
 2.430   57.3150
 2.429   57.3490
 2.428   57.3880
 2.427   57.4280
 2.426   57.4520
 2.425   57.4870
 2.424   57.5320
 2.422   57.5720
 2.421   57.5990
 2.420   57.6080
 2.419   57.6140
 2.418   57.6240
 2.417   57.6390
 2.416   57.6720
 2.415   57.7210
 2.414   57.7640
 2.412   57.7870
 2.411   57.7700
 2.410   57.7360
 2.409   57.7050
 2.408   57.6840
 2.407   57.6750
 2.406   57.6790
 2.405   57.6890
 2.403   57.6890
 2.402   57.6870
 2.401   57.6900
 2.400   57.6860
 2.399   57.6790
 2.398   57.6730
 2.397   57.6780
 2.396   57.6800
 2.394   57.6810
 2.393   57.6870
 2.392   57.6830
 2.391   57.6610
 2.390   57.6370
 2.389   57.6110
 2.388   57.5790
 2.387   57.5450
 2.386   57.5330
 2.385   57.5250
 2.384   57.4990
 2.382   57.4660
 2.381   57.4340
 2.380   57.4000
 2.379   57.3610
 2.378   57.3190
 2.377   57.2780
 2.376   57.2370
 2.375   57.1940
 2.374   57.1380
 2.373   57.0770
 2.372   57.0160
 2.370   56.9500
 2.369   56.8700
 2.368   56.7640
 2.367   56.6480
 2.366   56.5380
 2.365   56.4090
 2.364   56.2570
 2.363   56.0780
 2.362   55.8750
 2.361   55.6730
 2.360   55.4690
 2.359   55.2600
 2.357   55.0510
 2.356   54.8360
 2.355   54.6060
 2.354   54.3670
 2.353   54.1340
 2.352   53.9210
 2.351   53.7270
 2.350   53.5480
 2.349   53.3650
 2.348   53.1960
 2.347   53.0480
 2.346   52.9190
 2.345   52.8130
 2.344   52.7280
 2.343   52.6720
 2.341   52.6450
 2.341   52.6230
 2.339   52.6130
 2.338   52.6240
 2.337   52.6530
 2.336   52.6930
 2.335   52.7380
 2.334   52.7970
 2.333   52.8790
 2.332   52.9790
 2.331   53.0830
 2.330   53.1920
 2.329   53.3240
 2.328   53.4560
 2.327   53.5770
 2.326   53.6910
 2.325   53.8000
 2.324   53.9040
 2.323   53.9920
 2.322   54.0610
 2.321   54.1380
 2.320   54.2220
 2.318   54.3000
 2.317   54.3710
 2.316   54.4360
 2.315   54.4860
 2.314   54.5260
 2.313   54.5630
 2.312   54.6140
 2.311   54.6620
 2.310   54.6940
 2.309   54.7400
 2.308   54.7760
 2.307   54.7770
 2.306   54.7770
 2.305   54.7850
 2.304   54.8060
 2.303   54.8280
 2.302   54.8560
 2.301   54.8960
 2.300   54.9210
 2.299   54.9270
 2.298   54.9520
 2.297   55.0060
 2.296   55.0700
 2.295   55.1270
 2.294   55.1850
 2.293   55.2390
 2.292   55.2720
 2.291   55.2820
 2.290   55.3090
 2.289   55.3600
 2.288   55.4080
 2.287   55.4530
 2.286   55.5090
 2.285   55.5790
 2.284   55.6320
 2.283   55.6830
 2.282   55.7470
 2.281   55.8160
 2.280   55.8690
 2.279   55.9070
 2.278   55.9370
 2.277   55.9860
 2.276   56.0410
 2.275   56.1000
 2.274   56.1570
 2.273   56.2160
 2.272   56.2650
 2.271   56.2970
 2.270   56.3310
 2.269   56.3650
 2.268   56.4030
 2.267   56.4420
 2.266   56.4760
 2.265   56.5100
 2.264   56.5470
 2.263   56.5690
 2.262   56.5720
 2.261   56.5690
 2.260   56.5850
 2.259   56.6070
 2.258   56.6310
 2.257   56.6590
 2.256   56.7040
 2.255   56.7340
 2.254   56.7440
 2.253   56.7560
 2.252   56.7730
 2.251   56.7880
 2.250   56.7940
 2.249   56.8050
 2.248   56.8290
 2.247   56.8540
 2.246   56.8770
 2.245   56.9040
 2.244   56.9360
 2.243   56.9640
 2.242   56.9660
 2.241   56.9440
 2.240   56.9190
 2.239   56.9170
 2.238   56.9240
 2.237   56.9550
 2.236   57.0000
 2.236   57.0370
 2.235   57.0630
 2.234   57.0590
 2.233   57.0260
 2.232   57.0040
 2.231   56.9810
 2.230   56.9770
 2.229   56.9860
 2.228   56.9980
 2.227   57.0150
 2.226   57.0150
 2.225   57.0070
 2.224   57.0160
 2.223   57.0310
 2.222   57.0460
 2.221   57.0530
 2.220   57.0550
 2.219   57.0490
 2.218   57.0360
 2.217   57.0190
 2.216   56.9860
 2.216   56.9700
 2.215   56.9690
 2.214   56.9730
 2.213   56.9790
 2.212   56.9870
 2.211   56.9840
 2.210   56.9410
 2.209   56.8920
 2.208   56.8860
 2.207   56.9000
 2.206   56.9260
 2.205   56.9560
 2.204   56.9900
 2.203   57.0050
 2.202   56.9960
 2.201   57.0010
 2.200   57.0290
 2.200   57.0330
 2.199   57.0220
 2.198   57.0110
 2.197   56.9930
 2.196   56.9790
 2.195   56.9810
 2.194   56.9930
 2.193   57.0160
 2.192   57.0120
 2.191   56.9960
 2.190   56.9990
 2.189   57.0030
 2.188   57.0220
 2.187   57.0450
 2.187   57.0510
 2.186   57.0600
 2.185   57.0580
 2.184   57.0310
 2.183   57.0170
 2.182   57.0160
 2.181   57.0390
 2.180   57.0530
 2.179   57.0410
 2.178   57.0300
 2.177   57.0120
 2.176   56.9690
 2.176   56.9410
 2.175   56.9290
 2.174   56.9410
 2.173   56.9570
 2.172   56.9580
 2.171   56.9430
 2.170   56.9180
 2.169   56.8890
 2.168   56.8680
 2.167   56.8440
 2.166   56.8330
 2.166   56.8440
 2.165   56.8420
 2.164   56.8240
 2.163   56.7960
 2.162   56.7750
 2.161   56.7780
 2.160   56.7830
 2.159   56.8010
 2.158   56.8190
 2.157   56.8140
 2.156   56.7980
 2.156   56.7740
 2.155   56.7610
 2.154   56.7580
 2.153   56.7480
 2.152   56.7370
 2.151   56.7380
 2.150   56.7440
 2.149   56.7590
 2.148   56.7870
 2.148   56.8100
 2.147   56.8250
 2.146   56.8260
 2.145   56.8060
 2.144   56.8010
 2.143   56.7900
 2.142   56.7950
 2.141   56.8350
 2.140   56.8510
 2.140   56.8720
 2.139   56.8930
 2.138   56.8890
 2.137   56.8780
 2.136   56.8560
 2.135   56.8470
 2.134   56.8540
 2.133   56.8500
 2.132   56.8660
 2.132   56.8880
 2.131   56.8930
 2.130   56.8700
 2.129   56.8520
 2.128   56.8480
 2.127   56.8610
 2.126   56.8560
 2.126   56.8240
 2.125   56.8110
 2.124   56.7910
 2.123   56.7520
 2.122   56.7410
 2.121   56.7700
 2.120   56.8190
 2.119   56.8260
 2.119   56.8120
 2.118   56.8190
 2.117   56.8020
 2.116   56.7660
 2.115   56.7630
 2.114   56.7770
 2.113   56.7820
 2.112   56.7790
 2.112   56.7660
 2.111   56.7510
 2.110   56.7420
 2.109   56.7290
 2.108   56.7390
 2.107   56.7540
 2.107   56.7700
 2.106   56.7890
 2.105   56.7860
 2.104   56.7820
 2.103   56.7840
 2.102   56.7650
 2.101   56.7390
 2.100   56.7230
 2.100   56.7170
 2.099   56.7120
 2.098   56.7130
 2.097   56.7290
 2.096   56.7480
 2.095   56.7670
 2.095   56.7780
 2.094   56.7710
 2.093   56.7390
 2.092   56.7020
 2.091   56.6800
 2.090   56.6800
 2.090   56.6900
 2.089   56.7100
 2.088   56.7310
 2.087   56.7370
 2.086   56.7260
 2.085   56.7180
 2.084   56.7040
 2.084   56.6890
 2.083   56.6760
 2.082   56.6380
 2.081   56.6580
 2.080   56.6590
 2.079   56.6480
 2.076   56.6480
 2.072   56.7200
 2.068   56.6900
 2.064   56.8130
 2.060   56.4530
 2.056   56.9470
 2.052   57.0400
 2.048   56.7410
 2.044   56.7410
 2.040   56.0230
 2.036   55.8810
 2.032   55.9730
 2.028   55.9550
 2.024   55.3880
 2.020   55.5370
 2.016   55.7210
 2.012   55.7210
 2.008   55.2890
 2.004   55.0990
 2.000   55.2310
 1.996   54.8370
 1.992   54.6230
 1.988   54.7200
 1.984   54.6720
 1.980   54.2900
 1.976   54.3870
 1.972   54.0680
 1.968   53.8390
 1.964   54.0680
 1.960   53.7440
 1.956   53.4690
 1.952   53.8070
 1.948   53.8070
 1.944   53.4870
 1.940   53.3060
 1.936   53.0820
 1.932   53.1370
 1.928   52.9660
 1.924   53.4420
 1.920   53.4470
 1.916   53.7240
 1.912   53.7620
 1.908   54.0990
 1.904   54.3700
 1.900   54.7750
 1.896   55.1440
 1.892   54.6570
 1.888   54.2840
 1.884   53.5820
 1.880   53.0770
 1.876   52.7250
 1.872   52.3270
 1.868   52.2450
 1.864   52.9400
 1.860   53.7310
 1.856   54.2980
 1.852   54.2920
 1.848   53.7620
 1.844   53.1060
 1.840   52.9530
 1.836   53.0600
 1.832   53.3230
 1.828   53.8710
 1.824   53.7430
 1.820   53.2300
 1.816   53.1300
 1.812   52.8080
 1.808   52.7230
 1.804   52.9950
 1.800   52.7230
 1.796   52.7230
 1.792   52.4120
 1.788   52.2740
 1.784   52.3210
 1.780   52.2360
 1.776   52.1040
 1.772   52.0180
 1.768   51.9300
 1.764   51.7940
 1.760   51.7500
 1.756   51.7930
 1.752   51.9690
 1.748   51.8340
 1.744   51.7030
 1.740   52.1040
 1.736   51.8380
 1.732   51.5750
 1.728   51.6210
 1.724   51.7540
 1.720   52.0220
 1.716   52.3800
 1.712   52.2880
 1.708   52.0160
 1.704   52.0180
 1.700   51.7940
 1.696   51.7500
 1.692   51.7940
 1.688   51.7060
 1.684   51.6280
 1.680   51.7940
 1.676   51.6610
 1.672   51.3520
 1.668   51.1760
 1.664   51.2750
 1.660   51.4090
 1.656   51.3630
 1.652   51.4070
 1.648   51.0100
 1.644   50.9220
 1.640   51.2320
 1.636   51.1430
 1.632   50.8340
 1.628   51.1000
 1.624   51.1430
 1.620   50.8340
 1.616   50.7470
 1.612   50.8340
 1.608   50.7460
 1.604   50.6580
 1.600   50.6590
 1.596   50.4830
 1.592   50.6130
 1.588   50.7010
 1.584   50.6570
 1.580   50.7900
 1.576   50.7900
 1.572   50.4810
 1.568   50.4810
 1.564   50.5250
 1.560   50.4150
 1.556   50.5710
 1.552   50.2820
 1.548   50.3930
 1.544   50.2820
 1.540   50.2850
 1.536   50.1550
 1.532   50.1980
 1.528   49.9800
 1.524   49.8090
 1.520   49.9350
 1.516   49.9750
 1.512   49.8030
 1.508   49.6320
 1.504   49.0710
 1.500   49.0580
 1.496   49.0060
 1.492   49.7030
 1.488   50.1820
 1.484   49.5850
 1.480   49.4890
 1.476   49.4890
 1.472   49.4460
 1.468   49.3610
 1.464   49.2830
 1.460   49.3610
 1.456   49.3290
 1.452   49.1570
 1.448   49.0230
 1.444   48.7680
 1.440   48.5210
 1.436   48.4330
 1.432   48.6800
 1.428   48.7710
 1.424   48.7710
 1.420   48.7290
 1.416   48.5930
 1.412   48.1600
 1.408   47.7700
 1.404   47.9750
 1.400   48.1410
 1.396   48.5550
 1.392   48.8990
 1.388   49.0280
 1.384   48.8950
 1.380   48.7670
 1.376   48.7670
 1.372   49.5240
 1.368   49.7040
 1.364   48.9170
 1.360   48.0160
 1.356   48.1870
 1.352   49.2280
 1.348   49.6350
 1.344   49.6410
 1.340   49.2240
 1.336   48.4140
 1.332   47.6530
 1.328   47.5660
 1.324   47.6810
 1.320   47.8380
 1.316   48.0070
 1.312   47.8540
 1.308   47.7320
 1.304   47.6510
 1.300   47.5700
 1.296   47.4830
 1.292   47.4290
 1.288   47.3350
 1.284   47.1600
 1.280   46.9700
 1.276   46.9070
 1.272   47.0200
 1.268   47.0530
 1.264   47.2490
 1.260   47.2920
 1.256   47.5860
 1.252   47.5880
 1.248   48.0740
 1.244   48.0740
 1.240   48.1580
 1.236   48.2420
 1.232   48.0640
 1.228   47.4710
 1.224   47.3580
 1.220   47.8460
 1.216   48.0500
 1.212   48.2630
 1.208   48.3350
 1.204   48.4630
 1.200   47.8350
 1.196   47.2200
 1.192   47.1060
 1.188   47.0260
 1.184   46.9060
 1.180   46.8260
 1.176   46.8350
 1.172   46.6680
 1.168   46.3880
 1.164   46.2220
 1.160   46.1130
 1.156   45.7860
 1.152   45.7760
 1.148   45.7550
 1.144   45.9110
 1.140   46.2250
 1.136   46.5740
 1.132   46.2950
 1.128   46.4040
 1.124   46.1560
 1.120   46.4840
 1.116   46.6950
 1.112   46.2060
 1.108   45.8990
 1.104   45.8600
 1.100   45.8990
 1.096   46.1170
 1.092   46.0960
 1.088   45.8590
 1.084   45.7310
 1.080   45.7030
 1.076   45.9980
 1.072   45.7030
 1.068   45.7700
 1.064   45.6640
 1.060   45.3810
 1.056   45.2920
 1.052   45.2820
 1.048   45.3590
 1.044   45.1270
 1.040   45.0390
 1.036   44.9380
 1.032   45.3480
 1.028   45.1930
 1.024   45.2320
 1.020   45.0150
 1.016   45.0030
 1.012   44.9810
 1.008   44.5740
 1.004   44.5990
 1.000   44.5620
 0.996   44.5740
 0.992   45.0430
 0.988   44.7890
 0.984   44.4980
 0.980   44.0600
 0.976   44.2470
 0.972   44.1960
 0.968   44.1450
 0.964   44.1080
 0.960   44.1450
 0.956   44.0430
 0.952   43.9580
 0.948   43.7580
 0.944   43.9450
 0.940   43.8700
 0.936   43.6050
 0.932   43.7820
 0.928   43.7580
 0.924   43.5960
 0.920   43.4940
 0.916   43.3550
 0.912   43.3220
 0.908   43.3360
 0.904   43.2560
 0.900   43.2930
 0.896   43.0430
 0.892   43.0800
 0.888   42.9030
 0.884   43.0960
 0.880   43.2810
 0.876   42.9780
 0.872   42.9260
 0.868   42.9330
 0.864   42.9930
 0.860   43.1100
 0.856   42.8940
 0.852   42.9160
 0.848   42.7250
 0.844   42.7150
 0.840   42.6200
 0.836   42.9530
 0.832   42.7460
 0.828   42.7460
 0.824   42.7150
 0.820   42.6570
 0.816   42.6350
 0.812   42.8130
 0.808   42.6760
 0.804   42.5090
 0.800   42.3130
 0.799   42.3130
 0.798   42.3130
 0.797   42.3250
 0.796   42.1310
 0.795   42.1200
 0.794   41.9830
 0.793   41.5620
 0.792   41.8100
 0.791   41.9060
 0.790   42.0270
 0.789   41.9280
 0.788   42.0120
 0.787   42.0090
 0.786   41.8560
 0.785   42.1460
 0.784   42.0500
 0.783   42.0910
 0.782   41.7190
 0.781   41.8280
 0.780   41.8530
 0.779   41.7970
 0.778   41.8970
 0.777   41.8160
 0.776   41.7350
 0.775   41.6430
 0.774   41.3060
 0.773   41.5260
 0.772   41.4660
 0.771   41.5660
 0.770   41.5660
 0.769   41.7560
 0.768   41.6350
 0.767   41.8530
 0.766   41.9430
 0.765   41.6600
 0.764   41.5070
 0.763   41.2730
 0.762   41.2090
 0.761   41.3550
 0.760   41.3300
 0.759   41.5070
 0.758   41.4500
 0.757   41.2970
 0.756   41.2170
 0.755   41.1770
 0.754   41.3130
 0.753   41.2570
 0.752   41.0800
 0.751   41.0400
 0.750   41.0800
 0.749   40.8870
 0.748   40.7670
 0.747   41.1540
 0.746   41.2810
 0.745   41.2670
 0.744   41.1540
 0.743   41.0730
 0.742   40.6640
 0.741   40.9840
 0.740   41.2180
 0.739   40.9770
 0.738   40.8800
 0.737   40.9200
 0.736   40.7830
 0.735   40.4930
 0.734   40.4430
 0.733   40.8630
 0.732   40.8700
 0.731   40.7900
 0.730   40.7100
 0.729   41.0240
 0.728   40.7950
 0.727   40.7100
 0.726   40.2460
 0.725   40.5160
 0.724   40.5160
 0.723   40.3750
 0.722   40.3750
 0.721   40.6700
 0.720   40.3790
 0.719   40.0890
 0.718   40.1490
 0.717   40.1100
 0.716   39.9010
 0.715   40.2070
 0.714   40.3870
 0.713   40.3480
 0.712   40.2830
 0.711   39.8740
 0.710   39.8740
 0.709   39.6230
 0.708   39.6030
 0.707   40.0310
 0.706   40.2440
 0.705   40.4030
 0.704   40.5010
 0.703   40.2040
 0.702   40.3230
 0.701   40.2810
 0.700   39.9490
 0.699   40.1630
 0.698   40.5760
 0.697   40.5260
 0.696   40.2540
 0.695   40.3320
 0.694   40.2500
 0.693   39.8060
 0.692   39.8060
 0.691   40.2270
 0.690   40.0870
 0.689   40.1900
 0.688   39.7670
 0.687   39.8270
 0.686   39.9270
 0.685   39.9490
 0.684   39.7670
 0.683   39.7480
 0.682   39.9700
 0.681   39.9890
 0.680   39.6670
 0.679   39.5470
 0.678   39.2470
 0.677   39.6490
 0.676   39.5680
 0.675   39.7480
 0.674   39.5880
 0.673   39.6480
 0.672   39.5470
 0.671   39.7890
 0.670   39.5480
 0.669   39.3270
 0.668   39.5490
 0.667   39.4270
 0.666   39.4470
 0.665   39.3470
 0.664   39.1670
 0.663   39.3270
 0.662   39.5890
 0.661   39.5490
 0.660   39.4270
 0.659   39.4470
 0.658   39.5700
 0.657   39.3880
 0.656   39.1040
 0.655   38.9440
 0.654   39.1040
 0.653   39.2660
 0.652   39.2850
 0.651   39.3260
 0.650   38.9010
 0.649   38.6420
 0.648   38.6420
 0.647   38.9630
 0.646   39.2060
 0.645   39.0640
 0.644   38.8430
 0.643   38.6420
 0.642   38.6200
 0.641   38.7000
 0.640   38.8010
 0.639   39.0030
 0.638   38.6980
 0.637   38.7210
 0.636   38.6810
 0.635   38.6420
 0.634   38.6810
 0.633   38.6810
 0.632   38.6200
 0.631   38.5410
 0.630   38.7790
 0.629   38.3740
 0.628   38.3740
 0.627   38.4570
 0.626   38.4570
 0.625   38.4570
 0.624   38.2950
 0.623   38.4530
 0.622   38.3510
 0.621   38.2100
 0.620   38.4530
 0.619   38.4530
 0.618   38.3910
 0.617   38.2100
 0.616   38.0690
 0.615   37.9910
 0.614   37.9910
 0.613   37.9130
 0.612   37.8510
 0.611   37.9520
 0.610   37.9520
 0.609   37.8510
 0.608   37.8510
 0.607   37.5860
 0.606   37.6640
 0.605   37.7030
 0.604   37.6010
 0.603   37.5760
 0.602   37.7340
 0.601   37.7890
 0.600   37.6710
 0.599   37.4270
 0.598   37.4810
 0.597   37.6620
 0.596   37.8210
 0.595   37.7330
 0.594   37.5510
 0.593   37.3830
 0.592   37.3050
 0.591   37.5110
 0.590   37.3930
 0.589   37.6540
 0.588   37.5900
 0.587   37.3050
 0.586   37.5110
 0.585   37.0850
 0.584   36.9950
 0.583   37.4230
 0.582   36.9820
 0.581   37.0730
 0.580   36.9950
 0.579   37.3830
 0.578   37.5110
 0.577   37.3050
 0.576   37.5110
 0.575   37.5110
 0.574   37.3900
 0.573   37.3880
 0.572   37.3840
 0.571   37.1570
 0.570   37.0300
 0.569   36.8910
 0.568   36.4470
 0.567   36.3450
 0.566   36.3830
 0.565   36.2820
 0.564   36.3830
 0.563   36.2440
 0.562   36.0410
 0.561   36.0140
 0.560   36.0250
 0.559   34.3940
 0.558   35.8590
 0.557   35.6560
 0.556   35.3480
 0.555   35.0150
 0.554   34.8210
 0.553   34.7590
 0.552   34.9910
 0.551   34.9090
 0.550   35.3140
 0.549   35.5730
 0.548   35.6720
 0.547   35.4210
 0.546   35.2390
 0.545   34.9560
 0.544   34.8240
 0.543   35.0970
 0.542   34.9340
 0.541   35.0480
 0.540   34.8990
 0.539   34.7300
 0.538   34.4750
 0.537   34.7560
 0.536   34.6150
 0.535   34.6150
 0.534   34.8200
 0.533   34.8780
 0.532   34.6380
 0.531   34.5740
 0.530   34.6790
 0.529   34.5160
 0.528   34.4510
 0.527   34.3470
 0.526   34.1440
 0.525   34.2820
 0.524   34.1570
 0.523   33.7140
 0.522   33.7790
 0.521   33.8470
 0.520   33.7210
 0.519   33.5920
 0.518   33.5850
 0.517   33.3540
 0.516   33.6210
 0.515   33.3840
 0.514   33.0550
 0.513   33.1870
 0.512   33.3890
 0.511   33.1880
 0.510   33.0920
 0.509   33.3570
 0.508   32.7950
 0.507   32.7950
 0.506   32.3060
 0.505   32.4990
 0.504   32.5970
 0.503   32.5960
 0.502   32.7920
 0.501   32.3020
 0.500   32.2350
 0.499   32.1020
 0.498   31.9740
 0.497   32.0030
 0.496   32.0740
 0.495   31.9720
 0.494   32.0750
 0.493   31.7260
 0.492   31.8470
 0.491   31.7780
 0.490   32.1700
 0.489   32.0100
 0.488   31.6830
 0.487   31.4240
 0.486   31.5550
 0.485   31.4570
 0.484   31.5530
 0.483   31.5820
 0.482   31.8030
 0.481   31.4780
 0.480   31.3840
 0.479   30.9980
 0.478   30.9260
 0.477   30.9260
 0.476   31.1850
 0.475   31.1540
 0.474   30.8270
 0.473   30.7360
 0.472   30.8350
 0.471   30.7980
 0.470   30.7380
 0.469   30.5510
 0.468   30.5510
 0.467   30.6110
 0.466   30.4530
 0.465   30.3630
 0.464   30.3650
 0.463   30.6310
 0.462   30.2190
 0.461   30.3470
 0.460   30.2900
 0.459   30.3740
 0.458   30.5870
 0.457   30.4000
 0.456   30.6840
 0.455   30.4170
 0.454   30.4500
 0.453   30.0360
 0.452   29.9920
 0.451   30.3450
 0.450   30.0830
 0.449   30.0530
 0.448   30.0530
 0.447   30.1880
 0.446   29.8020
 0.445   29.6550
 0.444   29.4460
 0.443   29.5380
 0.442   29.6110
 0.441   29.7950
 0.440   29.7060
 0.439   29.2170
 0.438   29.3900
 0.437   29.6400
 0.436   29.3200
 0.435   29.2130
 0.434   29.0640
 0.433   29.1210
 0.432   28.8530
 0.431   28.9600
 0.430   28.7020
 0.429   28.8710
 0.428   28.3360
 0.427   28.3660
 0.426   28.4150
 0.425   28.0140
 0.424   28.0910
 0.423   28.2310
 0.422   27.8880
 0.421   27.8870
 0.420   28.1870
 0.419   28.0960
 0.418   27.5950
 0.417   27.5950
 0.416   27.6990
 0.415   27.6990
 0.414   27.6170
 0.413   27.5820
 0.412   27.6670
 0.411   27.3750
 0.410   27.2210
 0.409   27.0630
 0.408   27.0610
 0.407   27.0330
 0.406   27.1370
 0.405   27.0550
 0.404   26.8680
 0.403   26.8720
 0.402   26.9550
 0.401   26.7180
 0.400   26.8180
 0.000    0.0000
