Name: Sandstone (Micaceous Red)
Type:  Rocks
Class:  Sedimentary
Subclass: Sandstone 
Particle Size:  0 - 75 Micrometers
Sample No.:  sandstone.3
Owner:  JHU
Wavelength Range:  All
Origin:  Sample No. 363,  The Hunt and Salisbury Collection at the U.S. 
Geological Survey, Denver, Co.
Description: Sample consists of subangular to subrounded quartz 
grains, many (~50%) coated with ferruginous material with adhering, 
interstitial muscovite and green biotite mica. Interstitial carbonate, 
as well as larger carbonate crystals, scattered opaques and minor 
microcline, are present. Brown clay may be present in small amounts 
around the grains.
Measurement:  Directional (10 Degree) Hemispherical Reflectance
First Column:  X
Second Column:  Y  
X Units:  Wavelength (micrometers)
Y Units:  Reflectance (percent)
First X Value: 14.0112
Last X Value:  0.4
Number of X Values: 2844
Additional Information:  None
14.983    3.5172
14.940    3.5115
14.897    3.4381
14.854    3.3659
14.812    3.3483
14.770    3.4056
14.728    3.5248
14.686    3.6614
14.645    3.7550
14.603    3.7495
14.562    3.6382
14.521    3.4559
14.481    3.2491
14.441    3.0689
14.400    2.9597
14.361    2.9450
14.321    3.0206
14.281    3.1594
14.242    3.3315
14.203    3.5098
14.164    3.6721
14.126    3.8035
14.087    3.8985
14.049    3.9546
14.011    3.9690
13.973    3.9359
13.936    3.8520
13.899    3.7204
13.861    3.5527
13.824    3.3649
13.788    3.1783
13.751    3.0192
13.715    2.9135
13.679    2.8811
13.643    2.9294
13.607    3.0500
13.571    3.2200
13.536    3.4101
13.500    3.5937
13.465    3.7512
13.430    3.8741
13.396    3.9626
13.361    4.0235
13.327    4.0630
13.293    4.0879
13.259    4.1059
13.225    4.1237
13.191    4.1445
13.158    4.1680
13.124    4.1926
13.091    4.2156
13.058    4.2362
13.026    4.2565
12.993    4.2823
12.960    4.3172
12.928    4.3603
12.896    4.4079
12.864    4.4510
12.832    4.4789
12.800    4.4839
12.769    4.4637
12.737    4.4218
12.706    4.3681
12.675    4.3150
12.644    4.2755
12.614    4.2563
12.583    4.2579
12.552    4.2733
12.522    4.2902
12.492    4.2970
12.462    4.2885
12.432    4.2653
12.402    4.2352
12.373    4.2130
12.343    4.2120
12.314    4.2392
12.285    4.2939
12.256    4.3700
12.227    4.4588
12.198    4.5509
12.169    4.6437
12.141    4.7422
12.113    4.8545
12.084    4.9864
12.056    5.1413
12.028    5.3194
12.000    5.5199
11.973    5.7373
11.945    5.9602
11.918    6.1681
11.890    6.3346
11.863    6.4319
11.836    6.4461
11.809    6.3864
11.782    6.2931
11.755    6.2216
11.729    6.2119
11.702    6.2733
11.676    6.3760
11.650    6.4655
11.624    6.4821
11.598    6.3881
11.572    6.1852
11.546    5.9095
11.520    5.6097
11.495    5.3333
11.469    5.1136
11.444    4.9682
11.419    4.8985
11.394    4.8969
11.369    4.9523
11.344    5.0546
11.319    5.1924
11.294    5.3535
11.270    5.5209
11.245    5.6736
11.221    5.7887
11.197    5.8425
11.173    5.8197
11.149    5.7184
11.125    5.5514
11.101    5.3445
11.077    5.1273
11.054    4.9270
11.030    4.7624
11.007    4.6404
10.983    4.5570
10.960    4.5021
10.937    4.4630
10.914    4.4306
10.891    4.4012
10.868    4.3761
10.846    4.3588
10.823    4.3527
10.800    4.3598
10.778    4.3773
10.755    4.4000
10.733    4.4228
10.711    4.4424
10.689    4.4585
10.667    4.4720
10.645    4.4848
10.623    4.5002
10.602    4.5192
10.580    4.5407
10.558    4.5620
10.537    4.5805
10.516    4.5926
10.494    4.5954
10.473    4.5871
10.452    4.5677
10.431    4.5379
10.410    4.4978
10.389    4.4474
10.368    4.3872
10.348    4.3198
10.327    4.2478
10.306    4.1758
10.286    4.1095
10.266    4.0531
10.245    4.0072
10.225    3.9683
10.205    3.9330
10.185    3.8985
10.165    3.8639
10.145    3.8317
10.125    3.8073
10.106    3.7945
10.086    3.7933
10.066    3.8004
10.047    3.8116
10.027    3.8229
10.008    3.8329
 9.989    3.8433
 9.970    3.8570
 9.950    3.8762
 9.931    3.9006
 9.912    3.9290
 9.893    3.9581
 9.875    3.9851
 9.856    4.0088
 9.837    4.0297
 9.819    4.0503
 9.800    4.0735
 9.781    4.1024
 9.763    4.1393
 9.745    4.1845
 9.726    4.2364
 9.708    4.2928
 9.690    4.3522
 9.672    4.4131
 9.654    4.4749
 9.636    4.5372
 9.618    4.6001
 9.600    4.6639
 9.582    4.7287
 9.565    4.7948
 9.547    4.8618
 9.530    4.9279
 9.512    4.9914
 9.495    5.0520
 9.477    5.1138
 9.460    5.1846
 9.443    5.2767
 9.426    5.4006
 9.409    5.5623
 9.392    5.7577
 9.375    5.9732
 9.358    6.1899
 9.341    6.3902
 9.324    6.5598
 9.307    6.6917
 9.291    6.7867
 9.274    6.8485
 9.257    6.8821
 9.241    6.8937
 9.225    6.8902
 9.208    6.8807
 9.192    6.8719
 9.175    6.8703
 9.159    6.8793
 9.143    6.8994
 9.127    6.9292
 9.111    6.9669
 9.095    7.0095
 9.079    7.0540
 9.063    7.0969
 9.047    7.1343
 9.032    7.1644
 9.016    7.1869
 9.000    7.2046
 8.985    7.2224
 8.969    7.2428
 8.954    7.2676
 8.938    7.2972
 8.923    7.3311
 8.908    7.3683
 8.892    7.4074
 8.877    7.4486
 8.862    7.4912
 8.847    7.5338
 8.832    7.5738
 8.817    7.6094
 8.802    7.6390
 8.787    7.6631
 8.772    7.6828
 8.757    7.6977
 8.742    7.7036
 8.727    7.6899
 8.713    7.6411
 8.698    7.5440
 8.684    7.3993
 8.669    7.2279
 8.655    7.0701
 8.640    6.9756
 8.626    6.9861
 8.612    7.1168
 8.597    7.3503
 8.583    7.6425
 8.569    7.9409
 8.555    8.2007
 8.541    8.3970
 8.527    8.5273
 8.513    8.6045
 8.499    8.6464
 8.485    8.6691
 8.471    8.6847
 8.457    8.7008
 8.443    8.7222
 8.430    8.7537
 8.416    8.8013
 8.402    8.8704
 8.389    8.9654
 8.375    9.0883
 8.361    9.2365
 8.348    9.4032
 8.335    9.5809
 8.321    9.7625
 8.308    9.9439
 8.295   10.1250
 8.281   10.3090
 8.268   10.4950
 8.255   10.6780
 8.242   10.8470
 8.229   10.9880
 8.216   11.0840
 8.203   11.1190
 8.190   11.0870
 8.177   10.9870
 8.164   10.8300
 8.151   10.6340
 8.138   10.4200
 8.126   10.2080
 8.113   10.0110
 8.100    9.8335
 8.088    9.6772
 8.075    9.5385
 8.062    9.4139
 8.050    9.3017
 8.037    9.2015
 8.025    9.1122
 8.013    9.0312
 8.000    8.9550
 7.988    8.8775
 7.976    8.7932
 7.963    8.6985
 7.951    8.5933
 7.939    8.4820
 7.927    8.3717
 7.915    8.2717
 7.903    8.1879
 7.891    8.1204
 7.879    8.0645
 7.867    8.0124
 7.855    7.9561
 7.843    7.8898
 7.831    7.8140
 7.819    7.7332
 7.808    7.6529
 7.796    7.5795
 7.784    7.5168
 7.772    7.4659
 7.761    7.4249
 7.749    7.3901
 7.737    7.3586
 7.726    7.3292
 7.715    7.3034
 7.703    7.2854
 7.692    7.2807
 7.680    7.2911
 7.669    7.3157
 7.657    7.3484
 7.646    7.3823
 7.635    7.4093
 7.624    7.4258
 7.613    7.4320
 7.601    7.4303
 7.590    7.4235
 7.579    7.4114
 7.568    7.3917
 7.557    7.3607
 7.546    7.3145
 7.535    7.2537
 7.524    7.1817
 7.513    7.1040
 7.502    7.0294
 7.492    6.9643
 7.481    6.9131
 7.470    6.8776
 7.459    6.8570
 7.449    6.8478
 7.438    6.8440
 7.427    6.8383
 7.417    6.8241
 7.406    6.7952
 7.395    6.7478
 7.385    6.6820
 7.374    6.6012
 7.364    6.5117
 7.353    6.4198
 7.343    6.3320
 7.333    6.2522
 7.322    6.1823
 7.312    6.1226
 7.302    6.0734
 7.291    6.0324
 7.281    5.9976
 7.271    5.9663
 7.261    5.9360
 7.251    5.9036
 7.240    5.8673
 7.230    5.8273
 7.220    5.7859
 7.210    5.7449
 7.200    5.7058
 7.190    5.6701
 7.180    5.6393
 7.170    5.6147
 7.160    5.5971
 7.151    5.5879
 7.141    5.5886
 7.131    5.6007
 7.121    5.6267
 7.111    5.6743
 7.102    5.7534
 7.092    5.8756
 7.082    6.0476
 7.072    6.2661
 7.063    6.5172
 7.053    6.7762
 7.044    7.0138
 7.034    7.2051
 7.025    7.3356
 7.015    7.4024
 7.006    7.4130
 6.996    7.3806
 6.987    7.3193
 6.977    7.2404
 6.968    7.1540
 6.959    7.0675
 6.949    6.9882
 6.940    6.9207
 6.931    6.8669
 6.921    6.8260
 6.912    6.7940
 6.903    6.7672
 6.894    6.7424
 6.885    6.7185
 6.875    6.6976
 6.866    6.6829
 6.857    6.6758
 6.848    6.6763
 6.839    6.6822
 6.830    6.6915
 6.821    6.7007
 6.812    6.7080
 6.803    6.7147
 6.794    6.7220
 6.785    6.7322
 6.777    6.7455
 6.768    6.7632
 6.759    6.7864
 6.750    6.8153
 6.741    6.8501
 6.733    6.8916
 6.724    6.9415
 6.715    7.0026
 6.707    7.0761
 6.698    7.1637
 6.689    7.2655
 6.681    7.3787
 6.672    7.4976
 6.663    7.6165
 6.655    7.7339
 6.646    7.8507
 6.638    7.9698
 6.629    8.0941
 6.621    8.2239
 6.612    8.3563
 6.604    8.4851
 6.596    8.6061
 6.587    8.7203
 6.579    8.8339
 6.571    8.9571
 6.562    9.1011
 6.554    9.2744
 6.546    9.4800
 6.537    9.7161
 6.529    9.9761
 6.521   10.2510
 6.513   10.5330
 6.505   10.8190
 6.496   11.1050
 6.488   11.3920
 6.480   11.6740
 6.472   11.9440
 6.464   12.1910
 6.456   12.4050
 6.448   12.5760
 6.440   12.7070
 6.432   12.8040
 6.424   12.8810
 6.416   12.9470
 6.408   13.0030
 6.400   13.0400
 6.392   13.0420
 6.384   12.9910
 6.377   12.8690
 6.369   12.6660
 6.361   12.3810
 6.353   12.0220
 6.345   11.6010
 6.338   11.1360
 6.330   10.6440
 6.322   10.1490
 6.314    9.6663
 6.307    9.2091
 6.299    8.7854
 6.291    8.3987
 6.284    8.0475
 6.276    7.7287
 6.269    7.4417
 6.261    7.1871
 6.253    6.9652
 6.246    6.7753
 6.239    6.6152
 6.231    6.4831
 6.223    6.3770
 6.216    6.2967
 6.209    6.2434
 6.201    6.2207
 6.194    6.2325
 6.186    6.2787
 6.179    6.3564
 6.172    6.4596
 6.164    6.5790
 6.157    6.7028
 6.150    6.8210
 6.142    6.9276
 6.135    7.0202
 6.128    7.1021
 6.121    7.1795
 6.113    7.2605
 6.106    7.3503
 6.099    7.4488
 6.092    7.5525
 6.085    7.6553
 6.078    7.7510
 6.070    7.8351
 6.063    7.9082
 6.056    7.9762
 6.049    8.0439
 6.042    8.1145
 6.035    8.1874
 6.028    8.2616
 6.021    8.3317
 6.014    8.3909
 6.007    8.4349
 6.000    8.4624
 5.993    8.4721
 5.986    8.4643
 5.979    8.4425
 5.973    8.4138
 5.966    8.3871
 5.959    8.3710
 5.952    8.3781
 5.945    8.4188
 5.938    8.4993
 5.931    8.6199
 5.925    8.7759
 5.918    8.9578
 5.911    9.1570
 5.904    9.3656
 5.898    9.5820
 5.891    9.8075
 5.884   10.0430
 5.878   10.2880
 5.871   10.5360
 5.864   10.7780
 5.858   11.0080
 5.851   11.2180
 5.845   11.4100
 5.838   11.5860
 5.831   11.7540
 5.825   11.9190
 5.818   12.0840
 5.812   12.2470
 5.805   12.4030
 5.799   12.5480
 5.792   12.6790
 5.786   12.7940
 5.779   12.8990
 5.773   13.0000
 5.767   13.1000
 5.760   13.2010
 5.754   13.3040
 5.747   13.4050
 5.741   13.5000
 5.735   13.5850
 5.728   13.6590
 5.722   13.7190
 5.716   13.7630
 5.709   13.7850
 5.703   13.7800
 5.697   13.7410
 5.691   13.6640
 5.684   13.5420
 5.678   13.3730
 5.672   13.1570
 5.666   12.8980
 5.660   12.6050
 5.653   12.2920
 5.647   11.9760
 5.641   11.6770
 5.635   11.4060
 5.629   11.1670
 5.623   10.9580
 5.617   10.7750
 5.611   10.6070
 5.604   10.4480
 5.598   10.2970
 5.592   10.1500
 5.586   10.0080
 5.580    9.8679
 5.574    9.7282
 5.568    9.5854
 5.562    9.4371
 5.556    9.2822
 5.551    9.1224
 5.545    8.9621
 5.539    8.8093
 5.533    8.6755
 5.527    8.5715
 5.521    8.5052
 5.515    8.4816
 5.509    8.5015
 5.503    8.5661
 5.497    8.6817
 5.492    8.8616
 5.486    9.1259
 5.480    9.4932
 5.474    9.9730
 5.468   10.5560
 5.463   11.2110
 5.457   11.8900
 5.451   12.5390
 5.446   13.1090
 5.440   13.5650
 5.434   13.8900
 5.428   14.0850
 5.423   14.1600
 5.417   14.1270
 5.411   14.0000
 5.406   13.7960
 5.400   13.5340
 5.394   13.2340
 5.389   12.9230
 5.383   12.6270
 5.378   12.3690
 5.372   12.1630
 5.367   12.0170
 5.361   11.9310
 5.356   11.9020
 5.350   11.9220
 5.345   11.9820
 5.339   12.0730
 5.333   12.1870
 5.328   12.3150
 5.322   12.4510
 5.317   12.5950
 5.312   12.7460
 5.306   12.9090
 5.301   13.0900
 5.295   13.2990
 5.290   13.5390
 5.285   13.8180
 5.279   14.1350
 5.274   14.4920
 5.268   14.8860
 5.263   15.3160
 5.258   15.7840
 5.252   16.2910
 5.247   16.8370
 5.242   17.4200
 5.237   18.0310
 5.231   18.6510
 5.226   19.2590
 5.221   19.8280
 5.215   20.3370
 5.210   20.7690
 5.205   21.1180
 5.200   21.3870
 5.194   21.5860
 5.189   21.7290
 5.184   21.8320
 5.179   21.9090
 5.174   21.9700
 5.169   22.0230
 5.164   22.0700
 5.158   22.1110
 5.153   22.1470
 5.148   22.1810
 5.143   22.2160
 5.138   22.2590
 5.133   22.3140
 5.128   22.3840
 5.123   22.4600
 5.118   22.5320
 5.113   22.5800
 5.107   22.5870
 5.103   22.5400
 5.098   22.4330
 5.093   22.2700
 5.088   22.0660
 5.082   21.8440
 5.077   21.6310
 5.073   21.4540
 5.068   21.3340
 5.063   21.2820
 5.058   21.2960
 5.053   21.3620
 5.048   21.4560
 5.043   21.5530
 5.038   21.6350
 5.033   21.6910
 5.028   21.7250
 5.023   21.7450
 5.019   21.7690
 5.014   21.8080
 5.009   21.8750
 5.004   21.9760
 4.999   22.1170
 4.994   22.3060
 4.990   22.5510
 4.985   22.8620
 4.980   23.2450
 4.975   23.6960
 4.970   24.1960
 4.966   24.7160
 4.961   25.2220
 4.956   25.6800
 4.951   26.0700
 4.947   26.3910
 4.942   26.6610
 4.937   26.9110
 4.933   27.1800
 4.928   27.5050
 4.923   27.9160
 4.919   28.4290
 4.914   29.0450
 4.909   29.7520
 4.905   30.5240
 4.900   31.3270
 4.895   32.1260
 4.891   32.8880
 4.886   33.5890
 4.882   34.2160
 4.877   34.7660
 4.872   35.2440
 4.868   35.6590
 4.863   36.0230
 4.859   36.3440
 4.854   36.6290
 4.849   36.8820
 4.845   37.1090
 4.840   37.3130
 4.836   37.4990
 4.832   37.6710
 4.827   37.8310
 4.822   37.9810
 4.818   38.1200
 4.814   38.2510
 4.809   38.3760
 4.805   38.4970
 4.800   38.6150
 4.796   38.7310
 4.791   38.8430
 4.787   38.9500
 4.782   39.0520
 4.778   39.1500
 4.774   39.2460
 4.769   39.3430
 4.765   39.4400
 4.761   39.5340
 4.756   39.6220
 4.752   39.6990
 4.747   39.7650
 4.743   39.8200
 4.739   39.8660
 4.734   39.9040
 4.730   39.9310
 4.726   39.9390
 4.721   39.9230
 4.717   39.8750
 4.713   39.7880
 4.709   39.6620
 4.704   39.5000
 4.700   39.3060
 4.696   39.0940
 4.691   38.8720
 4.687   38.6530
 4.683   38.4460
 4.679   38.2560
 4.675   38.0880
 4.670   37.9400
 4.666   37.8160
 4.662   37.7160
 4.658   37.6420
 4.654   37.5980
 4.649   37.5840
 4.645   37.6010
 4.641   37.6420
 4.637   37.7010
 4.633   37.7700
 4.629   37.8430
 4.625   37.9190
 4.620   38.0030
 4.616   38.1020
 4.612   38.2250
 4.608   38.3800
 4.604   38.5720
 4.600   38.7970
 4.596   39.0470
 4.592   39.3130
 4.588   39.5810
 4.584   39.8420
 4.580   40.0890
 4.576   40.3190
 4.572   40.5300
 4.567   40.7220
 4.564   40.8940
 4.559   41.0480
 4.556   41.1800
 4.551   41.2900
 4.548   41.3750
 4.543   41.4370
 4.540   41.4720
 4.536   41.4820
 4.532   41.4690
 4.528   41.4370
 4.524   41.3890
 4.520   41.3300
 4.516   41.2640
 4.512   41.1980
 4.508   41.1370
 4.504   41.0850
 4.500   41.0440
 4.496   41.0110
 4.492   40.9780
 4.488   40.9360
 4.485   40.8800
 4.481   40.8110
 4.477   40.7330
 4.473   40.6590
 4.469   40.6010
 4.465   40.5680
 4.461   40.5620
 4.458   40.5830
 4.454   40.6230
 4.450   40.6790
 4.446   40.7480
 4.442   40.8280
 4.439   40.9230
 4.435   41.0350
 4.431   41.1680
 4.427   41.3210
 4.423   41.4930
 4.420   41.6800
 4.416   41.8790
 4.412   42.0880
 4.408   42.3030
 4.404   42.5230
 4.401   42.7450
 4.397   42.9650
 4.393   43.1820
 4.390   43.3930
 4.386   43.5940
 4.382   43.7860
 4.378   43.9690
 4.375   44.1430
 4.371   44.3070
 4.367   44.4580
 4.364   44.5910
 4.360   44.6990
 4.356   44.7730
 4.353   44.8070
 4.349   44.8000
 4.346   44.7560
 4.342   44.6860
 4.338   44.6030
 4.335   44.5160
 4.331   44.4330
 4.327   44.3540
 4.324   44.2800
 4.320   44.2070
 4.316   44.1350
 4.313   44.0650
 4.309   43.9990
 4.306   43.9390
 4.302   43.8860
 4.299   43.8380
 4.295   43.7920
 4.292   43.7410
 4.288   43.6750
 4.284   43.5900
 4.281   43.4880
 4.277   43.3840
 4.274   43.3050
 4.270   43.2780
 4.267   43.3240
 4.263   43.4450
 4.260   43.6230
 4.256   43.8270
 4.253   44.0210
 4.249   44.1810
 4.246   44.3010
 4.242   44.3830
 4.239   44.4400
 4.235   44.4850
 4.232   44.5240
 4.229   44.5600
 4.225   44.5940
 4.222   44.6280
 4.218   44.6640
 4.215   44.7060
 4.211   44.7550
 4.208   44.8100
 4.205   44.8650
 4.201   44.9160
 4.198   44.9570
 4.194   44.9860
 4.191   45.0040
 4.188   45.0120
 4.184   45.0120
 4.181   45.0080
 4.177   44.9990
 4.174   44.9850
 4.171   44.9650
 4.167   44.9380
 4.164   44.9040
 4.161   44.8660
 4.157   44.8270
 4.154   44.7920
 4.151   44.7650
 4.147   44.7520
 4.144   44.7510
 4.141   44.7620
 4.137   44.7820
 4.134   44.8050
 4.131   44.8280
 4.128   44.8470
 4.124   44.8560
 4.121   44.8530
 4.118   44.8380
 4.114   44.8090
 4.111   44.7700
 4.108   44.7220
 4.105   44.6650
 4.101   44.6010
 4.098   44.5300
 4.095   44.4510
 4.092   44.3620
 4.088   44.2600
 4.085   44.1430
 4.082   44.0070
 4.079   43.8490
 4.076   43.6720
 4.072   43.4750
 4.069   43.2620
 4.066   43.0340
 4.063   42.7930
 4.060   42.5380
 4.056   42.2680
 4.053   41.9800
 4.050   41.6710
 4.047   41.3340
 4.044   40.9660
 4.041   40.5600
 4.037   40.1150
 4.034   39.6270
 4.031   39.0940
 4.028   38.5130
 4.025   37.8800
 4.022   37.1900
 4.019   36.4400
 4.016   35.6280
 4.013   34.7610
 4.009   33.8480
 4.006   32.9050
 4.003   31.9430
 4.000   30.9710
 3.997   29.9880
 3.994   28.9860
 3.991   27.9520
 3.988   26.8790
 3.985   25.7770
 3.982   24.6720
 3.979   23.6110
 3.976   22.6490
 3.973   21.8410
 3.970   21.2210
 3.966   20.7980
 3.963   20.5560
 3.960   20.4570
 3.957   20.4580
 3.954   20.5160
 3.951   20.6040
 3.948   20.7050
 3.945   20.8170
 3.942   20.9410
 3.939   21.0780
 3.936   21.2260
 3.933   21.3800
 3.930   21.5350
 3.927   21.6910
 3.924   21.8570
 3.921   22.0540
 3.918   22.3070
 3.916   22.6420
 3.913   23.0700
 3.910   23.5870
 3.907   24.1630
 3.904   24.7530
 3.901   25.3050
 3.898   25.7740
 3.895   26.1350
 3.892   26.3850
 3.889   26.5470
 3.886   26.6570
 3.883   26.7530
 3.880   26.8650
 3.877   27.0090
 3.875   27.1930
 3.872   27.4260
 3.869   27.7210
 3.866   28.1070
 3.863   28.6160
 3.860   29.2670
 3.857   30.0560
 3.854   30.9400
 3.852   31.8440
 3.849   32.6730
 3.846   33.3370
 3.843   33.7730
 3.840   33.9570
 3.837   33.8980
 3.834   33.6380
 3.832   33.2240
 3.829   32.6990
 3.826   32.0960
 3.823   31.4370
 3.820   30.7450
 3.817   30.0480
 3.815   29.3910
 3.812   28.8260
 3.809   28.4080
 3.806   28.1820
 3.804   28.1680
 3.801   28.3620
 3.798   28.7370
 3.795   29.2510
 3.792   29.8610
 3.790   30.5280
 3.787   31.2220
 3.784   31.9200
 3.781   32.6120
 3.779   33.2890
 3.776   33.9500
 3.773   34.6000
 3.770   35.2440
 3.768   35.8900
 3.765   36.5440
 3.762   37.2110
 3.759   37.8900
 3.757   38.5740
 3.754   39.2510
 3.751   39.9090
 3.748   40.5280
 3.746   41.0930
 3.743   41.5900
 3.740   42.0100
 3.738   42.3530
 3.735   42.6240
 3.732   42.8350
 3.730   42.9980
 3.727   43.1280
 3.724   43.2340
 3.722   43.3260
 3.719   43.4080
 3.716   43.4830
 3.714   43.5540
 3.711   43.6210
 3.708   43.6850
 3.706   43.7460
 3.703   43.8040
 3.700   43.8620
 3.698   43.9170
 3.695   43.9710
 3.692   44.0200
 3.690   44.0610
 3.687   44.0900
 3.684   44.1050
 3.682   44.1080
 3.679   44.1020
 3.677   44.0890
 3.674   44.0720
 3.672   44.0530
 3.669   44.0300
 3.666   44.0020
 3.664   43.9690
 3.661   43.9320
 3.659   43.8950
 3.656   43.8590
 3.653   43.8250
 3.651   43.7910
 3.648   43.7540
 3.646   43.7110
 3.643   43.6630
 3.641   43.6130
 3.638   43.5610
 3.636   43.5080
 3.633   43.4530
 3.630   43.3920
 3.628   43.3250
 3.625   43.2490
 3.623   43.1670
 3.620   43.0810
 3.618   42.9940
 3.615   42.9080
 3.613   42.8240
 3.610   42.7420
 3.608   42.6620
 3.605   42.5820
 3.603   42.5000
 3.600   42.4170
 3.598   42.3320
 3.595   42.2460
 3.593   42.1600
 3.590   42.0740
 3.588   41.9860
 3.585   41.8950
 3.583   41.7980
 3.580   41.6910
 3.578   41.5760
 3.575   41.4510
 3.573   41.3170
 3.570   41.1710
 3.568   41.0090
 3.565   40.8230
 3.563   40.6060
 3.561   40.3560
 3.558   40.0800
 3.556   39.7910
 3.553   39.5120
 3.551   39.2670
 3.548   39.0710
 3.546   38.9250
 3.543   38.8160
 3.541   38.7180
 3.539   38.6020
 3.536   38.4440
 3.534   38.2320
 3.531   37.9650
 3.529   37.6450
 3.527   37.2810
 3.524   36.8740
 3.522   36.4230
 3.519   35.9230
 3.517   35.3740
 3.515   34.7760
 3.512   34.1320
 3.510   33.4490
 3.507   32.7320
 3.505   31.9910
 3.503   31.2330
 3.500   30.4680
 3.498   29.7140
 3.496   28.9870
 3.493   28.3040
 3.491   27.6740
 3.489   27.1060
 3.486   26.5970
 3.484   26.1390
 3.482   25.7240
 3.479   25.3450
 3.477   24.9940
 3.475   24.6680
 3.472   24.3650
 3.470   24.0820
 3.468   23.8160
 3.465   23.5630
 3.463   23.3230
 3.461   23.0980
 3.458   22.8920
 3.456   22.7170
 3.454   22.5850
 3.451   22.5110
 3.449   22.5090
 3.447   22.5930
 3.445   22.7680
 3.442   23.0320
 3.440   23.3740
 3.438   23.7700
 3.436   24.1890
 3.433   24.6000
 3.431   24.9760
 3.429   25.2990
 3.426   25.5610
 3.424   25.7670
 3.422   25.9230
 3.420   26.0410
 3.417   26.1290
 3.415   26.1950
 3.413   26.2460
 3.411   26.2860
 3.408   26.3210
 3.406   26.3560
 3.404   26.3930
 3.402   26.4310
 3.399   26.4690
 3.397   26.5030
 3.395   26.5340
 3.393   26.5650
 3.391   26.6050
 3.388   26.6650
 3.386   26.7500
 3.384   26.8560
 3.382   26.9690
 3.380   27.0640
 3.377   27.1160
 3.375   27.1050
 3.373   27.0230
 3.371   26.8740
 3.369   26.6730
 3.366   26.4410
 3.364   26.1970
 3.362   25.9560
 3.360   25.7270
 3.358   25.5110
 3.355   25.3080
 3.353   25.1130
 3.351   24.9270
 3.349   24.7510
 3.347   24.5900
 3.345   24.4510
 3.342   24.3390
 3.340   24.2560
 3.338   24.2010
 3.336   24.1670
 3.334   24.1400
 3.332   24.1080
 3.330   24.0550
 3.327   23.9700
 3.325   23.8470
 3.323   23.6830
 3.321   23.4820
 3.319   23.2570
 3.317   23.0220
 3.315   22.8000
 3.313   22.6180
 3.310   22.5110
 3.308   22.5160
 3.306   22.6730
 3.304   23.0100
 3.302   23.5350
 3.300   24.2260
 3.298   25.0290
 3.296   25.8710
 3.294   26.6700
 3.292   27.3620
 3.289   27.9100
 3.287   28.3090
 3.285   28.5790
 3.283   28.7540
 3.281   28.8680
 3.279   28.9470
 3.277   29.0060
 3.275   29.0500
 3.273   29.0810
 3.271   29.0990
 3.269   29.1050
 3.267   29.1030
 3.265   29.0970
 3.263   29.0900
 3.261   29.0830
 3.258   29.0740
 3.256   29.0620
 3.254   29.0440
 3.252   29.0200
 3.250   28.9910
 3.248   28.9570
 3.246   28.9200
 3.244   28.8810
 3.242   28.8410
 3.240   28.8000
 3.238   28.7560
 3.236   28.7090
 3.234   28.6580
 3.232   28.6020
 3.230   28.5410
 3.228   28.4750
 3.226   28.4060
 3.224   28.3370
 3.222   28.2680
 3.220   28.2020
 3.218   28.1390
 3.216   28.0760
 3.214   28.0130
 3.212   27.9470
 3.210   27.8760
 3.208   27.7980
 3.206   27.7140
 3.204   27.6250
 3.202   27.5340
 3.200   27.4410
 3.198   27.3520
 3.196   27.2670
 3.194   27.1870
 3.192   27.1110
 3.190   27.0360
 3.188   26.9620
 3.186   26.8870
 3.184   26.8120
 3.182   26.7380
 3.180   26.6640
 3.179   26.5900
 3.177   26.5160
 3.175   26.4440
 3.173   26.3740
 3.171   26.3070
 3.169   26.2430
 3.167   26.1780
 3.165   26.1110
 3.163   26.0380
 3.161   25.9610
 3.159   25.8820
 3.157   25.8060
 3.155   25.7330
 3.153   25.6670
 3.152   25.6020
 3.150   25.5360
 3.148   25.4620
 3.146   25.3790
 3.144   25.2890
 3.142   25.1970
 3.140   25.1070
 3.138   25.0270
 3.136   24.9570
 3.134   24.8960
 3.132   24.8380
 3.131   24.7810
 3.129   24.7230
 3.127   24.6630
 3.125   24.6030
 3.123   24.5450
 3.121   24.4870
 3.119   24.4280
 3.117   24.3670
 3.115   24.3030
 3.114   24.2380
 3.112   24.1740
 3.110   24.1130
 3.108   24.0550
 3.106   24.0010
 3.104   23.9490
 3.102   23.8980
 3.101   23.8460
 3.099   23.7920
 3.097   23.7370
 3.095   23.6770
 3.093   23.6140
 3.091   23.5500
 3.090   23.4880
 3.088   23.4320
 3.086   23.3850
 3.084   23.3490
 3.082   23.3210
 3.080   23.2990
 3.079   23.2790
 3.077   23.2600
 3.075   23.2390
 3.073   23.2140
 3.071   23.1860
 3.069   23.1580
 3.067   23.1300
 3.066   23.1050
 3.064   23.0830
 3.062   23.0660
 3.060   23.0510
 3.059   23.0320
 3.057   23.0100
 3.055   22.9830
 3.053   22.9500
 3.051   22.9130
 3.050   22.8770
 3.048   22.8460
 3.046   22.8200
 3.044   22.8000
 3.042   22.7830
 3.041   22.7670
 3.039   22.7520
 3.037   22.7340
 3.035   22.7130
 3.033   22.6900
 3.032   22.6620
 3.030   22.6280
 3.028   22.5890
 3.026   22.5470
 3.025   22.5060
 3.023   22.4670
 3.021   22.4310
 3.019   22.3960
 3.018   22.3600
 3.016   22.3200
 3.014   22.2760
 3.012   22.2300
 3.011   22.1840
 3.009   22.1400
 3.007   22.0970
 3.005   22.0530
 3.004   22.0090
 3.002   21.9630
 3.000   21.9170
 2.998   21.8740
 2.997   21.8330
 2.995   21.7940
 2.993   21.7560
 2.991   21.7180
 2.990   21.6790
 2.988   21.6400
 2.986   21.6030
 2.985   21.5670
 2.983   21.5310
 2.981   21.4950
 2.979   21.4580
 2.978   21.4190
 2.976   21.3760
 2.974   21.3320
 2.973   21.2850
 2.971   21.2350
 2.969   21.1810
 2.967   21.1290
 2.966   21.0790
 2.964   21.0340
 2.962   20.9920
 2.961   20.9540
 2.959   20.9160
 2.957   20.8770
 2.956   20.8360
 2.954   20.7970
 2.952   20.7630
 2.951   20.7360
 2.949   20.7200
 2.947   20.7110
 2.946   20.7030
 2.944   20.6900
 2.942   20.6660
 2.941   20.6300
 2.939   20.5880
 2.937   20.5480
 2.936   20.5210
 2.934   20.5090
 2.932   20.5090
 2.931   20.5140
 2.929   20.5160
 2.927   20.5100
 2.926   20.4960
 2.924   20.4810
 2.922   20.4740
 2.921   20.4770
 2.919   20.4890
 2.917   20.5080
 2.916   20.5310
 2.914   20.5530
 2.912   20.5740
 2.911   20.5940
 2.909   20.6140
 2.908   20.6330
 2.906   20.6510
 2.904   20.6700
 2.903   20.6930
 2.901   20.7180
 2.899   20.7430
 2.898   20.7670
 2.896   20.7870
 2.895   20.8040
 2.893   20.8200
 2.891   20.8360
 2.890   20.8560
 2.888   20.8800
 2.886   20.9030
 2.885   20.9260
 2.883   20.9480
 2.882   20.9710
 2.880   20.9960
 2.878   21.0260
 2.877   21.0600
 2.875   21.0960
 2.874   21.1310
 2.872   21.1630
 2.870   21.1920
 2.869   21.2200
 2.867   21.2460
 2.866   21.2680
 2.864   21.2880
 2.863   21.3010
 2.861   21.3060
 2.859   21.3000
 2.858   21.2880
 2.856   21.2710
 2.855   21.2510
 2.853   21.2350
 2.852   21.2220
 2.850   21.2080
 2.848   21.1880
 2.847   21.1540
 2.845   21.1040
 2.844   21.0350
 2.842   20.9500
 2.841   20.8540
 2.839   20.7520
 2.837   20.6430
 2.836   20.5280
 2.834   20.4060
 2.833   20.2750
 2.831   20.1360
 2.830   19.9890
 2.828   19.8350
 2.827   19.6750
 2.825   19.5050
 2.824   19.3240
 2.822   19.1330
 2.821   18.9320
 2.819   18.7220
 2.817   18.5080
 2.816   18.2940
 2.814   18.0780
 2.813   17.8580
 2.811   17.6280
 2.810   17.3830
 2.808   17.1190
 2.807   16.8340
 2.805   16.5300
 2.804   16.2120
 2.802   15.8810
 2.801   15.5380
 2.799   15.1830
 2.798   14.8150
 2.796   14.4350
 2.795   14.0420
 2.793   13.6430
 2.792   13.2400
 2.790   12.8370
 2.789   12.4390
 2.787   12.0490
 2.786   11.6680
 2.784   11.2990
 2.783   10.9430
 2.781   10.6030
 2.780   10.2780
 2.778    9.9688
 2.777    9.6751
 2.775    9.3983
 2.774    9.1366
 2.772    8.8889
 2.771    8.6563
 2.769    8.4401
 2.768    8.2410
 2.766    8.0605
 2.765    7.9033
 2.763    7.7728
 2.762    7.6707
 2.761    7.5992
 2.759    7.5620
 2.757    7.5625
 2.756    7.6013
 2.755    7.6788
 2.753    7.7922
 2.752    7.9348
 2.750    8.0948
 2.749    8.2618
 2.747    8.4306
 2.746    8.5997
 2.744    8.7724
 2.743    8.9561
 2.741    9.1589
 2.740    9.3848
 2.739    9.6356
 2.737    9.9145
 2.736   10.2260
 2.734   10.5760
 2.733   10.9750
 2.731   11.4320
 2.730   11.9550
 2.728   12.5490
 2.727   13.2220
 2.726   13.9800
 2.724   14.8320
 2.723   15.7830
 2.721   16.8350
 2.720   17.9780
 2.719   19.1910
 2.717   20.4460
 2.716   21.7140
 2.714   22.9700
 2.713   24.1970
 2.711   25.3870
 2.710   26.5360
 2.708   27.6430
 2.707   28.7090
 2.706   29.7360
 2.704   30.7260
 2.703   31.6850
 2.701   32.6150
 2.700   33.5160
 2.699   34.3870
 2.697   35.2270
 2.696   36.0370
 2.695   36.8160
 2.693   37.5600
 2.692   38.2630
 2.690   38.9180
 2.689   39.5150
 2.688   40.0470
 2.686   40.5130
 2.685   40.9160
 2.683   41.2600
 2.682   41.5540
 2.680   41.8060
 2.679   42.0280
 2.678   42.2250
 2.676   42.4030
 2.675   42.5550
 2.674   42.6810
 2.672   42.7850
 2.671   42.8720
 2.670   42.9570
 2.668   43.0580
 2.667   43.1900
 2.665   43.3550
 2.664   43.5350
 2.663   43.7150
 2.661   43.8780
 2.660   44.0100
 2.659   44.1080
 2.657   44.1800
 2.656   44.2380
 2.655   44.2910
 2.653   44.3420
 2.652   44.3940
 2.650   44.4440
 2.649   44.4890
 2.648   44.5280
 2.646   44.5610
 2.645   44.5880
 2.644   44.6120
 2.642   44.6360
 2.641   44.6580
 2.640   44.6750
 2.638   44.6850
 2.637   44.6830
 2.636   44.6660
 2.634   44.6330
 2.633   44.5930
 2.632   44.5590
 2.630   44.5380
 2.629   44.5360
 2.627   44.5530
 2.626   44.5770
 2.625   44.5930
 2.624   44.5900
 2.622   44.5720
 2.621   44.5440
 2.620   44.5210
 2.618   44.5160
 2.617   44.5350
 2.616   44.5720
 2.614   44.6110
 2.613   44.6370
 2.612   44.6420
 2.610   44.6210
 2.609   44.5810
 2.608   44.5420
 2.606   44.5270
 2.605   44.5440
 2.604   44.5910
 2.603   44.6530
 2.601   44.7030
 2.600   44.7160
 2.599   44.6850
 2.597   44.6290
 2.596   44.5830
 2.595   44.5720
 2.593   44.6070
 2.592   44.6770
 2.591   44.7580
 2.590   44.8210
 2.588   44.8500
 2.587   44.8550
 2.586   44.8560
 2.584   44.8670
 2.583   44.8930
 2.582   44.9270
 2.580   44.9560
 2.579   44.9700
 2.578   44.9640
 2.577   44.9460
 2.575   44.9310
 2.574   44.9280
 2.573   44.9400
 2.571   44.9640
 2.570   44.9890
 2.569   45.0030
 2.568   44.9960
 2.566   44.9680
 2.565   44.9280
 2.564   44.8910
 2.563   44.8710
 2.561   44.8740
 2.560   44.8950
 2.559   44.9220
 2.558   44.9410
 2.556   44.9410
 2.555   44.9240
 2.554   44.8980
 2.553   44.8720
 2.551   44.8510
 2.550   44.8330
 2.549   44.8130
 2.547   44.7850
 2.546   44.7470
 2.545   44.6990
 2.544   44.6460
 2.543   44.5910
 2.541   44.5340
 2.540   44.4730
 2.539   44.4080
 2.538   44.3350
 2.536   44.2560
 2.535   44.1750
 2.534   44.0960
 2.533   44.0230
 2.531   43.9580
 2.530   43.9010
 2.529   43.8490
 2.528   43.7980
 2.526   43.7460
 2.525   43.6920
 2.524   43.6390
 2.523   43.5880
 2.522   43.5410
 2.520   43.4980
 2.519   43.4580
 2.518   43.4220
 2.517   43.3880
 2.515   43.3570
 2.514   43.3300
 2.513   43.3100
 2.512   43.2960
 2.511   43.2890
 2.509   43.2880
 2.508   43.2920
 2.507   43.3000
 2.506   43.3090
 2.504   43.3190
 2.503   43.3280
 2.502   43.3380
 2.501   43.3450
 2.500   43.3500
 2.498   43.3510
 2.497   43.3500
 2.496   43.3500
 2.495   43.3520
 2.494   43.3580
 2.492   43.3700
 2.491   43.3860
 2.490   43.4040
 2.489   43.4200
 2.488   43.4330
 2.486   43.4430
 2.485   43.4500
 2.484   43.4560
 2.483   43.4630
 2.482   43.4720
 2.481   43.4820
 2.479   43.4890
 2.478   43.4900
 2.477   43.4830
 2.476   43.4670
 2.474   43.4460
 2.473   43.4220
 2.472   43.4000
 2.471   43.3810
 2.470   43.3660
 2.469   43.3540
 2.467   43.3440
 2.466   43.3370
 2.465   43.3300
 2.464   43.3250
 2.463   43.3220
 2.462   43.3180
 2.460   43.3130
 2.459   43.3040
 2.458   43.2930
 2.457   43.2820
 2.456   43.2750
 2.455   43.2740
 2.454   43.2800
 2.452   43.2890
 2.451   43.2980
 2.450   43.3040
 2.449   43.3060
 2.448   43.3050
 2.446   43.3060
 2.445   43.3100
 2.444   43.3170
 2.443   43.3240
 2.442   43.3330
 2.441   43.3430
 2.440   43.3550
 2.438   43.3730
 2.437   43.3980
 2.436   43.4280
 2.435   43.4600
 2.434   43.4910
 2.433   43.5180
 2.432   43.5400
 2.430   43.5600
 2.429   43.5810
 2.428   43.6050
 2.427   43.6330
 2.426   43.6650
 2.425   43.7010
 2.424   43.7380
 2.422   43.7730
 2.421   43.8070
 2.420   43.8370
 2.419   43.8640
 2.418   43.8880
 2.417   43.9100
 2.416   43.9300
 2.415   43.9490
 2.414   43.9660
 2.412   43.9800
 2.411   43.9920
 2.410   44.0020
 2.409   44.0100
 2.408   44.0170
 2.407   44.0280
 2.406   44.0430
 2.405   44.0630
 2.403   44.0860
 2.402   44.1080
 2.401   44.1250
 2.400   44.1340
 2.399   44.1360
 2.398   44.1330
 2.397   44.1270
 2.396   44.1200
 2.394   44.1130
 2.393   44.1080
 2.392   44.1020
 2.391   44.0920
 2.390   44.0810
 2.389   44.0660
 2.388   44.0490
 2.387   44.0320
 2.386   44.0170
 2.385   44.0080
 2.384   44.0040
 2.382   44.0060
 2.381   44.0110
 2.380   44.0160
 2.379   44.0200
 2.378   44.0220
 2.377   44.0210
 2.376   44.0190
 2.375   44.0160
 2.374   44.0130
 2.373   44.0100
 2.372   44.0040
 2.370   43.9950
 2.369   43.9830
 2.368   43.9690
 2.367   43.9560
 2.366   43.9460
 2.365   43.9380
 2.364   43.9310
 2.363   43.9230
 2.362   43.9120
 2.361   43.8930
 2.360   43.8670
 2.359   43.8360
 2.357   43.8010
 2.356   43.7650
 2.355   43.7310
 2.354   43.6990
 2.353   43.6700
 2.352   43.6420
 2.351   43.6140
 2.350   43.5860
 2.349   43.5600
 2.348   43.5370
 2.347   43.5180
 2.346   43.5040
 2.345   43.4940
 2.344   43.4870
 2.343   43.4800
 2.341   43.4740
 2.341   43.4700
 2.339   43.4700
 2.338   43.4730
 2.337   43.4790
 2.336   43.4890
 2.335   43.5010
 2.334   43.5110
 2.333   43.5210
 2.332   43.5310
 2.331   43.5410
 2.330   43.5510
 2.329   43.5630
 2.328   43.5760
 2.327   43.5890
 2.326   43.6010
 2.325   43.6170
 2.324   43.6380
 2.323   43.6670
 2.322   43.7020
 2.321   43.7390
 2.320   43.7750
 2.318   43.8020
 2.317   43.8210
 2.316   43.8360
 2.315   43.8530
 2.314   43.8800
 2.313   43.9190
 2.312   43.9670
 2.311   44.0170
 2.310   44.0610
 2.309   44.0920
 2.308   44.1070
 2.307   44.1110
 2.306   44.1090
 2.305   44.1080
 2.304   44.1130
 2.303   44.1230
 2.302   44.1340
 2.301   44.1440
 2.300   44.1490
 2.299   44.1500
 2.298   44.1500
 2.297   44.1560
 2.296   44.1690
 2.295   44.1890
 2.294   44.2120
 2.293   44.2320
 2.292   44.2450
 2.291   44.2500
 2.290   44.2520
 2.289   44.2570
 2.288   44.2700
 2.287   44.2910
 2.286   44.3140
 2.285   44.3350
 2.284   44.3480
 2.283   44.3520
 2.282   44.3470
 2.281   44.3380
 2.280   44.3290
 2.279   44.3200
 2.278   44.3130
 2.277   44.3110
 2.276   44.3120
 2.275   44.3130
 2.274   44.3110
 2.273   44.3050
 2.272   44.2940
 2.271   44.2760
 2.270   44.2560
 2.269   44.2380
 2.268   44.2230
 2.267   44.2100
 2.266   44.2010
 2.265   44.1940
 2.264   44.1840
 2.263   44.1660
 2.262   44.1390
 2.261   44.1020
 2.260   44.0560
 2.259   44.0120
 2.258   43.9780
 2.257   43.9600
 2.256   43.9560
 2.255   43.9600
 2.254   43.9640
 2.253   43.9590
 2.252   43.9430
 2.251   43.9180
 2.250   43.8890
 2.249   43.8580
 2.248   43.8290
 2.247   43.8000
 2.246   43.7710
 2.245   43.7410
 2.244   43.7090
 2.243   43.6790
 2.242   43.6520
 2.241   43.6300
 2.240   43.6110
 2.239   43.5950
 2.238   43.5790
 2.237   43.5610
 2.236   43.5390
 2.236   43.5130
 2.235   43.4830
 2.234   43.4510
 2.233   43.4150
 2.232   43.3770
 2.231   43.3380
 2.230   43.2980
 2.229   43.2570
 2.228   43.2140
 2.227   43.1670
 2.226   43.1130
 2.225   43.0540
 2.224   42.9940
 2.223   42.9360
 2.222   42.8850
 2.221   42.8410
 2.220   42.8040
 2.219   42.7680
 2.218   42.7310
 2.217   42.6930
 2.216   42.6550
 2.216   42.6160
 2.215   42.5750
 2.214   42.5340
 2.213   42.4900
 2.212   42.4460
 2.211   42.4070
 2.210   42.3760
 2.209   42.3580
 2.208   42.3500
 2.207   42.3540
 2.206   42.3630
 2.205   42.3740
 2.204   42.3800
 2.203   42.3800
 2.202   42.3730
 2.201   42.3620
 2.200   42.3530
 2.200   42.3570
 2.199   42.3810
 2.198   42.4260
 2.197   42.4860
 2.196   42.5560
 2.195   42.6250
 2.194   42.6810
 2.193   42.7290
 2.192   42.7730
 2.191   42.8210
 2.190   42.8780
 2.189   42.9450
 2.188   43.0180
 2.187   43.0870
 2.187   43.1440
 2.186   43.1890
 2.185   43.2250
 2.184   43.2580
 2.183   43.2960
 2.182   43.3430
 2.181   43.3990
 2.180   43.4590
 2.179   43.5150
 2.178   43.5610
 2.177   43.5960
 2.176   43.6250
 2.176   43.6530
 2.175   43.6860
 2.174   43.7260
 2.173   43.7660
 2.172   43.7990
 2.171   43.8180
 2.170   43.8260
 2.169   43.8280
 2.168   43.8340
 2.167   43.8500
 2.166   43.8780
 2.166   43.9120
 2.165   43.9440
 2.164   43.9680
 2.163   43.9850
 2.162   43.9960
 2.161   44.0020
 2.160   44.0070
 2.159   44.0130
 2.158   44.0190
 2.157   44.0250
 2.156   44.0290
 2.156   44.0300
 2.155   44.0270
 2.154   44.0200
 2.153   44.0120
 2.152   44.0060
 2.151   44.0030
 2.150   44.0040
 2.149   44.0040
 2.148   43.9990
 2.148   43.9890
 2.147   43.9760
 2.146   43.9690
 2.145   43.9760
 2.144   43.9950
 2.143   44.0200
 2.142   44.0400
 2.141   44.0450
 2.140   44.0310
 2.140   44.0050
 2.139   43.9780
 2.138   43.9610
 2.137   43.9550
 2.136   43.9580
 2.135   43.9600
 2.134   43.9540
 2.133   43.9380
 2.132   43.9140
 2.132   43.8910
 2.131   43.8740
 2.130   43.8650
 2.129   43.8630
 2.128   43.8650
 2.127   43.8680
 2.126   43.8680
 2.126   43.8620
 2.125   43.8500
 2.124   43.8330
 2.123   43.8130
 2.122   43.7920
 2.121   43.7750
 2.120   43.7700
 2.119   43.7780
 2.119   43.7980
 2.118   43.8240
 2.117   43.8520
 2.116   43.8740
 2.115   43.8840
 2.114   43.8800
 2.113   43.8670
 2.112   43.8470
 2.112   43.8240
 2.111   43.8010
 2.110   43.7820
 2.109   43.7690
 2.108   43.7580
 2.107   43.7480
 2.107   43.7390
 2.106   43.7320
 2.105   43.7260
 2.104   43.7220
 2.103   43.7210
 2.102   43.7230
 2.101   43.7270
 2.100   43.7320
 2.100   43.7370
 2.099   43.7370
 2.098   43.7320
 2.097   43.7220
 2.096   43.7120
 2.095   43.7040
 2.095   43.7010
 2.094   43.7040
 2.093   43.7090
 2.092   43.7090
 2.091   43.7010
 2.090   43.6860
 2.090   43.6680
 2.089   43.6520
 2.088   43.6410
 2.087   43.6380
 2.086   43.6420
 2.085   43.6440
 2.084   43.6560
 2.084   43.6670
 2.083   43.6640
 2.082   43.6920
 2.081   43.6350
 2.080   43.5720
 2.079   43.5670
 2.076   43.5670
 2.072   43.7610
 2.068   43.7850
 2.064   43.3890
 2.060   43.2120
 2.056   43.6290
 2.052   43.6290
 2.048   43.1960
 2.044   43.2890
 2.040   43.2820
 2.036   42.7830
 2.032   42.5990
 2.028   42.4480
 2.024   42.4820
 2.020   42.5940
 2.016   42.5940
 2.012   42.4110
 2.008   42.2250
 2.004   42.0600
 2.000   42.1140
 1.996   41.7950
 1.992   41.5680
 1.988   41.3680
 1.984   41.3320
 1.980   40.9360
 1.976   41.0070
 1.972   40.9720
 1.968   40.9360
 1.964   41.0620
 1.960   40.8650
 1.956   40.6150
 1.952   40.9330
 1.948   40.8430
 1.944   40.6260
 1.940   40.3540
 1.936   40.1170
 1.932   39.8380
 1.928   39.6820
 1.924   39.5950
 1.920   39.3880
 1.916   39.3880
 1.912   39.2830
 1.908   39.5500
 1.904   39.9420
 1.900   40.2960
 1.896   40.5730
 1.892   40.7720
 1.888   40.5050
 1.884   40.1220
 1.880   39.9710
 1.876   40.1280
 1.872   39.9850
 1.868   39.8330
 1.864   40.1940
 1.860   40.7840
 1.856   41.1180
 1.852   41.3200
 1.848   41.0160
 1.844   40.3250
 1.840   40.1420
 1.836   40.2010
 1.832   40.6190
 1.828   40.5790
 1.824   40.4640
 1.820   40.4200
 1.816   39.9470
 1.812   39.9750
 1.808   40.1310
 1.804   39.9130
 1.800   39.6890
 1.796   39.6890
 1.792   39.6560
 1.788   39.4880
 1.784   39.5000
 1.780   39.5670
 1.776   39.6890
 1.772   39.5800
 1.768   39.3140
 1.764   39.2150
 1.760   39.0930
 1.756   39.0600
 1.752   39.1480
 1.748   39.0490
 1.744   39.2580
 1.740   39.4240
 1.736   39.3580
 1.732   39.4240
 1.728   39.5250
 1.724   39.5590
 1.720   39.6260
 1.716   39.4270
 1.712   39.2710
 1.708   39.0710
 1.704   39.2260
 1.700   39.0380
 1.696   39.0050
 1.692   39.1260
 1.688   39.1260
 1.684   38.8720
 1.680   38.9500
 1.676   38.9170
 1.672   38.8840
 1.668   38.8180
 1.664   38.6300
 1.660   38.7060
 1.656   38.5420
 1.652   38.5750
 1.648   38.4770
 1.644   38.4770
 1.640   38.6400
 1.636   38.5750
 1.632   38.4540
 1.628   38.5610
 1.624   38.4630
 1.620   38.2780
 1.616   38.2130
 1.612   38.2780
 1.608   38.3660
 1.604   38.3660
 1.600   38.3010
 1.596   38.3010
 1.592   38.5290
 1.588   38.5050
 1.584   38.2960
 1.580   38.2630
 1.576   38.1750
 1.572   38.1660
 1.568   38.3430
 1.564   38.4630
 1.560   37.9460
 1.556   38.0370
 1.552   38.1550
 1.548   38.3430
 1.544   38.1550
 1.540   38.0270
 1.536   37.9310
 1.532   37.9630
 1.528   37.7560
 1.524   37.5420
 1.520   37.7870
 1.516   37.8580
 1.512   37.7310
 1.508   37.5180
 1.504   37.2740
 1.500   37.1730
 1.496   37.2420
 1.492   37.6960
 1.488   38.2290
 1.484   37.7880
 1.480   37.8020
 1.476   37.8020
 1.472   37.7700
 1.468   37.7070
 1.464   37.6290
 1.460   37.7950
 1.456   37.7740
 1.452   37.6230
 1.448   37.5660
 1.444   37.3540
 1.440   37.0400
 1.436   36.9530
 1.432   37.0910
 1.428   37.1380
 1.424   37.1380
 1.420   37.1070
 1.416   36.8290
 1.412   36.4180
 1.408   36.1260
 1.404   36.2770
 1.400   36.2660
 1.396   36.6350
 1.392   36.9120
 1.388   37.0970
 1.384   37.4240
 1.380   37.5970
 1.376   37.6860
 1.372   38.3470
 1.368   38.6170
 1.364   38.1360
 1.360   37.3670
 1.356   37.6950
 1.352   38.5250
 1.348   38.8120
 1.344   38.9490
 1.340   38.3410
 1.336   37.9920
 1.332   37.5690
 1.328   37.5690
 1.324   37.6370
 1.320   37.8240
 1.316   37.8870
 1.312   37.8210
 1.308   37.9020
 1.304   37.8400
 1.300   37.7770
 1.296   37.6030
 1.292   37.6090
 1.288   37.5830
 1.284   37.4960
 1.280   37.5320
 1.276   37.5120
 1.272   37.6690
 1.268   37.9410
 1.264   38.2540
 1.260   38.3600
 1.256   38.6270
 1.252   38.7020
 1.248   38.9800
 1.244   38.9800
 1.240   39.0470
 1.236   39.1130
 1.232   38.9160
 1.228   38.4490
 1.224   38.5410
 1.220   38.6620
 1.216   38.9300
 1.212   38.9890
 1.208   39.0980
 1.204   39.2880
 1.200   38.8670
 1.196   38.4710
 1.192   38.4890
 1.188   38.5130
 1.184   38.5060
 1.180   38.5300
 1.176   38.5540
 1.172   38.6660
 1.168   38.4820
 1.164   38.4190
 1.160   38.5710
 1.156   38.1570
 1.152   38.3070
 1.148   38.4320
 1.144   38.8970
 1.140   39.4210
 1.136   39.8860
 1.132   39.7300
 1.128   39.9090
 1.124   39.8520
 1.120   39.8720
 1.116   39.8820
 1.112   39.8190
 1.108   39.8750
 1.104   40.0200
 1.100   40.2310
 1.096   40.1750
 1.092   40.3980
 1.088   40.1850
 1.084   40.2400
 1.080   40.1410
 1.076   40.5070
 1.072   40.4960
 1.068   40.7190
 1.064   40.5510
 1.060   40.3730
 1.056   40.3730
 1.052   40.7160
 1.048   40.6060
 1.044   40.3060
 1.040   40.3950
 1.036   40.4610
 1.032   41.0280
 1.028   40.8930
 1.024   40.9270
 1.020   40.7940
 1.016   40.8610
 1.012   40.9180
 1.008   40.8050
 1.004   40.6710
 1.000   40.5490
 0.996   40.7160
 0.992   40.9060
 0.988   40.5730
 0.984   40.3840
 0.980   40.0650
 0.976   40.2300
 0.972   40.1750
 0.968   39.8550
 0.964   39.7340
 0.960   39.6780
 0.956   39.7430
 0.952   39.4030
 0.948   39.3060
 0.944   39.2910
 0.940   39.0490
 0.936   38.9610
 0.932   38.8730
 0.928   38.5130
 0.924   38.1860
 0.920   38.1600
 0.916   37.9270
 0.912   37.8230
 0.908   37.4100
 0.904   37.4760
 0.900   37.3300
 0.896   37.2690
 0.892   37.1230
 0.888   36.9470
 0.884   36.7800
 0.880   36.8440
 0.876   36.7250
 0.872   36.4900
 0.868   36.5530
 0.864   36.5860
 0.860   36.4280
 0.856   36.3980
 0.852   36.4000
 0.848   36.1400
 0.844   36.1300
 0.840   36.1110
 0.836   36.2510
 0.832   36.2300
 0.828   36.3200
 0.824   36.2190
 0.820   36.1870
 0.816   36.0970
 0.812   36.3630
 0.808   36.3410
 0.804   36.2190
 0.800   36.1300
 0.799   36.1300
 0.798   36.1300
 0.797   36.2020
 0.796   36.0590
 0.795   35.9370
 0.794   35.9040
 0.793   35.7780
 0.792   35.7440
 0.791   35.7440
 0.790   35.9400
 0.789   35.7440
 0.788   35.7180
 0.787   35.8110
 0.786   35.8450
 0.785   35.7480
 0.784   35.8450
 0.783   36.0720
 0.782   35.8110
 0.781   36.0300
 0.780   35.9380
 0.779   35.8750
 0.778   35.7810
 0.777   35.7140
 0.776   35.4550
 0.775   35.7630
 0.774   35.5150
 0.773   35.4250
 0.772   35.6480
 0.771   35.5550
 0.770   35.4580
 0.769   35.6480
 0.768   35.5480
 0.767   35.5510
 0.766   35.7380
 0.765   35.5510
 0.764   35.3910
 0.763   35.2610
 0.762   35.0330
 0.761   35.0900
 0.760   35.1320
 0.759   35.3910
 0.758   35.3280
 0.757   35.2640
 0.756   35.1010
 0.755   35.1650
 0.754   35.1010
 0.753   35.1340
 0.752   35.0680
 0.751   34.8420
 0.750   34.7780
 0.749   34.7780
 0.748   34.5840
 0.747   34.8370
 0.746   34.7470
 0.745   34.6750
 0.744   34.8370
 0.743   34.4820
 0.742   34.5770
 0.741   34.6450
 0.740   34.4830
 0.739   34.2880
 0.738   34.2880
 0.737   34.2240
 0.736   34.1920
 0.735   33.9980
 0.734   33.6500
 0.733   33.8690
 0.732   34.1270
 0.731   33.9650
 0.730   33.9010
 0.729   33.9000
 0.728   33.5820
 0.727   33.4160
 0.726   32.9150
 0.725   33.3190
 0.724   33.4160
 0.723   33.2280
 0.722   33.2280
 0.721   33.1910
 0.720   32.9000
 0.719   32.8030
 0.718   32.4420
 0.717   32.5080
 0.716   32.2280
 0.715   32.4110
 0.714   32.5290
 0.713   32.6930
 0.712   32.4700
 0.711   31.7450
 0.710   31.8420
 0.709   31.7230
 0.708   31.6340
 0.707   31.7680
 0.706   31.9530
 0.705   31.9770
 0.704   31.6840
 0.703   31.4370
 0.702   31.5260
 0.701   31.5910
 0.700   31.5610
 0.699   31.5050
 0.698   31.6700
 0.697   31.5810
 0.696   31.3010
 0.695   31.2090
 0.694   31.1480
 0.693   30.7670
 0.692   30.6670
 0.691   30.7570
 0.690   30.6270
 0.689   30.6760
 0.688   30.5870
 0.687   30.5570
 0.686   30.5570
 0.685   30.6470
 0.684   30.2870
 0.683   30.2450
 0.682   30.1330
 0.681   29.7730
 0.680   29.7860
 0.679   29.6990
 0.678   29.4990
 0.677   29.6880
 0.676   29.6300
 0.675   29.5440
 0.674   29.5730
 0.673   29.4430
 0.672   29.0000
 0.671   29.2710
 0.670   29.2430
 0.669   29.1570
 0.668   29.3870
 0.667   29.3430
 0.666   29.0840
 0.665   28.7410
 0.664   28.4850
 0.663   28.5960
 0.662   28.7090
 0.661   28.6810
 0.660   28.3950
 0.659   28.5800
 0.658   28.6650
 0.657   28.5480
 0.656   28.3900
 0.655   28.0760
 0.654   27.8840
 0.653   27.8560
 0.652   27.7350
 0.651   27.8640
 0.650   27.7810
 0.649   27.7740
 0.648   27.6730
 0.647   27.7550
 0.646   27.5800
 0.645   27.5530
 0.644   27.2700
 0.643   27.2700
 0.642   27.2230
 0.641   27.2770
 0.640   27.2770
 0.639   27.1750
 0.638   27.0730
 0.637   27.0210
 0.636   26.8930
 0.635   26.8670
 0.634   26.9940
 0.633   26.8930
 0.632   26.7180
 0.631   26.5640
 0.630   26.7220
 0.629   26.7220
 0.628   26.5190
 0.627   26.2380
 0.626   26.2380
 0.625   26.2380
 0.624   26.1630
 0.623   26.1650
 0.622   26.1650
 0.621   26.0380
 0.620   25.7590
 0.619   25.6570
 0.618   25.6830
 0.617   25.6320
 0.616   25.5050
 0.615   25.5560
 0.614   25.4550
 0.613   25.3030
 0.612   25.0250
 0.611   25.0250
 0.610   24.9240
 0.609   24.8230
 0.608   24.7220
 0.607   24.7460
 0.606   24.4910
 0.605   24.4140
 0.604   24.3120
 0.603   24.0540
 0.602   24.0490
 0.601   24.0430
 0.600   23.9710
 0.599   23.8450
 0.598   23.7350
 0.597   23.5770
 0.596   23.5690
 0.595   23.3300
 0.594   23.1790
 0.593   23.0990
 0.592   22.9500
 0.591   22.6400
 0.590   22.5720
 0.589   22.4560
 0.588   22.1690
 0.587   22.0210
 0.586   21.9180
 0.585   21.5430
 0.584   21.4020
 0.583   21.1560
 0.582   20.8230
 0.581   20.8250
 0.580   20.6800
 0.579   20.4110
 0.578   20.2670
 0.577   19.9580
 0.576   19.6480
 0.575   19.5450
 0.574   19.1750
 0.573   19.1280
 0.572   18.8760
 0.571   18.7100
 0.570   18.4420
 0.569   18.2210
 0.568   17.7980
 0.567   17.6960
 0.566   17.6120
 0.565   17.3070
 0.564   17.1040
 0.563   16.6820
 0.562   16.4790
 0.561   16.1050
 0.560   16.0510
 0.559   15.0930
 0.558   15.4420
 0.557   15.3030
 0.556   15.1200
 0.555   14.8700
 0.554   14.5800
 0.553   14.4970
 0.552   14.4510
 0.551   14.2410
 0.550   14.3200
 0.549   14.2590
 0.548   14.1600
 0.547   13.9670
 0.546   13.9480
 0.545   13.7430
 0.544   13.4370
 0.543   13.4990
 0.542   13.4130
 0.541   13.3910
 0.540   13.1040
 0.539   13.0790
 0.538   13.0300
 0.537   12.9310
 0.536   12.8810
 0.535   12.8810
 0.534   12.9180
 0.533   12.8690
 0.532   12.8190
 0.531   12.7330
 0.530   12.5710
 0.529   12.4840
 0.528   12.4960
 0.527   12.6590
 0.526   12.3260
 0.525   12.2730
 0.524   12.2320
 0.523   12.2150
 0.522   12.2040
 0.521   12.2270
 0.520   12.1860
 0.519   12.3440
 0.518   12.0410
 0.517   12.1290
 0.516   12.2850
 0.515   12.1050
 0.514   11.9630
 0.513   12.2040
 0.512   12.1750
 0.511   12.1060
 0.510   11.9770
 0.509   12.0980
 0.508   11.8130
 0.507   11.8130
 0.506   11.7480
 0.505   11.6150
 0.504   11.6470
 0.503   11.9740
 0.502   12.1050
 0.501   11.6150
 0.500   11.5270
 0.499   11.5480
 0.498   11.5060
 0.497   11.5480
 0.496   11.4090
 0.495   11.7370
 0.494   11.5730
 0.493   11.3940
 0.492   11.5620
 0.491   11.3100
 0.490   11.3410
 0.489   11.3880
 0.488   11.3780
 0.487   11.3570
 0.486   11.1730
 0.485   11.2710
 0.484   11.3680
 0.483   11.2130
 0.482   11.2830
 0.481   11.2430
 0.480   11.2130
 0.479   11.1840
 0.478   10.9300
 0.477   10.9300
 0.476   10.9490
 0.475   10.9400
 0.474   10.9300
 0.473   11.0000
 0.472   11.0000
 0.471   10.9220
 0.470   11.0020
 0.469   10.7790
 0.468   10.8770
 0.467   10.7970
 0.466   10.7790
 0.465   10.7500
 0.464   10.7520
 0.463   10.9320
 0.462   10.7010
 0.461   10.7100
 0.460   10.5950
 0.459   10.4980
 0.458   10.6620
 0.457   10.4910
 0.456   10.5430
 0.455   10.3200
 0.454   10.4330
 0.453   10.4740
 0.452   10.2860
 0.451   10.1240
 0.450   10.2650
 0.449   10.3590
 0.448   10.3590
 0.447   10.3700
 0.446   10.1680
 0.445   10.1280
 0.444    9.9185
 0.443    9.9465
 0.442    9.8904
 0.441    9.8031
 0.440   10.0410
 0.439    9.8881
 0.438    9.9330
 0.437    9.9707
 0.436    9.9913
 0.435    9.8847
 0.434    9.7959
 0.433    9.8104
 0.432    9.7923
 0.431    9.8994
 0.430    9.9103
 0.429    9.8497
 0.428    9.5231
 0.427    9.8239
 0.426    9.7060
 0.425    9.4709
 0.424    9.4865
 0.423    9.6274
 0.422    9.5943
 0.421    9.4079
 0.420    9.6675
 0.419    9.6164
 0.418    9.5927
 0.417    9.5927
 0.416    9.4888
 0.415    9.5927
 0.414    9.4909
 0.413    9.1424
 0.412    9.4540
 0.411    9.4766
 0.410    9.4410
 0.409    9.1168
 0.408    9.1388
 0.407    9.3629
 0.406    9.3629
 0.405    9.2606
 0.404    9.3659
 0.403    9.3701
 0.402    9.3686
 0.401    9.3589
 0.400    9.2771
 0.000    0.0000
