Name: Sea Foam 
Type: Water
Class: Sea Water 
Subclass:  
Particle Size: Liquid
File Name: seafoam.doc
Owner: Dept. of Earth and Planetary Science, John Hopkins University
Wavelength Range: IR
Origin: JHU IR Spectroscopy Lab. Original filename FOAM

Description: Sea foam water.





Measurement: Directional (10 Degree) Hemispherical Reflectance
First Column: X
Second Column: Y 
X Units: Wavelength (micrometers)
Y Units: Reflectance (percent)
First X Value: 14.01121458
Last X Value: 2.079484122
Number of X Values: 2124 
Additional Information: None
14.011    3.2236
13.973    3.1733
13.936    3.1802
13.899    3.1633
13.861    3.1160
13.824    3.0413
13.788    3.0439
13.751    3.1450
13.715    3.0781
13.679    2.8684
13.643    2.8848
13.607    2.8955
13.571    2.7976
13.536    2.7805
13.500    2.8433
13.465    2.8442
13.430    2.7778
13.396    2.6955
13.361    2.6743
13.327    2.5925
13.293    2.5161
13.259    2.5229
13.225    2.5610
13.191    2.5127
13.158    2.4211
13.124    2.3884
13.091    2.3943
13.058    2.3740
13.026    2.3306
12.993    2.3401
12.960    2.3362
12.928    2.2524
12.896    2.2375
12.864    2.2126
12.832    2.1052
12.800    2.0615
12.769    2.0735
12.737    2.0364
12.706    1.9736
12.675    1.9871
12.644    1.9653
12.614    1.9228
12.583    1.8618
12.552    1.7864
12.522    1.8025
12.492    1.7998
12.462    1.7476
12.432    1.6794
12.402    1.6370
12.373    1.6206
12.343    1.6084
12.314    1.5632
12.285    1.5515
12.256    1.5610
12.227    1.4949
12.198    1.4233
12.169    1.4465
12.141    1.4580
12.113    1.4011
12.084    1.3738
12.056    1.3484
12.028    1.3220
12.000    1.3064
11.973    1.2341
11.945    1.2415
11.918    1.3052
11.890    1.2744
11.863    1.1814
11.836    1.1550
11.809    1.1333
11.782    1.0942
11.755    1.0635
11.729    1.0486
11.702    1.0435
11.676    1.0535
11.650    1.0381
11.624    1.0334
11.598    1.0417
11.572    1.0063
11.546    1.0005
11.520    1.0405
11.495    1.0178
11.469    0.9753
11.444    0.9727
11.419    0.9744
11.394    0.9670
11.369    0.9614
11.344    0.9514
11.319    0.9443
11.294    0.9211
11.270    0.9248
11.245    0.9270
11.221    0.9368
11.197    0.9038
11.173    0.8953
11.149    0.9231
11.125    0.9260
11.101    0.8782
11.077    0.8232
11.054    0.8437
11.030    0.8957
11.007    0.8945
10.983    0.8633
10.960    0.8579
10.937    0.8791
10.914    0.8882
10.891    0.9346
10.868    0.9526
10.846    0.8928
10.823    0.8896
10.800    0.9241
10.778    0.9070
10.755    0.9150
10.733    0.9687
10.711    0.9614
10.689    0.9346
10.667    0.9287
10.645    0.9353
10.623    0.9761
10.602    1.0146
10.580    1.0359
10.558    1.0378
10.537    1.0198
10.516    1.0059
10.494    0.9941
10.473    1.0078
10.452    1.0525
10.431    1.0625
10.410    1.0723
10.389    1.0737
10.368    1.0442
10.348    1.0344
10.327    1.0928
10.306    1.1069
10.286    1.0972
10.266    1.0784
10.245    1.0786
10.225    1.0959
10.205    1.1201
10.185    1.1194
10.165    1.1257
10.145    1.1467
10.125    1.2295
10.106    1.2534
10.086    1.2261
10.066    1.2319
10.047    1.2578
10.027    1.2178
10.008    1.2275
 9.989    1.2358
 9.970    1.2393
 9.950    1.2432
 9.931    1.2710
 9.912    1.3010
 9.893    1.2839
 9.875    1.2659
 9.856    1.3003
 9.837    1.3271
 9.818    1.3508
 9.800    1.3755
 9.781    1.3625
 9.763    1.3574
 9.745    1.4036
 9.726    1.3767
 9.708    1.3328
 9.690    1.3728
 9.672    1.3867
 9.654    1.3979
 9.636    1.4265
 9.618    1.4075
 9.600    1.4346
 9.583    1.4443
 9.565    1.4307
 9.547    1.4502
 9.530    1.3953
 9.512    1.4077
 9.495    1.4763
 9.477    1.4617
 9.460    1.4351
 9.443    1.4265
 9.426    1.4617
 9.409    1.4748
 9.392    1.4834
 9.375    1.4946
 9.358    1.4976
 9.341    1.5332
 9.324    1.5610
 9.307    1.5764
 9.291    1.5737
 9.274    1.5510
 9.257    1.5464
 9.241    1.5464
 9.224    1.5342
 9.208    1.5469
 9.192    1.5483
 9.175    1.5461
 9.159    1.5789
 9.143    1.6091
 9.127    1.5957
 9.111    1.5478
 9.095    1.5334
 9.079    1.5593
 9.063    1.6025
 9.047    1.6338
 9.032    1.5662
 9.016    1.5742
 9.000    1.6536
 8.985    1.6711
 8.969    1.6384
 8.954    1.5789
 8.938    1.5911
 8.923    1.6082
 8.907    1.6133
 8.892    1.6406
 8.877    1.6448
 8.862    1.6064
 8.847    1.6384
 8.832    1.6775
 8.817    1.7065
 8.802    1.6877
 8.787    1.6562
 8.772    1.6374
 8.757    1.6709
 8.742    1.6848
 8.728    1.6472
 8.713    1.6265
 8.698    1.6440
 8.684    1.6714
 8.669    1.6919
 8.655    1.6677
 8.640    1.6675
 8.626    1.6892
 8.612    1.7051
 8.597    1.7161
 8.583    1.6904
 8.569    1.7026
 8.555    1.7202
 8.541    1.7073
 8.527    1.7185
 8.513    1.7478
 8.499    1.7324
 8.485    1.7104
 8.471    1.7341
 8.457    1.7590
 8.443    1.7532
 8.430    1.7627
 8.416    1.7581
 8.402    1.7471
 8.389    1.7749
 8.375    1.7695
 8.362    1.7607
 8.348    1.7922
 8.335    1.8101
 8.321    1.7803
 8.308    1.7930
 8.295    1.8171
 8.281    1.8223
 8.268    1.8181
 8.255    1.7927
 8.242    1.8096
 8.229    1.8437
 8.216    1.8474
 8.203    1.8311
 8.190    1.8032
 8.177    1.7915
 8.164    1.8259
 8.151    1.8882
 8.138    1.9060
 8.126    1.8552
 8.113    1.8142
 8.100    1.8271
 8.088    1.7961
 8.075    1.8154
 8.062    1.8523
 8.050    1.8603
 8.037    1.8440
 8.025    1.8320
 8.013    1.8420
 8.000    1.8535
 7.988    1.8328
 7.976    1.8533
 7.963    1.8581
 7.951    1.8596
 7.939    1.8640
 7.927    1.8662
 7.915    1.8831
 7.903    1.8989
 7.891    1.9019
 7.879    1.8957
 7.867    1.8862
 7.855    1.8804
 7.843    1.8621
 7.831    1.8538
 7.819    1.8533
 7.807    1.8926
 7.796    1.8940
 7.784    1.8672
 7.772    1.8603
 7.761    1.8921
 7.749    1.9111
 7.738    1.9023
 7.726    1.8794
 7.715    1.9031
 7.703    1.9062
 7.692    1.9031
 7.680    1.9106
 7.669    1.9170
 7.658    1.9180
 7.646    1.9255
 7.635    1.9485
 7.624    1.9587
 7.613    1.9268
 7.601    1.9111
 7.590    1.8979
 7.579    1.9241
 7.568    1.9687
 7.557    1.9644
 7.546    1.9299
 7.535    1.9456
 7.524    1.9475
 7.513    1.9409
 7.502    1.9155
 7.492    1.9233
 7.481    1.9634
 7.470    1.9487
 7.459    1.9436
 7.448    1.9670
 7.438    1.9724
 7.427    1.9839
 7.417    1.9514
 7.406    1.9285
 7.395    1.9778
 7.385    1.9810
 7.374    1.9695
 7.364    1.9661
 7.353    1.9275
 7.343    1.9141
 7.333    1.9548
 7.322    1.9751
 7.312    1.9570
 7.302    1.9871
 7.291    1.9936
 7.281    1.9556
 7.271    1.9499
 7.261    1.9963
 7.251    2.0212
 7.240    2.0613
 7.230    2.0686
 7.220    2.0352
 7.210    1.9907
 7.200    1.9722
 7.190    2.0066
 7.180    2.0190
 7.170    1.9473
 7.160    1.9531
 7.151    1.9697
 7.141    2.0256
 7.131    2.0776
 7.121    2.0378
 7.111    2.0403
 7.102    2.0671
 7.092    2.1299
 7.082    2.1384
 7.073    2.0818
 7.063    2.0596
 7.053    1.9748
 7.044    1.9033
 7.034    2.0005
 7.025    2.0752
 7.015    2.0769
 7.006    2.0781
 6.996    2.0720
 6.987    2.0903
 6.977    2.0891
 6.968    2.0088
 6.959    1.9482
 6.949    2.0596
 6.940    2.1272
 6.931    2.1445
 6.921    2.1321
 6.912    2.0696
 6.903    2.0349
 6.894    2.1055
 6.885    2.1174
 6.876    2.0037
 6.866    1.7871
 6.857    1.8467
 6.848    2.0669
 6.839    2.1645
 6.830    2.0828
 6.821    2.0693
 6.812    2.1350
 6.803    2.0996
 6.794    1.9473
 6.786    1.9509
 6.777    2.0549
 6.768    2.1179
 6.759    2.1494
 6.750    2.1387
 6.741    2.1721
 6.733    2.1465
 6.724    2.0781
 6.715    2.0417
 6.707    2.0603
 6.698    2.1755
 6.689    2.1409
 6.681    2.0544
 6.672    2.0969
 6.663    2.1746
 6.655    2.1838
 6.646    1.9895
 6.638    1.7588
 6.629    1.8713
 6.621    2.0652
 6.612    2.1443
 6.604    2.1575
 6.596    2.0691
 6.587    2.0210
 6.579    1.9407
 6.571    1.9204
 6.562    2.1003
 6.554    2.1506
 6.546    2.1785
 6.537    2.2195
 6.529    2.1924
 6.521    2.1069
 6.513    2.2246
 6.505    2.1404
 6.496    1.8484
 6.488    1.8464
 6.480    2.0342
 6.472    2.1846
 6.464    2.2783
 6.456    2.2725
 6.448    2.2783
 6.440    2.2119
 6.432    2.1191
 6.424    2.0461
 6.416    1.7866
 6.408    1.9031
 6.400    2.2712
 6.392    2.3560
 6.384    2.3496
 6.377    2.2534
 6.369    2.2112
 6.361    2.3701
 6.353    2.3359
 6.345    2.1728
 6.338    2.3171
 6.330    2.4434
 6.322    2.4436
 6.314    2.4812
 6.307    2.4824
 6.299    2.4846
 6.291    2.4817
 6.284    2.5063
 6.276    2.5347
 6.269    2.5378
 6.261    2.5290
 6.254    2.5305
 6.246    2.4866
 6.238    2.4766
 6.231    2.5325
 6.223    2.5347
 6.216    2.5393
 6.209    2.6055
 6.201    2.5842
 6.194    2.4692
 6.186    2.2871
 6.179    2.3625
 6.172    2.4604
 6.164    2.3608
 6.157    2.3191
 6.150    2.3855
 6.142    2.3657
 6.135    2.3767
 6.128    2.3923
 6.121    2.1943
 6.113    1.9951
 6.106    2.0925
 6.099    2.1873
 6.092    2.2126
 6.085    2.1423
 6.078    1.9062
 6.070    1.7932
 6.063    1.8813
 6.056    1.7214
 6.049    1.4224
 6.042    1.6206
 6.035    1.8713
 6.028    1.8838
 6.021    1.7815
 6.014    1.6987
 6.007    1.6968
 6.000    1.6665
 5.993    1.5466
 5.986    1.5046
 5.979    1.5532
 5.973    1.5227
 5.966    1.5024
 5.959    1.5447
 5.952    1.5198
 5.945    1.4436
 5.938    1.3105
 5.932    1.3789
 5.925    1.4878
 5.918    1.4775
 5.911    1.4565
 5.905    1.4160
 5.898    1.3159
 5.891    1.3286
 5.884    1.2568
 5.878    1.2573
 5.871    1.3997
 5.864    1.4539
 5.858    1.4980
 5.851    1.5305
 5.845    1.5720
 5.838    1.5527
 5.831    1.4810
 5.825    1.3769
 5.818    1.4001
 5.812    1.5686
 5.805    1.6487
 5.799    1.6482
 5.792    1.6653
 5.786    1.6562
 5.779    1.6367
 5.773    1.5613
 5.767    1.5022
 5.760    1.6594
 5.754    1.7090
 5.747    1.6384
 5.741    1.6963
 5.735    1.7097
 5.728    1.7009
 5.722    1.6814
 5.716    1.6545
 5.709    1.6728
 5.703    1.7686
 5.697    1.7771
 5.691    1.7607
 5.684    1.8096
 5.678    1.7974
 5.672    1.8235
 5.666    1.8904
 5.660    1.8498
 5.653    1.8174
 5.647    1.7620
 5.641    1.7261
 5.635    1.8445
 5.629    1.9141
 5.623    1.9311
 5.617    1.9255
 5.611    1.9536
 5.604    1.9539
 5.598    1.9846
 5.592    2.0278
 5.586    1.9751
 5.580    1.8935
 5.574    1.9128
 5.568    1.9883
 5.562    1.9751
 5.556    1.9519
 5.550    1.9817
 5.545    2.0283
 5.539    2.0637
 5.533    2.0752
 5.527    2.0508
 5.521    2.0420
 5.515    2.0815
 5.509    2.1296
 5.503    2.1460
 5.498    2.1628
 5.492    2.1523
 5.486    2.1377
 5.480    2.0791
 5.474    2.1164
 5.469    2.1103
 5.463    2.0808
 5.457    2.1633
 5.451    2.1821
 5.446    2.1670
 5.440    2.1760
 5.434    2.2004
 5.428    2.1516
 5.423    2.0571
 5.417    2.0815
 5.411    2.1824
 5.406    2.2273
 5.400    2.2361
 5.395    2.2490
 5.389    2.2583
 5.383    2.2622
 5.378    2.2615
 5.372    2.2495
 5.367    2.2610
 5.361    5.3555
 2.191    5.3500
 2.119    5.3445
 2.201    5.3390
 2.269    5.3335
 2.268    5.3280
 2.279    5.3225
 2.296    5.3171
 2.309    5.3116
 2.315    5.3062
 2.326    5.3008
 2.324    5.2954
 2.253    5.2900
 2.246    5.2846
 2.302    5.2792
 2.311    5.2738
 2.294    5.2684
 2.309    5.2631
 2.342    5.2578
 2.352    5.2524
 2.311    5.2471
 2.308    5.2418
 2.347    5.2365
 2.332    5.2312
 2.342    5.2260
 2.350    5.2207
 2.308    5.2154
 2.273    5.2102
 2.331    5.2050
 2.333    5.1998
 2.293    5.1945
 2.323    5.1893
 2.357    5.1842
 2.357    5.1790
 2.354    5.1738
 2.358    5.1686
 2.377    5.1635
 2.375    5.1584
 5.153    2.3638
 5.148    2.3437
 5.143    2.3293
 5.138    2.3445
 5.133    2.3816
 5.128    2.4036
 5.123    2.3845
 5.118    2.3740
 5.113    2.3826
 5.108    2.4111
 5.103    2.4116
 5.097    2.3984
 5.092    2.3992
 5.087    2.4082
 5.083    2.3794
 5.078    2.3804
 5.073    2.3921
 5.068    2.3733
 5.063    2.3787
 5.058    2.3552
 5.053    2.3533
 5.048    2.3955
 5.043    2.4231
 5.038    2.4077
 5.033    2.3745
 5.028    2.4080
 5.023    2.4089
 5.019    2.3743
 5.014    2.3711
 5.009    2.3984
 5.004    2.4192
 4.999    2.4175
 4.994    2.4241
 4.990    2.4121
 4.985    2.4060
 4.980    2.4197
 4.975    2.4311
 4.970    4.9657
 2.418    4.9609
 2.373    4.9562
 2.369    4.9514
 2.411    4.9467
 2.419    4.9420
 2.423    4.9373
 2.419    4.9326
 2.413    4.9279
 2.430    4.9232
 2.440    4.9186
 2.424    4.9139
 2.402    4.9092
 2.404    4.9046
 2.421    4.9000
 2.432    4.8953
 2.424    4.8907
 2.399    4.8861
 2.402    4.8815
 2.400    4.8769
 2.396    4.8723
 2.415    4.8678
 2.411    4.8632
 2.403    4.8586
 2.413    4.8541
 2.418    4.8495
 2.410    4.8450
 2.400    4.8405
 2.405    4.8360
 2.431    4.8315
 2.420    4.8270
 2.412    4.8225
 2.400    4.8180
 2.414    4.8135
 2.390    4.8090
 2.377    4.8046
 2.425    4.8001
 2.447    4.7957
 2.423    4.7913
 2.416    4.7868
 2.409    4.7824
 2.372    4.7780
 2.382    4.7736
 2.427    4.7692
 2.408    4.7648
 2.409    4.7605
 2.440    4.7561
 2.425    4.7517
 2.426    4.7474
 2.416    4.7431
 2.390    4.7387
 2.378    4.7344
 2.384    4.7301
 2.395    4.7258
 2.391    4.7215
 2.398    4.7172
 2.431    4.7129
 2.407    4.7086
 2.395    4.7043
 2.416    4.7000
 2.414    4.6958
 2.391    4.6915
 2.403    4.6873
 2.418    4.6831
 2.425    4.6788
 2.421    4.6746
 2.421    4.6704
 2.417    4.6662
 2.440    4.6620
 2.430    4.6578
 2.408    4.6536
 2.434    4.6495
 2.446    4.6453
 2.440    4.6411
 2.443    4.6370
 2.432    4.6328
 2.426    4.6287
 2.423    4.6246
 2.425    4.6205
 2.437    4.6163
 2.448    4.6122
 2.434    4.6081
 2.435    4.6040
 2.440    4.6000
 2.441    4.5959
 2.445    4.5918
 2.429    4.5877
 2.434    4.5837
 2.437    4.5796
 2.435    4.5756
 2.424    4.5716
 2.428    4.5675
 2.451    4.5635
 2.444    4.5595
 2.450    4.5555
 2.454    4.5515
 2.466    4.5475
 2.455    4.5435
 2.435    4.5395
 2.457    4.5356
 2.456    4.5316
 2.442    4.5276
 2.433    4.5237
 2.438    4.5197
 2.449    4.5158
 2.459    4.5119
 2.460    4.5080
 2.471    4.5040
 2.474    4.5001
 2.448    4.4962
 2.435    4.4923
 2.451    4.4884
 2.444    4.4846
 2.443    4.4807
 2.455    4.4768
 2.498    4.4730
 2.499    4.4691
 2.476    4.4652
 2.466    4.4614
 2.493    4.4576
 2.503    4.4537
 2.490    4.4499
 2.482    4.4461
 2.490    4.4423
 2.490    4.4385
 2.522    4.4347
 2.530    4.4309
 2.515    4.4271
 2.503    4.4233
 2.523    4.4196
 2.540    4.4158
 2.534    4.4120
 2.523    4.4083
 2.518    4.4045
 2.525    4.4008
 2.525    4.3971
 2.521    4.3934
 2.533    4.3896
 2.531    4.3859
 2.527    4.3822
 2.537    4.3785
 2.536    4.3748
 2.542    4.3711
 2.540    4.3674
 2.536    4.3638
 2.547    4.3601
 2.544    4.3564
 2.554    4.3528
 2.574    4.3491
 2.590    4.3455
 2.576    4.3418
 2.563    4.3382
 2.573    4.3346
 2.577    4.3310
 2.583    4.3273
 2.564    4.3237
 2.570    4.3201
 2.611    4.3165
 2.595    4.3129
 2.570    4.3094
 2.596    4.3058
 2.584    4.3022
 2.595    4.2986
 2.605    4.2951
 2.621    4.2915
 2.632    4.2880
 2.607    4.2844
 2.571    4.2809
 2.572    4.2774
 2.592    4.2738
 2.609    4.2703
 2.617    4.2668
 2.596    4.2633
 2.597    4.2598
 2.629    4.2563
 2.627    4.2528
 2.629    4.2493
 2.637    4.2458
 2.631    4.2424
 2.623    4.2389
 2.650    4.2354
 2.667    4.2320
 2.642    4.2285
 2.631    4.2251
 2.644    4.2216
 2.691    4.2182
 2.700    4.2148
 2.668    4.2113
 2.664    4.2079
 2.694    4.2045
 2.695    4.2011
 2.687    4.1977
 2.704    4.1943
 2.719    4.1909
 2.739    4.1875
 2.751    4.1841
 2.749    4.1808
 2.721    4.1774
 2.700    4.1740
 2.729    4.1707
 2.760    4.1673
 2.750    4.1640
 2.741    4.1606
 2.756    4.1573
 2.763    4.1540
 2.765    4.1506
 2.761    4.1473
 2.751    4.1440
 2.774    4.1407
 2.808    4.1374
 2.829    4.1341
 2.801    4.1308
 2.785    4.1275
 2.805    4.1242
 2.798    4.1209
 2.809    4.1177
 2.841    4.1144
 2.857    4.1111
 2.826    4.1079
 2.818    4.1046
 2.864    4.1014
 2.874    4.0981
 2.879    4.0949
 2.868    4.0917
 2.854    4.0884
 2.861    4.0852
 2.881    4.0820
 2.878    4.0788
 2.878    4.0756
 2.879    4.0724
 2.904    4.0692
 2.904    4.0660
 2.882    4.0628
 2.879    4.0596
 2.893    4.0565
 2.914    4.0533
 2.906    4.0501
 2.907    4.0470
 2.921    4.0438
 2.923    4.0406
 2.939    4.0375
 2.950    4.0344
 2.966    4.0312
 2.958    4.0281
 2.949    4.0250
 2.972    4.0218
 2.978    4.0187
 2.972    4.0156
 2.972    4.0125
 2.981    4.0094
 3.019    4.0063
 3.043    4.0032
 3.021    4.0001
 3.003    3.9970
 3.036    3.9940
 3.037    3.9909
 3.030    3.9878
 3.040    3.9847
 3.013    3.9817
 3.979    3.0598
 3.976    3.0701
 3.973    3.0808
 3.969    3.0684
 3.966    3.0784
 3.963    3.0793
 3.960    3.1050
 3.957    3.1118
 3.954    3.1106
 3.951    3.1306
 3.948    3.1306
 3.945    3.1589
 3.942    3.1545
 3.939    3.1321
 3.936    3.1304
 3.933    3.1499
 3.930    3.1875
 3.927    3.1912
 3.924    3.1929
 3.921    3.1924
 3.918    3.1851
 3.916    3.2038
 3.913    3.2151
 3.910    3.2178
 3.907    3.2185
 3.904    3.2319
 3.901    3.2439
 3.898    3.2634
 3.895    3.2856
 3.892    3.2820
 3.889    3.2593
 3.886    3.2964
 3.883    3.3135
 3.880    3.2873
 3.877    3.2629
 3.875    3.3052
 3.872    3.3201
 3.869    3.8659
 3.316    3.8630
 3.321    3.8601
 3.329    3.8573
 3.339    3.8544
 3.330    3.8515
 3.317    3.8487
 3.333    3.8458
 3.362    3.8430
 3.370    3.8401
 3.368    3.8373
 3.384    3.8344
 3.374    3.8316
 3.357    3.8288
 3.384    3.8259
 3.400    3.8231
 3.393    3.8203
 3.387    3.8175
 3.371    3.8147
 3.393    3.8119
 3.422    3.8091
 3.391    3.8063
 3.382    3.8035
 3.398    3.8007
 3.410    3.7979
 3.423    3.7951
 3.404    3.7924
 3.420    3.7896
 3.439    3.7868
 3.437    3.7841
 3.444    3.7813
 3.443    3.7785
 3.448    3.7758
 3.456    3.7730
 3.465    3.7703
 3.449    3.7676
 3.430    3.7648
 3.409    3.7621
 3.759    3.4119
 3.757    3.4089
 3.754    3.4167
 3.751    3.4260
 3.748    3.4519
 3.746    3.4641
 3.743    3.4407
 3.740    3.4080
 3.738    3.4219
 3.735    3.4556
 3.732    3.4621
 3.730    3.4531
 3.727    3.4482
 3.724    3.4260
 3.722    3.4382
 3.719    3.4194
 3.716    3.3938
 3.714    3.4211
 3.711    3.4136
 3.708    3.3979
 3.706    3.3987
 3.703    3.4045
 3.700    3.4123
 3.698    3.4114
 3.695    3.4236
 3.692    3.4109
 3.690    3.3989
 3.687    3.4114
 3.685    3.3965
 3.682    3.3650
 3.679    3.3682
 3.677    3.3704
 3.674    3.3618
 3.671    3.3767
 3.669    3.3909
 3.666    3.3845
 3.664    3.3684
 3.661    3.3760
 3.659    3.3787
 3.656    3.3694
 3.653    3.3835
 3.651    3.3635
 3.648    3.3586
 3.646    3.3589
 3.643    3.3650
 3.641    3.4092
 3.638    3.3779
 3.635    3.3440
 3.633    3.3840
 3.630    3.3674
 3.628    3.3608
 3.625    3.3977
 3.623    3.3516
 3.620    3.3213
 3.618    3.3494
 3.615    3.3542
 3.613    3.3435
 3.610    3.3140
 3.608    3.3230
 3.605    3.3452
 3.603    3.3386
 3.600    3.3235
 3.598    3.3093
 3.595    3.3135
 3.593    3.3225
 3.590    3.3013
 3.588    3.3103
 3.585    3.3359
 3.583    3.3242
 3.580    3.3269
 3.578    3.3452
 3.575    3.3252
 3.573    3.3118
 3.570    3.3306
 3.568    3.3369
 3.565    3.3162
 3.563    3.2612
 3.561    3.2517
 3.558    3.2991
 3.556    3.3079
 3.553    3.3008
 3.551    3.3057
 3.548    3.3376
 3.546    3.3184
 3.544    3.2707
 3.541    3.2820
 3.539    3.2827
 3.536    3.2981
 3.534    3.2847
 3.531    3.2495
 3.529    3.3118
 3.527    3.3320
 3.524    3.3162
 3.522    3.2920
 3.519    3.2825
 3.517    3.3157
 3.515    3.3157
 3.512    3.3135
 3.510    3.3423
 3.508    3.3154
 3.505    3.2942
 3.503    3.3096
 3.500    3.3325
 3.498    3.3442
 3.496    3.3159
 3.493    3.2593
 3.491    3.2764
 3.489    3.3721
 3.486    3.4050
 3.484    3.3664
 3.482    3.3235
 3.479    3.3115
 3.477    3.3030
 3.475    3.3354
 3.472    3.3730
 3.470    3.3642
 3.468    3.3557
 3.465    3.3413
 3.463    3.3403
 3.461    3.3249
 3.458    3.3486
 3.456    3.3838
 3.454    3.3718
 3.452    3.3306
 3.449    3.3447
 3.447    3.3674
 3.445    3.3564
 3.442    3.3684
 3.440    3.3972
 3.438    3.4326
 3.435    3.4355
 3.433    3.4231
 3.431    3.4573
 3.429    3.4426
 3.426    3.4221
 3.424    3.4402
 3.422    3.4292
 3.420    3.4114
 3.417    3.4370
 3.415    3.4729
 3.413    3.4668
 3.411    3.4658
 3.408    3.4338
 3.406    3.3892
 3.404    3.4194
 3.402    3.4573
 3.399    3.4712
 3.397    3.4734
 3.395    3.4407
 3.393    3.4329
 3.391    3.4387
 3.388    3.4441
 3.386    3.4792
 3.384    3.4643
 3.382    3.4736
 3.380    3.4653
 3.377    3.4578
 3.375    3.4939
 3.373    3.5120
 3.371    3.4783
 3.369    3.4582
 3.366    3.4809
 3.364    3.5493
 3.362    3.5742
 3.360    3.5090
 3.358    3.4768
 3.355    3.5315
 3.353    3.5674
 3.351    3.5723
 3.349    3.5498
 3.347    3.5837
 3.345    3.5818
 3.342    3.5552
 3.340    3.5950
 3.338    3.5776
 3.336    3.6074
 3.334    3.6330
 3.332    3.5837
 3.330    3.5715
 3.327    3.5803
 3.325    3.5952
 3.323    3.6167
 3.321    3.6565
 3.319    3.6641
 3.317    3.6396
 3.315    3.6072
 3.313    3.5918
 3.310    3.6084
 3.308    3.6457
 3.306    3.6699
 3.304    3.6738
 3.302    3.6775
 3.300    3.6833
 3.298    3.6897
 3.296    3.7012
 3.294    3.6699
 3.292    3.6428
 3.289    3.6667
 3.287    3.7107
 3.285    3.7412
 3.283    3.7583
 3.281    3.7297
 3.279    3.7192
 3.277    3.7419
 3.275    3.7634
 3.273    3.7883
 3.271    3.7942
 3.269    3.7744
 3.267    3.7934
 3.265    3.7851
 3.263    3.7876
 3.260    3.8274
 3.258    3.8183
 3.256    3.8227
 3.254    3.8384
 3.252    3.8279
 3.250    3.8325
 3.248    3.8257
 3.246    3.8364
 3.244    3.8552
 3.242    3.8608
 3.240    3.8537
 3.238    3.8652
 3.236    3.8430
 3.234    3.8821
 3.232    3.9170
 3.230    3.9043
 3.228    3.9116
 3.226    3.9292
 3.224    3.9289
 3.222    3.9451
 3.220    3.9441
 3.218    3.9651
 3.216    3.9609
 3.214    3.9341
 3.212    3.9385
 3.210    3.9546
 3.208    3.9722
 3.206    4.0027
 3.204    4.0032
 3.202    4.0195
 3.200    4.0474
 3.198    4.0364
 3.196    4.0464
 3.194    4.0339
 3.192    4.0425
 3.190    4.0398
 3.188    4.0295
 3.186    4.0571
 3.184    4.1040
 3.182    4.0998
 3.180    4.1142
 3.179    4.0793
 3.177    4.0813
 3.175    4.1186
 3.173    4.1357
 3.171    4.0986
 3.169    4.0969
 3.167    3.1649
 4.160    3.1630
 4.110    3.1611
 4.111    3.1591
 4.120    3.1572
 4.151    3.1553
 4.154    3.1534
 4.162    3.1515
 4.166    3.1495
 4.136    3.1476
 4.115    3.1457
 4.088    3.1438
 4.115    3.1419
 4.155    3.1400
 4.163    3.1381
 4.119    3.1362
 4.110    3.1343
 4.156    3.1324
 4.161    3.1305
 4.127    3.1286
 4.110    3.1268
 4.112    3.1249
 4.161    3.1230
 4.164    3.1211
 4.123    3.1192
 4.143    3.1174
 4.193    3.1155
 4.176    3.1136
 4.115    3.1117
 4.138    3.1099
 4.133    3.1080
 4.093    3.1061
 4.122    3.1043
 4.176    3.1024
 4.132    3.1006
 4.105    3.0987
 4.083    3.0969
 4.057    3.0950
 3.093    4.0644
 3.091    4.0146
 3.089    4.0520
 3.088    4.0911
 3.086    4.0662
 3.084    4.0845
 3.082    4.0764
 3.080    4.0408
 3.078    4.0469
 3.077    4.0520
 3.075    4.0024
 3.073    3.9621
 3.071    3.9602
 3.069    3.9333
 3.068    3.9194
 3.066    3.9558
 3.064    3.9753
 3.062    3.9927
 3.060    3.9433
 3.058    3.8743
 3.057    3.9106
 3.055    3.9292
 3.053    3.8774
 3.051    3.8147
 3.050    3.8306
 3.048    3.8232
 3.046    3.8152
 3.044    3.8699
 3.042    3.8826
 3.041    3.8418
 3.039    3.7969
 3.037    3.8079
 3.035    3.8396
 3.033    3.8035
 3.032    3.7991
 3.030    3.8254
 3.028    3.7764
 3.026    3.7639
 3.025    3.7639
 3.023    3.7475
 3.021    3.7502
 3.019    3.7690
 3.018    3.7751
 3.016    3.7273
 3.014    3.6780
 3.012    3.7136
 3.011    3.7087
 3.009    3.6526
 3.007    3.6792
 3.005    3.7327
 3.004    3.7353
 3.002    3.6829
 3.000    3.6089
 2.998    3.6304
 2.997    3.6536
 2.995    3.6650
 2.993    3.6548
 2.991    3.5815
 2.990    3.5644
 2.988    3.6152
 2.986    3.5947
 2.985    3.5727
 2.983    3.6243
 2.981    3.6074
 2.979    3.5908
 2.978    3.5974
 2.976    3.5535
 2.974    3.5303
 2.973    3.5037
 2.971    3.4558
 2.969    3.4045
 2.967    3.4407
 2.966    3.4348
 2.964    3.3982
 2.962    3.4053
 2.961    3.4287
 2.959    3.4011
 2.957    3.3059
 2.956    3.2568
 2.954    3.2895
 2.952    3.3093
 2.951    3.2793
 2.949    3.2331
 2.947    3.2087
 2.946    3.2231
 2.944    3.1914
 2.942    3.1326
 2.941    3.1269
 2.939    3.1240
 2.937    3.0549
 2.936    3.0210
 2.934    2.9985
 2.932    2.9226
 2.931    2.9241
 2.929    2.9543
 2.927    2.9346
 2.926    2.8755
 2.924    2.8420
 2.922    2.7783
 2.921    2.6894
 2.919    2.6921
 2.917    2.7329
 2.916    2.6924
 2.914    2.6555
 2.912    2.7400
 2.911    2.7070
 2.909    2.5796
 2.908    2.4570
 2.906    2.4009
 2.904    2.4404
 2.903    2.3989
 2.901    2.3447
 2.899    2.3267
 2.898    2.3184
 2.896    2.2732
 2.895    2.2539
 2.893    2.2627
 2.891    2.2556
 2.890    2.2161
 2.888    2.1311
 2.887    2.1016
 2.885    2.1428
 2.883    2.0752
 2.882    2.0298
 2.880    2.0298
 2.878    2.0049
 2.877    1.9641
 2.875    1.9465
 2.874    1.9314
 2.872    1.8784
 2.871    1.7988
 2.869    1.8086
 2.867    1.7873
 2.866    1.7402
 2.864    1.7165
 2.863    1.7515
 2.861    1.6863
 2.859    1.5759
 2.858    1.5769
 2.856    1.6299
 2.855    1.5984
 2.853    1.5132
 2.852    1.4800
 2.850    1.5256
 2.848    1.4712
 2.847    1.3765
 2.845    1.3469
 2.844    1.3679
 2.842    1.3718
 2.841    1.3677
 2.839    1.3091
 2.838    1.2886
 2.836    1.2624
 2.834    1.2295
 2.833    1.2314
 2.831    1.2249
 2.830    1.1926
 2.828    1.1460
 2.827    1.0823
 2.825    1.0725
 2.824    1.0774
 2.822    1.0591
 2.821    1.0542
 2.819    1.0701
 2.817    1.0654
 2.816    1.0654
 2.814    0.9946
 2.813    0.9644
 2.811    1.0051
 2.810    1.0112
 2.808    0.9795
 2.807    0.9163
 2.805    0.8943
 2.804    0.8967
 2.802    0.8752
 2.801    0.8389
 2.799    0.8293
 2.798    0.8362
 2.796    0.8179
 2.795    0.8049
 2.793    0.8064
 2.792    0.8330
 2.790    0.7666
 2.789    0.6748
 2.787    0.6765
 2.786    0.7502
 2.784    0.7825
 2.783    0.7410
 2.781    0.7327
 2.780    0.7810
 2.778    0.7629
 2.777    0.7493
 2.775    0.7324
 2.774    0.7068
 2.772    0.7222
 2.771    0.7327
 2.769    0.6936
 2.768    0.6492
 2.766    0.6663
 2.765    0.6184
 2.763    0.5876
 2.762    0.6182
 2.760    0.6875
 2.759    0.7239
 2.758    0.7217
 2.756    0.6816
 2.755    0.6692
 2.753    0.7217
 2.752    0.7300
 2.750    0.6868
 2.749    0.6763
 2.747    0.6565
 2.746    0.6897
 2.744    0.6924
 2.743    0.6077
 2.741    0.5391
 2.740    0.5679
 2.739    0.6245
 2.737    0.6807
 2.736    0.7024
 2.734    0.6728
 2.733    0.6999
 2.731    0.7783
 2.730    0.7981
 2.729    0.7810
 2.727    0.7598
 2.726    0.7234
 2.724    0.7444
 2.723    0.7893
 2.721    0.7297
 2.720    0.6963
 2.718    0.7583
 2.717    0.7927
 2.716    0.8774
 2.714    0.9365
 2.713    0.8701
 2.711    0.7788
 2.710    0.8079
 2.709    0.9119
 2.707    0.9678
 2.706    0.9927
 2.704    1.0183
 2.703    0.9861
 2.701    0.9546
 2.700    0.9895
 2.699    1.0247
 2.697    1.0417
 2.696    1.0237
 2.694    0.9885
 2.693    1.0320
 2.692    1.1289
 2.690    1.1326
 2.689    1.1624
 2.687    1.1743
 2.686    1.1667
 2.685    1.1833
 2.683    1.2234
 2.682    1.2681
 2.681    1.2373
 2.679    1.1589
 2.678    1.1321
 2.676    1.1660
 2.675    1.2353
 2.674    1.3044
 2.672    1.2961
 2.671    1.1602
 2.669    1.1575
 2.668    1.2065
 2.667    1.1943
 2.665    1.2175
 2.664    1.2800
 2.663    1.3928
 2.661    1.4404
 2.660    1.4607
 2.659    1.5022
 2.657    1.5405
 2.656    1.5413
 2.654    1.5510
 2.653    1.4976
 2.652    1.5159
 2.650    1.5366
 2.649    1.5566
 2.648    1.5901
 2.646    1.5742
 2.645    1.5706
 2.644    1.5942
 2.642    1.6184
 2.641    1.6311
 2.640    1.6084
 2.638    1.6404
 2.637    1.6953
 2.636    1.6921
 2.634    1.6116
 2.633    1.5901
 2.632    1.5371
 2.630    1.4712
 2.629    1.6189
 2.628    1.6689
 2.626    1.6509
 2.625    1.7170
 2.624    1.7175
 2.622    1.7534
 2.621    1.6318
 2.620    1.6028
 2.618    1.6497
 2.617    1.5742
 2.616    1.6538
 2.614    1.7439
 2.613    1.7690
 2.612    1.8201
 2.610    1.7805
 2.609    1.7568
 2.608    1.7244
 2.606    1.6638
 2.605    1.6506
 2.604    1.7180
 2.602    1.7515
 2.601    1.7922
 2.600    1.8503
 2.599    1.8906
 2.597    1.8518
 2.596    1.6294
 2.595    1.4712
 2.593    1.6750
 2.592    1.8623
 2.591    1.8850
 2.589    1.8708
 2.588    1.8274
 2.587    1.8186
 2.586    1.8608
 2.584    1.7822
 2.583    1.8201
 2.582    1.9285
 2.580    1.9582
 2.579    2.0071
 2.578    1.9231
 2.577    1.8784
 2.575    1.9558
 2.574    1.8935
 2.573    1.8535
 2.572    1.9553
 2.570    1.9541
 2.569    1.9282
 2.568    1.9453
 2.566    2.0227
 2.565    1.9668
 2.564    1.8567
 2.563    1.9009
 2.561    1.9492
 2.560    1.9829
 2.559    1.9851
 2.558    2.0239
 2.556    2.0566
 2.555    2.0549
 2.554    2.0295
 2.553    2.0002
 2.551    2.0203
 2.550    2.0647
 2.549    2.0969
 2.547    2.1040
 2.546    2.0969
 2.545    2.0642
 2.544    2.0452
 2.542    2.0508
 2.541    2.1201
 2.540    2.1621
 2.539    2.1240
 2.538    2.0837
 2.536    2.0796
 2.535    2.1294
 2.534    2.1567
 2.533    2.1450
 2.531    2.5301
 2.152    2.5289
 2.149    2.5276
 2.146    2.5264
 2.196    2.5252
 2.231    2.5239
 2.182    2.5227
 2.209    2.5215
 2.265    2.5202
 2.213    2.5190
 2.171    2.5178
 2.170    2.5166
 2.229    2.5154
 2.243    2.5141
 2.225    2.5129
 2.220    2.5117
 2.220    2.5105
 2.231    2.5093
 2.223    2.5081
 2.238    2.5068
 2.234    2.5056
 2.257    2.5044
 2.247    2.5032
 2.248    2.5020
 2.240    2.5008
 2.240    2.4996
 2.273    2.4984
 2.322    2.4972
 2.326    2.4960
 2.269    2.4948
 2.248    2.4936
 2.285    2.4924
 2.340    2.4912
 2.365    2.4900
 2.380    2.4888
 2.353    2.4876
 2.343    2.4864
 2.373    2.4852
 2.484    2.3716
 2.483    2.3955
 2.482    2.4006
 2.480    2.4053
 2.479    2.3833
 2.478    2.3957
 2.477    2.4170
 2.476    2.4394
 2.475    2.4612
 2.473    2.4648
 2.472    2.4719
 2.471    2.5024
 2.470    2.5354
 2.469    2.5129
 2.467    2.4746
 2.466    2.5225
 2.465    2.5430
 2.464    2.4712
 2.463    2.4924
 2.462    2.5815
 2.460    2.6182
 2.459    2.5898
 2.458    2.5757
 2.457    2.5884
 2.456    2.6226
 2.455    2.5859
 2.453    2.5986
 2.452    2.6455
 2.451    2.6462
 2.450    2.6545
 2.449    2.6655
 2.448    2.6897
 2.447    2.6894
 2.445    2.7480
 2.444    2.7598
 2.443    2.6943
 2.442    2.6702
 2.441    2.7302
 2.440    2.7480
 2.438    2.7436
 2.437    2.7839
 2.436    2.8225
 2.435    2.8657
 2.434    2.8428
 2.433    2.8372
 2.432    2.8442
 2.430    2.8535
 2.429    2.8572
 2.428    2.8848
 2.427    2.9180
 2.426    2.9282
 2.425    2.9421
 2.424    2.9993
 2.423    3.0146
 2.421    2.9971
 2.420    2.9883
 2.419    3.0102
 2.418    3.0256
 2.417    3.0300
 2.416    3.0788
 2.415    3.0959
 2.413    3.0864
 2.412    3.0745
 2.411    3.0957
 2.410    3.1277
 2.409    3.1360
 2.408    3.1699
 2.407    3.1860
 2.406    3.1929
 2.405    3.2126
 2.403    3.2327
 2.402    3.2432
 2.401    3.2766
 2.400    3.3020
 2.399    3.3101
 2.398    3.3325
 2.397    3.3552
 2.396    3.3420
 2.395    3.3359
 2.393    3.3613
 2.392    3.3960
 2.391    3.3994
 2.390    3.4282
 2.389    3.4726
 2.388    3.5134
 2.387    3.4912
 2.386    3.4761
 2.385    3.5188
 2.384    3.5283
 2.382    3.5137
 2.381    3.5925
 2.380    3.6020
 2.379    3.6091
 2.378    3.6477
 2.377    3.6230
 2.376    3.6103
 2.375    3.6423
 2.374    3.6995
 2.373    3.7112
 2.372    3.7100
 2.370    3.7288
 2.369    3.7566
 2.368    3.7617
 2.367    3.7727
 2.366    3.8369
 2.365    3.8877
 2.364    3.8882
 2.363    3.9043
 2.362    3.8962
 2.361    3.9329
 2.360    3.9873
 2.359    4.0234
 2.358    4.0141
 2.356    4.0369
 2.355    4.1047
 2.354    4.1338
 2.353    4.0747
 2.352    4.0793
 2.351    4.1789
 2.350    4.2317
 2.349    4.2432
 2.348    4.2004
 2.347    4.2087
 2.346    4.2705
 2.345    4.2676
 2.344    4.3254
 2.343    4.3603
 2.342    4.3625
 2.340    4.3044
 2.339    4.2915
 2.338    4.3650
 2.337    4.4521
 2.336    4.4983
 2.335    4.5669
 2.334    4.5740
 2.333    4.5561
 2.332    4.5825
 2.331    4.6008
 2.330    4.5911
 2.329    4.6018
 2.328    4.6741
 2.327    4.6658
 2.326    4.6682
 2.325    4.7370
 2.324    4.8005
 2.323    4.8564
 2.322    4.8655
 2.321    4.8457
 2.320    4.8430
 2.318    4.8635
 2.317    4.9241
 2.316    4.9424
 2.315    4.9700
 2.314    5.0425
 2.313    5.0713
 2.312    5.0256
 2.311    5.0315
 2.310    5.0989
 2.309    5.1706
 2.308    5.1706
 2.307    5.1850
 2.306    5.2600
 2.305    5.2827
 2.304    5.2886
 2.303    5.3037
 2.302    5.3340
 2.301    5.3872
 2.300    5.3730
 2.299    5.3369
 2.298    5.3689
 2.297    5.4617
 2.296    5.4470
 2.295    5.4119
 2.294    5.4680
 2.293    5.5925
 2.292    5.5947
 2.291    5.6103
 2.290    5.6152
 2.289    5.6006
 2.288    5.6125
 2.287    5.6907
 2.286    5.7309
 2.285    5.7158
 2.284    5.7148
 2.283    5.7370
 2.282    5.8037
 2.281    5.8205
 2.280    5.7927
 2.279    5.8694
 2.278    5.9553
 2.277    5.9333
 2.276    5.8840
 2.275    5.8860
 2.274    5.9609
 2.273    6.0098
 2.272    6.0027
 2.271    6.0051
 2.270    6.0246
 2.269    6.0813
 2.268    6.1228
 2.267    6.1428
 2.266    6.1557
 2.265    6.1853
 2.264    6.1653
 2.263    6.1675
 2.262    6.2004
 2.261    6.2329
 2.260    6.2290
 2.259    6.2505
 2.258    6.3056
 2.257    6.3865
 2.256    6.3740
 2.255    6.3589
 2.254    6.3235
 2.253    6.3594
 2.252    6.4226
 2.251    6.4187
 2.250    6.4292
 2.249    6.4211
 2.248    6.3789
 2.247    2.2462
 6.423    2.2452
 6.457    2.2442
 6.461    2.2433
 6.500    2.2423
 6.529    2.2413
 6.569    2.2403
 6.594    2.2394
 6.611    2.2384
 6.558    2.2374
 6.527    2.2365
 6.565    2.2355
 6.611    2.2345
 6.635    2.2336
 6.656    2.2326
 6.699    2.2317
 6.692    2.2307
 6.602    2.2297
 6.574    2.2288
 6.609    2.2278
 6.618    2.2269
 6.633    2.2259
 6.689    2.2250
 6.664    2.2240
 6.646    2.2231
 6.757    2.2221
 6.782    2.2211
 6.716    2.2202
 6.682    2.2192
 6.712    2.2183
 6.766    2.2173
 6.769    2.2164
 6.786    2.2155
 6.804    2.2145
 6.808    2.2136
 6.825    2.2126
 6.805    2.2117
 6.770    2.2107
 2.210    6.7524
 2.209    6.7417
 2.208    6.7219
 2.207    6.7283
 2.206    6.7588
 2.205    6.7429
 2.204    6.7065
 2.203    6.7151
 2.202    6.7610
 2.201    6.7688
 2.200    6.7143
 2.199    6.7060
 2.199    6.7090
 2.198    6.7749
 2.197    6.8271
 2.196    6.8030
 2.195    6.7590
 2.194    6.7688
 2.193    6.7317
 2.192    6.7654
 2.191    6.7932
 2.190    6.7258
 2.189    6.6477
 2.188    6.6726
 2.187    6.6970
 2.186    6.6572
 2.186    6.6719
 2.185    6.6951
 2.184    6.6225
 2.183    6.6067
 2.182    6.6484
 2.181    6.6621
 2.180    6.6228
 2.179    6.6023
 2.178    6.6579
 2.177    6.6489
 2.176    6.5491
 2.175    2.1746
 6.517    2.1736
 6.503    2.1727
 6.507    2.1718
 6.475    2.1709
 6.505    2.1700
 6.556    2.1691
 6.498    2.1682
 6.479    2.1673
 6.507    2.1664
 6.443    2.1655
 6.428    2.1646
 6.482    2.1637
 6.502    2.1628
 6.450    2.1619
 6.320    2.1610
 6.376    2.1601
 6.473    2.1592
 6.417    2.1583
 6.314    2.1574
 6.309    2.1565
 6.320    2.1556
 6.292    2.1547
 6.311    2.1538
 6.297    2.1529
 6.301    2.1520
 6.380    2.1511
 6.350    2.1502
 6.276    2.1493
 6.229    2.1484
 6.219    2.1475
 6.208    2.1466
 6.134    2.1458
 6.072    2.1449
 6.080    2.1440
 6.133    2.1431
 6.082    2.1422
 6.093    2.1413
 2.140    6.1814
 2.140    6.2258
 2.139    6.1743
 2.138    6.0762
 2.137    6.0417
 2.136    6.0720
 2.135    6.0012
 2.134    5.9260
 2.133    5.8606
 2.133    5.8569
 2.132    5.9170
 2.131    5.9045
 2.130    5.8711
 2.129    5.8098
 2.128    5.7761
 2.127    5.8215
 2.126    5.8225
 2.126    5.8078
 2.125    5.7681
 2.124    5.6987
 2.123    5.6748
 2.122    5.6863
 2.121    5.6670
 2.120    5.5911
 2.119    5.5176
 2.119    5.5366
 2.118    5.6203
 2.117    5.5417
 2.116    5.4595
 2.115    5.4548
 2.114    5.5676
 2.113    5.6592
 2.113    5.5947
 2.112    5.4931
 2.111    5.4045
 2.110    5.3691
 2.109    5.3584
 2.108    5.3484
 2.107    5.3459
 2.107    5.3518
 2.106    5.3135
 2.105    5.2461
 2.104    5.2395
 2.103    5.2510
 2.102    5.2505
 2.101    5.1929
 2.101    5.1655
 2.100    5.1882
 2.099    5.1648
 2.098    5.1567
 2.097    5.1169
 2.096    5.0576
 2.095    5.0491
 2.095    5.0068
 2.094    4.9473
 2.093    4.9487
 2.092    4.8894
 2.091    4.8088
 2.090    4.8157
 2.090    4.9065
 2.089    4.8660
 2.088    4.8774
 2.087    4.8955
 2.086    4.8606
 2.085    4.8259
 2.085    4.7800
 2.084    4.6301
 2.083    4.5813
 2.082    4.7344
 2.081    4.8203
 2.080    4.6853
 2.079    4.5691
