Name:  Albite NaAlSi3O8
Type:  Mineral
Class:  Silicates
Subclass:  Tectosilicates (Framework silicates) (Feldspar Group)
Particle Size:  Fine (less than 2 Micrometers)
Sample No.:  albite.1
Owner:  JHU
Wavelength Range:  IR
Origin:   Sample from Rutherford, Virginia, USA via the Smithsonian 
(sample no. NMNHC5390) and Bruce Hemingway.
Description: The sample was a large (2 cm x 2 cm x 2 cm) fragment of 
a twinned crystal.  The sample appeared very fresh.  It was 
translucent and light gray to white in color.  This is a sample of the classic 
Amelia albite.


Measurement:  Transmission 
First Column:  X
Second Column:  Y  
X Units:  Wavelength (micrometers)
Y Units:  Transmittance (percent)
First X Value:  25.0442
Last X Value:  2.079
Number of X Values:  2287
Additional Information: albite1a.txt
25.044   54.6874
24.924   53.2811
24.805   54.8749
24.686   57.3905
24.569   59.9256
24.454   60.9100
24.339   59.6288
24.225   55.8944
24.112   50.9999
24.001   47.3983
23.890   46.2069
23.781   45.1132
23.672   43.6171
23.564   41.3476
23.458   39.8397
23.352   40.0233
23.247   42.0936
23.144   45.6581
23.041   50.6092
22.939   56.2342
22.838   61.4139
22.738   66.4549
22.638   70.7440
22.540   73.6951
22.442   75.6814
22.345   77.0564
22.250   77.6092
22.154   77.1482
22.060   75.6170
21.967   73.1287
21.874   69.3397
21.782   64.2205
21.691   59.3983
21.601   57.4530
21.511   59.3670
21.422   63.8924
21.334   67.6444
21.247   68.3846
21.160   66.4002
21.074   63.8592
20.988   63.3612
20.904   65.8006
20.820   70.4764
20.737   75.6326
20.654   79.6033
20.572   82.0252
20.491   83.8787
20.410   85.0408
20.330   85.8338
20.251   86.3767
20.172   86.8611
20.094   87.3240
20.016   87.5174
19.939   87.5447
19.863   87.3299
19.787   87.0408
19.712   86.7947
19.637   86.4900
19.563   85.6804
19.489   84.7859
19.416   83.7498
19.344   82.3806
19.272   80.6141
19.201   78.4344
19.130   75.3172
19.059   71.1024
18.990   65.8866
18.920   60.6180
18.851   56.8944
18.783   56.0721
18.715   58.3905
18.648   63.0399
18.581   68.4061
18.515   73.1961
18.449   76.6639
18.384   79.1531
18.319   80.8484
18.254   81.8650
18.190   82.3963
18.126   82.6873
18.063   82.6648
18.001   82.3865
17.938   81.9412
17.876   81.1619
17.815   80.3826
17.754   79.3767
17.693   77.8826
17.633   75.9725
17.573   73.8172
17.514   71.3123
17.455   68.4227
17.396   65.0760
17.338   61.3045
17.280   57.3485
17.223   53.3133
17.166   49.5516
17.109   46.1376
17.053   43.4071
16.997   41.4960
16.942   40.6483
16.886   41.0517
16.832   42.7225
16.777   45.5399
16.723   48.9686
16.669   52.6844
16.616   55.7245
16.563   57.2196
16.510   56.7303
16.458   54.7518
16.406   53.1737
16.354   53.6844
16.302   56.7401
16.251   61.4002
16.200   66.2596
16.150   70.5174
16.100   73.9568
16.050   76.6424
16.000   78.6600
15.951   80.2850
15.902   81.4842
15.854   82.1062
15.805   82.2791
15.757   82.0623
15.710   81.4002
15.662   80.0818
15.615   77.9305
15.568   74.5330
15.521   69.4686
15.475   63.3465
15.429   58.3055
15.383   56.6219
15.338   59.2664
15.292   64.6561
15.248   70.4920
15.203   75.4529
15.158   79.2508
15.114   81.8260
15.070   83.6414
15.027   84.9959
14.983   86.0623
14.940   86.7703
14.897   87.3259
14.854   87.7625
14.812   88.0486
14.770   88.2654
14.728   88.5545
14.686   88.6609
14.645   88.6629
14.603   88.6853
14.562   88.7273
14.521   88.7468
14.481   88.5857
14.441   88.3845
14.400   88.1345
14.361   87.9060
14.321   87.6062
14.281   87.2400
14.242   86.7918
14.203   86.2146
14.164   85.4246
14.126   84.4568
14.087   83.2810
14.049   82.0281
14.011   80.4344
13.973   78.1893
13.936   75.3670
13.899   72.2049
13.861   68.8856
13.824   66.5921
13.788   66.6033
13.751   68.9398
13.715   72.2484
13.679   74.8904
13.643   75.9061
13.607   75.1873
13.571   72.9437
13.536   69.5687
13.500   65.7386
13.465   62.6600
13.430   61.6834
13.396   63.0160
13.361   66.0824
13.327   69.1278
13.293   70.9378
13.259   70.7449
13.225   68.4320
13.191   64.6546
13.158   60.9627
13.124   59.4789
13.091   61.4090
13.058   65.8905
13.026   71.0604
12.993   75.5452
12.960   78.4920
12.928   79.8811
12.896   80.4749
12.864   80.3084
12.832   78.8777
12.800   76.1150
12.769   72.3480
12.737   68.4163
12.706   65.7679
12.675   66.4002
12.644   70.3240
12.614   75.6023
12.583   80.2600
12.552   83.6590
12.522   85.9241
12.492   87.3850
12.462   88.4549
12.432   89.3943
12.402   90.1155
12.373   90.6292
12.343   90.8904
12.314   91.0525
12.285   91.1741
12.256   91.2151
12.227   91.4666
12.198   91.7019
12.169   91.8259
12.141   91.7703
12.113   91.7205
12.084   91.6311
12.056   91.5315
12.028   91.5759
12.000   91.4588
11.973   91.3850
11.945   91.2048
11.918   91.0042
11.890   90.8279
11.863   90.5857
11.836   90.3225
11.809   89.9768
11.782   89.7752
11.755   89.5335
11.729   89.2913
11.702   88.9881
11.676   88.6218
11.650   88.1565
11.624   87.6116
11.598   87.0315
11.572   86.4007
11.546   85.9207
11.520   85.5330
11.495   85.1463
11.469   84.7464
11.444   84.4138
11.419   84.2034
11.394   83.9021
11.369   83.6512
11.344   83.4866
11.319   83.1931
11.294   82.8128
11.270   82.4236
11.245   82.1546
11.221   81.8484
11.197   81.4295
11.173   81.0057
11.149   80.6678
11.125   80.2908
11.101   79.8147
11.077   79.2996
11.054   78.8553
11.030   78.3484
11.007   77.6561
10.983   76.9578
10.960   76.1917
10.937   75.4266
10.914   74.5906
10.891   73.7547
10.868   72.9861
10.846   72.2234
10.823   71.4207
10.800   70.6580
10.778   69.9119
10.755   69.0667
10.733   68.1258
10.711   67.0682
10.689   65.8963
10.667   64.9783
10.645   63.8070
10.623   62.3719
10.602   60.9749
10.580   59.5555
10.558   58.0790
10.537   56.5399
10.516   54.9198
10.494   53.2621
10.473   51.5868
10.452   49.8280
10.431   47.9911
10.410   46.1014
10.389   44.1430
10.368   42.0531
10.348   39.9574
10.327   37.8056
10.306   35.6137
10.286   33.4403
10.266   31.2636
10.245   29.0722
10.225   26.9184
10.205   24.8076
10.185   22.7763
10.165   20.8618
10.145   19.0473
10.125   17.4086
10.106   16.0786
10.086   15.0634
10.066   14.3881
10.047   14.0205
10.027   13.9975
10.008   14.3095
 9.989   14.8364
 9.970   15.4633
 9.950   16.0507
 9.931   16.4809
 9.912   16.6440
 9.893   16.4770
 9.875   16.0898
 9.856   15.6840
 9.837   15.4980
 9.818   15.7607
 9.800   16.3916
 9.781   17.2373
 9.763   17.9751
 9.745   18.2158
 9.726   17.8935
 9.708   17.1079
 9.690   16.0781
 9.672   15.1269
 9.654   14.4609
 9.636   14.2236
 9.618   14.4511
 9.600   15.0688
 9.583   15.9712
 9.565   17.0981
 9.547   18.2910
 9.530   19.4589
 9.512   20.4814
 9.495   21.3520
 9.477   22.1352
 9.460   22.9521
 9.443   23.8935
 9.426   25.0146
 9.409   26.3539
 9.392   27.8320
 9.375   29.3383
 9.358   30.8832
 9.341   32.4496
 9.324   33.9423
 9.307   35.2367
 9.291   36.2523
 9.274   36.9442
 9.257   37.1898
 9.241   36.9613
 9.224   36.1820
 9.208   34.8344
 9.192   33.0312
 9.175   30.9794
 9.159   28.9706
 9.143   27.2675
 9.127   26.1371
 9.111   25.7133
 9.095   25.8906
 9.079   26.4164
 9.063   27.1293
 9.047   27.8984
 9.032   28.8183
 9.016   29.9867
 9.000   31.2528
 8.985   32.4316
 8.969   33.5234
 8.954   34.4442
 8.938   35.0922
 8.923   35.4106
 8.907   35.4003
 8.892   34.9980
 8.877   34.2372
 8.862   33.1801
 8.847   31.9130
 8.832   30.5068
 8.817   29.1000
 8.802   27.8520
 8.787   26.7646
 8.772   25.9140
 8.757   25.3520
 8.742   25.1152
 8.728   25.1464
 8.713   25.3735
 8.698   25.6562
 8.684   25.9228
 8.669   26.0839
 8.655   26.0976
 8.640   25.9614
 8.626   25.8012
 8.612   25.8036
 8.597   25.9726
 8.583   26.3725
 8.569   26.9379
 8.555   27.7387
 8.541   28.7348
 8.527   29.9467
 8.513   31.3637
 8.499   32.9516
 8.485   34.6278
 8.471   36.3930
 8.457   38.2680
 8.443   40.1952
 8.430   42.1552
 8.416   44.1517
 8.402   46.1259
 8.389   47.9686
 8.375   49.7557
 8.362   51.4288
 8.348   52.9894
 8.335   54.4403
 8.321   55.8165
 8.308   57.0848
 8.295   58.3016
 8.281   59.5216
 8.268   60.6837
 8.255   61.7923
 8.242   62.8856
 8.229   63.9442
 8.216   64.9022
 8.203   65.8282
 8.190   66.7410
 8.177   67.5880
 8.164   68.3507
 8.151   69.0867
 8.138   69.7996
 8.126   70.4124
 8.113   71.0281
 8.100   71.6719
 8.088   72.2725
 8.075   72.8299
 8.062   73.3213
 8.050   73.8318
 8.037   74.3143
 8.025   74.7862
 8.013   75.2942
 8.000   75.7305
 7.988   76.0965
 7.976   76.4678
 7.963   76.8729
 7.951   77.2708
 7.939   77.6453
 7.927   77.9793
 7.915   78.2842
 7.903   78.5994
 7.891   78.9190
 7.879   79.2185
 7.867   79.5030
 7.855   79.7801
 7.843   80.0655
 7.831   80.2998
 7.819   80.5450
 7.807   80.8152
 7.796   81.0769
 7.784   81.3174
 7.772   81.5860
 7.761   81.8321
 7.749   82.0769
 7.738   82.2891
 7.726   82.4727
 7.715   82.6570
 7.703   82.8448
 7.692   83.0486
 7.680   83.2129
 7.669   83.3846
 7.658   83.5677
 7.646   83.7254
 7.635   83.8594
 7.624   84.0100
 7.613   84.1629
 7.601   84.3135
 7.590   84.4690
 7.579   84.6465
 7.568   84.7932
 7.557   84.9441
 7.546   85.0694
 7.535   85.2334
 7.524   85.3567
 7.513   85.4886
 7.502   85.6414
 7.492   85.7595
 7.481   85.8753
 7.470   86.0000
 7.459   86.0928
 7.448   86.1570
 7.438   86.2832
 7.427   86.4053
 7.417   86.5183
 7.406   86.6253
 7.395   86.7334
 7.385   86.8347
 7.374   86.9524
 7.364   87.0515
 7.353   87.1270
 7.343   87.2136
 7.333   87.3174
 7.322   87.4072
 7.312   87.5244
 7.302   87.6668
 7.291   87.7605
 7.281   87.8360
 7.271   87.8816
 7.261   87.9402
 7.251   88.0105
 7.240   88.0840
 7.230   88.1768
 7.220   88.2561
 7.210   88.3396
 7.200   88.4065
 7.190   88.4793
 7.180   88.5989
 7.170   88.7390
 7.160   88.8338
 7.151   88.8787
 7.141   88.9431
 7.131   88.9900
 7.121   89.1524
 7.111   89.3425
 7.102   89.4522
 7.092   89.4824
 7.082   89.5498
 7.073   89.5860
 7.063   89.6006
 7.053   89.6658
 7.044   89.7578
 7.034   89.8533
 7.025   89.9219
 7.015   89.9473
 7.006   89.9258
 6.996   89.9180
 6.987   89.9502
 6.977   89.9910
 6.968   90.0645
 6.959   90.1257
 6.949   90.0867
 6.940   90.0925
 6.931   90.1279
 6.921   90.2383
 6.912   90.3543
 6.903   90.4434
 6.894   90.5056
 6.885   90.5637
 6.876   90.6055
 6.866   90.7139
 6.857   90.7976
 6.848   90.8565
 6.839   90.9375
 6.830   91.0403
 6.821   91.1123
 6.812   91.1113
 6.803   91.1482
 6.794   91.2158
 6.786   91.2488
 6.777   91.2800
 6.768   91.3408
 6.759   91.4041
 6.750   91.4971
 6.741   91.5584
 6.733   91.6028
 6.724   91.6355
 6.715   91.6807
 6.707   91.7097
 6.698   91.7659
 6.689   91.8152
 6.681   91.9033
 6.672   91.9500
 6.663   91.9531
 6.655   91.9695
 6.646   92.0059
 6.638   92.0623
 6.629   92.0588
 6.621   92.0869
 6.612   92.1443
 6.604   92.1729
 6.596   92.1921
 6.587   92.2356
 6.579   92.2810
 6.571   92.3308
 6.562   92.3330
 6.554   92.3767
 6.546   92.4285
 6.537   92.4529
 6.529   92.4670
 6.521   92.4981
 6.513   92.4873
 6.505   92.4785
 6.496   92.4998
 6.488   92.5105
 6.480   92.5408
 6.472   92.6082
 6.464   92.6477
 6.456   92.6628
 6.448   92.6956
 6.440   92.6856
 6.432   92.7158
 6.424   92.7839
 6.416   92.8538
 6.408   92.8457
 6.400   92.8162
 6.392   92.8211
 6.384   92.8232
 6.377   92.8242
 6.369   92.8408
 6.361   92.8523
 6.353   92.8557
 6.345   92.8992
 6.338   92.8347
 6.330   92.7620
 6.322   92.7566
 6.314   92.7566
 6.307   92.7410
 6.299   92.7217
 6.291   92.6934
 6.284   92.6453
 6.276   92.5867
 6.269   92.5642
 6.261   92.4824
 6.254   92.4021
 6.246   92.3386
 6.238   92.2520
 6.231   92.1758
 6.223   92.1316
 6.216   92.0720
 6.209   91.9910
 6.201   91.8796
 6.194   91.7734
 6.186   91.7185
 6.179   91.6394
 6.172   91.6133
 6.164   91.6580
 6.157   91.7537
 6.150   91.8416
 6.142   91.9109
 6.135   91.9031
 6.128   91.9168
 6.121   92.0100
 6.113   92.2068
 6.106   92.3147
 6.099   92.4045
 6.092   92.4793
 6.085   92.5361
 6.078   92.6299
 6.070   92.7009
 6.063   92.7229
 6.056   92.7783
 6.049   92.8884
 6.042   92.8904
 6.035   92.9128
 6.028   92.9675
 6.021   92.9141
 6.014   92.7832
 6.007   92.7041
 6.000   92.6882
 5.993   92.7595
 5.986   92.8318
 5.979   92.9277
 5.973   93.0877
 5.966   93.2529
 5.959   93.3418
 5.952   93.4473
 5.945   93.5332
 5.938   93.6814
 5.932   93.7813
 5.925   93.8076
 5.918   93.8926
 5.911   93.9373
 5.905   93.9592
 5.898   94.0505
 5.891   94.1101
 5.884   94.1707
 5.878   94.2429
 5.871   94.2275
 5.864   94.2927
 5.858   94.2947
 5.851   94.3076
 5.845   94.3142
 5.838   94.3301
 5.831   94.3689
 5.825   94.3899
 5.818   94.3972
 5.812   94.3337
 5.805   94.3438
 5.799   94.3691
 5.792   94.3623
 5.786   94.3406
 5.779   94.3604
 5.773   94.3711
 5.767   94.4216
 5.760   94.4072
 5.754   94.4226
 5.747   94.4424
 5.741   94.4795
 5.735   94.4570
 5.728   94.4590
 5.722   94.4883
 5.716   94.5313
 5.709   94.5584
 5.703   94.5994
 5.697   94.6257
 5.691   94.6279
 5.684   94.6277
 5.678   94.6748
 5.672   94.6946
 5.666   94.6677
 5.660   94.7031
 5.653   94.7727
 5.647   94.8193
 5.641   94.8691
 5.635   94.8757
 5.629   94.8643
 5.623   94.8779
 5.617   94.8711
 5.611   94.8867
 5.604   94.8899
 5.598   94.8906
 5.592   94.8662
 5.586   94.8591
 5.580   94.8787
 5.574   94.9080
 5.568   94.9131
 5.562   94.9561
 5.556   94.9929
 5.550   95.0059
 5.545   95.0410
 5.539   95.0674
 5.533   95.1025
 5.527   95.1338
 5.521   95.1960
 5.515   95.2585
 5.509   95.2869
 5.503   95.3313
 5.498   95.3447
 5.492   95.3730
 5.486   95.4148
 5.480   95.4470
 5.474   95.4824
 5.469   95.5254
 5.463   95.5823
 5.457   95.6006
 5.451   95.6289
 5.446   95.6543
 5.440   95.6882
 5.434   95.7346
 5.428   95.7402
 5.423   95.7861
 5.417   95.8118
 5.411   95.8249
 5.406   95.8538
 5.400   95.8955
 5.395   95.9167
 5.389   95.9187
 5.383   95.9119
 5.378   95.9617
 5.372   95.9853
 5.367   96.0166
 5.361   96.0515
 5.356   96.0850
 5.350   96.1018
 5.344   96.1345
 5.339   96.1482
 5.333   96.1887
 5.328   96.2187
 5.323   96.2295
 5.317   96.2341
 5.312   96.2048
 5.306   96.2471
 5.301   96.2527
 5.295   96.2791
 5.290   96.2913
 5.285   96.3164
 5.279   96.3076
 5.274   96.3210
 5.268   96.3249
 5.263   96.3425
 5.258   96.3542
 5.252   96.3572
 5.247   96.3044
 5.242   96.2683
 5.237   96.2654
 5.231   96.3193
 5.226   96.3542
 5.221   96.3689
 5.215   96.4033
 5.210   96.4172
 5.205   96.4333
 5.200   96.4631
 5.195   96.4893
 5.189   96.4958
 5.184   96.5330
 5.179   96.5398
 5.174   96.5613
 5.169   96.5769
 5.163   96.6101
 5.158   96.6277
 5.153   96.6472
 5.148   96.6716
 5.143   96.6716
 5.138   96.6582
 5.133   96.6833
 5.128   96.6892
 5.123   96.6882
 5.118   96.7002
 5.113   96.7256
 5.108   96.7393
 5.103   96.7519
 5.097   96.7803
 5.092   96.8174
 5.087   96.8359
 5.083   96.8484
 5.078   96.8643
 5.073   96.8572
 5.068   96.8721
 5.063   96.8855
 5.058   96.9080
 5.053   96.9451
 5.048   96.9832
 5.043   96.9729
 5.038   96.9651
 5.033   96.9827
 5.028   96.9919
 5.023   96.9915
 5.019   97.0398
 5.014   97.0476
 5.009   97.0247
 5.004   97.0466
 4.999   97.0735
 4.994   97.0754
 4.990   97.0569
 4.985   97.0969
 4.980   97.1238
 4.975   97.1643
 4.970   97.1975
 4.966   97.2312
 4.961   97.2429
 4.956   97.2810
 4.951   97.3230
 4.947   97.3508
 4.942   97.3337
 4.937   97.3435
 4.933   97.3581
 4.928   97.3162
 4.923   97.3137
 4.919   97.3425
 4.914   97.3372
 4.909   97.3752
 4.905   97.3933
 4.900   97.3425
 4.895   97.3337
 4.891   97.3581
 4.886   97.3865
 4.882   97.3992
 4.877   97.4192
 4.872   97.4377
 4.868   97.4216
 4.863   97.4119
 4.859   97.4084
 4.854   97.4241
 4.850   97.4724
 4.845   97.4910
 4.840   97.5017
 4.836   97.5139
 4.831   97.5359
 4.827   97.5413
 4.822   97.5349
 4.818   97.5789
 4.814   97.6081
 4.809   97.6160
 4.805   97.5896
 4.800   97.5994
 4.796   97.6057
 4.791   97.5945
 4.787   97.5642
 4.782   97.5647
 4.778   97.5588
 4.774   97.5837
 4.769   97.6033
 4.765   97.6135
 4.760   97.6086
 4.756   97.6052
 4.752   97.6487
 4.747   97.6799
 4.743   97.7019
 4.739   97.6921
 4.734   97.6697
 4.730   97.6575
 4.726   97.6467
 4.721   97.6824
 4.717   97.6853
 4.713   97.7156
 4.709   97.7234
 4.704   97.7019
 4.700   97.7117
 4.696   97.7478
 4.692   97.7458
 4.687   97.7561
 4.683   97.7781
 4.679   97.8127
 4.675   97.7986
 4.670   97.7869
 4.666   97.7849
 4.662   97.8240
 4.658   97.8328
 4.654   97.8718
 4.649   97.8874
 4.645   97.8821
 4.641   97.8874
 4.637   97.8987
 4.633   97.8767
 4.629   97.9011
 4.625   97.8899
 4.620   97.8650
 4.616   97.8391
 4.612   97.8567
 4.608   97.8464
 4.604   97.9119
 4.600   97.9807
 4.596   98.0007
 4.592   97.9983
 4.588   98.0256
 4.584   98.0564
 4.580   98.0154
 4.576   98.0725
 4.572   98.0832
 4.568   98.0618
 4.564   98.0261
 4.560   98.0647
 4.555   98.0989
 4.551   98.1179
 4.548   98.1194
 4.544   98.1277
 4.540   98.1067
 4.536   98.0989
 4.532   98.0925
 4.528   98.1135
 4.524   98.1101
 4.520   98.1716
 4.516   98.1799
 4.512   98.1448
 4.508   98.1228
 4.504   98.1101
 4.500   98.1272
 4.496   98.1570
 4.492   98.2034
 4.488   98.2175
 4.485   98.2385
 4.481   98.2019
 4.477   98.1863
 4.473   98.1882
 4.469   98.1965
 4.465   98.2097
 4.461   98.2244
 4.458   98.2512
 4.454   98.2605
 4.450   98.2307
 4.446   98.1916
 4.442   98.2024
 4.438   98.2517
 4.435   98.2659
 4.431   98.3118
 4.427   98.3782
 4.423   98.3704
 4.420   98.3933
 4.416   98.4206
 4.412   98.4001
 4.408   98.3743
 4.405   98.3660
 4.401   98.3752
 4.397   98.4006
 4.393   98.4455
 4.390   98.4553
 4.386   98.4455
 4.382   98.4963
 4.379   98.5178
 4.375   98.4978
 4.371   98.4646
 4.367   98.4744
 4.364   98.5408
 4.360   98.5173
 4.356   98.4841
 4.353   98.4573
 4.349   98.4885
 4.345   98.5281
 4.342   98.5564
 4.338   98.5300
 4.335   98.5452
 4.331   98.5779
 4.327   98.6155
 4.324   98.6277
 4.320   98.6238
 4.317   98.6155
 4.313   98.5881
 4.309   98.6174
 4.306   98.6301
 4.302   98.6321
 4.299   98.6643
 4.295   98.7019
 4.292   98.6428
 4.288   98.6355
 4.284   98.6511
 4.281   98.6374
 4.277   98.6081
 4.274   98.6433
 4.270   98.6721
 4.267   98.6872
 4.263   98.6658
 4.260   98.6960
 4.256   98.7219
 4.253   98.7185
 4.249   98.7165
 4.246   98.7292
 4.242   98.7234
 4.239   98.7288
 4.235   98.7517
 4.232   98.7703
 4.229   98.7639
 4.225   98.7854
 4.222   98.7869
 4.218   98.7371
 4.215   98.7497
 4.211   98.7971
 4.208   98.8108
 4.205   98.8264
 4.201   98.8166
 4.198   98.8205
 4.194   98.7991
 4.191   98.8039
 4.188   98.7932
 4.184   98.8127
 4.181   98.8201
 4.177   98.8328
 4.174   98.8303
 4.171   98.8889
 4.167   98.8650
 4.164   98.8376
 4.161   98.8738
 4.157   98.9138
 4.154   98.9084
 4.151   98.8616
 4.147   98.8523
 4.144   98.8611
 4.141   98.8494
 4.137   98.8557
 4.134   98.8464
 4.131   98.8469
 4.128   98.8572
 4.124   98.8845
 4.121   98.8865
 4.118   98.8953
 4.114   98.9338
 4.111   98.9089
 4.108   98.8796
 4.105   98.8850
 4.101   98.9241
 4.098   98.9338
 4.095   98.8982
 4.092   98.8943
 4.088   98.9421
 4.085   98.9392
 4.082   98.9324
 4.079   98.9109
 4.076   98.8982
 4.072   98.8928
 4.069   98.9123
 4.066   98.9324
 4.063   98.9709
 4.060   98.9670
 4.056   98.9831
 4.053   98.9792
 4.050   98.9944
 4.047   99.0076
 4.044   99.0022
 4.041   98.9451
 4.038   98.9167
 4.034   98.9656
 4.031   98.9675
 4.028   98.9597
 4.025   98.9568
 4.022   98.9704
 4.019   98.9709
 4.016   98.9656
 4.013   98.9592
 4.009   98.9372
 4.006   98.9412
 4.003   98.9441
 4.000   98.9324
 3.997   98.9001
 3.994   98.9065
 3.991   98.8562
 3.988   98.8523
 3.985   98.8708
 3.982   98.8557
 3.979   98.9084
 3.976   98.9280
 3.973   98.9607
 3.969   98.9592
 3.966   98.9724
 3.963   98.9490
 3.960   98.9128
 3.957   98.9294
 3.954   98.9675
 3.951   98.9880
 3.948   98.9978
 3.945   99.0154
 3.942   98.9963
 3.939   99.0066
 3.936   99.0203
 3.933   99.0290
 3.930   99.0510
 3.927   99.0798
 3.924   99.0901
 3.921   99.1453
 3.918   99.1584
 3.916   99.1648
 3.913   99.1462
 3.910   99.1604
 3.907   99.1858
 3.904   99.1863
 3.901   99.1912
 3.898   99.1501
 3.895   99.1155
 3.892   99.0847
 3.889   99.0295
 3.886   99.0203
 3.883   99.0544
 3.880   99.0945
 3.877   99.0901
 3.875   99.0701
 3.872   99.0798
 3.869   99.0730
 3.866   99.0642
 3.863   99.0964
 3.860   99.1077
 3.857   99.1623
 3.854   99.1736
 3.852   99.1872
 3.849   99.1804
 3.846   99.1413
 3.843   99.1091
 3.840   99.0881
 3.837   99.0954
 3.834   99.1130
 3.832   99.1858
 3.829   99.2146
 3.826   99.2014
 3.823   99.1882
 3.820   99.2361
 3.817   99.2419
 3.815   99.1999
 3.812   99.1921
 3.809   99.1960
 3.806   99.2131
 3.803   99.1970
 3.801   99.1975
 3.798   99.2156
 3.795   99.1960
 3.792   99.2073
 3.790   99.2405
 3.787   99.3049
 3.784   99.3152
 3.781   99.3132
 3.779   99.3010
 3.776   99.3132
 3.773   99.3318
 3.770   99.3093
 3.768   99.2908
 3.765   99.2761
 3.762   99.3240
 3.759   99.3337
 3.757   99.3225
 3.754   99.2956
 3.751   99.2712
 3.748   99.2996
 3.746   99.2781
 3.743   99.2639
 3.740   99.3108
 3.738   99.3044
 3.735   99.2654
 3.732   99.2185
 3.730   99.2263
 3.727   99.2151
 3.724   99.2576
 3.722   99.2971
 3.719   99.3147
 3.716   99.3049
 3.714   99.2639
 3.711   99.2400
 3.708   99.2214
 3.706   99.2283
 3.703   99.2385
 3.700   99.2917
 3.698   99.3122
 3.695   99.3069
 3.692   99.2966
 3.690   99.3005
 3.687   99.2834
 3.685   99.3186
 3.682   99.3010
 3.679   99.3044
 3.677   99.2956
 3.674   99.3127
 3.671   99.2932
 3.669   99.2756
 3.666   99.2996
 3.664   99.3093
 3.661   99.2956
 3.659   99.3127
 3.656   99.3088
 3.653   99.3210
 3.651   99.3611
 3.648   99.4260
 3.646   99.4519
 3.643   99.4646
 3.641   99.4392
 3.638   99.4084
 3.635   99.3767
 3.633   99.3381
 3.630   99.3245
 3.628   99.3240
 3.625   99.3933
 3.623   99.4138
 3.620   99.3562
 3.618   99.3518
 3.615   99.3518
 3.613   99.3537
 3.610   99.3186
 3.608   99.3308
 3.605   99.3435
 3.603   99.3581
 3.600   99.3498
 3.598   99.3830
 3.595   99.4294
 3.593   99.4045
 3.590   99.4221
 3.588   99.4260
 3.585   99.3889
 3.583   99.3913
 3.580   99.3694
 3.578   99.3591
 3.575   99.3406
 3.573   99.3611
 3.570   99.3577
 3.568   99.3083
 3.565   99.3337
 3.563   99.3747
 3.561   99.3811
 3.558   99.4294
 3.556   99.3870
 3.553   99.3147
 3.551   99.3186
 3.548   99.3518
 3.546   99.3728
 3.544   99.3728
 3.541   99.3616
 3.539   99.3772
 3.536   99.4158
 3.534   99.3943
 3.531   99.3791
 3.529   99.4006
 3.527   99.3674
 3.524   99.3884
 3.522   99.4319
 3.519   99.4119
 3.517   99.3513
 3.515   99.3132
 3.512   99.3108
 3.510   99.3103
 3.508   99.3225
 3.505   99.3103
 3.503   99.3127
 3.500   99.3913
 3.498   99.4338
 3.496   99.4441
 3.493   99.4265
 3.491   99.4143
 3.489   99.4514
 3.486   99.4079
 3.484   99.3240
 3.482   99.3142
 3.479   99.2776
 3.477   99.2673
 3.475   99.2703
 3.472   99.2790
 3.470   99.2893
 3.468   99.2810
 3.465   99.2458
 3.463   99.2029
 3.461   99.1955
 3.458   99.1736
 3.456   99.2170
 3.454   99.2732
 3.452   99.2815
 3.449   99.3147
 3.447   99.3362
 3.445   99.3498
 3.442   99.4099
 3.440   99.3708
 3.438   99.3537
 3.435   99.3552
 3.433   99.3650
 3.431   99.3396
 3.429   99.3420
 3.426   99.3747
 3.424   99.3894
 3.422   99.4177
 3.420   99.3909
 3.417   99.3708
 3.415   99.3787
 3.413   99.4436
 3.411   99.4451
 3.408   99.4534
 3.406   99.3987
 3.404   99.3337
 3.402   99.3005
 3.399   99.3342
 3.397   99.3650
 3.395   99.4079
 3.393   99.4294
 3.391   99.4241
 3.388   99.3494
 3.386   99.3577
 3.384   99.3245
 3.382   99.2908
 3.380   99.3025
 3.377   99.3025
 3.375   99.3298
 3.373   99.3591
 3.371   99.3728
 3.369   99.3889
 3.366   99.3611
 3.364   99.3747
 3.362   99.3518
 3.360   99.3162
 3.358   99.2971
 3.355   99.3318
 3.353   99.3635
 3.351   99.3689
 3.349   99.3909
 3.347   99.3747
 3.345   99.3591
 3.342   99.3440
 3.340   99.3865
 3.338   99.4099
 3.336   99.3909
 3.334   99.3650
 3.332   99.3376
 3.330   99.3396
 3.327   99.3655
 3.325   99.3474
 3.323   99.3518
 3.321   99.3747
 3.319   99.3166
 3.317   99.3533
 3.315   99.3303
 3.313   99.3440
 3.310   99.3440
 3.308   99.3147
 3.306   99.3049
 3.304   99.3127
 3.302   99.3122
 3.300   99.3279
 3.298   99.3357
 3.296   99.2893
 3.294   99.2693
 3.292   99.3220
 3.289   99.3494
 3.287   99.3537
 3.285   99.3220
 3.283   99.3162
 3.281   99.3791
 3.279   99.3318
 3.277   99.3147
 3.275   99.3279
 3.273   99.3655
 3.271   99.4099
 3.269   99.3591
 3.267   99.3689
 3.265   99.3708
 3.263   99.3406
 3.260   99.2820
 3.258   99.2673
 3.256   99.2263
 3.254   99.2429
 3.252   99.2878
 3.250   99.2712
 3.248   99.2546
 3.246   99.2820
 3.244   99.2820
 3.242   99.2312
 3.240   99.2009
 3.238   99.2058
 3.236   99.1775
 3.234   99.1726
 3.232   99.1482
 3.230   99.1902
 3.228   99.1052
 3.226   99.0388
 3.224   99.0515
 3.222   99.1052
 3.220   99.0779
 3.218   99.1150
 3.216   99.1013
 3.214   99.0837
 3.212   99.0759
 3.210   99.0935
 3.208   99.0847
 3.206   99.0632
 3.204   99.0701
 3.202   99.0554
 3.200   99.0701
 3.198   98.9665
 3.196   98.9890
 3.194   98.9880
 3.192   99.0007
 3.190   99.0427
 3.188   99.0193
 3.186   98.9939
 3.184   99.0144
 3.182   98.9460
 3.180   98.9392
 3.179   98.9324
 3.177   98.9314
 3.175   98.8806
 3.173   98.8630
 3.171   98.8962
 3.169   98.8650
 3.167   98.8513
 3.165   98.8826
 3.163   98.8679
 3.161   98.7927
 3.159   98.7966
 3.157   98.7859
 3.155   98.7185
 3.153   98.6951
 3.151   98.6892
 3.150   98.6511
 3.148   98.6218
 3.146   98.6619
 3.144   98.5779
 3.142   98.6228
 3.140   98.6042
 3.138   98.5603
 3.136   98.5496
 3.134   98.5447
 3.132   98.4822
 3.131   98.4617
 3.129   98.4636
 3.127   98.4744
 3.125   98.4480
 3.123   98.3591
 3.121   98.3415
 3.119   98.3806
 3.117   98.4011
 3.115   98.4353
 3.114   98.4675
 3.112   98.4412
 3.110   98.3806
 3.108   98.4080
 3.106   98.3777
 3.104   98.3455
 3.102   98.3689
 3.101   98.3689
 3.099   98.4470
 3.097   98.4617
 3.095   98.4040
 3.093   98.3249
 3.091   98.3074
 3.089   98.3650
 3.088   98.3630
 3.086   98.3747
 3.084   98.3747
 3.082   98.4011
 3.080   98.3953
 3.078   98.3718
 3.077   98.3425
 3.075   98.3884
 3.073   98.3923
 3.071   98.4060
 3.069   98.4294
 3.068   98.4206
 3.066   98.3298
 3.064   98.2810
 3.062   98.2429
 3.060   98.2263
 3.058   98.2165
 3.057   98.2126
 3.055   98.2898
 3.053   98.2908
 3.051   98.3083
 3.050   98.3249
 3.048   98.3162
 3.046   98.2576
 3.044   98.2458
 3.042   98.2068
 3.041   98.1960
 3.039   98.1247
 3.037   98.0837
 3.035   98.0818
 3.033   98.0701
 3.032   98.0798
 3.030   98.0701
 3.028   98.0466
 3.026   98.0271
 3.025   97.9890
 3.023   97.9099
 3.021   97.8767
 3.019   97.8162
 3.018   97.7693
 3.016   97.7234
 3.014   97.6462
 3.012   97.6267
 3.011   97.5720
 3.009   97.5662
 3.007   97.5828
 3.005   97.5369
 3.004   97.4568
 3.002   97.4421
 3.000   97.4773
 2.998   97.4226
 2.997   97.4656
 2.995   97.4695
 2.993   97.4646
 2.991   97.4021
 2.990   97.3474
 2.988   97.2869
 2.986   97.2673
 2.985   97.2195
 2.983   97.1960
 2.981   97.2029
 2.979   97.1677
 2.978   97.1140
 2.976   97.0193
 2.974   96.8787
 2.973   96.7986
 2.971   96.7165
 2.969   96.6404
 2.967   96.5476
 2.966   96.4968
 2.964   96.4460
 2.962   96.3884
 2.961   96.2791
 2.959   96.1384
 2.957   96.0710
 2.956   96.1228
 2.954   96.0994
 2.952   96.0437
 2.951   95.9861
 2.949   95.9568
 2.947   95.9314
 2.946   95.9060
 2.944   95.9119
 2.942   95.9226
 2.941   95.8884
 2.939   95.9070
 2.937   95.8640
 2.936   95.8142
 2.934   95.7966
 2.932   95.7732
 2.931   95.6482
 2.929   95.6257
 2.927   95.6404
 2.926   95.6062
 2.924   95.5525
 2.922   95.5818
 2.921   95.5085
 2.919   95.5007
 2.917   95.4685
 2.916   95.5828
 2.914   95.5349
 2.912   95.5437
 2.911   95.5583
 2.909   95.5740
 2.908   95.5134
 2.906   95.5710
 2.904   95.6140
 2.903   95.6072
 2.901   95.6873
 2.899   95.7898
 2.898   95.8455
 2.896   95.9099
 2.895   95.9968
 2.893   96.1013
 2.891   96.1052
 2.890   96.0671
 2.888   96.1580
 2.887   96.1970
 2.885   96.3289
 2.883   96.3923
 2.882   96.4695
 2.880   96.4421
 2.878   96.4880
 2.877   96.5701
 2.875   96.6423
 2.874   96.7507
 2.872   96.7898
 2.871   96.8953
 2.869   96.9578
 2.867   97.0828
 2.866   97.1765
 2.864   97.3220
 2.863   97.3367
 2.861   97.3874
 2.859   97.4294
 2.858   97.5017
 2.856   97.5554
 2.855   97.6374
 2.853   97.7341
 2.852   97.7624
 2.850   97.7497
 2.848   97.7947
 2.847   97.8474
 2.845   97.9529
 2.844   97.9724
 2.842   98.0642
 2.841   98.0437
 2.839   98.0369
 2.838   98.0359
 2.836   98.0203
 2.834   98.0779
 2.833   98.1794
 2.831   98.3415
 2.830   98.3591
 2.828   98.3210
 2.827   98.2048
 2.825   98.1326
 2.824   98.1658
 2.822   98.2039
 2.821   98.3142
 2.819   98.3943
 2.817   98.4812
 2.816   98.5681
 2.814   98.5945
 2.813   98.5837
 2.811   98.6208
 2.810   98.5603
 2.808   98.5320
 2.807   98.5759
 2.805   98.6150
 2.804   98.6999
 2.802   98.7820
 2.801   98.8513
 2.799   98.9060
 2.798   98.9460
 2.796   99.0398
 2.795   99.0828
 2.793   99.1804
 2.792   99.1882
 2.790   99.2263
 2.789   99.2888
 2.787   99.4099
 2.786   99.3992
 2.784   99.4148
 2.783   99.4880
 2.781   99.4958
 2.780   99.5466
 2.778   99.6638
 2.777   99.6658
 2.775   99.6531
 2.774   99.6453
 2.772   99.7810
 2.771   99.8630
 2.769   99.8630
 2.768   99.8953
 2.766   99.9607
 2.765   99.9158
 2.763   99.9851
 2.762   99.9695
 2.760  100.0583
 2.759  100.1951
 2.758  100.3591
 2.756  100.4939
 2.755  100.4734
 2.753  100.4421
 2.752  100.5427
 2.750  100.5632
 2.749  100.6345
 2.747  100.7820
 2.746  100.8201
 2.744  100.8396
 2.743  100.9411
 2.741  101.0085
 2.740  101.1335
 2.739  101.1521
 2.737  101.1804
 2.736  101.2380
 2.734  101.2859
 2.733  101.2390
 2.731  101.2781
 2.730  101.3122
 2.729  101.3786
 2.727  101.4275
 2.726  101.4919
 2.724  101.5310
 2.723  101.5163
 2.721  101.5437
 2.720  101.5945
 2.718  101.6609
 2.717  101.6247
 2.716  101.4968
 2.714  101.4656
 2.713  101.5388
 2.711  101.5554
 2.710  101.5124
 2.709  101.4919
 2.707  101.5437
 2.706  101.6247
 2.704  101.7663
 2.703  101.7702
 2.701  101.7312
 2.700  101.8122
 2.699  101.8952
 2.697  101.9187
 2.696  101.9939
 2.694  102.0945
 2.693  102.1228
 2.692  102.1443
 2.690  102.0974
 2.689  102.1062
 2.687  102.1257
 2.686  102.2771
 2.685  102.3533
 2.683  102.4392
 2.682  102.4617
 2.681  102.4812
 2.679  102.4880
 2.678  102.4812
 2.676  102.4529
 2.675  102.3650
 2.674  102.3367
 2.672  102.3367
 2.671  102.3835
 2.669  102.3992
 2.668  102.3201
 2.667  102.4021
 2.665  102.4099
 2.664  102.4411
 2.663  102.3601
 2.661  102.3523
 2.660  102.3786
 2.659  102.3484
 2.657  102.3786
 2.656  102.3669
 2.654  102.4490
 2.653  102.4216
 2.652  102.3982
 2.650  102.3474
 2.649  102.3786
 2.648  102.4148
 2.646  102.4255
 2.645  102.4226
 2.644  102.4490
 2.642  102.4851
 2.641  102.4665
 2.640  102.5642
 2.638  102.5759
 2.637  102.5036
 2.636  102.5134
 2.634  102.4919
 2.633  102.5193
 2.632  102.4939
 2.630  102.4665
 2.629  102.4724
 2.628  102.4880
 2.626  102.4997
 2.625  102.4587
 2.624  102.5486
 2.622  102.6579
 2.621  102.6755
 2.620  102.7107
 2.618  102.6677
 2.617  102.7009
 2.616  102.7009
 2.614  102.6892
 2.613  102.6404
 2.612  102.6345
 2.610  102.6872
 2.609  102.7146
 2.608  102.8200
 2.606  102.8650
 2.605  102.8669
 2.604  102.8396
 2.602  102.7400
 2.601  102.7868
 2.600  102.7790
 2.599  102.7146
 2.597  102.7888
 2.596  102.8240
 2.595  102.9001
 2.593  102.9548
 2.592  102.9197
 2.591  102.9939
 2.589  103.0251
 2.588  103.0583
 2.587  102.9411
 2.586  102.9372
 2.584  102.9411
 2.583  102.9841
 2.582  103.0349
 2.580  103.0154
 2.579  102.9743
 2.578  102.9392
 2.577  102.8962
 2.575  102.9021
 2.574  102.8513
 2.573  102.9372
 2.572  103.0095
 2.570  103.0368
 2.569  103.0075
 2.568  103.0095
 2.566  102.9431
 2.565  102.9685
 2.564  102.9490
 2.563  102.9685
 2.561  102.9802
 2.560  103.0095
 2.559  103.0154
 2.558  103.0290
 2.556  102.9783
 2.555  102.9880
 2.554  102.9392
 2.553  102.8845
 2.551  102.8533
 2.550  102.8728
 2.549  102.9138
 2.547  102.9490
 2.546  102.9353
 2.545  103.0661
 2.544  103.2283
 2.542  103.1423
 2.541  103.1521
 2.540  103.0779
 2.539  103.1033
 2.538  103.1325
 2.536  103.0427
 2.535  103.0583
 2.534  103.1365
 2.533  103.1247
 2.531  103.1950
 2.530  103.1618
 2.529  103.1833
 2.528  103.1111
 2.526  103.0700
 2.525  103.1130
 2.524  103.0251
 2.523  103.1169
 2.521  103.1540
 2.520  103.1325
 2.519  103.2361
 2.518  103.2419
 2.517  103.1482
 2.515  103.1169
 2.514  103.2029
 2.513  103.1501
 2.512  103.2927
 2.510  103.3435
 2.509  103.2673
 2.508  103.1599
 2.507  103.2654
 2.506  103.1853
 2.504  103.1345
 2.503  103.2732
 2.502  103.4626
 2.501  103.4294
 2.500  103.4529
 2.498  103.5427
 2.497  103.4997
 2.496  103.3083
 2.495  103.2732
 2.494  103.2419
 2.492  103.3005
 2.491  103.2380
 2.490  103.3747
 2.489  103.4411
 2.488  103.4450
 2.486  103.4314
 2.485  103.3786
 2.484  103.2419
 2.483  103.3318
 2.482  103.3611
 2.480  103.4607
 2.479  103.4529
 2.478  103.3396
 2.477  103.3904
 2.476  103.5720
 2.475  103.6208
 2.473  103.5622
 2.472  103.5642
 2.471  103.5798
 2.470  103.6404
 2.469  103.6325
 2.467  103.6130
 2.466  103.5486
 2.465  103.6911
 2.464  103.5818
 2.463  103.5622
 2.462  103.5427
 2.460  103.5505
 2.459  103.5310
 2.458  103.5779
 2.457  103.5271
 2.456  103.6130
 2.455  103.4939
 2.453  103.5642
 2.452  103.7419
 2.451  103.8083
 2.450  103.8630
 2.449  103.8298
 2.448  103.8142
 2.447  103.6736
 2.445  103.6794
 2.444  103.6345
 2.443  103.5505
 2.442  103.6794
 2.441  103.7654
 2.440  103.8298
 2.438  103.9763
 2.437  103.8767
 2.436  103.8044
 2.435  103.6247
 2.434  103.4880
 2.433  103.5700
 2.432  103.6208
 2.430  103.6579
 2.429  103.5115
 2.428  103.5700
 2.427  103.5720
 2.426  103.7380
 2.425  103.7107
 2.424  103.6247
 2.423  103.6814
 2.421  103.8396
 2.420  103.7048
 2.419  103.6814
 2.418  103.7654
 2.417  103.7458
 2.416  103.6950
 2.415  103.7283
 2.413  103.8161
 2.412  103.9685
 2.411  103.9939
 2.410  104.0154
 2.409  103.9470
 2.408  103.8630
 2.407  104.0075
 2.406  103.9236
 2.405  103.9490
 2.403  104.0232
 2.402  104.0193
 2.401  104.0896
 2.400  104.0876
 2.399  103.9450
 2.398  103.9685
 2.397  104.0017
 2.396  104.0232
 2.395  103.7829
 2.393  103.6716
 2.392  103.7107
 2.391  103.8396
 2.390  103.8279
 2.389  103.8904
 2.388  103.8708
 2.387  103.8220
 2.386  103.8669
 2.385  103.9177
 2.384  103.9294
 2.382  103.9294
 2.381  103.9138
 2.380  103.8454
 2.379  103.9138
 2.378  104.0583
 2.377  104.1736
 2.376  104.2615
 2.375  104.2986
 2.374  104.2263
 2.373  104.1579
 2.372  104.1091
 2.370  104.0095
 2.369  104.1501
 2.368  104.2107
 2.367  104.1736
 2.366  104.1794
 2.365  104.0779
 2.364  104.0173
 2.363  103.9079
 2.362  103.8396
 2.361  103.9782
 2.360  103.9919
 2.359  103.9138
 2.358  104.0798
 2.356  104.0857
 2.355  104.2185
 2.354  104.2751
 2.353  104.2204
 2.352  104.1013
 2.351  104.0779
 2.350  104.0310
 2.349  103.8982
 2.348  104.0466
 2.347  104.1013
 2.346  104.1208
 2.345  104.1032
 2.344  103.9529
 2.343  103.7986
 2.342  103.8142
 2.340  103.9529
 2.339  104.1111
 2.338  104.1404
 2.337  104.0954
 2.336  104.0720
 2.335  104.0154
 2.334  103.9704
 2.333  103.7575
 2.332  103.8591
 2.331  103.9782
 2.330  104.1677
 2.329  104.1501
 2.328  104.3161
 2.327  104.3005
 2.326  104.0935
 2.325  104.1091
 2.324  104.1794
 2.323  104.1716
 2.322  104.1032
 2.321  104.1892
 2.320  104.3982
 2.318  104.3142
 2.317  104.2341
 2.316  104.3591
 2.315  104.3122
 2.314  104.2224
 2.313  104.2204
 2.312  104.3064
 2.311  104.1736
 2.310  104.1638
 2.309  104.2673
 2.308  104.2595
 2.307  104.4529
 2.306  104.3767
 2.305  104.4392
 2.304  104.4841
 2.303  104.5232
 2.302  104.4529
 2.301  104.3279
 2.300  104.5017
 2.299  104.4157
 2.298  104.2907
 2.297  104.1560
 2.296  104.1892
 2.295  104.2497
 2.294  104.2439
 2.293  104.2732
 2.292  104.3298
 2.291  104.4138
 2.290  104.4060
 2.289  104.3532
 2.288  104.2907
 2.287  104.2751
 2.286  104.2907
 2.285  104.3220
 2.284  104.2341
 2.283  104.2126
 2.282  104.1189
 2.281  103.9939
 2.280  104.0954
 2.279  104.0329
 2.278  104.2595
 2.277  104.2732
 2.276  104.0779
 2.275  104.1501
 2.274  104.2732
 2.273  104.3435
 2.272  104.2439
 2.271  104.2263
 2.270  104.1286
 2.269  104.2224
 2.268  104.3904
 2.267  104.3786
 2.266  104.5544
 2.265  104.5818
 2.264  104.6130
 2.263  104.6990
 2.262  104.6755
 2.261  104.4372
 2.260  104.3630
 2.259  104.3161
 2.258  104.2302
 2.257  104.2068
 2.256  104.3200
 2.255  104.5661
 2.254  104.3786
 2.253  104.4529
 2.252  104.4724
 2.251  104.5935
 2.250  104.4294
 2.249  104.4294
 2.248  104.4216
 2.247  104.3474
 2.246  104.3396
 2.245  104.3825
 2.244  104.4529
 2.243  104.4802
 2.242  104.3591
 2.241  104.3435
 2.240  104.3982
 2.239  104.4646
 2.238  104.3865
 2.237  104.4099
 2.236  104.3474
 2.236  104.4646
 2.235  104.3786
 2.234  104.2966
 2.233  104.3396
 2.232  104.5232
 2.231  104.4685
 2.230  104.3943
 2.229  104.4568
 2.228  104.6169
 2.227  104.4138
 2.226  104.0857
 2.225  104.1443
 2.224  104.1169
 2.223  104.1872
 2.222  104.1911
 2.221  104.2810
 2.220  104.2224
 2.219  104.3982
 2.218  104.2849
 2.217  104.2927
 2.216  104.3865
 2.215  104.2068
 2.215  104.2068
 2.214  104.2263
 2.213  104.2263
 2.212  104.2966
 2.211  104.1325
 2.210  103.9841
 2.209  104.0075
 2.208  104.0544
 2.207  103.9880
 2.206  103.9724
 2.205  104.3747
 2.204  104.6013
 2.203  104.5388
 2.202  104.7068
 2.201  104.6794
 2.200  104.6130
 2.199  104.6950
 2.199  104.5271
 2.198  104.3552
 2.197  104.1755
 2.196  104.2536
 2.195  104.3005
 2.194  104.5388
 2.193  104.7263
 2.192  104.4411
 2.191  104.3435
 2.190  104.4099
 2.189  104.3161
 2.188  104.4411
 2.187  104.3943
 2.186  104.3513
 2.186  104.3200
 2.185  104.4411
 2.184  104.6325
 2.183  104.3982
 2.182  104.1560
 2.181  104.2458
 2.180  104.4099
 2.179  104.3396
 2.178  104.3591
 2.177  104.0349
 2.176  104.1052
 2.175  104.2224
 2.175  104.3005
 2.174  104.5075
 2.173  104.4411
 2.172  104.6169
 2.171  104.4763
 2.170  104.3982
 2.169  104.2693
 2.168  104.3904
 2.167  104.3318
 2.166  104.3044
 2.165  104.3161
 2.165  104.5349
 2.164  104.7497
 2.163  104.7693
 2.162  104.8083
 2.161  104.4411
 2.160  104.4060
 2.159  104.4607
 2.158  104.2380
 2.157  104.1716
 2.156  104.0700
 2.156  104.2966
 2.155  104.3747
 2.154  104.2732
 2.153  104.3318
 2.152  104.5661
 2.151  104.6013
 2.150  104.2693
 2.149  104.2927
 2.148  104.2888
 2.148  104.2224
 2.147  104.2966
 2.146  104.2536
 2.145  104.3279
 2.144  104.2693
 2.143  104.3435
 2.142  104.3825
 2.141  104.3044
 2.140  104.4099
 2.140  104.3357
 2.139  104.1091
 2.138  103.8904
 2.137  104.0075
 2.136  104.2224
 2.135  104.3318
 2.134  104.2693
 2.133  104.1755
 2.133  104.2888
 2.132  104.3279
 2.131  104.2380
 2.130  104.3474
 2.129  104.3318
 2.128  104.2732
 2.127  104.3161
 2.126  104.0388
 2.126  103.8513
 2.125  103.9919
 2.124  104.0661
 2.123  104.0466
 2.122  104.0154
 2.121  104.2693
 2.120  104.3747
 2.119  104.3591
 2.119  104.3044
 2.118  104.3318
 2.117  104.2107
 2.116  104.0857
 2.115  104.1560
 2.114  104.2966
 2.113  104.1130
 2.113  104.1169
 2.112  104.3005
 2.111  104.3005
 2.110  104.2575
 2.109  104.4099
 2.108  104.6169
 2.107  104.6950
 2.107  104.6169
 2.106  104.4529
 2.105  104.2966
 2.104  104.3630
 2.103  104.3747
 2.102  104.3435
 2.101  104.3435
 2.101  104.3318
 2.100  104.2849
 2.099  104.1950
 2.098  104.2966
 2.097  104.1755
 2.096  104.0857
 2.095  104.3474
 2.095  104.0544
 2.094  103.9138
 2.093  104.1013
 2.092  104.3982
 2.091  104.1872
 2.090  104.0779
 2.090  104.2536
 2.089  104.3630
 2.088  104.2068
 2.087  104.3786
 2.086  104.4763
 2.085  104.4216
 2.085  104.4685
 2.084  104.2185
 2.083  104.1794
 2.082  104.1716
 2.081  104.0232
 2.080  103.8005
 2.079  103.8318
