Name: Andalusite Al2SiO5
Type:  Mineral 
Class: Silicates
Subclass: Nesosilicates  (Isolated tetrahedra) (Al2SiO5 Group)
Particle Size:  Fine (0 - 75 Micrometers)
Sample No:  andalusite.1
Owner:  JHU
Wavelength Range:  IR
Origin: Sample from St. Theresa, Espirito Santo, Brazil via Smithsonian 
(sample no. NMNH R17898). 
Description:  Sample was composed of two crystals, one clear and one 
pale pink. Both appeared pure, both 1 cm x 1 cm x 5 cm. Examination 
under a petrographic microscope indicated pure and clean samples. 
Sample grains chosen for microprobe analysis were clear, but with 
poor polish in part.

Measurement:  Bidirectional Reflectance
First Column:  X
Second Column:  Y  
X Units:  Wavelength (micrometers)
Y Units:  Reflectance (percent)
First X Value:  25.0442
Last X Value:  2.079
Number of X Values:  2287
Additional Information:  andalu1a.txt
25.044    3.4487
24.924    3.2656
24.805    3.1731
24.686    3.2939
24.569    3.3682
24.454    3.2490
24.339    3.5220
24.225    3.6711
24.112    3.8000
24.001    3.8418
23.890    4.0041
23.781    4.1323
23.672    4.3818
23.564    4.6423
23.458    4.6807
23.352    4.8205
23.247    5.1155
23.144    5.2822
23.041    5.0659
22.939    4.9136
22.838    4.8823
22.738    4.6899
22.638    4.7300
22.540    5.1763
22.442    5.3110
22.345    5.3193
22.250    5.4038
22.154    5.6035
22.060    5.9028
21.967    6.1741
21.874    6.2283
21.782    6.2441
21.691    6.1025
21.601    5.5889
21.511    4.7729
21.422    4.0942
21.334    3.8765
21.247    3.8408
21.160    3.7580
21.074    3.5493
20.988    3.3337
20.904    3.1475
20.820    3.0552
20.737    3.0478
20.654    3.0359
20.572    3.1157
20.491    3.2195
20.410    3.2913
20.330    3.3987
20.251    3.5264
20.172    3.6035
20.094    3.6411
20.016    3.7358
19.939    3.7822
19.863    3.6987
19.787    3.5251
19.712    3.1863
19.637    2.8335
19.563    2.5859
19.489    2.5256
19.416    2.7075
19.344    3.0720
19.272    3.4543
19.201    3.6289
19.130    3.5954
19.059    3.4219
18.990    3.2092
18.920    3.1767
18.851    3.2617
18.783    3.3625
18.715    3.4885
18.648    3.6330
18.581    3.7759
18.515    3.8557
18.449    3.9560
18.384    4.0481
18.319    4.0295
18.254    3.9687
18.190    3.9170
18.126    3.8989
18.063    3.8874
18.001    3.8428
17.938    3.8044
17.876    3.7275
17.815    3.5759
17.754    3.4236
17.693    3.3335
17.633    3.2595
17.573    3.2290
17.514    3.2070
17.455    3.1809
17.396    3.1892
17.338    3.1851
17.280    3.1572
17.223    3.1457
17.166    3.1809
17.109    3.2705
17.053    3.3169
16.997    3.3362
16.942    3.3994
16.886    3.4573
16.832    3.4966
16.777    3.5461
16.723    3.5737
16.669    3.5361
16.616    3.5198
16.563    3.5801
16.510    3.6643
16.458    3.7131
16.406    3.7761
16.354    3.8437
16.302    3.8594
16.251    3.8628
16.200    3.9045
16.150    3.9568
16.100    3.9990
16.050    4.0259
16.000    4.0481
15.951    4.0950
15.902    4.1211
15.854    4.1531
15.805    4.2095
15.757    4.2390
15.710    4.3039
15.662    4.3240
15.615    4.3039
15.568    4.3528
15.521    4.4314
15.475    4.4712
15.429    4.4775
15.383    4.4946
15.338    4.5210
15.292    4.5630
15.248    4.5554
15.203    4.5220
15.158    4.4990
15.114    4.4504
15.070    4.4209
15.027    4.3911
14.983    4.3103
14.940    4.2063
14.897    4.1370
14.854    4.2766
14.812    4.5613
14.770    4.8318
14.728    5.0493
14.686    5.1658
14.645    5.2004
14.603    5.2402
14.562    5.2783
14.521    5.2622
14.481    5.2700
14.441    5.2915
14.400    5.2676
14.361    5.2353
14.321    5.2449
14.281    5.2168
14.242    5.1238
14.203    5.0566
14.164    5.0022
14.126    4.9126
14.087    4.8059
14.049    4.7390
14.011    4.6697
13.973    4.5876
13.936    4.5161
13.899    4.4272
13.861    4.3325
13.824    4.2493
13.788    4.1829
13.751    4.1150
13.715    4.0618
13.679    4.0012
13.643    3.9407
13.607    3.8701
13.571    3.8232
13.536    3.7895
13.500    3.7434
13.465    3.6877
13.430    3.5974
13.396    3.4670
13.361    3.3320
13.327    3.1885
13.293    3.0549
13.259    2.9473
13.225    2.8830
13.191    2.7998
13.158    2.6980
13.124    2.5906
13.091    2.4731
13.058    2.3574
13.026    2.2292
12.993    2.1028
12.960    1.9827
12.928    1.8823
12.896    1.7939
12.864    1.6973
12.832    1.5586
12.800    1.4023
12.769    1.2344
12.737    1.1384
12.706    1.1174
12.675    1.1431
12.644    1.1714
12.614    1.2051
12.583    1.2417
12.552    1.2693
12.522    1.2983
12.492    1.3237
12.462    1.3586
12.432    1.4016
12.402    1.4394
12.373    1.4683
12.343    1.5063
12.314    1.5415
12.285    1.5725
12.256    1.5850
12.227    1.6272
12.198    1.6765
12.169    1.7107
12.141    1.7288
12.113    1.7471
12.084    1.7759
12.056    1.7891
12.028    1.8069
12.000    1.8335
11.973    1.8418
11.945    1.8315
11.918    1.8396
11.890    1.8696
11.863    1.8823
11.836    1.8889
11.809    1.9214
11.782    1.9592
11.755    1.9797
11.729    2.0007
11.702    2.0303
11.676    2.0532
11.650    2.0859
11.624    2.1321
11.598    2.1743
11.572    2.2173
11.546    2.2444
11.520    2.2700
11.495    2.3122
11.469    2.3252
11.444    2.3684
11.419    2.4495
11.394    2.5344
11.369    2.5976
11.344    2.6457
11.319    2.7039
11.294    2.7563
11.270    2.8020
11.245    2.8662
11.221    2.9192
11.197    2.9668
11.173    3.0247
11.149    3.0664
11.125    3.1140
11.101    3.1753
11.077    3.2234
11.054    3.2703
11.030    3.3035
11.007    3.3330
10.983    3.3445
10.960    3.2969
10.937    3.2253
10.914    3.1370
10.891    3.0168
10.868    2.9060
10.846    2.8931
10.823    2.9863
10.800    3.1763
10.778    3.4575
10.755    3.7529
10.733    4.0154
10.711    4.2546
10.689    4.4639
10.667    4.6257
10.645    4.7720
10.623    4.8987
10.602    4.9890
10.580    5.0605
10.558    5.1374
10.537    5.1943
10.516    5.2012
10.494    5.1953
10.473    5.1597
10.452    5.0554
10.431    4.8476
10.410    4.5520
10.389    4.2537
10.368    4.0759
10.348    4.1040
10.327    4.3433
10.306    4.7224
10.286    5.1208
10.266    5.4431
10.245    5.6653
10.225    5.8247
10.205    5.9568
10.185    6.0442
10.165    6.0935
10.145    6.1474
10.125    6.1916
10.106    6.2190
10.086    6.2536
10.066    6.2739
10.047    6.2800
10.027    6.2937
10.008    6.3159
 9.989    6.3398
 9.970    6.3584
 9.950    6.3862
 9.931    6.3974
 9.912    6.3928
 9.893    6.4009
 9.875    6.4026
 9.856    6.3845
 9.837    6.3733
 9.818    6.3711
 9.800    6.3315
 9.781    6.2688
 9.763    6.2246
 9.745    6.1743
 9.726    6.1311
 9.708    6.1013
 9.690    6.0705
 9.672    6.0373
 9.654    6.0124
 9.636    5.9890
 9.618    5.9626
 9.600    5.9514
 9.583    5.9485
 9.565    5.9431
 9.547    5.9363
 9.530    5.9426
 9.512    5.9602
 9.495    5.9734
 9.477    5.9956
 9.460    6.0364
 9.443    6.0683
 9.426    6.1030
 9.409    6.1553
 9.392    6.1902
 9.375    6.2390
 9.358    6.2947
 9.341    6.3310
 9.324    6.3511
 9.307    6.3860
 9.291    6.4314
 9.274    6.4331
 9.257    6.4077
 9.241    6.3838
 9.224    6.3562
 9.208    6.3005
 9.192    6.2192
 9.175    6.1179
 9.159    5.9934
 9.143    5.8579
 9.127    5.7217
 9.111    5.5630
 9.095    5.3977
 9.079    5.2356
 9.063    5.0620
 9.047    4.8850
 9.032    4.7212
 9.016    4.5754
 9.000    4.4248
 8.985    4.2974
 8.969    4.1863
 8.954    4.0881
 8.938    3.9885
 8.923    3.8642
 8.907    3.7527
 8.892    3.6428
 8.877    3.5066
 8.862    3.3608
 8.847    3.2248
 8.832    3.0801
 8.817    2.9287
 8.802    2.7808
 8.787    2.6409
 8.772    2.5010
 8.757    2.3467
 8.742    2.1826
 8.728    2.0398
 8.713    1.8957
 8.698    1.7410
 8.684    1.5998
 8.669    1.4751
 8.655    1.3489
 8.640    1.2219
 8.626    1.1089
 8.612    1.0024
 8.597    0.9114
 8.583    0.8296
 8.569    0.7607
 8.555    0.7100
 8.541    0.6660
 8.527    0.6331
 8.513    0.6108
 8.499    0.6011
 8.485    0.5994
 8.471    0.5994
 8.457    0.6074
 8.443    0.6162
 8.430    0.6226
 8.416    0.6428
 8.402    0.6638
 8.389    0.6799
 8.375    0.6992
 8.362    0.7270
 8.348    0.7532
 8.335    0.7756
 8.321    0.7996
 8.308    0.8196
 8.295    0.8398
 8.281    0.8687
 8.268    0.9028
 8.255    0.9253
 8.242    0.9358
 8.229    0.9673
 8.216    1.0024
 8.203    1.0378
 8.190    1.0681
 8.177    1.1016
 8.164    1.1423
 8.151    1.1765
 8.138    1.2004
 8.126    1.2290
 8.113    1.2683
 8.100    1.3098
 8.088    1.3459
 8.075    1.3750
 8.062    1.4026
 8.050    1.4307
 8.037    1.4631
 8.025    1.4883
 8.013    1.5010
 8.000    1.5151
 7.988    1.5373
 7.976    1.5588
 7.963    1.5798
 7.951    1.5940
 7.939    1.6040
 7.927    1.6077
 7.915    1.6160
 7.903    1.6223
 7.891    1.6323
 7.879    1.6472
 7.867    1.6555
 7.855    1.6614
 7.843    1.6753
 7.831    1.6977
 7.819    1.7236
 7.807    1.7510
 7.796    1.7837
 7.784    1.8227
 7.772    1.8623
 7.761    1.9043
 7.749    1.9453
 7.738    1.9824
 7.726    2.0137
 7.715    2.0439
 7.703    2.0674
 7.692    2.0952
 7.680    2.1113
 7.669    2.1172
 7.658    2.1362
 7.646    2.1580
 7.635    2.1658
 7.624    2.1672
 7.613    2.1760
 7.601    2.1992
 7.590    2.2283
 7.579    2.2622
 7.568    2.2988
 7.557    2.3386
 7.546    2.3909
 7.535    2.4409
 7.524    2.4788
 7.513    2.5137
 7.502    2.5542
 7.492    2.5845
 7.481    2.6040
 7.470    2.6272
 7.459    2.6501
 7.448    2.6811
 7.438    2.7231
 7.427    2.7644
 7.417    2.8039
 7.406    2.8550
 7.395    2.9143
 7.385    2.9797
 7.374    3.0586
 7.364    3.1413
 7.353    3.2209
 7.343    3.3008
 7.333    3.3865
 7.322    3.4636
 7.312    3.5271
 7.302    3.5967
 7.291    3.6667
 7.281    3.7356
 7.271    3.8027
 7.261    3.8716
 7.251    3.9438
 7.240    4.0198
 7.230    4.0959
 7.220    4.1611
 7.210    4.2236
 7.200    4.2873
 7.190    4.3401
 7.180    4.3884
 7.170    4.4360
 7.160    4.4761
 7.151    4.5066
 7.141    4.5403
 7.131    4.5830
 7.121    4.6194
 7.111    4.6474
 7.102    4.6743
 7.092    4.7134
 7.082    4.7554
 7.073    4.7922
 7.063    4.8279
 7.053    4.8523
 7.044    4.8730
 7.034    4.9143
 7.025    4.9497
 7.015    4.9687
 7.006    4.9849
 6.996    4.9939
 6.987    4.9873
 6.977    4.9787
 6.968    4.9578
 6.959    4.9228
 6.949    4.8987
 6.940    4.8713
 6.931    4.8349
 6.921    4.7981
 6.912    4.7656
 6.903    4.7427
 6.894    4.7256
 6.885    4.7060
 6.876    4.7043
 6.866    4.7097
 6.857    4.7375
 6.848    4.7866
 6.839    4.8332
 6.830    4.8694
 6.821    4.9092
 6.812    4.9490
 6.803    4.9707
 6.794    4.9741
 6.786    4.9751
 6.777    4.9846
 6.768    4.9819
 6.759    4.9770
 6.750    4.9692
 6.741    4.9433
 6.733    4.9116
 6.724    4.8774
 6.715    4.8298
 6.707    4.7827
 6.698    4.7444
 6.689    4.6963
 6.681    4.6413
 6.672    4.6072
 6.663    4.5798
 6.655    4.5422
 6.646    4.5024
 6.638    4.4790
 6.629    4.4809
 6.621    4.4980
 6.612    4.5249
 6.604    4.5464
 6.596    4.5620
 6.587    4.5893
 6.579    4.6103
 6.571    4.6208
 6.562    4.6523
 6.554    4.6765
 6.546    4.6909
 6.537    4.7063
 6.529    4.7095
 6.521    4.7104
 6.513    4.7224
 6.505    4.7270
 6.496    4.7200
 6.488    4.7322
 6.480    4.7561
 6.472    4.7790
 6.464    4.8118
 6.456    4.8547
 6.448    4.9087
 6.440    4.9687
 6.432    5.0347
 6.424    5.0932
 6.416    5.1396
 6.408    5.2046
 6.400    5.2729
 6.392    5.3179
 6.384    5.3418
 6.377    5.3415
 6.369    5.3454
 6.361    5.3518
 6.353    5.3420
 6.345    5.3347
 6.338    5.3545
 6.330    5.3743
 6.322    5.4021
 6.314    5.4446
 6.307    5.4863
 6.299    5.5317
 6.291    5.5867
 6.284    5.6326
 6.276    5.6611
 6.269    5.6877
 6.261    5.7153
 6.254    5.7248
 6.246    5.7368
 6.238    5.7610
 6.231    5.7878
 6.223    5.8201
 6.216    5.8743
 6.209    5.9407
 6.201    6.0014
 6.194    6.0576
 6.186    6.1086
 6.179    6.1750
 6.172    6.2295
 6.164    6.2622
 6.157    6.2947
 6.150    6.3291
 6.142    6.3564
 6.135    6.3860
 6.128    6.4236
 6.121    6.4587
 6.113    6.5012
 6.106    6.5705
 6.099    6.6445
 6.092    6.7243
 6.085    6.7864
 6.078    6.8367
 6.070    6.8950
 6.063    6.9453
 6.056    6.9514
 6.049    6.9421
 6.042    6.9658
 6.035    6.9570
 6.028    6.9148
 6.021    6.8613
 6.014    6.7927
 6.007    6.7278
 6.000    6.6789
 5.993    6.6279
 5.986    6.5918
 5.979    6.5840
 5.973    6.5879
 5.966    6.6145
 5.959    6.6601
 5.952    6.6997
 5.945    6.7309
 5.938    6.7654
 5.932    6.8352
 5.925    6.9018
 5.918    6.9548
 5.911    7.0115
 5.905    7.0508
 5.898    7.0676
 5.891    7.1116
 5.884    7.1457
 5.878    7.1909
 5.871    7.2436
 5.864    7.2746
 5.858    7.3027
 5.851    7.3347
 5.845    7.3718
 5.838    7.4048
 5.831    7.4297
 5.825    7.4678
 5.818    7.5366
 5.812    7.6062
 5.805    7.6704
 5.799    7.7351
 5.792    7.7954
 5.786    7.8430
 5.779    7.8762
 5.773    7.8821
 5.767    7.8718
 5.760    7.8891
 5.754    7.8974
 5.747    7.8777
 5.741    7.8708
 5.735    7.8821
 5.728    7.8935
 5.722    7.9028
 5.716    7.9094
 5.709    7.9262
 5.703    7.9509
 5.697    7.9592
 5.691    7.9624
 5.684    7.9577
 5.678    7.9431
 5.672    7.9262
 5.666    7.9001
 5.660    7.8540
 5.653    7.8088
 5.647    7.7556
 5.641    7.6875
 5.635    7.6267
 5.629    7.5525
 5.623    7.4553
 5.617    7.3288
 5.611    7.1865
 5.604    7.0242
 5.598    6.8423
 5.592    6.6494
 5.586    6.4472
 5.580    6.2461
 5.574    6.0605
 5.568    5.8955
 5.562    5.7405
 5.556    5.5840
 5.550    5.4494
 5.545    5.3342
 5.539    5.2261
 5.533    5.1269
 5.527    5.0459
 5.521    4.9785
 5.515    4.9397
 5.509    4.9282
 5.503    4.9392
 5.498    4.9795
 5.492    5.0500
 5.486    5.1455
 5.480    5.2497
 5.474    5.3486
 5.469    5.4199
 5.463    5.4514
 5.457    5.4375
 5.451    5.3765
 5.446    5.2659
 5.440    5.1196
 5.434    4.9538
 5.428    4.7754
 5.423    4.6223
 5.417    4.5203
 5.411    4.4475
 5.406    4.4031
 5.400    4.3965
 5.395    4.4206
 5.389    4.4560
 5.383    4.5051
 5.378    4.5701
 5.372    4.6440
 5.367    4.7331
 5.361    4.8245
 5.356    4.9233
 5.350    5.0327
 5.344    5.1460
 5.339    5.2505
 5.333    5.3430
 5.328    5.4180
 5.323    5.4709
 5.317    5.4990
 5.312    5.5022
 5.306    5.4846
 5.301    5.4529
 5.295    5.4045
 5.290    5.3550
 5.285    5.3266
 5.279    5.3000
 5.274    5.2678
 5.268    5.2436
 5.263    5.2290
 5.258    5.2265
 5.252    5.2380
 5.247    5.2676
 5.242    5.3132
 5.237    5.3896
 5.231    5.5000
 5.226    5.6186
 5.221    5.7634
 5.215    5.9297
 5.210    6.1108
 5.205    6.2883
 5.200    6.4604
 5.195    6.6384
 5.189    6.7991
 5.184    6.9353
 5.179    7.0488
 5.174    7.1255
 5.169    7.1496
 5.163    7.1245
 5.158    7.0491
 5.153    6.9270
 5.148    6.7707
 5.143    6.6103
 5.138    6.4607
 5.133    6.3288
 5.128    6.2322
 5.123    6.1631
 5.118    6.1301
 5.113    6.1245
 5.108    6.1438
 5.103    6.1833
 5.097    6.2322
 5.092    6.2888
 5.087    6.3559
 5.083    6.4241
 5.078    6.5078
 5.073    6.5979
 5.068    6.6955
 5.063    6.8074
 5.058    6.9182
 5.053    7.0266
 5.048    7.1347
 5.043    7.2307
 5.038    7.3030
 5.033    7.3537
 5.028    7.3684
 5.023    7.3440
 5.019    7.2861
 5.014    7.2016
 5.009    7.0962
 5.004    6.9612
 4.999    6.8039
 4.994    6.6338
 4.990    6.4482
 4.985    6.2602
 4.980    6.0752
 4.975    5.8938
 4.970    5.7400
 4.966    5.6133
 4.961    5.5156
 4.956    5.4558
 4.951    5.4375
 4.947    5.4568
 4.942    5.4961
 4.937    5.5676
 4.933    5.6594
 4.928    5.7695
 4.923    5.8999
 4.919    6.0434
 4.914    6.2043
 4.909    6.3865
 4.905    6.5964
 4.900    6.8230
 4.895    7.0515
 4.891    7.2851
 4.886    7.5246
 4.882    7.7427
 4.877    7.9192
 4.872    8.0727
 4.868    8.2063
 4.863    8.3210
 4.859    8.4404
 4.854    8.5691
 4.850    8.6907
 4.845    8.8169
 4.840    8.9599
 4.836    9.0971
 4.831    9.2195
 4.827    9.3401
 4.822    9.4673
 4.818    9.5940
 4.814    9.7273
 4.809    9.8696
 4.805   10.0031
 4.800   10.1333
 4.796   10.2707
 4.791   10.3908
 4.787   10.4883
 4.782   10.5722
 4.778   10.6447
 4.774   10.6980
 4.769   10.7385
 4.765   10.7607
 4.760   10.7754
 4.756   10.7795
 4.752   10.7802
 4.747   10.7812
 4.743   10.7697
 4.739   10.7544
 4.734   10.7541
 4.730   10.7475
 4.726   10.7456
 4.721   10.7617
 4.717   10.7863
 4.713   10.8196
 4.709   10.8655
 4.704   10.9118
 4.700   10.9658
 4.696   11.0307
 4.692   11.1067
 4.687   11.1726
 4.683   11.2365
 4.679   11.3091
 4.675   11.3772
 4.670   11.4416
 4.666   11.5063
 4.662   11.5783
 4.658   11.6289
 4.654   11.6779
 4.649   11.7348
 4.645   11.7868
 4.641   11.8230
 4.637   11.8515
 4.633   11.8803
 4.629   11.9138
 4.625   11.9504
 4.620   11.9790
 4.616   11.9926
 4.612   12.0112
 4.608   12.0324
 4.604   12.0354
 4.600   12.0385
 4.596   12.0444
 4.592   12.0446
 4.588   12.0422
 4.584   12.0459
 4.580   12.0495
 4.576   12.0522
 4.572   12.0593
 4.568   12.0683
 4.564   12.0776
 4.560   12.0896
 4.555   12.1018
 4.551   12.1054
 4.548   12.1164
 4.544   12.1340
 4.540   12.1440
 4.536   12.1640
 4.532   12.1928
 4.528   12.2043
 4.524   12.2153
 4.520   12.2387
 4.516   12.2641
 4.512   12.2724
 4.508   12.2876
 4.504   12.3169
 4.500   12.3325
 4.496   12.3401
 4.492   12.3608
 4.488   12.3840
 4.485   12.3986
 4.481   12.4121
 4.477   12.4292
 4.473   12.4433
 4.469   12.4548
 4.465   12.4653
 4.461   12.4707
 4.458   12.4709
 4.454   12.4804
 4.450   12.4956
 4.446   12.4983
 4.442   12.5053
 4.438   12.5171
 4.435   12.5246
 4.431   12.5349
 4.427   12.5559
 4.423   12.5671
 4.420   12.5737
 4.416   12.5761
 4.412   12.5791
 4.408   12.5857
 4.405   12.5935
 4.401   12.6057
 4.397   12.6167
 4.393   12.6262
 4.390   12.6350
 4.386   12.6369
 4.382   12.6367
 4.379   12.6540
 4.375   12.6733
 4.371   12.6733
 4.367   12.6738
 4.364   12.6784
 4.360   12.6840
 4.356   12.7009
 4.353   12.7065
 4.349   12.7038
 4.345   12.7090
 4.342   12.7207
 4.338   12.7229
 4.335   12.7219
 4.331   12.7234
 4.327   12.7321
 4.324   12.7378
 4.320   12.7395
 4.317   12.7426
 4.313   12.7436
 4.309   12.7497
 4.306   12.7570
 4.302   12.7546
 4.299   12.7544
 4.295   12.7644
 4.292   12.7766
 4.288   12.7746
 4.284   12.7732
 4.281   12.7854
 4.277   12.7981
 4.274   12.8047
 4.270   12.8100
 4.267   12.8139
 4.263   12.8130
 4.260   12.8195
 4.256   12.8286
 4.253   12.8303
 4.249   12.8427
 4.246   12.8567
 4.242   12.8601
 4.239   12.8606
 4.235   12.8645
 4.232   12.8713
 4.229   12.8772
 4.225   12.8818
 4.222   12.8857
 4.218   12.8913
 4.215   12.8974
 4.211   12.8996
 4.208   12.9016
 4.205   12.9084
 4.201   12.9089
 4.198   12.9052
 4.194   12.9079
 4.191   12.9118
 4.188   12.9270
 4.184   12.9265
 4.181   12.9240
 4.177   12.9309
 4.174   12.9382
 4.171   12.9367
 4.167   12.9309
 4.164   12.9370
 4.161   12.9362
 4.157   12.9311
 4.154   12.9316
 4.151   12.9309
 4.147   12.9306
 4.144   12.9348
 4.141   12.9348
 4.137   12.9304
 4.134   12.9299
 4.131   12.9323
 4.128   12.9260
 4.124   12.9218
 4.121   12.9292
 4.118   12.9384
 4.114   12.9402
 4.111   12.9392
 4.108   12.9480
 4.105   12.9572
 4.101   12.9648
 4.098   12.9682
 4.095   12.9699
 4.092   12.9746
 4.088   12.9804
 4.085   12.9853
 4.082   12.9880
 4.079   12.9856
 4.076   12.9880
 4.072   12.9912
 4.069   12.9861
 4.066   12.9924
 4.063   12.9963
 4.060   13.0002
 4.056   12.9968
 4.053   12.9983
 4.050   12.9963
 4.047   12.9987
 4.044   13.0053
 4.041   13.0080
 4.038   13.0061
 4.034   13.0088
 4.031   13.0119
 4.028   13.0224
 4.025   13.0312
 4.022   13.0271
 4.019   13.0251
 4.016   13.0266
 4.013   13.0224
 4.009   13.0168
 4.006   13.0329
 4.003   13.0393
 4.000   13.0319
 3.997   13.0398
 3.994   13.0378
 3.991   13.0337
 3.988   13.0298
 3.985   13.0327
 3.982   13.0390
 3.979   13.0356
 3.976   13.0383
 3.973   13.0388
 3.969   13.0402
 3.966   13.0500
 3.963   13.0517
 3.960   13.0481
 3.957   13.0534
 3.954   13.0581
 3.951   13.0561
 3.948   13.0612
 3.945   13.0752
 3.942   13.0791
 3.939   13.0781
 3.936   13.0820
 3.933   13.0930
 3.930   13.0896
 3.927   13.0796
 3.924   13.0830
 3.921   13.0966
 3.918   13.1003
 3.916   13.0993
 3.913   13.0920
 3.910   13.0901
 3.907   13.0908
 3.904   13.0954
 3.901   13.1047
 3.898   13.1013
 3.895   13.1003
 3.892   13.1057
 3.889   13.1018
 3.886   13.0927
 3.883   13.0932
 3.880   13.0944
 3.877   13.0840
 3.875   13.0778
 3.872   13.0796
 3.869   13.0793
 3.866   13.0754
 3.863   13.0683
 3.860   13.0593
 3.857   13.0525
 3.854   13.0422
 3.852   13.0378
 3.849   13.0332
 3.846   13.0239
 3.843   13.0158
 3.840   13.0110
 3.837   13.0144
 3.834   13.0151
 3.832   13.0088
 3.829   13.0085
 3.826   13.0207
 3.823   13.0344
 3.820   13.0300
 3.817   13.0276
 3.815   13.0346
 3.812   13.0432
 3.809   13.0495
 3.806   13.0544
 3.803   13.0664
 3.801   13.0798
 3.798   13.0842
 3.795   13.0881
 3.792   13.0893
 3.790   13.0923
 3.787   13.0981
 3.784   13.1040
 3.781   13.1132
 3.779   13.1135
 3.776   13.1152
 3.773   13.1167
 3.770   13.1198
 3.768   13.1338
 3.765   13.1330
 3.762   13.1272
 3.759   13.1267
 3.757   13.1277
 3.754   13.1240
 3.751   13.1162
 3.748   13.1208
 3.746   13.1230
 3.743   13.1159
 3.740   13.1037
 3.738   13.1049
 3.735   13.1059
 3.732   13.1020
 3.730   13.0986
 3.727   13.0964
 3.724   13.0962
 3.722   13.0937
 3.719   13.0920
 3.716   13.0901
 3.714   13.0805
 3.711   13.0713
 3.708   13.0703
 3.706   13.0717
 3.703   13.0622
 3.700   13.0544
 3.698   13.0529
 3.695   13.0439
 3.692   13.0337
 3.690   13.0361
 3.687   13.0334
 3.685   13.0129
 3.682   13.0102
 3.679   13.0114
 3.677   13.0000
 3.674   12.9907
 3.671   12.9858
 3.669   12.9760
 3.666   12.9636
 3.664   12.9594
 3.661   12.9519
 3.659   12.9384
 3.656   12.9245
 3.653   12.9145
 3.651   12.9096
 3.648   12.9082
 3.646   12.8979
 3.643   12.8840
 3.641   12.8728
 3.638   12.8640
 3.635   12.8562
 3.633   12.8381
 3.630   12.8125
 3.628   12.8100
 3.625   12.7951
 3.623   12.7715
 3.620   12.7688
 3.618   12.7597
 3.615   12.7451
 3.613   12.7375
 3.610   12.7417
 3.608   12.7461
 3.605   12.7434
 3.603   12.7375
 3.600   12.7363
 3.598   12.7431
 3.595   12.7446
 3.593   12.7519
 3.590   12.7514
 3.588   12.7514
 3.585   12.7585
 3.583   12.7573
 3.580   12.7612
 3.578   12.7768
 3.575   12.7778
 3.573   12.7778
 3.570   12.7773
 3.568   12.7680
 3.565   12.7732
 3.563   12.7827
 3.561   12.7776
 3.558   12.7715
 3.556   12.7680
 3.553   12.7673
 3.551   12.7641
 3.548   12.7590
 3.546   12.7558
 3.544   12.7534
 3.541   12.7505
 3.539   12.7451
 3.536   12.7375
 3.534   12.7334
 3.531   12.7299
 3.529   12.7258
 3.527   12.7190
 3.524   12.7199
 3.522   12.7148
 3.519   12.6880
 3.517   12.6572
 3.515   12.6291
 3.512   12.5962
 3.510   12.5403
 3.508   12.4934
 3.505   12.4558
 3.503   12.4204
 3.500   12.4026
 3.498   12.4226
 3.496   12.4533
 3.493   12.4846
 3.491   12.5149
 3.489   12.5456
 3.486   12.5539
 3.484   12.5547
 3.482   12.5644
 3.479   12.5656
 3.477   12.5661
 3.475   12.5752
 3.472   12.5798
 3.470   12.5864
 3.468   12.5905
 3.465   12.5957
 3.463   12.6030
 3.461   12.5998
 3.458   12.5793
 3.456   12.5661
 3.454   12.5564
 3.452   12.5398
 3.449   12.5276
 3.447   12.5124
 3.445   12.4990
 3.442   12.4795
 3.440   12.4619
 3.438   12.4528
 3.435   12.4218
 3.433   12.3847
 3.431   12.3435
 3.429   12.2927
 3.426   12.2392
 3.424   12.1875
 3.422   12.1425
 3.420   12.0864
 3.417   12.0486
 3.415   12.0495
 3.413   12.0700
 3.411   12.1018
 3.408   12.1435
 3.406   12.1762
 3.404   12.2146
 3.402   12.2588
 3.399   12.2993
 3.397   12.3264
 3.395   12.3669
 3.393   12.3952
 3.391   12.4048
 3.388   12.4030
 3.386   12.4089
 3.384   12.4089
 3.382   12.3918
 3.380   12.3774
 3.377   12.3779
 3.375   12.3777
 3.373   12.3899
 3.371   12.4072
 3.369   12.4153
 3.366   12.4382
 3.364   12.4685
 3.362   12.4904
 3.360   12.5078
 3.358   12.5349
 3.355   12.5483
 3.353   12.5571
 3.351   12.5659
 3.349   12.5744
 3.347   12.5847
 3.345   12.5976
 3.342   12.6132
 3.340   12.6142
 3.338   12.6147
 3.336   12.6303
 3.334   12.6369
 3.332   12.6240
 3.330   12.6184
 3.327   12.6154
 3.325   12.6181
 3.323   12.6181
 3.321   12.6111
 3.319   12.6113
 3.317   12.6113
 3.315   12.6125
 3.313   12.6059
 3.310   12.5981
 3.308   12.5930
 3.306   12.6052
 3.304   12.6025
 3.302   12.6013
 3.300   12.6067
 3.298   12.6059
 3.296   12.5945
 3.294   12.5835
 3.292   12.5820
 3.289   12.5847
 3.287   12.5827
 3.285   12.5735
 3.283   12.5654
 3.281   12.5549
 3.279   12.5490
 3.277   12.5466
 3.275   12.5446
 3.273   12.5449
 3.271   12.5500
 3.269   12.5368
 3.267   12.5295
 3.265   12.5376
 3.263   12.5324
 3.260   12.5280
 3.258   12.5283
 3.256   12.5149
 3.254   12.4953
 3.252   12.4985
 3.250   12.4978
 3.248   12.4804
 3.246   12.4856
 3.244   12.5007
 3.242   12.4953
 3.240   12.4795
 3.238   12.4702
 3.236   12.4673
 3.234   12.4614
 3.232   12.4643
 3.230   12.4690
 3.228   12.4585
 3.226   12.4367
 3.224   12.4377
 3.222   12.4428
 3.220   12.4392
 3.218   12.4277
 3.216   12.4245
 3.214   12.4270
 3.212   12.4231
 3.210   12.4016
 3.208   12.3874
 3.206   12.3911
 3.204   12.4048
 3.202   12.3935
 3.200   12.3828
 3.198   12.3879
 3.196   12.3811
 3.194   12.3676
 3.192   12.3662
 3.190   12.3725
 3.188   12.3711
 3.186   12.3689
 3.184   12.3711
 3.182   12.3742
 3.180   12.3606
 3.179   12.3481
 3.177   12.3523
 3.175   12.3413
 3.173   12.3408
 3.171   12.3303
 3.169   12.3274
 3.167   12.3403
 3.165   12.3420
 3.163   12.3364
 3.161   12.3305
 3.159   12.3274
 3.157   12.3200
 3.155   12.3000
 3.153   12.2912
 3.151   12.2929
 3.150   12.2927
 3.148   12.2849
 3.146   12.2783
 3.144   12.2668
 3.142   12.2607
 3.140   12.2556
 3.138   12.2487
 3.136   12.2466
 3.134   12.2317
 3.132   12.2307
 3.131   12.2290
 3.129   12.2204
 3.127   12.2141
 3.125   12.2085
 3.123   12.1933
 3.121   12.1904
 3.119   12.1955
 3.117   12.1916
 3.115   12.1758
 3.114   12.1792
 3.112   12.1924
 3.110   12.1860
 3.108   12.1789
 3.106   12.1758
 3.104   12.1626
 3.102   12.1567
 3.101   12.1574
 3.099   12.1403
 3.097   12.1333
 3.095   12.1340
 3.093   12.1062
 3.091   12.0869
 3.089   12.0781
 3.088   12.0586
 3.086   12.0403
 3.084   12.0254
 3.082   12.0175
 3.080   12.0058
 3.078   11.9931
 3.077   11.9875
 3.075   11.9716
 3.073   11.9629
 3.071   11.9541
 3.069   11.9350
 3.068   11.9162
 3.066   11.8896
 3.064   11.8615
 3.062   11.8401
 3.060   11.8259
 3.058   11.8195
 3.057   11.8291
 3.055   11.8225
 3.053   11.8259
 3.051   11.8518
 3.050   11.8652
 3.048   11.8706
 3.046   11.8943
 3.044   11.9245
 3.042   11.9394
 3.041   11.9431
 3.039   11.9345
 3.037   11.9392
 3.035   11.9709
 3.033   11.9880
 3.032   11.9846
 3.030   11.9829
 3.028   11.9826
 3.026   11.9729
 3.025   11.9695
 3.023   11.9621
 3.021   11.9633
 3.019   11.9719
 3.018   11.9641
 3.016   11.9563
 3.014   11.9614
 3.012   11.9455
 3.011   11.9394
 3.009   11.9538
 3.007   11.9436
 3.005   11.9326
 3.004   11.9289
 3.002   11.9287
 3.000   11.9424
 2.998   11.9389
 2.997   11.9321
 2.995   11.9397
 2.993   11.9333
 2.991   11.9328
 2.990   11.9421
 2.988   11.9331
 2.986   11.9272
 2.985   11.9353
 2.983   11.9387
 2.981   11.9336
 2.979   11.9199
 2.978   11.9177
 2.976   11.9140
 2.974   11.8945
 2.973   11.8925
 2.971   11.9018
 2.969   11.8825
 2.967   11.8879
 2.966   11.8921
 2.964   11.8728
 2.962   11.8855
 2.961   11.8847
 2.959   11.8576
 2.957   11.8540
 2.956   11.8581
 2.954   11.8576
 2.952   11.8481
 2.951   11.8508
 2.949   11.8464
 2.947   11.8237
 2.946   11.8154
 2.944   11.8164
 2.942   11.8069
 2.941   11.7807
 2.939   11.7661
 2.937   11.7509
 2.936   11.7209
 2.934   11.6911
 2.932   11.6596
 2.931   11.6054
 2.929   11.5466
 2.927   11.4912
 2.926   11.4128
 2.924   11.3481
 2.922   11.2900
 2.921   11.2319
 2.919   11.1655
 2.917   11.0571
 2.916   10.9123
 2.914   10.7346
 2.912   10.5254
 2.911   10.3520
 2.909   10.2551
 2.908   10.2702
 2.906   10.4074
 2.904   10.6047
 2.903   10.7944
 2.901   10.9260
 2.899   11.0141
 2.898   11.0412
 2.896   10.9992
 2.895   10.9033
 2.893   10.7383
 2.891   10.5256
 2.890   10.3647
 2.888   10.3593
 2.887   10.5017
 2.885   10.7429
 2.883   11.0036
 2.882   11.2177
 2.880   11.3474
 2.878   11.4214
 2.877   11.4775
 2.875   11.5080
 2.874   11.5141
 2.872   11.5361
 2.871   11.5864
 2.869   11.6357
 2.867   11.6941
 2.866   11.7505
 2.864   11.7788
 2.863   11.8010
 2.861   11.8181
 2.859   11.8249
 2.858   11.8405
 2.856   11.8435
 2.855   11.8142
 2.853   11.7697
 2.852   11.7177
 2.850   11.6345
 2.848   11.5051
 2.847   11.3022
 2.845   11.0840
 2.844   10.9358
 2.842   10.9692
 2.841   11.0774
 2.839   10.9900
 2.838   10.5905
 2.836   10.0166
 2.834    9.9121
 2.833   10.5173
 2.831   11.1606
 2.830   11.5156
 2.828   11.6919
 2.827   11.8130
 2.825   11.9008
 2.824   11.9624
 2.822   11.9948
 2.821   12.0146
 2.819   12.0329
 2.817   12.0564
 2.816   12.0551
 2.814   12.0495
 2.813   12.0686
 2.811   12.0852
 2.810   12.0810
 2.808   12.0918
 2.807   12.1091
 2.805   12.1277
 2.804   12.1169
 2.802   12.1176
 2.801   12.1320
 2.799   12.1450
 2.798   12.1338
 2.796   12.1418
 2.795   12.1516
 2.793   12.1289
 2.792   12.1147
 2.790   12.1255
 2.789   12.1150
 2.787   12.0840
 2.786   12.0371
 2.784   11.9370
 2.783   11.6921
 2.781   11.2282
 2.780   10.7517
 2.778   10.9316
 2.777   11.5276
 2.775   11.8637
 2.774   11.9966
 2.772   12.0378
 2.771   12.0503
 2.769   12.0564
 2.768   12.0403
 2.766   11.9926
 2.765   11.9057
 2.763   11.7964
 2.762   11.7495
 2.760   11.7922
 2.759   11.8725
 2.758   11.9372
 2.756   11.9824
 2.755   12.0232
 2.753   12.0869
 2.752   12.1374
 2.750   12.1535
 2.749   12.1457
 2.747   12.1469
 2.746   12.1413
 2.744   12.1220
 2.743   12.0849
 2.741   12.0244
 2.740   11.9289
 2.739   11.7417
 2.737   11.5105
 2.736   11.5669
 2.734   11.8679
 2.733   12.0959
 2.731   12.1999
 2.730   12.2519
 2.729   12.2734
 2.727   12.2946
 2.726   12.3098
 2.724   12.3237
 2.723   12.3716
 2.721   12.3884
 2.720   12.4021
 2.718   12.4392
 2.717   12.4453
 2.716   12.4404
 2.714   12.4243
 2.713   12.3735
 2.711   12.2949
 2.710   12.2373
 2.709   12.1902
 2.707   12.1504
 2.706   12.1264
 2.704   12.1279
 2.703   12.1823
 2.701   12.2807
 2.700   12.4099
 2.699   12.5446
 2.697   12.6631
 2.696   12.7414
 2.694   12.8029
 2.693   12.8637
 2.692   12.9372
 2.690   12.9760
 2.689   13.0254
 2.687   13.0761
 2.686   13.1098
 2.685   13.1381
 2.683   13.1572
 2.682   13.1906
 2.681   13.2185
 2.679   13.2292
 2.678   13.2434
 2.676   13.2483
 2.675   13.2771
 2.674   13.3088
 2.672   13.3134
 2.671   13.2837
 2.669   13.3029
 2.668   13.3318
 2.667   13.3235
 2.665   13.3354
 2.664   13.3457
 2.663   13.3676
 2.661   13.3447
 2.660   13.3454
 2.659   13.3601
 2.657   13.3745
 2.656   13.3823
 2.654   13.3816
 2.653   13.3762
 2.652   13.3950
 2.650   13.4028
 2.649   13.4238
 2.648   13.4238
 2.646   13.4082
 2.645   13.4131
 2.644   13.4177
 2.642   13.4091
 2.641   13.4233
 2.640   13.4223
 2.638   13.4116
 2.637   13.4135
 2.636   13.4109
 2.634   13.4043
 2.633   13.4160
 2.632   13.3916
 2.630   13.3681
 2.629   13.4008
 2.628   13.4282
 2.626   13.4343
 2.625   13.4311
 2.624   13.4121
 2.622   13.4033
 2.621   13.3769
 2.620   13.3667
 2.618   13.3652
 2.617   13.3630
 2.616   13.3881
 2.614   13.3962
 2.613   13.3994
 2.612   13.4116
 2.610   13.4101
 2.609   13.4057
 2.608   13.4072
 2.606   13.3725
 2.605   13.3720
 2.604   13.4008
 2.602   13.3845
 2.601   13.3750
 2.600   13.3925
 2.599   13.3916
 2.597   13.3867
 2.596   13.3454
 2.595   13.3300
 2.593   13.3906
 2.592   13.3999
 2.591   13.3974
 2.589   13.3916
 2.588   13.3755
 2.587   13.3913
 2.586   13.3886
 2.584   13.3520
 2.583   13.3584
 2.582   13.3940
 2.580   13.4006
 2.579   13.4013
 2.578   13.3996
 2.577   13.3921
 2.575   13.4135
 2.574   13.4128
 2.573   13.3962
 2.572   13.3877
 2.570   13.3725
 2.569   13.3774
 2.568   13.3935
 2.566   13.4116
 2.565   13.3962
 2.564   13.3833
 2.563   13.3691
 2.561   13.3794
 2.560   13.4035
 2.559   13.3813
 2.558   13.3755
 2.556   13.3943
 2.555   13.3813
 2.554   13.3657
 2.553   13.3745
 2.551   13.3637
 2.550   13.3479
 2.549   13.3603
 2.547   13.3725
 2.546   13.3711
 2.545   13.3523
 2.544   13.3452
 2.542   13.3496
 2.541   13.3501
 2.540   13.3574
 2.539   13.3737
 2.538   13.3703
 2.536   13.3586
 2.535   13.3628
 2.534   13.3579
 2.533   13.3593
 2.531   13.3564
 2.530   13.3369
 2.529   13.3337
 2.528   13.3398
 2.526   13.3496
 2.525   13.3359
 2.524   13.3276
 2.523   13.3342
 2.521   13.3315
 2.520   13.3291
 2.519   13.3171
 2.518   13.3230
 2.517   13.3447
 2.515   13.3379
 2.514   13.3313
 2.513   13.3369
 2.512   13.3286
 2.510   13.3244
 2.509   13.3188
 2.508   13.3486
 2.507   13.3842
 2.506   13.3501
 2.504   13.3108
 2.503   13.3237
 2.502   13.3369
 2.501   13.3296
 2.500   13.3193
 2.498   13.3198
 2.497   13.3313
 2.496   13.3130
 2.495   13.3032
 2.494   13.2827
 2.492   13.2771
 2.491   13.2929
 2.490   13.2822
 2.489   13.2749
 2.488   13.2675
 2.486   13.2663
 2.485   13.2939
 2.484   13.3088
 2.483   13.3056
 2.482   13.3049
 2.480   13.3134
 2.479   13.3049
 2.478   13.2988
 2.477   13.2856
 2.476   13.2968
 2.475   13.2998
 2.473   13.2788
 2.472   13.2570
 2.471   13.2697
 2.470   13.2795
 2.469   13.2695
 2.467   13.2519
 2.466   13.2358
 2.465   13.2309
 2.464   13.2168
 2.463   13.2280
 2.462   13.2219
 2.460   13.2219
 2.459   13.2387
 2.458   13.2309
 2.457   13.2155
 2.456   13.2236
 2.455   13.2202
 2.453   13.2241
 2.452   13.2326
 2.451   13.2365
 2.450   13.2524
 2.449   13.2375
 2.448   13.2207
 2.447   13.2053
 2.445   13.1797
 2.444   13.1679
 2.443   13.1762
 2.442   13.1958
 2.441   13.2026
 2.440   13.2028
 2.438   13.2028
 2.437   13.2046
 2.436   13.1889
 2.435   13.2046
 2.434   13.2368
 2.433   13.2055
 2.432   13.1992
 2.430   13.1850
 2.429   13.1845
 2.428   13.2104
 2.427   13.1921
 2.426   13.1884
 2.425   13.2094
 2.424   13.1899
 2.423   13.1811
 2.421   13.1850
 2.420   13.2090
 2.419   13.2021
 2.418   13.1855
 2.417   13.1909
 2.416   13.1894
 2.415   13.1787
 2.413   13.1635
 2.412   13.1806
 2.411   13.1958
 2.410   13.2002
 2.409   13.2085
 2.408   13.1938
 2.407   13.1870
 2.406   13.1801
 2.405   13.1621
 2.403   13.1596
 2.402   13.1670
 2.401   13.1511
 2.400   13.1616
 2.399   13.1753
 2.398   13.1665
 2.397   13.1303
 2.396   13.1298
 2.395   13.1494
 2.393   13.1318
 2.392   13.1318
 2.391   13.1206
 2.390   13.1071
 2.389   13.1159
 2.388   13.1045
 2.387   13.1152
 2.386   13.1313
 2.385   13.1181
 2.384   13.1352
 2.382   13.1362
 2.381   13.1298
 2.380   13.1269
 2.379   13.0932
 2.378   13.0981
 2.377   13.0986
 2.376   13.0752
 2.375   13.0991
 2.374   13.1215
 2.373   13.1167
 2.372   13.1064
 2.370   13.1023
 2.369   13.1010
 2.368   13.0893
 2.367   13.0927
 2.366   13.1118
 2.365   13.1001
 2.364   13.0835
 2.363   13.0830
 2.362   13.0776
 2.361   13.0815
 2.360   13.0737
 2.359   13.0615
 2.358   13.0615
 2.356   13.0708
 2.355   13.0678
 2.354   13.0464
 2.353   13.0302
 2.352   13.0586
 2.351   13.0693
 2.350   13.0630
 2.349   13.0644
 2.348   13.0688
 2.347   13.0749
 2.346   13.0898
 2.345   13.0786
 2.344   13.0786
 2.343   13.0715
 2.342   13.0793
 2.340   13.0986
 2.339   13.0954
 2.338   13.0822
 2.337   13.0595
 2.336   13.0444
 2.335   13.0559
 2.334   13.0713
 2.333   13.0822
 2.332   13.0835
 2.331   13.0979
 2.330   13.0796
 2.329   13.0649
 2.328   13.0608
 2.327   13.0659
 2.326   13.0647
 2.325   13.0713
 2.324   13.0715
 2.323   13.0637
 2.322   13.0813
 2.321   13.0852
 2.320   13.0796
 2.318   13.0644
 2.317   13.0739
 2.316   13.0722
 2.315   13.0644
 2.314   13.0761
 2.313   13.0837
 2.312   13.0735
 2.311   13.0720
 2.310   13.0573
 2.309   13.0356
 2.308   13.0349
 2.307   13.0280
 2.306   13.0053
 2.305   13.0339
 2.304   13.0610
 2.303   13.0720
 2.302   13.0713
 2.301   13.0639
 2.300   13.0539
 2.299   13.0605
 2.298   13.0644
 2.297   13.0676
 2.296   13.0424
 2.295   13.0359
 2.294   13.0495
 2.293   13.0571
 2.292   13.0471
 2.291   13.0334
 2.290   13.0319
 2.289   13.0151
 2.288   13.0161
 2.287   13.0298
 2.286   13.0576
 2.285   13.0239
 2.284   13.0158
 2.283   13.0136
 2.282   13.0034
 2.281   12.9948
 2.280   12.9868
 2.279   12.9758
 2.278   12.9926
 2.277   13.0195
 2.276   13.0212
 2.275   13.0171
 2.274   13.0080
 2.273   13.0012
 2.272   12.9834
 2.271   12.9922
 2.270   12.9995
 2.269   13.0088
 2.268   13.0019
 2.267   13.0183
 2.266   13.0222
 2.265   13.0075
 2.264   13.0251
 2.263   13.0381
 2.262   13.0195
 2.261   13.0190
 2.260   13.0232
 2.259   13.0051
 2.258   12.9846
 2.257   12.9807
 2.256   12.9953
 2.255   12.9692
 2.254   12.9609
 2.253   12.9702
 2.252   12.9878
 2.251   13.0175
 2.250   13.0058
 2.249   12.9436
 2.248   12.9443
 2.247   12.9668
 2.246   12.9839
 2.245   12.9787
 2.244   12.9709
 2.243   12.9609
 2.242   12.9414
 2.241   12.9448
 2.240   12.9746
 2.239   12.9631
 2.238   12.9531
 2.237   12.9795
 2.236   12.9892
 2.236   13.0012
 2.235   13.0031
 2.234   13.0029
 2.233   12.9985
 2.232   13.0000
 2.231   12.9670
 2.230   12.9502
 2.229   12.9465
 2.228   12.9504
 2.227   12.9372
 2.226   12.9150
 2.225   12.9331
 2.224   12.9221
 2.223   12.9228
 2.222   12.9602
 2.221   12.9716
 2.220   12.9848
 2.219   12.9922
 2.218   12.9690
 2.217   12.9546
 2.216   12.9726
 2.215   12.9663
 2.215   12.9485
 2.214   12.9331
 2.213   12.9370
 2.212   12.9492
 2.211   12.9218
 2.210   12.9260
 2.209   12.9204
 2.208   12.9194
 2.207   12.9297
 2.206   12.9253
 2.205   12.9338
 2.204   12.9497
 2.203   12.9702
 2.202   12.9621
 2.201   12.9590
 2.200   12.9277
 2.199   12.9436
 2.199   12.9843
 2.198   12.9836
 2.197   12.9619
 2.196   12.9487
 2.195   12.9680
 2.194   12.9963
 2.193   13.0100
 2.192   13.0185
 2.191   13.0151
 2.190   13.0246
 2.189   12.9873
 2.188   12.9604
 2.187   12.9819
 2.186   13.0048
 2.186   12.9712
 2.185   12.9633
 2.184   12.9892
 2.183   12.9582
 2.182   12.9941
 2.181   12.9914
 2.180   12.9526
 2.179   12.9475
 2.178   12.9882
 2.177   12.9834
 2.176   13.0090
 2.175   13.0337
 2.175   13.0422
 2.174   13.0244
 2.173   13.0034
 2.172   12.9944
 2.171   13.0090
 2.170   12.9983
 2.169   13.0424
 2.168   13.0617
 2.167   13.0366
 2.166   13.0205
 2.165   13.0354
 2.165   13.0207
 2.164   13.0256
 2.163   13.0500
 2.162   13.0547
 2.161   13.0537
 2.160   13.0796
 2.159   13.0771
 2.158   13.0468
 2.157   13.0424
 2.156   13.0361
 2.156   13.0278
 2.155   13.0276
 2.154   13.0363
 2.153   13.0012
 2.152   12.9543
 2.151   12.9682
 2.150   13.0132
 2.149   13.0019
 2.148   13.0061
 2.148   13.0224
 2.147   12.9885
 2.146   12.9731
 2.145   12.9865
 2.144   12.9975
 2.143   13.0295
 2.142   13.0442
 2.141   13.0507
 2.140   13.0454
 2.140   13.0229
 2.139   13.0002
 2.138   13.0273
 2.137   13.0442
 2.136   13.0576
 2.135   13.0090
 2.134   12.9819
 2.133   12.9824
 2.133   12.9809
 2.132   13.0224
 2.131   13.0305
 2.130   13.0188
 2.129   12.9922
 2.128   13.0112
 2.127   13.0549
 2.126   13.0559
 2.126   13.0307
 2.125   13.0315
 2.124   13.0539
 2.123   13.0986
 2.122   13.1242
 2.121   13.0881
 2.120   13.1018
 2.119   13.1025
 2.119   13.0673
 2.118   13.0429
 2.117   13.0376
 2.116   13.0949
 2.115   13.0959
 2.114   13.0527
 2.113   13.0771
 2.113   13.0764
 2.112   13.0617
 2.111   13.0415
 2.110   13.0500
 2.109   13.0774
 2.108   13.0822
 2.107   13.0783
 2.107   13.0605
 2.106   13.0551
 2.105   13.0810
 2.104   13.0976
 2.103   13.0625
 2.102   13.0239
 2.101   13.0471
 2.101   13.0412
 2.100   13.0322
 2.099   13.0647
 2.098   13.0998
 2.097   13.1057
 2.096   13.0830
 2.095   13.0869
 2.095   13.1172
 2.094   13.1250
 2.093   13.0813
 2.092   13.0920
 2.091   13.0962
 2.090   13.0898
 2.090   13.1184
 2.089   13.1174
 2.088   13.0676
 2.087   13.0771
 2.086   13.0998
 2.085   13.0783
 2.085   13.0832
 2.084   13.0979
 2.083   13.0566
 2.082   13.0539
 2.081   13.0461
 2.080   13.0381
 2.079   13.0783
