Name: Andradite Ca3Fe2+3 (SiO4)3
Type:  Mineral 
Class: Silicates
Subclass: Nesosilicates  (Isolated tetrahedra) (Garnet Group)
Particle Size:  Fine (less than 75 Micrometers)
Sample No.:  andradite.1
Owner:  JHU
Wavelength Range:  IR
Origin:  Sample from Rimpfischwange, Zermatt, Valais, Switzerland, 
via the Smithsonian (sample no. NMNH 113829).  
Description: A cluster of subhedral green crystals, some coated with a 
soft, white contaminant which did not dissolve when treated with 
HCl. Sample was lightly crushed to free individual 3mm crystals, then 
hand-picked to assemble only clean, bright green crystals. Under the 
petrographic microscope, the sample appeared pure, clean and 
unaltered. A few grains had a light brownish tinge on some edges. 
Measurement:  Bidirectional Reflectance
First Column:  X
Second Column:  Y  
X Units:  Wavelength (micrometers)
Y Units:  Reflectance (percent)
First X Value:  25.0442
Last X Value:  2.079
Number of X Values:  2287
Additional Information:  andrad1a.txt 
25.044    2.9746
24.924    3.0478
24.805    2.8059
24.686    2.6399
24.569    2.7041
24.454    2.6155
24.339    2.3728
24.225    2.0989
24.112    1.5352
24.001    1.0564
23.890    0.7546
23.781    0.6011
23.672    0.6643
23.564    0.8818
23.458    1.1436
23.352    1.2646
23.247    1.5039
23.144    1.7895
23.041    1.9932
22.939    2.1968
22.838    2.2964
22.738    2.4199
22.638    2.4729
22.540    2.4416
22.442    2.3723
22.345    2.2346
22.250    2.1230
22.154    2.0749
22.060    1.8823
21.967    1.6323
21.874    1.3577
21.782    0.9390
21.691    0.5803
21.601    0.4446
21.511    0.4319
21.422    0.4829
21.334    0.5552
21.247    0.6404
21.160    0.7314
21.074    0.8752
20.988    1.0178
20.904    1.1560
20.820    1.1924
20.737    1.0923
20.654    0.9092
20.572    0.6799
20.491    0.5293
20.410    0.5076
20.330    0.6140
20.251    0.7505
20.172    0.8245
20.094    0.8855
20.016    0.9900
19.939    1.0957
19.863    1.2104
19.787    1.3652
19.712    1.5198
19.637    1.6746
19.563    1.7952
19.489    1.9045
19.416    1.9473
19.344    1.9831
19.272    2.0115
19.201    2.0164
19.130    2.0107
19.059    1.9614
18.990    1.9114
18.920    1.8538
18.851    1.7129
18.783    1.5076
18.715    1.2256
18.648    0.9250
18.581    0.6370
18.515    0.4021
18.449    0.2273
18.384    0.1731
18.319    0.2002
18.254    0.2502
18.190    0.3057
18.126    0.3867
18.063    0.4573
18.001    0.5415
17.938    0.6572
17.876    0.7458
17.815    0.7910
17.754    0.8662
17.693    0.9663
17.633    1.0442
17.573    1.0942
17.514    1.1387
17.455    1.1677
17.396    1.1811
17.338    1.1689
17.280    1.1731
17.223    1.1963
17.166    1.1340
17.109    1.0156
17.053    0.9233
16.997    0.8052
16.942    0.7014
16.886    0.6846
16.832    0.7700
16.777    0.9739
16.723    1.2483
16.669    1.4402
16.616    1.5913
16.563    1.7637
16.510    1.8879
16.458    1.9683
16.406    2.0764
16.354    2.1450
16.302    2.1809
16.251    2.2078
16.200    2.2305
16.150    2.2815
16.100    2.3650
16.050    2.4353
16.000    2.4607
15.951    2.4880
15.902    2.5420
15.854    2.5947
15.805    2.6047
15.757    2.6355
15.710    2.6826
15.662    2.6953
15.615    2.7239
15.568    2.7744
15.521    2.8066
15.475    2.8069
15.429    2.8201
15.383    2.8657
15.338    2.8918
15.292    2.9016
15.248    2.9070
15.203    2.8997
15.158    2.8892
15.114    2.9055
15.070    2.9172
15.027    2.9136
14.983    2.9250
14.940    2.9426
14.897    2.9492
14.854    2.9673
14.812    2.9619
14.770    2.9531
14.728    2.9580
14.686    2.9680
14.645    2.9558
14.603    2.9680
14.562    2.9883
14.521    2.9780
14.481    2.9553
14.441    2.9519
14.400    2.9397
14.361    2.9326
14.321    2.9224
14.281    2.9050
14.242    2.8992
14.203    2.8838
14.164    2.8762
14.126    2.8735
14.087    2.8420
14.049    2.7888
14.011    2.7664
13.973    2.7532
13.936    2.7314
13.899    2.6785
13.861    2.6116
13.824    2.5666
13.788    2.4958
13.751    2.4241
13.715    2.3662
13.679    2.3140
13.643    2.2512
13.607    2.1868
13.571    2.1545
13.536    2.0903
13.500    2.0464
13.465    2.0312
13.430    1.9900
13.396    1.9370
13.361    1.8743
13.327    1.8308
13.293    1.8020
13.259    1.7693
13.225    1.7517
13.191    1.7373
13.158    1.7178
13.124    1.7163
13.091    1.7144
13.058    1.6875
13.026    1.6550
12.993    1.6372
12.960    1.6274
12.928    1.6116
12.896    1.5994
12.864    1.5857
12.832    1.5725
12.800    1.5576
12.769    1.5581
12.737    1.5688
12.706    1.5852
12.675    1.5820
12.644    1.5872
12.614    1.6072
12.583    1.6516
12.552    1.6987
12.522    1.7505
12.492    1.8455
12.462    1.9646
12.432    2.0654
12.402    2.1870
12.373    2.3049
12.343    2.3491
12.314    2.3005
12.285    2.2078
12.256    2.0491
12.227    1.8789
12.198    1.7419
12.169    1.7341
12.141    1.8498
12.113    2.0347
12.084    2.2200
12.056    2.3384
12.028    2.3896
12.000    2.4280
11.973    2.4236
11.945    2.4006
11.918    2.3657
11.890    2.3301
11.863    2.2773
11.836    2.2019
11.809    2.1133
11.782    1.9956
11.755    1.8374
11.729    1.6421
11.702    1.4165
11.676    1.1528
11.650    0.9104
11.624    0.7539
11.598    0.6821
11.572    0.7061
11.546    0.7939
11.520    0.8840
11.495    0.9946
11.469    1.1477
11.444    1.3127
11.419    1.4929
11.394    1.7439
11.369    2.0032
11.344    2.2122
11.319    2.3809
11.294    2.5310
11.270    2.6328
11.245    2.6946
11.221    2.7454
11.197    2.7817
11.173    2.8159
11.149    2.8542
11.125    2.8865
11.101    2.9075
11.077    2.9189
11.054    2.9175
11.030    2.9045
11.007    2.8906
10.983    2.8838
10.960    2.8935
10.937    2.9397
10.914    2.9834
10.891    3.0056
10.868    3.0312
10.846    3.0647
10.823    3.0998
10.800    3.1282
10.778    3.1433
10.755    3.1638
10.733    3.1789
10.711    3.1953
10.689    3.2173
10.667    3.2197
10.645    3.2139
10.623    3.2246
10.602    3.2319
10.580    3.2214
10.558    3.2073
10.537    3.2141
10.516    3.2190
10.494    3.2392
10.473    3.2839
10.452    3.3320
10.431    3.4026
10.410    3.4973
10.389    3.6062
10.368    3.7258
10.348    3.8642
10.327    3.9983
10.306    4.1287
10.286    4.2556
10.266    4.3457
10.245    4.3987
10.225    4.4358
10.205    4.4495
10.185    4.4348
10.165    4.4092
10.145    4.3706
10.125    4.3162
10.106    4.2366
10.086    4.1272
10.066    4.0068
10.047    3.8826
10.027    3.7248
10.008    3.5442
 9.989    3.3306
 9.970    3.0940
 9.950    2.8982
 9.931    2.7497
 9.912    2.5781
 9.893    2.3667
 9.875    2.1262
 9.856    1.8643
 9.837    1.6006
 9.818    1.3481
 9.800    1.1287
 9.781    0.9311
 9.763    0.7476
 9.745    0.5850
 9.726    0.4436
 9.708    0.3320
 9.690    0.2405
 9.672    0.1711
 9.654    0.1326
 9.636    0.1033
 9.618    0.0920
 9.600    0.0881
 9.583    0.0876
 9.565    0.1116
 9.547    0.1624
 9.530    0.1982
 9.512    0.2163
 9.495    0.2646
 9.477    0.3281
 9.460    0.3823
 9.443    0.4416
 9.426    0.4910
 9.409    0.5461
 9.392    0.6113
 9.375    0.6755
 9.358    0.7183
 9.341    0.7458
 9.324    0.7915
 9.307    0.8440
 9.291    0.8916
 9.274    0.9499
 9.257    1.0085
 9.241    1.0444
 9.224    1.0999
 9.208    1.1614
 9.192    1.2222
 9.175    1.2878
 9.159    1.3594
 9.143    1.4341
 9.127    1.5081
 9.111    1.5796
 9.095    1.6533
 9.079    1.7185
 9.063    1.7803
 9.047    1.8450
 9.032    1.8984
 9.016    1.9534
 9.000    2.0251
 8.985    2.0942
 8.969    2.1616
 8.954    2.2119
 8.938    2.2544
 8.923    2.2883
 8.907    2.3101
 8.892    2.3391
 8.877    2.3572
 8.862    2.3591
 8.847    2.3718
 8.832    2.3914
 8.817    2.4067
 8.802    2.4246
 8.787    2.4385
 8.772    2.4456
 8.757    2.4622
 8.742    2.4817
 8.728    2.4949
 8.713    2.5144
 8.698    2.5308
 8.684    2.5481
 8.669    2.5784
 8.655    2.6023
 8.640    2.6255
 8.626    2.6619
 8.612    2.7051
 8.597    2.7397
 8.583    2.7693
 8.569    2.7983
 8.555    2.8450
 8.541    2.8938
 8.527    2.9436
 8.513    2.9880
 8.499    3.0317
 8.485    3.0788
 8.471    3.1216
 8.457    3.1575
 8.443    3.1875
 8.430    3.2222
 8.416    3.2642
 8.402    3.3042
 8.389    3.3433
 8.375    3.3916
 8.362    3.4426
 8.348    3.4875
 8.335    3.5251
 8.321    3.5615
 8.308    3.6035
 8.295    3.6550
 8.281    3.7056
 8.268    3.7568
 8.255    3.8147
 8.242    3.8874
 8.229    3.9602
 8.216    4.0268
 8.203    4.0823
 8.190    4.1352
 8.177    4.1977
 8.164    4.2534
 8.151    4.2995
 8.138    4.3401
 8.126    4.3874
 8.113    4.4353
 8.100    4.4746
 8.088    4.5063
 8.075    4.5283
 8.062    4.5459
 8.050    4.5649
 8.037    4.5771
 8.025    4.5852
 8.013    4.5911
 8.000    4.5976
 7.988    4.6020
 7.976    4.6025
 7.963    4.6055
 7.951    4.6169
 7.939    4.6416
 7.927    4.6567
 7.915    4.6604
 7.903    4.6731
 7.891    4.6904
 7.879    4.7041
 7.867    4.7114
 7.855    4.7182
 7.843    4.7241
 7.831    4.7222
 7.819    4.7239
 7.807    4.7078
 7.796    4.6836
 7.784    4.6680
 7.772    4.6462
 7.761    4.6372
 7.749    4.6352
 7.738    4.6472
 7.726    4.6728
 7.715    4.7095
 7.703    4.7488
 7.692    4.7815
 7.680    4.8066
 7.669    4.8325
 7.658    4.8647
 7.646    4.8982
 7.635    4.9267
 7.624    4.9546
 7.613    4.9790
 7.601    4.9892
 7.590    4.9922
 7.579    4.9924
 7.568    4.9873
 7.557    4.9897
 7.546    5.0036
 7.535    5.0288
 7.524    5.0566
 7.513    5.0828
 7.502    5.1050
 7.492    5.1240
 7.481    5.1409
 7.470    5.1482
 7.459    5.1489
 7.448    5.1474
 7.438    5.1399
 7.427    5.1196
 7.417    5.0932
 7.406    5.0615
 7.395    5.0303
 7.385    4.9827
 7.374    4.9321
 7.364    4.8852
 7.353    4.8335
 7.343    4.7930
 7.333    4.7710
 7.322    4.7678
 7.312    4.7822
 7.302    4.8208
 7.291    4.8860
 7.281    4.9707
 7.271    5.0657
 7.261    5.1553
 7.251    5.2224
 7.240    5.2807
 7.230    5.3342
 7.220    5.3628
 7.210    5.3735
 7.200    5.3835
 7.190    5.3789
 7.180    5.3525
 7.170    5.3223
 7.160    5.3015
 7.151    5.2930
 7.141    5.3159
 7.131    5.3694
 7.121    5.4360
 7.111    5.5163
 7.102    5.6160
 7.092    5.7143
 7.082    5.8122
 7.073    5.9155
 7.063    6.0110
 7.053    6.0937
 7.044    6.1850
 7.034    6.2864
 7.025    6.3840
 7.015    6.4736
 7.006    6.5478
 6.996    6.6123
 6.987    6.6731
 6.977    6.7280
 6.968    6.7683
 6.959    6.8076
 6.949    6.8662
 6.940    6.9165
 6.931    6.9538
 6.921    6.9905
 6.912    7.0256
 6.903    7.0617
 6.894    7.1072
 6.885    7.1506
 6.876    7.1763
 6.866    7.1784
 6.857    7.2099
 6.848    7.2563
 6.839    7.2820
 6.830    7.2973
 6.821    7.3237
 6.812    7.3598
 6.803    7.3862
 6.794    7.4128
 6.786    7.4607
 6.777    7.5161
 6.768    7.5578
 6.759    7.6084
 6.750    7.6531
 6.741    7.6968
 6.733    7.7439
 6.724    7.7807
 6.715    7.8020
 6.707    7.8376
 6.698    7.8811
 6.689    7.9006
 6.681    7.9267
 6.672    7.9665
 6.663    7.9970
 6.655    8.0244
 6.646    8.0268
 6.638    8.0139
 6.629    8.0415
 6.621    8.0801
 6.612    8.0967
 6.604    8.1045
 6.596    8.1028
 6.587    8.1133
 6.579    8.1076
 6.571    8.1006
 6.562    8.1174
 6.554    8.1152
 6.546    8.1142
 6.537    8.1189
 6.529    8.1133
 6.521    8.1042
 6.513    8.1116
 6.505    8.0993
 6.496    8.0637
 6.488    8.0525
 6.480    8.0610
 6.472    8.0610
 6.464    8.0574
 6.456    8.0498
 6.448    8.0422
 6.440    8.0285
 6.432    8.0205
 6.424    8.0085
 6.416    7.9729
 6.408    7.9756
 6.400    7.9985
 6.392    7.9895
 6.384    7.9685
 6.377    7.9348
 6.369    7.8948
 6.361    7.8672
 6.353    7.8208
 6.345    7.7436
 6.338    7.6872
 6.330    7.6413
 6.322    7.5783
 6.314    7.5022
 6.307    7.4250
 6.299    7.3493
 6.291    7.2617
 6.284    7.1723
 6.276    7.0766
 6.269    6.9673
 6.261    6.8388
 6.254    6.6926
 6.246    6.5264
 6.238    6.3340
 6.231    6.1296
 6.223    5.9140
 6.216    5.6870
 6.209    5.4663
 6.201    5.2651
 6.194    5.0779
 6.186    4.9055
 6.179    4.7856
 6.172    4.6931
 6.164    4.6006
 6.157    4.5093
 6.150    4.4346
 6.142    4.3572
 6.135    4.2808
 6.128    4.2021
 6.121    4.1182
 6.113    4.0381
 6.106    3.9751
 6.099    3.9155
 6.092    3.8403
 6.085    3.7534
 6.078    3.6621
 6.070    3.5603
 6.063    3.4534
 6.056    3.3332
 6.049    3.2139
 6.042    3.1309
 6.035    3.0686
 6.028    3.0071
 6.021    2.9563
 6.014    2.9397
 6.007    2.9541
 6.000    2.9812
 5.993    3.0283
 5.986    3.0979
 5.979    3.1780
 5.973    3.2634
 5.966    3.3530
 5.959    3.4380
 5.952    3.5041
 5.945    3.5598
 5.938    3.6035
 5.932    3.6455
 5.925    3.6912
 5.918    3.7322
 5.911    3.7761
 5.905    3.8188
 5.898    3.8628
 5.891    3.9209
 5.884    3.9722
 5.878    4.0305
 5.871    4.1020
 5.864    4.1567
 5.858    4.2109
 5.851    4.2646
 5.845    4.3191
 5.838    4.3774
 5.831    4.4363
 5.825    4.4936
 5.818    4.5649
 5.812    4.6516
 5.805    4.7256
 5.799    4.7895
 5.792    4.8435
 5.786    4.8865
 5.779    4.9277
 5.773    4.9602
 5.767    4.9946
 5.760    5.0498
 5.754    5.1120
 5.747    5.1748
 5.741    5.2461
 5.735    5.3125
 5.728    5.3728
 5.722    5.4343
 5.716    5.4888
 5.709    5.5351
 5.703    5.5825
 5.697    5.6055
 5.691    5.6089
 5.684    5.6116
 5.678    5.6003
 5.672    5.5818
 5.666    5.5730
 5.660    5.5713
 5.653    5.5806
 5.647    5.5994
 5.641    5.6199
 5.635    5.6472
 5.629    5.6699
 5.623    5.6804
 5.617    5.6748
 5.611    5.6575
 5.604    5.6179
 5.598    5.5559
 5.592    5.4785
 5.586    5.3733
 5.580    5.2544
 5.574    5.1518
 5.568    5.0591
 5.562    4.9736
 5.556    4.9111
 5.550    4.8850
 5.545    4.8970
 5.539    4.9575
 5.533    5.0849
 5.527    5.2571
 5.521    5.4543
 5.515    5.6709
 5.509    5.8764
 5.503    6.0547
 5.498    6.2070
 5.492    6.3230
 5.486    6.4094
 5.480    6.4758
 5.474    6.5271
 5.469    6.5588
 5.463    6.5867
 5.457    6.6233
 5.451    6.6616
 5.446    6.6943
 5.440    6.7324
 5.434    6.7666
 5.428    6.7922
 5.423    6.8284
 5.417    6.8930
 5.411    6.9719
 5.406    7.0676
 5.400    7.1770
 5.395    7.2949
 5.389    7.4280
 5.383    7.5788
 5.378    7.7331
 5.372    7.8811
 5.367    8.0349
 5.361    8.1848
 5.356    8.3061
 5.350    8.4101
 5.344    8.5073
 5.339    8.5918
 5.333    8.6753
 5.328    8.7639
 5.323    8.8386
 5.317    8.9035
 5.312    8.9673
 5.306    9.0251
 5.301    9.0686
 5.295    9.0993
 5.290    9.1325
 5.285    9.1672
 5.279    9.1955
 5.274    9.2217
 5.268    9.2439
 5.263    9.2717
 5.258    9.3000
 5.252    9.3174
 5.247    9.3371
 5.242    9.3564
 5.237    9.3703
 5.231    9.3811
 5.226    9.3933
 5.221    9.4038
 5.215    9.4099
 5.210    9.4221
 5.205    9.4414
 5.200    9.4526
 5.195    9.4673
 5.189    9.4922
 5.184    9.5180
 5.179    9.5383
 5.174    9.5532
 5.169    9.5703
 5.163    9.5776
 5.158    9.5793
 5.153    9.5879
 5.148    9.5884
 5.143    9.5871
 5.138    9.5949
 5.133    9.6052
 5.128    9.6106
 5.123    9.6164
 5.118    9.6289
 5.113    9.6421
 5.108    9.6491
 5.103    9.6675
 5.097    9.6870
 5.092    9.7029
 5.087    9.7292
 5.083    9.7590
 5.078    9.7849
 5.073    9.8186
 5.068    9.8572
 5.063    9.8908
 5.058    9.9218
 5.053    9.9519
 5.048    9.9717
 5.043    9.9870
 5.038   10.0046
 5.033   10.0256
 5.028   10.0456
 5.023   10.0539
 5.019   10.0710
 5.014   10.0869
 5.009   10.0920
 5.004   10.1052
 4.999   10.1186
 4.994   10.1255
 4.990   10.1389
 4.985   10.1513
 4.980   10.1594
 4.975   10.1740
 4.970   10.1911
 4.966   10.1972
 4.961   10.2016
 4.956   10.2119
 4.951   10.2217
 4.947   10.2290
 4.942   10.2400
 4.937   10.2556
 4.933   10.2629
 4.928   10.2690
 4.923   10.2759
 4.919   10.2802
 4.914   10.2929
 4.909   10.3025
 4.905   10.3159
 4.900   10.3261
 4.895   10.3393
 4.891   10.3542
 4.886   10.3645
 4.882   10.3799
 4.877   10.4009
 4.872   10.4116
 4.868   10.4204
 4.863   10.4411
 4.859   10.4521
 4.854   10.4641
 4.850   10.4804
 4.845   10.4905
 4.840   10.5029
 4.836   10.5154
 4.831   10.5271
 4.827   10.5398
 4.822   10.5561
 4.818   10.5703
 4.814   10.5747
 4.809   10.5874
 4.805   10.6013
 4.800   10.6084
 4.796   10.6128
 4.791   10.6257
 4.787   10.6404
 4.782   10.6418
 4.778   10.6445
 4.774   10.6592
 4.769   10.6694
 4.765   10.6701
 4.760   10.6755
 4.756   10.6848
 4.752   10.6999
 4.747   10.7063
 4.743   10.7114
 4.739   10.7141
 4.734   10.7224
 4.730   10.7319
 4.726   10.7314
 4.721   10.7329
 4.717   10.7463
 4.713   10.7558
 4.709   10.7519
 4.704   10.7534
 4.700   10.7617
 4.696   10.7632
 4.692   10.7641
 4.687   10.7710
 4.683   10.7724
 4.679   10.7744
 4.675   10.7763
 4.670   10.7824
 4.666   10.7876
 4.662   10.7871
 4.658   10.7846
 4.654   10.7802
 4.649   10.7837
 4.645   10.7920
 4.641   10.7976
 4.637   10.7993
 4.633   10.8015
 4.629   10.8044
 4.625   10.8100
 4.620   10.8139
 4.616   10.8120
 4.612   10.8164
 4.608   10.8208
 4.604   10.8188
 4.600   10.8208
 4.596   10.8239
 4.592   10.8266
 4.588   10.8296
 4.584   10.8330
 4.580   10.8342
 4.576   10.8384
 4.572   10.8337
 4.568   10.8291
 4.564   10.8318
 4.560   10.8318
 4.555   10.8340
 4.551   10.8344
 4.548   10.8376
 4.544   10.8340
 4.540   10.8269
 4.536   10.8340
 4.532   10.8303
 4.528   10.8203
 4.524   10.8244
 4.520   10.8305
 4.516   10.8264
 4.512   10.8257
 4.508   10.8244
 4.504   10.8247
 4.500   10.8217
 4.496   10.8271
 4.492   10.8342
 4.488   10.8332
 4.485   10.8381
 4.481   10.8442
 4.477   10.8425
 4.473   10.8396
 4.469   10.8432
 4.465   10.8479
 4.461   10.8364
 4.458   10.8291
 4.454   10.8318
 4.450   10.8286
 4.446   10.8403
 4.442   10.8467
 4.438   10.8386
 4.435   10.8347
 4.431   10.8386
 4.427   10.8371
 4.423   10.8423
 4.420   10.8462
 4.416   10.8452
 4.412   10.8388
 4.408   10.8335
 4.405   10.8337
 4.401   10.8374
 4.397   10.8408
 4.393   10.8325
 4.390   10.8222
 4.386   10.8225
 4.382   10.8266
 4.379   10.8274
 4.375   10.8164
 4.371   10.8174
 4.367   10.8154
 4.364   10.8098
 4.360   10.8086
 4.356   10.8049
 4.353   10.7981
 4.349   10.7907
 4.345   10.7873
 4.342   10.7881
 4.338   10.7856
 4.335   10.7807
 4.331   10.7754
 4.327   10.7649
 4.324   10.7661
 4.320   10.7651
 4.317   10.7566
 4.313   10.7558
 4.309   10.7544
 4.306   10.7422
 4.302   10.7268
 4.299   10.7209
 4.295   10.7270
 4.292   10.7204
 4.288   10.7121
 4.284   10.7114
 4.281   10.7070
 4.277   10.6987
 4.274   10.7009
 4.270   10.6950
 4.267   10.6838
 4.263   10.6867
 4.260   10.6865
 4.256   10.6860
 4.253   10.6772
 4.249   10.6733
 4.246   10.6657
 4.242   10.6618
 4.239   10.6675
 4.235   10.6643
 4.232   10.6584
 4.229   10.6596
 4.225   10.6672
 4.222   10.6628
 4.218   10.6533
 4.215   10.6577
 4.211   10.6701
 4.208   10.6706
 4.205   10.6670
 4.201   10.6655
 4.198   10.6675
 4.194   10.6731
 4.191   10.6679
 4.188   10.6574
 4.184   10.6491
 4.181   10.6504
 4.177   10.6487
 4.174   10.6413
 4.171   10.6360
 4.167   10.6286
 4.164   10.6223
 4.161   10.6172
 4.157   10.6130
 4.154   10.5940
 4.151   10.5703
 4.147   10.5586
 4.144   10.5451
 4.141   10.5285
 4.137   10.5183
 4.134   10.5053
 4.131   10.4875
 4.128   10.4731
 4.124   10.4597
 4.121   10.4470
 4.118   10.4294
 4.114   10.4153
 4.111   10.4094
 4.108   10.3967
 4.105   10.3818
 4.101   10.3652
 4.098   10.3471
 4.095   10.3376
 4.092   10.3281
 4.088   10.3149
 4.085   10.3037
 4.082   10.2976
 4.079   10.2961
 4.076   10.2859
 4.072   10.2754
 4.069   10.2688
 4.066   10.2663
 4.063   10.2617
 4.060   10.2573
 4.056   10.2514
 4.053   10.2490
 4.050   10.2563
 4.047   10.2568
 4.044   10.2527
 4.041   10.2541
 4.038   10.2580
 4.034   10.2614
 4.031   10.2717
 4.028   10.2805
 4.025   10.2754
 4.022   10.2817
 4.019   10.2947
 4.016   10.2964
 4.013   10.2934
 4.009   10.3015
 4.006   10.3166
 4.003   10.3220
 4.000   10.3244
 3.997   10.3249
 3.994   10.3239
 3.991   10.3281
 3.988   10.3340
 3.985   10.3369
 3.982   10.3410
 3.979   10.3528
 3.976   10.3640
 3.973   10.3703
 3.969   10.3781
 3.966   10.3864
 3.963   10.3969
 3.960   10.4084
 3.957   10.4177
 3.954   10.4292
 3.951   10.4438
 3.948   10.4575
 3.945   10.4709
 3.942   10.4814
 3.939   10.4880
 3.936   10.5019
 3.933   10.5173
 3.930   10.5312
 3.927   10.5464
 3.924   10.5598
 3.921   10.5676
 3.918   10.5771
 3.916   10.5915
 3.913   10.6115
 3.910   10.6235
 3.907   10.6311
 3.904   10.6421
 3.901   10.6540
 3.898   10.6606
 3.895   10.6736
 3.892   10.6882
 3.889   10.6985
 3.886   10.7102
 3.883   10.7148
 3.880   10.7209
 3.877   10.7370
 3.875   10.7456
 3.872   10.7529
 3.869   10.7697
 3.866   10.7759
 3.863   10.7822
 3.860   10.8008
 3.857   10.8142
 3.854   10.8242
 3.852   10.8384
 3.849   10.8493
 3.846   10.8550
 3.843   10.8686
 3.840   10.8852
 3.837   10.9001
 3.834   10.9077
 3.832   10.9267
 3.829   10.9482
 3.826   10.9565
 3.823   10.9680
 3.820   10.9870
 3.817   11.0061
 3.815   11.0224
 3.812   11.0415
 3.809   11.0522
 3.806   11.0759
 3.803   11.0979
 3.801   11.1159
 3.798   11.1382
 3.795   11.1589
 3.792   11.1779
 3.790   11.2019
 3.787   11.2229
 3.784   11.2453
 3.781   11.2673
 3.779   11.2863
 3.776   11.3108
 3.773   11.3337
 3.770   11.3542
 3.768   11.3796
 3.765   11.4011
 3.762   11.4172
 3.759   11.4394
 3.757   11.4699
 3.754   11.4856
 3.751   11.5034
 3.748   11.5263
 3.746   11.5434
 3.743   11.5593
 3.740   11.5757
 3.738   11.5920
 3.735   11.6096
 3.732   11.6228
 3.730   11.6394
 3.727   11.6465
 3.724   11.6467
 3.722   11.6589
 3.719   11.6650
 3.716   11.6670
 3.714   11.6731
 3.711   11.6733
 3.708   11.6728
 3.706   11.6801
 3.703   11.6770
 3.700   11.6711
 3.698   11.6574
 3.695   11.6489
 3.692   11.6513
 3.690   11.6467
 3.687   11.6372
 3.685   11.6233
 3.682   11.6057
 3.679   11.5881
 3.677   11.5727
 3.674   11.5605
 3.671   11.5490
 3.669   11.5317
 3.666   11.5107
 3.664   11.4958
 3.661   11.4792
 3.659   11.4631
 3.656   11.4555
 3.653   11.4431
 3.651   11.4272
 3.648   11.4148
 3.646   11.3996
 3.643   11.3901
 3.641   11.3808
 3.638   11.3598
 3.635   11.3413
 3.633   11.3322
 3.630   11.3247
 3.628   11.3147
 3.625   11.2968
 3.623   11.2834
 3.620   11.2734
 3.618   11.2719
 3.615   11.2590
 3.613   11.2436
 3.610   11.2314
 3.608   11.2258
 3.605   11.2268
 3.603   11.2226
 3.600   11.2141
 3.598   11.1977
 3.595   11.1899
 3.593   11.1880
 3.590   11.1804
 3.588   11.1682
 3.585   11.1596
 3.583   11.1543
 3.580   11.1472
 3.578   11.1440
 3.575   11.1509
 3.573   11.1438
 3.570   11.1308
 3.568   11.1257
 3.565   11.1201
 3.563   11.1091
 3.561   11.1028
 3.558   11.0996
 3.556   11.0832
 3.553   11.0661
 3.551   11.0656
 3.548   11.0605
 3.546   11.0527
 3.544   11.0520
 3.541   11.0432
 3.539   11.0280
 3.536   11.0151
 3.534   11.0114
 3.531   11.0063
 3.529   11.0039
 3.527   10.9895
 3.524   10.9760
 3.522   10.9599
 3.519   10.9416
 3.517   10.9218
 3.515   10.8896
 3.512   10.8493
 3.510   10.8030
 3.508   10.7610
 3.505   10.7339
 3.503   10.7163
 3.500   10.7038
 3.498   10.7168
 3.496   10.7458
 3.493   10.7610
 3.491   10.7812
 3.489   10.8022
 3.486   10.8196
 3.484   10.8269
 3.482   10.8305
 3.479   10.8371
 3.477   10.8457
 3.475   10.8452
 3.472   10.8430
 3.470   10.8496
 3.468   10.8557
 3.465   10.8542
 3.463   10.8520
 3.461   10.8506
 3.458   10.8462
 3.456   10.8423
 3.454   10.8396
 3.452   10.8264
 3.449   10.8186
 3.447   10.8113
 3.445   10.8020
 3.442   10.7883
 3.440   10.7783
 3.438   10.7688
 3.435   10.7500
 3.433   10.7363
 3.431   10.7124
 3.429   10.6694
 3.426   10.6233
 3.424   10.5849
 3.422   10.5576
 3.420   10.5320
 3.417   10.5239
 3.415   10.5300
 3.413   10.5527
 3.411   10.5915
 3.408   10.6301
 3.406   10.6765
 3.404   10.7234
 3.402   10.7592
 3.399   10.8051
 3.397   10.8501
 3.395   10.8745
 3.393   10.8982
 3.391   10.9216
 3.388   10.9350
 3.386   10.9436
 3.384   10.9433
 3.382   10.9546
 3.380   10.9687
 3.377   10.9795
 3.375   10.9990
 3.373   11.0249
 3.371   11.0468
 3.369   11.0725
 3.366   11.1147
 3.364   11.1509
 3.362   11.1736
 3.360   11.1924
 3.358   11.2097
 3.355   11.2336
 3.353   11.2536
 3.351   11.2668
 3.349   11.2827
 3.347   11.2986
 3.345   11.3149
 3.342   11.3357
 3.340   11.3637
 3.338   11.3838
 3.336   11.3977
 3.334   11.4131
 3.332   11.4292
 3.330   11.4394
 3.327   11.4450
 3.325   11.4602
 3.323   11.4756
 3.321   11.4897
 3.319   11.4919
 3.317   11.4966
 3.315   11.5146
 3.313   11.5288
 3.310   11.5312
 3.308   11.5439
 3.306   11.5493
 3.304   11.5498
 3.302   11.5649
 3.300   11.5771
 3.298   11.5827
 3.296   11.5842
 3.294   11.5840
 3.292   11.5915
 3.289   11.6069
 3.287   11.6176
 3.285   11.6179
 3.283   11.6147
 3.281   11.6274
 3.279   11.6411
 3.277   11.6438
 3.275   11.6533
 3.273   11.6611
 3.271   11.6567
 3.269   11.6538
 3.267   11.6667
 3.265   11.6750
 3.263   11.6765
 3.260   11.6738
 3.258   11.6792
 3.256   11.6853
 3.254   11.6919
 3.252   11.6972
 3.250   11.6989
 3.248   11.7029
 3.246   11.7070
 3.244   11.7180
 3.242   11.7214
 3.240   11.7173
 3.238   11.7195
 3.236   11.7146
 3.234   11.7192
 3.232   11.7212
 3.230   11.7282
 3.228   11.7319
 3.226   11.7378
 3.224   11.7397
 3.222   11.7439
 3.220   11.7524
 3.218   11.7485
 3.216   11.7383
 3.214   11.7397
 3.212   11.7458
 3.210   11.7466
 3.208   11.7490
 3.206   11.7487
 3.204   11.7527
 3.202   11.7541
 3.200   11.7495
 3.198   11.7492
 3.196   11.7412
 3.194   11.7412
 3.192   11.7446
 3.190   11.7458
 3.188   11.7436
 3.186   11.7468
 3.184   11.7456
 3.182   11.7422
 3.180   11.7468
 3.179   11.7485
 3.177   11.7402
 3.175   11.7341
 3.173   11.7383
 3.171   11.7441
 3.169   11.7412
 3.167   11.7353
 3.165   11.7424
 3.163   11.7412
 3.161   11.7370
 3.159   11.7348
 3.157   11.7302
 3.155   11.7204
 3.153   11.7160
 3.151   11.7177
 3.150   11.7133
 3.148   11.7165
 3.146   11.7148
 3.144   11.7033
 3.142   11.7004
 3.140   11.7036
 3.138   11.7029
 3.136   11.6997
 3.134   11.6904
 3.132   11.6855
 3.131   11.6801
 3.129   11.6819
 3.127   11.6884
 3.125   11.6833
 3.123   11.6748
 3.121   11.6775
 3.119   11.6794
 3.117   11.6765
 3.115   11.6628
 3.114   11.6523
 3.112   11.6587
 3.110   11.6628
 3.108   11.6501
 3.106   11.6445
 3.104   11.6535
 3.102   11.6572
 3.101   11.6526
 3.099   11.6479
 3.097   11.6533
 3.095   11.6557
 3.093   11.6445
 3.091   11.6423
 3.089   11.6518
 3.088   11.6491
 3.086   11.6501
 3.084   11.6477
 3.082   11.6457
 3.080   11.6406
 3.078   11.6335
 3.077   11.6257
 3.075   11.6225
 3.073   11.6198
 3.071   11.6201
 3.069   11.6237
 3.068   11.6201
 3.066   11.6050
 3.064   11.5915
 3.062   11.5898
 3.060   11.5891
 3.058   11.5796
 3.057   11.5791
 3.055   11.5764
 3.053   11.5639
 3.051   11.5595
 3.050   11.5476
 3.048   11.5327
 3.046   11.5276
 3.044   11.5283
 3.042   11.5249
 3.041   11.5158
 3.039   11.5107
 3.037   11.5014
 3.035   11.4985
 3.033   11.4814
 3.032   11.4680
 3.030   11.4616
 3.028   11.4546
 3.026   11.4475
 3.025   11.4414
 3.023   11.4333
 3.021   11.4238
 3.019   11.4089
 3.018   11.3969
 3.016   11.3916
 3.014   11.3855
 3.012   11.3806
 3.011   11.3733
 3.009   11.3557
 3.007   11.3379
 3.005   11.3310
 3.004   11.3220
 3.002   11.3066
 3.000   11.2934
 2.998   11.2944
 2.997   11.2873
 2.995   11.2724
 2.993   11.2568
 2.991   11.2353
 2.990   11.2282
 2.988   11.2231
 2.986   11.2168
 2.985   11.2165
 2.983   11.2041
 2.981   11.1933
 2.979   11.1775
 2.978   11.1594
 2.976   11.1445
 2.974   11.1406
 2.973   11.1357
 2.971   11.1294
 2.969   11.1218
 2.967   11.1130
 2.966   11.1128
 2.964   11.1081
 2.962   11.0984
 2.961   11.1018
 2.959   11.1062
 2.957   11.1076
 2.956   11.1118
 2.954   11.1091
 2.952   11.1150
 2.951   11.1242
 2.949   11.1301
 2.947   11.1321
 2.946   11.1394
 2.944   11.1384
 2.942   11.1450
 2.941   11.1509
 2.939   11.1538
 2.937   11.1626
 2.936   11.1616
 2.934   11.1660
 2.932   11.1653
 2.931   11.1623
 2.929   11.1655
 2.927   11.1653
 2.926   11.1635
 2.924   11.1687
 2.922   11.1706
 2.921   11.1660
 2.919   11.1613
 2.917   11.1589
 2.916   11.1565
 2.914   11.1579
 2.912   11.1648
 2.911   11.1516
 2.909   11.1394
 2.908   11.1362
 2.906   11.1233
 2.904   11.1074
 2.903   11.0891
 2.901   11.0705
 2.899   11.0478
 2.898   11.0354
 2.896   11.0256
 2.895   11.0002
 2.893   10.9729
 2.891   10.9360
 2.890   10.9043
 2.888   10.8684
 2.887   10.8403
 2.885   10.8164
 2.883   10.7759
 2.882   10.7429
 2.880   10.7024
 2.878   10.6635
 2.877   10.6157
 2.875   10.5686
 2.874   10.5385
 2.872   10.5056
 2.871   10.4577
 2.869   10.4231
 2.867   10.3733
 2.866   10.3174
 2.864   10.2746
 2.863   10.2151
 2.861   10.1477
 2.859   10.0915
 2.858   10.0241
 2.856    9.9465
 2.855    9.8730
 2.853    9.7988
 2.852    9.6980
 2.850    9.5903
 2.848    9.4887
 2.847    9.3889
 2.845    9.2781
 2.844    9.1450
 2.842    9.0154
 2.841    8.8706
 2.839    8.7070
 2.838    8.5371
 2.836    8.3681
 2.834    8.1977
 2.833    8.0234
 2.831    7.8471
 2.830    7.6714
 2.828    7.4983
 2.827    7.3269
 2.825    7.1582
 2.824    6.9831
 2.822    6.7969
 2.821    6.6391
 2.819    6.4831
 2.817    6.3386
 2.816    6.1907
 2.814    6.0249
 2.813    5.8598
 2.811    5.6994
 2.810    5.5454
 2.808    5.4272
 2.807    5.3752
 2.805    5.3965
 2.804    5.4912
 2.802    5.6826
 2.801    5.9509
 2.799    6.2656
 2.798    6.5952
 2.796    6.9228
 2.795    7.2400
 2.793    7.5325
 2.792    7.7886
 2.790    8.0232
 2.789    8.2248
 2.787    8.3801
 2.786    8.5010
 2.784    8.5893
 2.783    8.6140
 2.781    8.5776
 2.780    8.4824
 2.778    8.3215
 2.777    8.1079
 2.775    7.8950
 2.774    7.7378
 2.772    7.7200
 2.771    7.8816
 2.769    8.2068
 2.768    8.5923
 2.766    8.9453
 2.765    9.2170
 2.763    9.4194
 2.762    9.5815
 2.760    9.7077
 2.759    9.8398
 2.758   10.0295
 2.756   10.2497
 2.755   10.4792
 2.753   10.6921
 2.752   10.8576
 2.750   10.9870
 2.749   11.0993
 2.747   11.2021
 2.746   11.2756
 2.744   11.3462
 2.743   11.4123
 2.741   11.4402
 2.740   11.4599
 2.739   11.4985
 2.737   11.5312
 2.736   11.5315
 2.734   11.5344
 2.733   11.5864
 2.731   11.6811
 2.730   11.8091
 2.729   11.9267
 2.727   12.0193
 2.726   12.0776
 2.724   12.1237
 2.723   12.1767
 2.721   12.1748
 2.720   12.1889
 2.718   12.2495
 2.717   12.2705
 2.716   12.2710
 2.714   12.2790
 2.713   12.2551
 2.711   12.2155
 2.710   12.2375
 2.709   12.3200
 2.707   12.4038
 2.706   12.5100
 2.704   12.6338
 2.703   12.7256
 2.701   12.8303
 2.700   13.0114
 2.699   13.1701
 2.697   13.2734
 2.696   13.3510
 2.694   13.4030
 2.693   13.4504
 2.692   13.5195
 2.690   13.5691
 2.689   13.5969
 2.687   13.6262
 2.686   13.6701
 2.685   13.6931
 2.683   13.7141
 2.682   13.7539
 2.681   13.7819
 2.679   13.7902
 2.678   13.8154
 2.676   13.8220
 2.675   13.8557
 2.674   13.8908
 2.672   13.9026
 2.671   13.8798
 2.669   13.8828
 2.668   13.9211
 2.667   13.9101
 2.665   13.9316
 2.664   13.9629
 2.663   14.0007
 2.661   14.0114
 2.660   14.0151
 2.659   14.0388
 2.657   14.0627
 2.656   14.0564
 2.654   14.0710
 2.653   14.0766
 2.652   14.0832
 2.650   14.1035
 2.649   14.1172
 2.648   14.1108
 2.646   14.1223
 2.645   14.1452
 2.644   14.1670
 2.642   14.1535
 2.641   14.1550
 2.640   14.1611
 2.638   14.1762
 2.637   14.1987
 2.636   14.2192
 2.634   14.2141
 2.633   14.2107
 2.632   14.2094
 2.630   14.2111
 2.629   14.2248
 2.628   14.2285
 2.626   14.2229
 2.625   14.2592
 2.624   14.2705
 2.622   14.2861
 2.621   14.2631
 2.620   14.2497
 2.618   14.2797
 2.617   14.2714
 2.616   14.2788
 2.614   14.3066
 2.613   14.3291
 2.612   14.3344
 2.610   14.3178
 2.609   14.3210
 2.608   14.3440
 2.606   14.3383
 2.605   14.3093
 2.604   14.3259
 2.602   14.3435
 2.601   14.3527
 2.600   14.3794
 2.599   14.3842
 2.597   14.3674
 2.596   14.3457
 2.595   14.3288
 2.593   14.3703
 2.592   14.4089
 2.591   14.4204
 2.589   14.4223
 2.588   14.4145
 2.587   14.4128
 2.586   14.4167
 2.584   14.4118
 2.583   14.4082
 2.582   14.4248
 2.580   14.4380
 2.579   14.4472
 2.578   14.4414
 2.577   14.4380
 2.575   14.4577
 2.574   14.4516
 2.573   14.4484
 2.572   14.4614
 2.570   14.4670
 2.569   14.4604
 2.568   14.4563
 2.566   14.4614
 2.565   14.4626
 2.564   14.4484
 2.563   14.4472
 2.561   14.4604
 2.560   14.4836
 2.559   14.4892
 2.558   14.4807
 2.556   14.4734
 2.555   14.4682
 2.554   14.4770
 2.553   14.4712
 2.551   14.4773
 2.550   14.4860
 2.549   14.4738
 2.547   14.4633
 2.546   14.4746
 2.545   14.4919
 2.544   14.4817
 2.542   14.4575
 2.541   14.4638
 2.540   14.4946
 2.539   14.4953
 2.538   14.4887
 2.536   14.4907
 2.535   14.4968
 2.534   14.5107
 2.533   14.5190
 2.531   14.5175
 2.530   14.5022
 2.529   14.5153
 2.528   14.5322
 2.526   14.5537
 2.525   14.5598
 2.524   14.5400
 2.523   14.5434
 2.521   14.5622
 2.520   14.5595
 2.519   14.5693
 2.518   14.5910
 2.517   14.5925
 2.515   14.5815
 2.514   14.5893
 2.513   14.6047
 2.512   14.6013
 2.510   14.6289
 2.509   14.6587
 2.508   14.6552
 2.507   14.6438
 2.506   14.6464
 2.504   14.6723
 2.503   14.6731
 2.502   14.6589
 2.501   14.6574
 2.500   14.6670
 2.498   14.6486
 2.497   14.6706
 2.496   14.6975
 2.495   14.7041
 2.494   14.7133
 2.492   14.7338
 2.491   14.7380
 2.490   14.7209
 2.489   14.7236
 2.488   14.7465
 2.486   14.7553
 2.485   14.7920
 2.484   14.8039
 2.483   14.7961
 2.482   14.7959
 2.480   14.8130
 2.479   14.8195
 2.478   14.8156
 2.477   14.8132
 2.476   14.8298
 2.475   14.8254
 2.473   14.8120
 2.472   14.8234
 2.471   14.8469
 2.470   14.8527
 2.469   14.8410
 2.467   14.8281
 2.466   14.8379
 2.465   14.8410
 2.464   14.8557
 2.463   14.8603
 2.462   14.8596
 2.460   14.8737
 2.459   14.8703
 2.458   14.8925
 2.457   14.9135
 2.456   14.8901
 2.455   14.8835
 2.453   14.9047
 2.452   14.9106
 2.451   14.8991
 2.450   14.8928
 2.449   14.8945
 2.448   14.8928
 2.447   14.9018
 2.445   14.9011
 2.444   14.8935
 2.443   14.8798
 2.442   14.8903
 2.441   14.9104
 2.440   14.9060
 2.438   14.8886
 2.437   14.8845
 2.436   14.9038
 2.435   14.9174
 2.434   14.9211
 2.433   14.8923
 2.432   14.8798
 2.430   14.8618
 2.429   14.8706
 2.428   14.8603
 2.427   14.8635
 2.426   14.8679
 2.425   14.8740
 2.424   14.8911
 2.423   14.8784
 2.421   14.8750
 2.420   14.8784
 2.419   14.8994
 2.418   14.9106
 2.417   14.9025
 2.416   14.9126
 2.415   14.9101
 2.413   14.9065
 2.412   14.9138
 2.411   14.9091
 2.410   14.9072
 2.409   14.9016
 2.408   14.9128
 2.407   14.8977
 2.406   14.9091
 2.405   14.9416
 2.403   14.9372
 2.402   14.9348
 2.401   14.9340
 2.400   14.9279
 2.399   14.9472
 2.398   14.9480
 2.397   14.9470
 2.396   14.9604
 2.395   14.9953
 2.393   15.0058
 2.392   15.0283
 2.391   15.0273
 2.390   15.0102
 2.389   15.0268
 2.388   15.0420
 2.387   15.0615
 2.386   15.0857
 2.385   15.0830
 2.384   15.0820
 2.382   15.1201
 2.381   15.1389
 2.380   15.1406
 2.379   15.1455
 2.378   15.1545
 2.377   15.1540
 2.376   15.1677
 2.375   15.1794
 2.374   15.1860
 2.373   15.2109
 2.372   15.1997
 2.370   15.1987
 2.369   15.2260
 2.368   15.2365
 2.367   15.2548
 2.366   15.2487
 2.365   15.2478
 2.364   15.2617
 2.363   15.2685
 2.362   15.2685
 2.361   15.2624
 2.360   15.2683
 2.359   15.2631
 2.358   15.2800
 2.356   15.3034
 2.355   15.3095
 2.354   15.3129
 2.353   15.3095
 2.352   15.3203
 2.351   15.3352
 2.350   15.3322
 2.349   15.3325
 2.348   15.3195
 2.347   15.3210
 2.346   15.3437
 2.345   15.3457
 2.344   15.3305
 2.343   15.3208
 2.342   15.3242
 2.340   15.3217
 2.339   15.3212
 2.338   15.3266
 2.337   15.3325
 2.336   15.3427
 2.335   15.3540
 2.334   15.3554
 2.333   15.3408
 2.332   15.3320
 2.331   15.3532
 2.330   15.3625
 2.329   15.3584
 2.328   15.3508
 2.327   15.3276
 2.326   15.3471
 2.325   15.3596
 2.324   15.3518
 2.323   15.3603
 2.322   15.3696
 2.321   15.3994
 2.320   15.3867
 2.318   15.3972
 2.317   15.4040
 2.316   15.3916
 2.315   15.3823
 2.314   15.3991
 2.313   15.4013
 2.312   15.4223
 2.311   15.3989
 2.310   15.3906
 2.309   15.3962
 2.308   15.3916
 2.307   15.3855
 2.306   15.3933
 2.305   15.3984
 2.304   15.4096
 2.303   15.3979
 2.302   15.3984
 2.301   15.4084
 2.300   15.4155
 2.299   15.4038
 2.298   15.3984
 2.297   15.4160
 2.296   15.4243
 2.295   15.4096
 2.294   15.4116
 2.293   15.4072
 2.292   15.4306
 2.291   15.4550
 2.290   15.4575
 2.289   15.4470
 2.288   15.4162
 2.287   15.4126
 2.286   15.4331
 2.285   15.4301
 2.284   15.4321
 2.283   15.4502
 2.282   15.4436
 2.281   15.4262
 2.280   15.4487
 2.279   15.4633
 2.278   15.4394
 2.277   15.4519
 2.276   15.4707
 2.275   15.4536
 2.274   15.4506
 2.273   15.4580
 2.272   15.4404
 2.271   15.4394
 2.270   15.4492
 2.269   15.4580
 2.268   15.4824
 2.267   15.4843
 2.266   15.4775
 2.265   15.4843
 2.264   15.5078
 2.263   15.5000
 2.262   15.4897
 2.261   15.4902
 2.260   15.5009
 2.259   15.5178
 2.258   15.5063
 2.257   15.5222
 2.256   15.5239
 2.255   15.5227
 2.254   15.5117
 2.253   15.5366
 2.252   15.5522
 2.251   15.5405
 2.250   15.5368
 2.249   15.5522
 2.248   15.6045
 2.247   15.6035
 2.246   15.6054
 2.245   15.6108
 2.244   15.5761
 2.243   15.5942
 2.242   15.5847
 2.241   15.5810
 2.240   15.5874
 2.239   15.5778
 2.238   15.6113
 2.237   15.6254
 2.236   15.6186
 2.236   15.6289
 2.235   15.6394
 2.234   15.6328
 2.233   15.6357
 2.232   15.6357
 2.231   15.6279
 2.230   15.6318
 2.229   15.6450
 2.228   15.6274
 2.227   15.6225
 2.226   15.6372
 2.225   15.6621
 2.224   15.6113
 2.223   15.6157
 2.222   15.6357
 2.221   15.6167
 2.220   15.6357
 2.219   15.7006
 2.218   15.7075
 2.217   15.7002
 2.216   15.7260
 2.215   15.7172
 2.215   15.7197
 2.214   15.7138
 2.213   15.7099
 2.212   15.7153
 2.211   15.7451
 2.210   15.7426
 2.209   15.7334
 2.208   15.7246
 2.207   15.7631
 2.206   15.7710
 2.205   15.7724
 2.204   15.7714
 2.203   15.7920
 2.202   15.7856
 2.201   15.7768
 2.200   15.7993
 2.199   15.7900
 2.199   15.7910
 2.198   15.7868
 2.197   15.8051
 2.196   15.8007
 2.195   15.8164
 2.194   15.8203
 2.193   15.8300
 2.192   15.8354
 2.191   15.8110
 2.190   15.8056
 2.189   15.8095
 2.188   15.8051
 2.187   15.8203
 2.186   15.8264
 2.186   15.8198
 2.185   15.8603
 2.184   15.8852
 2.183   15.9011
 2.182   15.8735
 2.181   15.8579
 2.180   15.8730
 2.179   15.8684
 2.178   15.8877
 2.177   15.8935
 2.176   15.8950
 2.175   15.8999
 2.175   15.8911
 2.174   15.8862
 2.173   15.9150
 2.172   15.9277
 2.171   15.9272
 2.170   15.9262
 2.169   15.9438
 2.168   15.9506
 2.167   15.9536
 2.166   15.9419
 2.165   15.9233
 2.165   15.9355
 2.164   15.9277
 2.163   15.9419
 2.162   15.9570
 2.161   15.9477
 2.160   15.9482
 2.159   15.9555
 2.158   15.9423
 2.157   15.8984
 2.156   15.8974
 2.156   15.9287
 2.155   15.9111
 2.154   15.9272
 2.153   15.9419
 2.152   15.9240
 2.151   15.9028
 2.150   15.9399
 2.149   15.9543
 2.148   15.9631
 2.148   15.9475
 2.147   15.9489
 2.146   15.9477
 2.145   15.9448
 2.144   15.9575
 2.143   15.9785
 2.142   15.9777
 2.141   15.9284
 2.140   15.9550
 2.140   15.9641
 2.139   15.9597
 2.138   15.9650
 2.137   15.9868
 2.136   15.9863
 2.135   15.9572
 2.134   15.9611
 2.133   15.9819
 2.133   15.9836
 2.132   15.9936
 2.131   15.9856
 2.130   15.9860
 2.129   16.0073
 2.128   16.0217
 2.127   16.0195
 2.126   16.0087
 2.126   15.9948
 2.125   15.9931
 2.124   15.9733
 2.123   15.9755
 2.122   15.9934
 2.121   15.9777
 2.120   15.9609
 2.119   16.0007
 2.119   16.0192
 2.118   16.0066
 2.117   16.0056
 2.116   16.0019
 2.115   16.0097
 2.114   16.0234
 2.113   16.0219
 2.113   15.9926
 2.112   16.0395
 2.111   16.0332
 2.110   16.0205
 2.109   16.0168
 2.108   16.0290
 2.107   16.0271
 2.107   16.0112
 2.106   16.0398
 2.105   16.0730
 2.104   16.0712
 2.103   16.0517
 2.102   16.0446
 2.101   16.0454
 2.101   16.0532
 2.100   16.0612
 2.099   16.0859
 2.098   16.0820
 2.097   16.1003
 2.096   16.0988
 2.095   16.0800
 2.095   16.0776
 2.094   16.0813
 2.093   16.0852
 2.092   16.0881
 2.091   16.0815
 2.090   16.1377
 2.090   16.1511
 2.089   16.1333
 2.088   16.1186
 2.087   16.0918
 2.086   16.0852
 2.085   16.1328
 2.085   16.1066
 2.084   16.1037
 2.083   16.0849
 2.082   16.0886
 2.081   16.1018
 2.080   16.0971
 2.079   16.1220
