Name:  Black Shale 
Type:  Rocks
Class:  Sedimentary
Subclass:  Shale 
Particle Size:  500 - 1500 Micrometers
File Name:  shale.4
Owner:  JHU
Wavelength Range:  All
Origin:  Sample No. 385,  The Hunt and Salisbury Collection at the U.S. 
Geological Survey, Denver, Co.
Description: This is very similar to shale.6, but with more clay in the 
matrix and fewer forams (mostly uniserial, some biserial and 
plani/trocho spiral types). There is possibly more quartz than 
carbonate in the groundmass, while again both opaques and 
carbonaceous material are present here.

Measurement:  Directional (10 Degree) Hemispherical Reflectance
First Column:  X
Second Column:  Y  
X Units:  Wavelength (micrometers)
Y Units:  Reflectance (percent)
First X Value: 14.0112
Last X Value:  0.4
Number of X Values: 2844
Additional Information:  None
14.011    1.9806
13.973    1.9822
13.936    2.0007
13.899    2.0344
13.861    2.0751
13.824    2.1119
13.788    2.1378
13.751    2.1514
13.715    2.1572
13.679    2.1622
13.643    2.1731
13.607    2.1927
13.571    2.2203
13.536    2.2516
13.500    2.2815
13.465    2.3062
13.430    2.3242
13.396    2.3366
13.361    2.3449
13.327    2.3521
13.293    2.3600
13.259    2.3705
13.225    2.3854
13.191    2.4062
13.158    2.4342
13.124    2.4696
13.091    2.5096
13.058    2.5488
13.025    2.5823
12.993    2.6036
12.960    2.6084
12.928    2.5952
12.896    2.5649
12.864    2.5212
12.832    2.4713
12.800    2.4230
12.769    2.3849
12.738    2.3634
12.706    2.3589
12.675    2.3658
12.644    2.3732
12.614    2.3682
12.583    2.3404
12.552    2.2852
12.522    2.2060
12.492    2.1127
12.462    2.0191
12.432    1.9387
12.402    1.8808
12.373    1.8499
12.343    1.8445
12.314    1.8597
12.285    1.8894
12.256    1.9275
12.227    1.9686
12.198    2.0105
12.169    2.0497
12.141    2.0842
12.113    2.1122
12.084    2.1346
12.056    2.1542
12.028    2.1746
12.000    2.2000
11.973    2.2322
11.945    2.2711
11.918    2.3134
11.890    2.3555
11.863    2.3945
11.836    2.4304
11.809    2.4646
11.782    2.4995
11.756    2.5378
11.729    2.5813
11.702    2.6333
11.676    2.6943
11.650    2.7649
11.624    2.8421
11.598    2.9175
11.572    2.9785
11.546    3.0104
11.520    3.0024
11.495    2.9534
11.469    2.8728
11.444    2.7805
11.419    2.7012
11.394    2.6577
11.369    2.6620
11.344    2.7136
11.319    2.7991
11.294    2.8972
11.270    2.9865
11.246    3.0502
11.221    3.0821
11.197    3.0843
11.173    3.0656
11.149    3.0371
11.125    3.0074
11.101    2.9812
11.077    2.9586
11.054    2.9390
11.030    2.9199
11.007    2.9005
10.983    2.8819
10.960    2.8648
10.937    2.8510
10.914    2.8397
10.891    2.8311
10.868    2.8253
10.845    2.8230
10.823    2.8245
10.800    2.8301
10.778    2.8396
10.756    2.8500
10.733    2.8592
10.711    2.8653
10.689    2.8699
10.667    2.8744
10.645    2.8831
10.623    2.8982
10.602    2.9206
10.580    2.9493
10.558    2.9823
10.537    3.0175
10.515    3.0532
10.494    3.0884
10.473    3.1228
10.452    3.1563
10.431    3.1878
10.410    3.2166
10.389    3.2421
10.368    3.2647
10.348    3.2843
10.327    3.3017
10.307    3.3175
10.286    3.3321
10.266    3.3453
10.245    3.3575
10.225    3.3689
10.205    3.3805
10.185    3.3910
10.165    3.4013
10.145    3.4113
10.125    3.4219
10.106    3.4326
10.086    3.4443
10.066    3.4568
10.047    3.4695
10.027    3.4812
10.008    3.4922
 9.989    3.5044
 9.970    3.5190
 9.950    3.5374
 9.931    3.5595
 9.912    3.5845
 9.893    3.6113
 9.875    3.6379
 9.856    3.6644
 9.837    3.6920
 9.819    3.7207
 9.800    3.7504
 9.781    3.7809
 9.763    3.8131
 9.745    3.8461
 9.726    3.8815
 9.708    3.9193
 9.690    3.9597
 9.672    4.0004
 9.654    4.0387
 9.636    4.0729
 9.618    4.1031
 9.600    4.1293
 9.582    4.1530
 9.565    4.1743
 9.547    4.1922
 9.530    4.2047
 9.512    4.2107
 9.495    4.2121
 9.477    4.2145
 9.460    4.2260
 9.443    4.2552
 9.426    4.3086
 9.409    4.3878
 9.392    4.4885
 9.375    4.6016
 9.358    4.7160
 9.341    4.8203
 9.324    4.9048
 9.307    4.9636
 9.291    4.9961
 9.274    5.0051
 9.257    4.9953
 9.241    4.9732
 9.225    4.9460
 9.208    4.9184
 9.192    4.8940
 9.175    4.8734
 9.159    4.8560
 9.143    4.8409
 9.127    4.8256
 9.111    4.8089
 9.095    4.7904
 9.079    4.7705
 9.063    4.7500
 9.047    4.7292
 9.032    4.7093
 9.016    4.6899
 9.000    4.6715
 8.985    4.6535
 8.969    4.6366
 8.954    4.6210
 8.938    4.6074
 8.923    4.5959
 8.908    4.5866
 8.892    4.5796
 8.877    4.5748
 8.862    4.5729
 8.847    4.5734
 8.832    4.5758
 8.817    4.5790
 8.802    4.5808
 8.787    4.5808
 8.772    4.5790
 8.757    4.5746
 8.742    4.5647
 8.727    4.5447
 8.713    4.5069
 8.698    4.4435
 8.684    4.3531
 8.669    4.2432
 8.655    4.1315
 8.640    4.0408
 8.626    3.9934
 8.612    4.0018
 8.597    4.0645
 8.583    4.1669
 8.569    4.2865
 8.555    4.4021
 8.541    4.4980
 8.527    4.5687
 8.513    4.6165
 8.499    4.6485
 8.485    4.6724
 8.471    4.6942
 8.457    4.7181
 8.443    4.7466
 8.430    4.7815
 8.416    4.8235
 8.402    4.8731
 8.389    4.9320
 8.375    4.9998
 8.361    5.0773
 8.348    5.1658
 8.335    5.2655
 8.321    5.3773
 8.308    5.5005
 8.295    5.6357
 8.281    5.7819
 8.268    5.9386
 8.255    6.1039
 8.242    6.2743
 8.229    6.4439
 8.216    6.6054
 8.203    6.7513
 8.190    6.8738
 8.177    6.9672
 8.164    7.0282
 8.151    7.0564
 8.138    7.0562
 8.126    7.0328
 8.113    6.9942
 8.100    6.9485
 8.088    6.9025
 8.075    6.8617
 8.062    6.8296
 8.050    6.8092
 8.037    6.8014
 8.025    6.8054
 8.013    6.8182
 8.000    6.8339
 7.988    6.8459
 7.976    6.8469
 7.963    6.8328
 7.951    6.8028
 7.939    6.7604
 7.927    6.7116
 7.915    6.6635
 7.903    6.6220
 7.891    6.5894
 7.879    6.5654
 7.867    6.5488
 7.855    6.5367
 7.843    6.5289
 7.831    6.5262
 7.819    6.5317
 7.808    6.5491
 7.796    6.5803
 7.784    6.6238
 7.772    6.6760
 7.761    6.7301
 7.749    6.7798
 7.737    6.8205
 7.726    6.8492
 7.715    6.8662
 7.703    6.8731
 7.692    6.8710
 7.680    6.8607
 7.669    6.8423
 7.657    6.8162
 7.646    6.7841
 7.635    6.7495
 7.624    6.7169
 7.613    6.6909
 7.601    6.6753
 7.590    6.6724
 7.579    6.6817
 7.568    6.7004
 7.557    6.7246
 7.546    6.7501
 7.535    6.7734
 7.524    6.7908
 7.513    6.8004
 7.502    6.8028
 7.492    6.7980
 7.481    6.7885
 7.470    6.7757
 7.459    6.7621
 7.449    6.7475
 7.438    6.7322
 7.427    6.7157
 7.417    6.6968
 7.406    6.6726
 7.395    6.6404
 7.385    6.5963
 7.374    6.5367
 7.364    6.4590
 7.353    6.3624
 7.343    6.2480
 7.333    6.1180
 7.322    5.9769
 7.312    5.8297
 7.302    5.6833
 7.291    5.5431
 7.281    5.4144
 7.271    5.2991
 7.261    5.1955
 7.251    5.0976
 7.240    4.9978
 7.230    4.8887
 7.220    4.7655
 7.210    4.6273
 7.200    4.4782
 7.190    4.3265
 7.180    4.1839
 7.170    4.0628
 7.160    3.9748
 7.151    3.9274
 7.141    3.9215
 7.131    3.9494
 7.121    3.9972
 7.111    4.0475
 7.102    4.0839
 7.092    4.0941
 7.082    4.0739
 7.072    4.0262
 7.063    3.9587
 7.053    3.8820
 7.044    3.8051
 7.034    3.7348
 7.025    3.6728
 7.015    3.6176
 7.006    3.5656
 6.996    3.5142
 6.987    3.4620
 6.977    3.4099
 6.968    3.3603
 6.959    3.3166
 6.949    3.2800
 6.940    3.2511
 6.931    3.2283
 6.921    3.2091
 6.912    3.1915
 6.903    3.1727
 6.894    3.1531
 6.885    3.1337
 6.875    3.1175
 6.866    3.1065
 6.857    3.1034
 6.848    3.1075
 6.839    3.1153
 6.830    3.1239
 6.821    3.1307
 6.812    3.1347
 6.803    3.1385
 6.794    3.1455
 6.785    3.1589
 6.777    3.1792
 6.768    3.2053
 6.759    3.2360
 6.750    3.2685
 6.741    3.3017
 6.733    3.3352
 6.724    3.3702
 6.715    3.4080
 6.707    3.4494
 6.698    3.4961
 6.689    3.5487
 6.681    3.6051
 6.672    3.6630
 6.663    3.7202
 6.655    3.7774
 6.646    3.8355
 6.638    3.8968
 6.629    3.9628
 6.621    4.0322
 6.612    4.1009
 6.604    4.1633
 6.596    4.2174
 6.587    4.2643
 6.579    4.3083
 6.571    4.3547
 6.562    4.4080
 6.554    4.4671
 6.546    4.5265
 6.537    4.5782
 6.529    4.6165
 6.521    4.6404
 6.513    4.6565
 6.505    4.6772
 6.496    4.7179
 6.488    4.7895
 6.480    4.8940
 6.472    5.0222
 6.464    5.1558
 6.456    5.2710
 6.448    5.3488
 6.440    5.3802
 6.432    5.3679
 6.424    5.3249
 6.416    5.2658
 6.408    5.2026
 6.400    5.1385
 6.392    5.0677
 6.384    4.9807
 6.377    4.8691
 6.369    4.7309
 6.361    4.5703
 6.353    4.3966
 6.345    4.2200
 6.338    4.0495
 6.330    3.8893
 6.322    3.7427
 6.314    3.6104
 6.307    3.4936
 6.299    3.3925
 6.291    3.3055
 6.284    3.2295
 6.276    3.1601
 6.269    3.0919
 6.261    3.0220
 6.253    2.9496
 6.246    2.8764
 6.239    2.8055
 6.231    2.7390
 6.223    2.6771
 6.216    2.6187
 6.209    2.5624
 6.201    2.5086
 6.194    2.4591
 6.186    2.4177
 6.179    2.3881
 6.172    2.3701
 6.164    2.3620
 6.157    2.3586
 6.150    2.3545
 6.142    2.3466
 6.135    2.3345
 6.128    2.3203
 6.121    2.3081
 6.113    2.3011
 6.106    2.3000
 6.099    2.3028
 6.092    2.3053
 6.085    2.3038
 6.078    2.2971
 6.070    2.2863
 6.063    2.2749
 6.056    2.2686
 6.049    2.2717
 6.042    2.2857
 6.035    2.3076
 6.028    2.3333
 6.021    2.3564
 6.014    2.3732
 6.007    2.3818
 6.000    2.3838
 5.993    2.3828
 5.986    2.3813
 5.979    2.3806
 5.973    2.3806
 5.966    2.3806
 5.959    2.3803
 5.952    2.3818
 5.945    2.3866
 5.938    2.3974
 5.931    2.4138
 5.925    2.4334
 5.918    2.4528
 5.911    2.4686
 5.904    2.4809
 5.898    2.4912
 5.891    2.5038
 5.884    2.5232
 5.878    2.5509
 5.871    2.5851
 5.864    2.6213
 5.858    2.6536
 5.851    2.6776
 5.845    2.6917
 5.838    2.6986
 5.831    2.7036
 5.825    2.7118
 5.818    2.7256
 5.812    2.7440
 5.805    2.7627
 5.799    2.7759
 5.792    2.7795
 5.786    2.7735
 5.779    2.7617
 5.773    2.7496
 5.767    2.7421
 5.760    2.7423
 5.754    2.7500
 5.747    2.7627
 5.741    2.7770
 5.735    2.7906
 5.728    2.8022
 5.722    2.8117
 5.716    2.8203
 5.709    2.8288
 5.703    2.8374
 5.697    2.8459
 5.691    2.8545
 5.684    2.8622
 5.678    2.8673
 5.672    2.8685
 5.666    2.8646
 5.660    2.8553
 5.653    2.8404
 5.647    2.8218
 5.641    2.8012
 5.635    2.7790
 5.629    2.7531
 5.623    2.7211
 5.617    2.6778
 5.611    2.6177
 5.604    2.5375
 5.598    2.4387
 5.592    2.3277
 5.586    2.2168
 5.580    2.1217
 5.574    2.0586
 5.568    2.0397
 5.562    2.0689
 5.556    2.1411
 5.551    2.2445
 5.545    2.3620
 5.539    2.4772
 5.533    2.5783
 5.527    2.6588
 5.521    2.7196
 5.515    2.7654
 5.509    2.8019
 5.503    2.8354
 5.497    2.8694
 5.492    2.9050
 5.486    2.9422
 5.480    2.9805
 5.474    3.0190
 5.468    3.0567
 5.463    3.0934
 5.457    3.1269
 5.451    3.1551
 5.446    3.1757
 5.440    3.1874
 5.434    3.1903
 5.428    3.1860
 5.423    3.1774
 5.417    3.1659
 5.411    3.1527
 5.406    3.1367
 5.400    3.1158
 5.394    3.0888
 5.389    3.0562
 5.383    3.0199
 5.378    2.9828
 5.372    2.9488
 5.367    2.9204
 5.361    2.8998
 5.356    2.8879
 5.350    2.8849
 5.345    2.8905
 5.339    2.9025
 5.333    2.9187
 5.328    2.9362
 5.322    2.9526
 5.317    2.9668
 5.312    2.9792
 5.306    2.9916
 5.301    3.0065
 5.295    3.0255
 5.290    3.0501
 5.285    3.0795
 5.279    3.1130
 5.274    3.1496
 5.268    3.1883
 5.263    3.2290
 5.258    3.2711
 5.252    3.3151
 5.247    3.3603
 5.242    3.4063
 5.237    3.4513
 5.231    3.4941
 5.226    3.5336
 5.221    3.5695
 5.215    3.6015
 5.210    3.6300
 5.205    3.6556
 5.200    3.6774
 5.194    3.6949
 5.189    3.7080
 5.184    3.7167
 5.179    3.7216
 5.174    3.7248
 5.169    3.7271
 5.164    3.7300
 5.158    3.7334
 5.153    3.7362
 5.148    3.7391
 5.143    3.7415
 5.138    3.7434
 5.133    3.7449
 5.128    3.7459
 5.123    3.7459
 5.118    3.7446
 5.113    3.7427
 5.107    3.7411
 5.103    3.7408
 5.098    3.7419
 5.093    3.7446
 5.088    3.7467
 5.082    3.7475
 5.077    3.7470
 5.073    3.7456
 5.068    3.7444
 5.063    3.7449
 5.058    3.7480
 5.053    3.7525
 5.048    3.7568
 5.043    3.7600
 5.038    3.7608
 5.033    3.7602
 5.028    3.7592
 5.023    3.7602
 5.019    3.7643
 5.014    3.7716
 5.009    3.7814
 5.004    3.7930
 4.999    3.8061
 4.994    3.8214
 4.990    3.8405
 4.985    3.8644
 4.980    3.8930
 4.975    3.9248
 4.970    3.9583
 4.966    3.9910
 4.961    4.0216
 4.956    4.0495
 4.951    4.0741
 4.947    4.0958
 4.942    4.1147
 4.937    4.1313
 4.933    4.1468
 4.928    4.1630
 4.923    4.1820
 4.919    4.2054
 4.914    4.2337
 4.909    4.2664
 4.905    4.3021
 4.900    4.3387
 4.895    4.3743
 4.891    4.4074
 4.886    4.4368
 4.882    4.4624
 4.877    4.4847
 4.872    4.5040
 4.868    4.5212
 4.863    4.5370
 4.859    4.5521
 4.854    4.5667
 4.849    4.5801
 4.845    4.5923
 4.840    4.6026
 4.836    4.6110
 4.832    4.6177
 4.827    4.6241
 4.822    4.6311
 4.818    4.6389
 4.814    4.6478
 4.809    4.6572
 4.805    4.6655
 4.800    4.6729
 4.796    4.6794
 4.791    4.6864
 4.787    4.6940
 4.782    4.7026
 4.778    4.7114
 4.774    4.7189
 4.769    4.7234
 4.765    4.7254
 4.761    4.7259
 4.756    4.7265
 4.752    4.7292
 4.747    4.7340
 4.743    4.7397
 4.739    4.7445
 4.734    4.7459
 4.730    4.7425
 4.726    4.7342
 4.721    4.7211
 4.717    4.7045
 4.713    4.6859
 4.709    4.6658
 4.704    4.6454
 4.700    4.6253
 4.696    4.6062
 4.691    4.5896
 4.687    4.5763
 4.683    4.5667
 4.679    4.5617
 4.675    4.5609
 4.670    4.5645
 4.666    4.5727
 4.662    4.5853
 4.658    4.6029
 4.654    4.6248
 4.649    4.6500
 4.645    4.6766
 4.641    4.7028
 4.637    4.7280
 4.633    4.7519
 4.629    4.7744
 4.625    4.7961
 4.620    4.8177
 4.616    4.8383
 4.612    4.8567
 4.608    4.8730
 4.604    4.8869
 4.600    4.8975
 4.596    4.9062
 4.592    4.9131
 4.588    4.9206
 4.584    4.9292
 4.580    4.9390
 4.576    4.9500
 4.572    4.9608
 4.567    4.9691
 4.564    4.9739
 4.559    4.9756
 4.556    4.9759
 4.551    4.9763
 4.548    4.9782
 4.543    4.9820
 4.540    4.9873
 4.536    4.9931
 4.532    4.9986
 4.528    5.0038
 4.524    5.0084
 4.520    5.0124
 4.516    5.0151
 4.512    5.0160
 4.508    5.0153
 4.504    5.0137
 4.500    5.0122
 4.496    5.0129
 4.492    5.0158
 4.488    5.0213
 4.485    5.0287
 4.481    5.0368
 4.477    5.0447
 4.473    5.0524
 4.469    5.0607
 4.465    5.0701
 4.461    5.0811
 4.458    5.0934
 4.454    5.1065
 4.450    5.1184
 4.446    5.1282
 4.442    5.1357
 4.439    5.1417
 4.435    5.1474
 4.431    5.1541
 4.427    5.1634
 4.423    5.1749
 4.420    5.1871
 4.416    5.1991
 4.412    5.2096
 4.408    5.2184
 4.404    5.2263
 4.401    5.2343
 4.397    5.2428
 4.393    5.2522
 4.390    5.2617
 4.386    5.2710
 4.382    5.2797
 4.378    5.2869
 4.375    5.2924
 4.371    5.2964
 4.367    5.2993
 4.364    5.3012
 4.360    5.3034
 4.356    5.3062
 4.353    5.3098
 4.349    5.3139
 4.346    5.3173
 4.342    5.3196
 4.338    5.3216
 4.335    5.3233
 4.331    5.3256
 4.327    5.3294
 4.324    5.3349
 4.320    5.3417
 4.316    5.3485
 4.313    5.3550
 4.309    5.3603
 4.306    5.3634
 4.302    5.3649
 4.299    5.3651
 4.295    5.3651
 4.292    5.3653
 4.288    5.3668
 4.284    5.3691
 4.281    5.3726
 4.277    5.3764
 4.274    5.3802
 4.270    5.3850
 4.267    5.3905
 4.263    5.3972
 4.260    5.4041
 4.256    5.4113
 4.253    5.4182
 4.249    5.4242
 4.246    5.4297
 4.242    5.4350
 4.239    5.4403
 4.235    5.4455
 4.232    5.4510
 4.229    5.4565
 4.225    5.4620
 4.222    5.4670
 4.218    5.4713
 4.215    5.4750
 4.211    5.4778
 4.208    5.4795
 4.205    5.4797
 4.201    5.4785
 4.198    5.4771
 4.194    5.4758
 4.191    5.4763
 4.188    5.4793
 4.184    5.4845
 4.181    5.4907
 4.177    5.4962
 4.174    5.4996
 4.171    5.5001
 4.167    5.4979
 4.164    5.4948
 4.161    5.4921
 4.157    5.4914
 4.154    5.4931
 4.151    5.4967
 4.147    5.5007
 4.144    5.5041
 4.141    5.5053
 4.137    5.5039
 4.134    5.5001
 4.131    5.4946
 4.128    5.4893
 4.124    5.4850
 4.121    5.4818
 4.118    5.4802
 4.114    5.4783
 4.111    5.4757
 4.108    5.4713
 4.105    5.4656
 4.101    5.4594
 4.098    5.4524
 4.095    5.4453
 4.092    5.4371
 4.088    5.4275
 4.085    5.4166
 4.082    5.4046
 4.079    5.3926
 4.076    5.3804
 4.072    5.3682
 4.069    5.3546
 4.066    5.3381
 4.063    5.3173
 4.060    5.2912
 4.056    5.2594
 4.053    5.2213
 4.050    5.1759
 4.047    5.1228
 4.044    5.0615
 4.041    4.9935
 4.037    4.9211
 4.034    4.8474
 4.031    4.7760
 4.028    4.7088
 4.025    4.6449
 4.022    4.5815
 4.019    4.5136
 4.016    4.4370
 4.013    4.3483
 4.009    4.2475
 4.006    4.1375
 4.003    4.0234
 4.000    3.9114
 3.997    3.8075
 3.994    3.7162
 3.991    3.6400
 3.988    3.5797
 3.985    3.5351
 3.982    3.5044
 3.979    3.4867
 3.976    3.4807
 3.973    3.4850
 3.970    3.4989
 3.966    3.5218
 3.963    3.5537
 3.960    3.5946
 3.957    3.6443
 3.954    3.7032
 3.951    3.7703
 3.948    3.8435
 3.945    3.9188
 3.942    3.9920
 3.939    4.0583
 3.936    4.1145
 3.933    4.1602
 3.930    4.1968
 3.927    4.2274
 3.924    4.2550
 3.921    4.2820
 3.918    4.3091
 3.916    4.3363
 3.913    4.3622
 3.910    4.3858
 3.907    4.4062
 3.904    4.4226
 3.901    4.4363
 3.898    4.4475
 3.895    4.4578
 3.892    4.4676
 3.889    4.4774
 3.886    4.4872
 3.883    4.4966
 3.880    4.5061
 3.877    4.5169
 3.875    4.5300
 3.872    4.5461
 3.869    4.5645
 3.866    4.5839
 3.863    4.6024
 3.860    4.6177
 3.857    4.6296
 3.854    4.6387
 3.852    4.6469
 3.849    4.6560
 3.846    4.6686
 3.843    4.6866
 3.840    4.7105
 3.837    4.7397
 3.834    4.7732
 3.832    4.8093
 3.829    4.8464
 3.826    4.8823
 3.823    4.9174
 3.820    4.9521
 3.817    4.9878
 3.815    5.0256
 3.812    5.0668
 3.809    5.1125
 3.806    5.1620
 3.804    5.2154
 3.801    5.2708
 3.798    5.3271
 3.795    5.3812
 3.792    5.4300
 3.790    5.4715
 3.787    5.5055
 3.784    5.5321
 3.781    5.5534
 3.779    5.5716
 3.776    5.5888
 3.773    5.6058
 3.770    5.6223
 3.768    5.6378
 3.765    5.6522
 3.762    5.6647
 3.759    5.6750
 3.757    5.6835
 3.754    5.6910
 3.751    5.6976
 3.748    5.7039
 3.746    5.7097
 3.743    5.7149
 3.740    5.7192
 3.738    5.7221
 3.735    5.7238
 3.732    5.7256
 3.730    5.7285
 3.727    5.7326
 3.724    5.7384
 3.722    5.7448
 3.719    5.7510
 3.716    5.7555
 3.714    5.7577
 3.711    5.7577
 3.708    5.7558
 3.706    5.7525
 3.703    5.7487
 3.700    5.7448
 3.698    5.7407
 3.695    5.7366
 3.692    5.7331
 3.690    5.7300
 3.687    5.7276
 3.684    5.7255
 3.682    5.7230
 3.679    5.7195
 3.677    5.7140
 3.674    5.7062
 3.672    5.6979
 3.669    5.6908
 3.666    5.6857
 3.664    5.6833
 3.661    5.6831
 3.659    5.6838
 3.656    5.6833
 3.653    5.6810
 3.651    5.6764
 3.648    5.6707
 3.646    5.6642
 3.643    5.6577
 3.641    5.6518
 3.638    5.6460
 3.636    5.6403
 3.633    5.6347
 3.630    5.6300
 3.628    5.6257
 3.625    5.6223
 3.623    5.6189
 3.620    5.6146
 3.618    5.6089
 3.615    5.6008
 3.613    5.5907
 3.610    5.5794
 3.608    5.5668
 3.605    5.5539
 3.603    5.5409
 3.600    5.5278
 3.598    5.5144
 3.595    5.5005
 3.593    5.4864
 3.590    5.4713
 3.588    5.4544
 3.585    5.4345
 3.583    5.4122
 3.580    5.3878
 3.578    5.3630
 3.575    5.3390
 3.573    5.3175
 3.570    5.2984
 3.568    5.2806
 3.565    5.2642
 3.563    5.2484
 3.561    5.2333
 3.558    5.2192
 3.556    5.2048
 3.553    5.1890
 3.551    5.1701
 3.548    5.1474
 3.546    5.1203
 3.543    5.0894
 3.541    5.0562
 3.539    5.0203
 3.536    4.9807
 3.534    4.9359
 3.531    4.8852
 3.529    4.8280
 3.527    4.7646
 3.524    4.6964
 3.522    4.6251
 3.519    4.5519
 3.517    4.4791
 3.515    4.4095
 3.512    4.3461
 3.510    4.2918
 3.507    4.2490
 3.505    4.2174
 3.503    4.1954
 3.500    4.1803
 3.498    4.1683
 3.496    4.1571
 3.493    4.1456
 3.491    4.1336
 3.489    4.1215
 3.486    4.1097
 3.484    4.0988
 3.482    4.0906
 3.479    4.0870
 3.477    4.0908
 3.475    4.1042
 3.472    4.1272
 3.470    4.1571
 3.468    4.1894
 3.465    4.2191
 3.463    4.2422
 3.461    4.2568
 3.458    4.2636
 3.456    4.2646
 3.454    4.2624
 3.451    4.2585
 3.449    4.2545
 3.447    4.2502
 3.445    4.2440
 3.442    4.2346
 3.440    4.2217
 3.438    4.2047
 3.436    4.1834
 3.433    4.1590
 3.431    4.1325
 3.429    4.1052
 3.426    4.0789
 3.424    4.0556
 3.422    4.0380
 3.420    4.0286
 3.417    4.0284
 3.415    4.0370
 3.413    4.0523
 3.411    4.0712
 3.408    4.0908
 3.406    4.1083
 3.404    4.1219
 3.402    4.1318
 3.399    4.1381
 3.397    4.1416
 3.395    4.1418
 3.393    4.1396
 3.391    4.1358
 3.388    4.1310
 3.386    4.1258
 3.384    4.1219
 3.382    4.1207
 3.380    4.1229
 3.377    4.1291
 3.375    4.1391
 3.373    4.1528
 3.371    4.1686
 3.369    4.1839
 3.366    4.1964
 3.364    4.2040
 3.362    4.2064
 3.360    4.2045
 3.358    4.2002
 3.355    4.1970
 3.353    4.1985
 3.351    4.2073
 3.349    4.2251
 3.347    4.2528
 3.345    4.2892
 3.342    4.3318
 3.340    4.3768
 3.338    4.4200
 3.336    4.4588
 3.334    4.4913
 3.332    4.5167
 3.330    4.5351
 3.327    4.5468
 3.325    4.5521
 3.323    4.5519
 3.321    4.5473
 3.319    4.5406
 3.317    4.5349
 3.315    4.5327
 3.313    4.5349
 3.310    4.5403
 3.308    4.5471
 3.306    4.5536
 3.304    4.5581
 3.302    4.5617
 3.300    4.5655
 3.298    4.5720
 3.296    4.5813
 3.294    4.5913
 3.292    4.5997
 3.289    4.6040
 3.287    4.6024
 3.285    4.5949
 3.283    4.5839
 3.281    4.5743
 3.279    4.5691
 3.277    4.5698
 3.275    4.5758
 3.273    4.5853
 3.271    4.5959
 3.269    4.6047
 3.267    4.6115
 3.265    4.6162
 3.263    4.6193
 3.261    4.6222
 3.258    4.6253
 3.256    4.6303
 3.254    4.6371
 3.252    4.6462
 3.250    4.6567
 3.248    4.6670
 3.246    4.6751
 3.244    4.6801
 3.242    4.6816
 3.240    4.6806
 3.238    4.6784
 3.236    4.6772
 3.234    4.6774
 3.232    4.6791
 3.230    4.6806
 3.228    4.6813
 3.226    4.6796
 3.224    4.6753
 3.222    4.6684
 3.220    4.6603
 3.218    4.6530
 3.216    4.6474
 3.214    4.6435
 3.212    4.6411
 3.210    4.6392
 3.208    4.6363
 3.206    4.6318
 3.204    4.6260
 3.202    4.6200
 3.200    4.6140
 3.198    4.6093
 3.196    4.6064
 3.194    4.6055
 3.192    4.6057
 3.190    4.6057
 3.188    4.6042
 3.186    4.6002
 3.184    4.5935
 3.182    4.5846
 3.180    4.5755
 3.179    4.5674
 3.177    4.5617
 3.175    4.5581
 3.173    4.5559
 3.171    4.5543
 3.169    4.5521
 3.167    4.5485
 3.165    4.5430
 3.163    4.5353
 3.161    4.5260
 3.159    4.5146
 3.157    4.5016
 3.155    4.4882
 3.153    4.4761
 3.152    4.4663
 3.150    4.4590
 3.148    4.4555
 3.146    4.4543
 3.144    4.4535
 3.142    4.4507
 3.140    4.4452
 3.138    4.4368
 3.136    4.4265
 3.134    4.4153
 3.132    4.4050
 3.131    4.3961
 3.129    4.3887
 3.127    4.3823
 3.125    4.3763
 3.123    4.3707
 3.121    4.3650
 3.119    4.3587
 3.117    4.3506
 3.115    4.3394
 3.114    4.3253
 3.112    4.3102
 3.110    4.2963
 3.108    4.2853
 3.106    4.2784
 3.104    4.2746
 3.102    4.2712
 3.101    4.2659
 3.099    4.2590
 3.097    4.2516
 3.095    4.2444
 3.093    4.2399
 3.091    4.2397
 3.090    4.2430
 3.088    4.2478
 3.086    4.2516
 3.084    4.2530
 3.082    4.2511
 3.080    4.2452
 3.079    4.2372
 3.077    4.2291
 3.075    4.2217
 3.073    4.2150
 3.071    4.2100
 3.069    4.2057
 3.067    4.2016
 3.066    4.1970
 3.064    4.1922
 3.062    4.1872
 3.060    4.1813
 3.059    4.1738
 3.057    4.1652
 3.055    4.1554
 3.053    4.1449
 3.051    4.1348
 3.050    4.1267
 3.048    4.1215
 3.046    4.1188
 3.044    4.1185
 3.042    4.1195
 3.041    4.1207
 3.039    4.1212
 3.037    4.1210
 3.035    4.1202
 3.033    4.1190
 3.032    4.1164
 3.030    4.1121
 3.028    4.1047
 3.026    4.0941
 3.025    4.0820
 3.023    4.0707
 3.021    4.0638
 3.019    4.0619
 3.018    4.0657
 3.016    4.0739
 3.014    4.0829
 3.012    4.0903
 3.011    4.0949
 3.009    4.0968
 3.007    4.0966
 3.005    4.0949
 3.004    4.0940
 3.002    4.0946
 3.000    4.0971
 2.998    4.1009
 2.997    4.1061
 2.995    4.1126
 2.993    4.1181
 2.991    4.1222
 2.990    4.1245
 2.988    4.1250
 2.986    4.1243
 2.985    4.1224
 2.983    4.1217
 2.981    4.1236
 2.979    4.1288
 2.978    4.1378
 2.976    4.1502
 2.974    4.1647
 2.973    4.1793
 2.971    4.1906
 2.969    4.1968
 2.967    4.1977
 2.966    4.1930
 2.964    4.1844
 2.962    4.1753
 2.961    4.1688
 2.959    4.1667
 2.957    4.1688
 2.956    4.1748
 2.954    4.1831
 2.952    4.1920
 2.951    4.2007
 2.949    4.2083
 2.947    4.2143
 2.946    4.2188
 2.944    4.2219
 2.942    4.2241
 2.941    4.2251
 2.939    4.2263
 2.937    4.2291
 2.936    4.2341
 2.934    4.2418
 2.932    4.2513
 2.931    4.2609
 2.929    4.2669
 2.927    4.2669
 2.926    4.2606
 2.924    4.2500
 2.922    4.2382
 2.921    4.2296
 2.919    4.2279
 2.917    4.2344
 2.916    4.2468
 2.914    4.2619
 2.912    4.2765
 2.911    4.2887
 2.909    4.2973
 2.908    4.3021
 2.906    4.3043
 2.904    4.3047
 2.903    4.3043
 2.901    4.3038
 2.899    4.3040
 2.898    4.3056
 2.896    4.3088
 2.895    4.3134
 2.893    4.3197
 2.891    4.3284
 2.890    4.3387
 2.888    4.3502
 2.886    4.3617
 2.885    4.3720
 2.883    4.3791
 2.882    4.3825
 2.880    4.3831
 2.878    4.3830
 2.877    4.3836
 2.875    4.3868
 2.874    4.3930
 2.872    4.4016
 2.870    4.4110
 2.869    4.4188
 2.867    4.4238
 2.866    4.4263
 2.864    4.4268
 2.863    4.4274
 2.861    4.4294
 2.859    4.4339
 2.858    4.4411
 2.856    4.4495
 2.855    4.4571
 2.853    4.4633
 2.852    4.4681
 2.850    4.4712
 2.848    4.4736
 2.847    4.4761
 2.845    4.4796
 2.844    4.4837
 2.842    4.4875
 2.841    4.4904
 2.839    4.4918
 2.837    4.4908
 2.836    4.4880
 2.834    4.4842
 2.833    4.4809
 2.831    4.4794
 2.830    4.4791
 2.828    4.4796
 2.827    4.4784
 2.825    4.4744
 2.824    4.4658
 2.822    4.4528
 2.821    4.4380
 2.819    4.4231
 2.817    4.4095
 2.816    4.3982
 2.814    4.3894
 2.813    4.3820
 2.811    4.3743
 2.810    4.3655
 2.808    4.3554
 2.807    4.3439
 2.805    4.3313
 2.804    4.3181
 2.802    4.3056
 2.801    4.2937
 2.799    4.2817
 2.798    4.2696
 2.796    4.2561
 2.795    4.2399
 2.793    4.2193
 2.792    4.1927
 2.790    4.1600
 2.789    4.1212
 2.787    4.0779
 2.786    4.0310
 2.784    3.9810
 2.783    3.9274
 2.781    3.8702
 2.780    3.8099
 2.778    3.7497
 2.777    3.6924
 2.775    3.6410
 2.774    3.5955
 2.772    3.5551
 2.771    3.5163
 2.769    3.4771
 2.768    3.4370
 2.766    3.3965
 2.765    3.3570
 2.763    3.3199
 2.762    3.2850
 2.761    3.2522
 2.759    3.2228
 2.757    3.1989
 2.756    3.1840
 2.755    3.1814
 2.753    3.1924
 2.752    3.2164
 2.750    3.2489
 2.749    3.2833
 2.747    3.3142
 2.746    3.3372
 2.744    3.3518
 2.743    3.3616
 2.741    3.3731
 2.740    3.3932
 2.739    3.4262
 2.737    3.4730
 2.736    3.5312
 2.734    3.5960
 2.733    3.6635
 2.731    3.7308
 2.730    3.7977
 2.728    3.8662
 2.727    3.9394
 2.726    4.0209
 2.724    4.1152
 2.723    4.2258
 2.721    4.3533
 2.720    4.4966
 2.719    4.6509
 2.717    4.8102
 2.716    4.9672
 2.714    5.1168
 2.713    5.2582
 2.711    5.3935
 2.710    5.5256
 2.708    5.6572
 2.707    5.7900
 2.706    5.9221
 2.704    6.0491
 2.703    6.1657
 2.701    6.2681
 2.700    6.3537
 2.699    6.4233
 2.697    6.4815
 2.696    6.5348
 2.695    6.5896
 2.693    6.6492
 2.692    6.7145
 2.690    6.7837
 2.689    6.8519
 2.688    6.9136
 2.686    6.9654
 2.685    7.0054
 2.683    7.0335
 2.682    7.0509
 2.680    7.0624
 2.679    7.0720
 2.678    7.0818
 2.676    7.0911
 2.675    7.0980
 2.674    7.0995
 2.672    7.0937
 2.671    7.0837
 2.670    7.0763
 2.668    7.0791
 2.667    7.0978
 2.665    7.1329
 2.664    7.1804
 2.663    7.2320
 2.661    7.2794
 2.660    7.3167
 2.659    7.3424
 2.657    7.3581
 2.656    7.3686
 2.655    7.3789
 2.653    7.3918
 2.652    7.4086
 2.650    7.4275
 2.649    7.4456
 2.648    7.4605
 2.646    7.4705
 2.645    7.4758
 2.644    7.4787
 2.642    7.4811
 2.641    7.4840
 2.640    7.4859
 2.638    7.4840
 2.637    7.4763
 2.636    7.4615
 2.634    7.4409
 2.633    7.4204
 2.632    7.4060
 2.630    7.4026
 2.629    7.4117
 2.627    7.4302
 2.626    7.4509
 2.625    7.4657
 2.624    7.4677
 2.622    7.4569
 2.621    7.4378
 2.620    7.4184
 2.618    7.4076
 2.617    7.4103
 2.616    7.4263
 2.614    7.4488
 2.613    7.4677
 2.612    7.4753
 2.610    7.4694
 2.609    7.4536
 2.608    7.4373
 2.606    7.4302
 2.605    7.4385
 2.604    7.4607
 2.603    7.4866
 2.601    7.5039
 2.600    7.5031
 2.599    7.4838
 2.597    7.4541
 2.596    7.4289
 2.595    7.4215
 2.593    7.4370
 2.592    7.4697
 2.591    7.5062
 2.590    7.5335
 2.588    7.5431
 2.587    7.5359
 2.586    7.5203
 2.584    7.5069
 2.583    7.5039
 2.582    7.5127
 2.580    7.5289
 2.579    7.5459
 2.578    7.5586
 2.577    7.5646
 2.575    7.5665
 2.574    7.5686
 2.573    7.5749
 2.571    7.5857
 2.570    7.5976
 2.569    7.6067
 2.568    7.6079
 2.566    7.5998
 2.565    7.5857
 2.564    7.5718
 2.563    7.5653
 2.561    7.5711
 2.560    7.5880
 2.559    7.6115
 2.558    7.6335
 2.556    7.6471
 2.555    7.6495
 2.554    7.6426
 2.553    7.6314
 2.551    7.6206
 2.550    7.6126
 2.549    7.6079
 2.547    7.6048
 2.546    7.6020
 2.545    7.5998
 2.544    7.5990
 2.543    7.6003
 2.541    7.6028
 2.540    7.6058
 2.539    7.6079
 2.538    7.6096
 2.536    7.6103
 2.535    7.6110
 2.534    7.6120
 2.533    7.6129
 2.531    7.6139
 2.530    7.6153
 2.529    7.6189
 2.528    7.6266
 2.526    7.6380
 2.525    7.6529
 2.524    7.6689
 2.523    7.6842
 2.522    7.6964
 2.520    7.7039
 2.519    7.7060
 2.518    7.7046
 2.517    7.7004
 2.515    7.6955
 2.514    7.6928
 2.513    7.6950
 2.512    7.7017
 2.511    7.7112
 2.509    7.7210
 2.508    7.7283
 2.507    7.7299
 2.506    7.7253
 2.504    7.7172
 2.503    7.7089
 2.502    7.7029
 2.501    7.7007
 2.500    7.7029
 2.498    7.7077
 2.497    7.7125
 2.496    7.7165
 2.495    7.7197
 2.494    7.7225
 2.492    7.7263
 2.491    7.7316
 2.490    7.7386
 2.489    7.7459
 2.488    7.7527
 2.486    7.7589
 2.485    7.7643
 2.484    7.7682
 2.483    7.7706
 2.482    7.7716
 2.481    7.7713
 2.479    7.7711
 2.478    7.7728
 2.477    7.7773
 2.476    7.7842
 2.474    7.7912
 2.473    7.7967
 2.472    7.7993
 2.471    7.7990
 2.470    7.7988
 2.469    7.8003
 2.467    7.8043
 2.466    7.8103
 2.465    7.8163
 2.464    7.8199
 2.463    7.8208
 2.462    7.8196
 2.460    7.8189
 2.459    7.8194
 2.458    7.8216
 2.457    7.8261
 2.456    7.8316
 2.455    7.8374
 2.454    7.8426
 2.452    7.8483
 2.451    7.8538
 2.450    7.8584
 2.449    7.8620
 2.448    7.8656
 2.446    7.8694
 2.445    7.8730
 2.444    7.8782
 2.443    7.8852
 2.442    7.8933
 2.441    7.9010
 2.440    7.9072
 2.438    7.9104
 2.437    7.9089
 2.436    7.9031
 2.435    7.8955
 2.434    7.8885
 2.433    7.8847
 2.432    7.8852
 2.430    7.8885
 2.429    7.8938
 2.428    7.8983
 2.427    7.9019
 2.426    7.9048
 2.425    7.9079
 2.424    7.9117
 2.422    7.9163
 2.421    7.9204
 2.420    7.9240
 2.419    7.9278
 2.418    7.9328
 2.417    7.9395
 2.416    7.9479
 2.415    7.9575
 2.414    7.9670
 2.412    7.9747
 2.411    7.9799
 2.410    7.9833
 2.409    7.9849
 2.408    7.9861
 2.407    7.9871
 2.406    7.9897
 2.405    7.9941
 2.403    8.0000
 2.402    8.0072
 2.401    8.0158
 2.400    8.0247
 2.399    8.0329
 2.398    8.0390
 2.397    8.0432
 2.396    8.0435
 2.394    8.0407
 2.393    8.0350
 2.392    8.0287
 2.391    8.0239
 2.390    8.0226
 2.389    8.0254
 2.388    8.0316
 2.387    8.0392
 2.386    8.0462
 2.385    8.0510
 2.384    8.0534
 2.382    8.0541
 2.381    8.0534
 2.380    8.0515
 2.379    8.0474
 2.378    8.0407
 2.377    8.0316
 2.376    8.0230
 2.375    8.0178
 2.374    8.0175
 2.373    8.0233
 2.372    8.0329
 2.370    8.0419
 2.369    8.0457
 2.368    8.0429
 2.367    8.0345
 2.366    8.0247
 2.365    8.0180
 2.364    8.0185
 2.363    8.0266
 2.362    8.0385
 2.361    8.0495
 2.360    8.0555
 2.359    8.0543
 2.357    8.0465
 2.356    8.0345
 2.355    8.0230
 2.354    8.0146
 2.353    8.0110
 2.352    8.0125
 2.351    8.0185
 2.350    8.0269
 2.349    8.0345
 2.348    8.0385
 2.347    8.0388
 2.346    8.0354
 2.345    8.0304
 2.344    8.0278
 2.343    8.0304
 2.341    8.0381
 2.341    8.0500
 2.339    8.0637
 2.338    8.0754
 2.337    8.0825
 2.336    8.0845
 2.335    8.0812
 2.334    8.0735
 2.333    8.0637
 2.332    8.0555
 2.331    8.0513
 2.330    8.0515
 2.329    8.0565
 2.328    8.0658
 2.327    8.0782
 2.326    8.0926
 2.325    8.1082
 2.324    8.1237
 2.323    8.1369
 2.322    8.1441
 2.321    8.1443
 2.320    8.1383
 2.318    8.1288
 2.317    8.1199
 2.316    8.1156
 2.315    8.1168
 2.314    8.1218
 2.313    8.1283
 2.312    8.1338
 2.311    8.1381
 2.310    8.1416
 2.309    8.1453
 2.308    8.1489
 2.307    8.1517
 2.306    8.1529
 2.305    8.1519
 2.304    8.1496
 2.303    8.1479
 2.302    8.1489
 2.301    8.1529
 2.300    8.1594
 2.299    8.1673
 2.298    8.1756
 2.297    8.1826
 2.296    8.1883
 2.295    8.1939
 2.294    8.1991
 2.293    8.2039
 2.292    8.2085
 2.291    8.2135
 2.290    8.2188
 2.289    8.2235
 2.288    8.2286
 2.287    8.2338
 2.286    8.2381
 2.285    8.2397
 2.284    8.2391
 2.283    8.2359
 2.282    8.2307
 2.281    8.2240
 2.280    8.2192
 2.279    8.2183
 2.278    8.2216
 2.277    8.2283
 2.276    8.2374
 2.275    8.2450
 2.274    8.2487
 2.273    8.2472
 2.272    8.2419
 2.271    8.2350
 2.270    8.2286
 2.269    8.2247
 2.268    8.2243
 2.267    8.2264
 2.266    8.2302
 2.265    8.2359
 2.264    8.2436
 2.263    8.2527
 2.262    8.2623
 2.261    8.2711
 2.260    8.2779
 2.259    8.2807
 2.258    8.2797
 2.257    8.2754
 2.256    8.2688
 2.255    8.2623
 2.254    8.2585
 2.253    8.2594
 2.252    8.2654
 2.251    8.2747
 2.250    8.2850
 2.249    8.2922
 2.248    8.2945
 2.247    8.2920
 2.246    8.2867
 2.245    8.2804
 2.244    8.2749
 2.243    8.2704
 2.242    8.2678
 2.241    8.2671
 2.240    8.2685
 2.239    8.2728
 2.238    8.2802
 2.237    8.2890
 2.236    8.2970
 2.236    8.3018
 2.235    8.3013
 2.234    8.2958
 2.233    8.2864
 2.232    8.2761
 2.231    8.2680
 2.230    8.2633
 2.229    8.2625
 2.228    8.2639
 2.227    8.2651
 2.226    8.2646
 2.225    8.2620
 2.224    8.2577
 2.223    8.2537
 2.222    8.2505
 2.221    8.2493
 2.220    8.2495
 2.219    8.2513
 2.218    8.2548
 2.217    8.2591
 2.216    8.2644
 2.216    8.2699
 2.215    8.2737
 2.214    8.2752
 2.213    8.2739
 2.212    8.2711
 2.211    8.2683
 2.210    8.2673
 2.209    8.2683
 2.208    8.2704
 2.207    8.2711
 2.206    8.2689
 2.205    8.2630
 2.204    8.2546
 2.203    8.2477
 2.202    8.2467
 2.201    8.2541
 2.200    8.2697
 2.200    8.2895
 2.199    8.3079
 2.198    8.3192
 2.197    8.3207
 2.196    8.3134
 2.195    8.3036
 2.194    8.2975
 2.193    8.2998
 2.192    8.3113
 2.191    8.3288
 2.190    8.3472
 2.189    8.3614
 2.188    8.3685
 2.187    8.3695
 2.187    8.3670
 2.186    8.3630
 2.185    8.3587
 2.184    8.3558
 2.183    8.3544
 2.182    8.3549
 2.181    8.3577
 2.180    8.3632
 2.179    8.3707
 2.178    8.3773
 2.177    8.3828
 2.176    8.3881
 2.176    8.3934
 2.175    8.3994
 2.174    8.4049
 2.173    8.4094
 2.172    8.4130
 2.171    8.4154
 2.170    8.4183
 2.169    8.4250
 2.168    8.4364
 2.167    8.4505
 2.166    8.4640
 2.166    8.4738
 2.165    8.4788
 2.164    8.4766
 2.163    8.4666
 2.162    8.4513
 2.161    8.4324
 2.160    8.4130
 2.159    8.3982
 2.158    8.3941
 2.157    8.4027
 2.156    8.4218
 2.156    8.4467
 2.155    8.4726
 2.154    8.4950
 2.153    8.5111
 2.152    8.5209
 2.151    8.5245
 2.150    8.5214
 2.149    8.5111
 2.148    8.4950
 2.148    8.4781
 2.147    8.4649
 2.146    8.4595
 2.145    8.4628
 2.144    8.4721
 2.143    8.4829
 2.142    8.4900
 2.141    8.4910
 2.140    8.4862
 2.140    8.4776
 2.139    8.4693
 2.138    8.4645
 2.137    8.4647
 2.136    8.4699
 2.135    8.4779
 2.134    8.4850
 2.133    8.4895
 2.132    8.4907
 2.132    8.4900
 2.131    8.4898
 2.130    8.4912
 2.129    8.4945
 2.128    8.4972
 2.127    8.4960
 2.126    8.4912
 2.126    8.4850
 2.125    8.4814
 2.124    8.4845
 2.123    8.4955
 2.122    8.5130
 2.121    8.5314
 2.120    8.5453
 2.119    8.5513
 2.119    8.5484
 2.118    8.5370
 2.117    8.5199
 2.116    8.5018
 2.115    8.4874
 2.114    8.4809
 2.113    8.4843
 2.112    8.4977
 2.112    8.5166
 2.111    8.5343
 2.110    8.5455
 2.109    8.5486
 2.108    8.5441
 2.107    8.5353
 2.107    8.5252
 2.106    8.5164
 2.105    8.5088
 2.104    8.5027
 2.103    8.4998
 2.102    8.5025
 2.101    8.5111
 2.100    8.5245
 2.100    8.5395
 2.099    8.5518
 2.098    8.5568
 2.097    8.5546
 2.096    8.5470
 2.095    8.5370
 2.095    8.5285
 2.094    8.5254
 2.093    8.5297
 2.092    8.5400
 2.091    8.5558
 2.090    8.5750
 2.090    8.5922
 2.089    8.6042
 2.088    8.6089
 2.087    8.6049
 2.086    8.5946
 2.085    8.5812
 2.084    8.5674
 2.084    8.5664
 2.083    8.5669
 2.082    8.5697
 2.081    8.6082
 2.080    8.5820
 2.079    8.6149
 2.076    8.6127
 2.072    8.6105
 2.068    8.6967
 2.064    8.6703
 2.060    8.6504
 2.056    8.6593
 2.052    8.6993
 2.048    8.7102
 2.044    8.6792
 2.040    8.6881
 2.036    8.7241
 2.032    8.6906
 2.028    8.6619
 2.024    8.7264
 2.020    8.7916
 2.016    8.8214
 2.012    8.7471
 2.008    8.7539
 2.004    8.6823
 2.000    8.6570
 1.996    8.7087
 1.992    8.7098
 1.988    8.7349
 1.984    8.6553
 1.980    8.6746
 1.976    8.7353
 1.972    8.6583
 1.968    8.7788
 1.964    8.7539
 1.960    8.7144
 1.956    8.7856
 1.952    8.7558
 1.948    8.7891
 1.944    8.7272
 1.940    8.7334
 1.936    8.6514
 1.932    8.6856
 1.928    8.7015
 1.924    8.7524
 1.920    8.7422
 1.916    8.7518
 1.912    8.6715
 1.908    8.7619
 1.904    8.8898
 1.900    8.7634
 1.896    8.8191
 1.892    8.8772
 1.888    8.8972
 1.884    8.8917
 1.880    8.8918
 1.876    8.9330
 1.872    8.9572
 1.868    8.9593
 1.864    8.9482
 1.860    9.0239
 1.856    9.0146
 1.852    9.0253
 1.848    9.0270
 1.844    9.0482
 1.840    9.0861
 1.836    9.1109
 1.832    9.1589
 1.828    9.1207
 1.824    9.1105
 1.820    9.0984
 1.816    9.1546
 1.812    9.1226
 1.808    9.0979
 1.804    9.1473
 1.800    9.1118
 1.796    9.1312
 1.792    9.1506
 1.788    9.1161
 1.784    9.1483
 1.780    9.2113
 1.776    9.1269
 1.772    9.1033
 1.768    9.1764
 1.764    9.1961
 1.760    9.1487
 1.756    9.2134
 1.752    9.1897
 1.748    9.2384
 1.744    9.2582
 1.740    9.1242
 1.736    9.0389
 1.732    9.1452
 1.728    9.1673
 1.724    9.2234
 1.720    9.2045
 1.716    9.1974
 1.712    9.2222
 1.708    9.2297
 1.704    9.1974
 1.700    9.2195
 1.696    9.3228
 1.692    9.2132
 1.688    9.2518
 1.684    9.2642
 1.680    9.2905
 1.676    9.2657
 1.672    9.2857
 1.668    9.2375
 1.664    9.2531
 1.660    9.3517
 1.656    9.3774
 1.652    9.3712
 1.648    9.3360
 1.644    9.2916
 1.640    9.2822
 1.636    9.2477
 1.632    9.2697
 1.628    9.3299
 1.624    9.2655
 1.620    9.3016
 1.616    9.3425
 1.612    9.3645
 1.608    9.4202
 1.604    9.3849
 1.600    9.3173
 1.596    9.2925
 1.592    9.3475
 1.588    9.3050
 1.584    9.3805
 1.580    9.3728
 1.576    9.3652
 1.572    9.3854
 1.568    9.3803
 1.564    9.3671
 1.560    9.3324
 1.556    9.3053
 1.552    9.4228
 1.548    9.3404
 1.544    9.4386
 1.540    9.4185
 1.536    9.4416
 1.532    9.4117
 1.528    9.4062
 1.524    9.4556
 1.520    9.4433
 1.516    9.3991
 1.512    9.4495
 1.508    9.4091
 1.504    9.4396
 1.500    9.4548
 1.496    9.4420
 1.492    9.3353
 1.488    9.4241
 1.484    9.3864
 1.480    9.4269
 1.476    9.3965
 1.472    9.4653
 1.468    9.4266
 1.464    9.4066
 1.460    9.3639
 1.456    9.3991
 1.452    9.4120
 1.448    9.4883
 1.444    9.3882
 1.440    9.4885
 1.436    9.4600
 1.432    9.4780
 1.428    9.4780
 1.424    9.2906
 1.420    9.2563
 1.416    9.4064
 1.412    9.3899
 1.408    9.4727
 1.404    9.4126
 1.400    9.4518
 1.396    9.5062
 1.392    9.4092
 1.388    9.4976
 1.384    9.4440
 1.380    9.3584
 1.376    9.4649
 1.372    9.4832
 1.368    9.5373
 1.364    9.3615
 1.360    9.3748
 1.356    9.4518
 1.352    9.5056
 1.348    9.4918
 1.344    9.4649
 1.340    9.4416
 1.336    9.4893
 1.332    9.4352
 1.328    9.5265
 1.324    9.4239
 1.320    9.5141
 1.316    9.5400
 1.312    9.4548
 1.308    9.4931
 1.304    9.5363
 1.300    9.5153
 1.296    9.5662
 1.292    9.5476
 1.288    9.5700
 1.284    9.4982
 1.280    9.3514
 1.276    9.4656
 1.272    9.4507
 1.268    9.3762
 1.264    9.4548
 1.260    9.4939
 1.256    9.4598
 1.252    9.4273
 1.248    9.4857
 1.244    9.4751
 1.240    9.4800
 1.236    9.3915
 1.232    9.4075
 1.228    9.4426
 1.224    9.4329
 1.220    9.4003
 1.216    9.5037
 1.212    9.4051
 1.208    9.3729
 1.204    9.3396
 1.200    9.4320
 1.196    9.3835
 1.192    9.3701
 1.188    9.3276
 1.184    9.3523
 1.180    9.3216
 1.176    9.2478
 1.172    9.2523
 1.168    9.3233
 1.164    9.3324
 1.160    9.3213
 1.156    9.2803
 1.152    9.2333
 1.148    9.2871
 1.144    9.3526
 1.140    9.3708
 1.136    9.3296
 1.132    9.3215
 1.128    9.2892
 1.124    9.3572
 1.120    9.2347
 1.116    9.2347
 1.112    9.1722
 1.108    9.2322
 1.104    9.2513
 1.100    9.2557
 1.096    9.2436
 1.092    9.3302
 1.088    9.2269
 1.084    9.2299
 1.080    9.2218
 1.076    9.2356
 1.072    9.2689
 1.068    9.1572
 1.064    9.2188
 1.060    9.1582
 1.056    9.2455
 1.052    9.2507
 1.048    9.2781
 1.044    9.2680
 1.040    9.1936
 1.036    9.2092
 1.032    9.2163
 1.028    9.2955
 1.024    9.2202
 1.020    9.2152
 1.016    9.1958
 1.012    9.1791
 1.008    9.0479
 1.004    9.1328
 1.000    9.1938
 0.996    9.0647
 0.992    9.1763
 0.988    9.1986
 0.984    9.1174
 0.980    9.0997
 0.976    9.0399
 0.972    9.1327
 0.968    9.1792
 0.964    9.1286
 0.960    9.0465
 0.956    9.1442
 0.952    9.1534
 0.948    9.0176
 0.944    8.9687
 0.940    9.0397
 0.936    8.9600
 0.932    9.0999
 0.928    8.9867
 0.924    8.9890
 0.920    9.0290
 0.916    9.0487
 0.912    9.1285
 0.908    8.9469
 0.904    9.0336
 0.900    8.9646
 0.896    8.9671
 0.892    8.9313
 0.888    9.0542
 0.884    9.0923
 0.880    9.1204
 0.876    9.0896
 0.872    9.0345
 0.868    9.0127
 0.864    9.0225
 0.860    8.9699
 0.856    8.8843
 0.852    8.8281
 0.848    8.9374
 0.844    8.9493
 0.840    8.9622
 0.836    8.8151
 0.832    8.8834
 0.828    8.8857
 0.824    8.9319
 0.820    8.8585
 0.816    8.8185
 0.812    8.6964
 0.808    8.8092
 0.804    8.9571
 0.800    8.9046
 0.799    8.9068
 0.798    8.9077
 0.797    8.8703
 0.796    9.0098
 0.795    8.9307
 0.794    8.8754
 0.793    8.7746
 0.792    8.7830
 0.791    8.7830
 0.790    8.8332
 0.789    8.8904
 0.788    8.8145
 0.787    8.9855
 0.786    8.9673
 0.785    8.8614
 0.784    8.8336
 0.783    8.8740
 0.782    8.8248
 0.781    8.7502
 0.780    8.7932
 0.779    8.7892
 0.778    8.8207
 0.777    8.8620
 0.776    8.8192
 0.775    8.7877
 0.774    8.7918
 0.773    8.8662
 0.772    8.7995
 0.771    8.8688
 0.770    8.8332
 0.769    8.7877
 0.768    8.7954
 0.767    8.7862
 0.766    8.8254
 0.765    8.8577
 0.764    8.7913
 0.763    8.7991
 0.762    8.7258
 0.761    8.8054
 0.760    8.8211
 0.759    8.8343
 0.758    8.7438
 0.757    8.6272
 0.756    8.7540
 0.755    8.7934
 0.754    8.7761
 0.753    8.7295
 0.752    8.8181
 0.751    8.7106
 0.750    8.6322
 0.749    8.7552
 0.748    8.7031
 0.747    8.7106
 0.746    8.7106
 0.745    8.8731
 0.744    8.7447
 0.743    8.6842
 0.742    8.6609
 0.741    8.6449
 0.740    8.7526
 0.739    8.8972
 0.738    8.8562
 0.737    8.6143
 0.736    8.6062
 0.735    8.7704
 0.734    8.6945
 0.733    8.7024
 0.732    8.7563
 0.731    8.5396
 0.730    8.6261
 0.729    8.7022
 0.728    8.7168
 0.727    8.7060
 0.726    8.6627
 0.725    8.6612
 0.724    8.7060
 0.723    8.6445
 0.722    8.6853
 0.721    8.6443
 0.720    8.6324
 0.719    8.6235
 0.718    8.6645
 0.717    8.6421
 0.716    8.7230
 0.715    8.6914
 0.714    8.5997
 0.713    8.6933
 0.712    8.6725
 0.711    8.6489
 0.710    8.6252
 0.709    8.6402
 0.708    8.5589
 0.707    8.5456
 0.706    8.5762
 0.705    8.6120
 0.704    8.5777
 0.703    8.4942
 0.702    8.5100
 0.701    8.6182
 0.700    8.5513
 0.699    8.5356
 0.698    8.4499
 0.697    8.4425
 0.696    8.4735
 0.695    8.5420
 0.694    8.5202
 0.693    8.4740
 0.692    8.4901
 0.691    8.4352
 0.690    8.4436
 0.689    8.5149
 0.688    8.4463
 0.687    8.4160
 0.686    8.4602
 0.685    8.4901
 0.684    8.4107
 0.683    8.4080
 0.682    8.4330
 0.681    8.3536
 0.680    8.3754
 0.679    8.3420
 0.678    8.2758
 0.677    8.3970
 0.676    8.3148
 0.675    8.3447
 0.674    8.3923
 0.673    8.3943
 0.672    8.3505
 0.671    8.2684
 0.670    8.3920
 0.669    8.2737
 0.668    8.3037
 0.667    8.3504
 0.666    8.3423
 0.665    8.2903
 0.664    8.2572
 0.663    8.2989
 0.662    8.3433
 0.661    8.2550
 0.660    8.2550
 0.659    8.2187
 0.658    8.1503
 0.657    8.1424
 0.656    8.1338
 0.655    8.1364
 0.654    8.1835
 0.653    8.0543
 0.652    8.0907
 0.651    8.0881
 0.650    8.0330
 0.649    8.0466
 0.648    8.1371
 0.647    8.1477
 0.646    8.1118
 0.645    8.1039
 0.644    8.1092
 0.643    8.1536
 0.642    8.1231
 0.641    8.1616
 0.640    8.1590
 0.639    8.1098
 0.638    8.0602
 0.637    8.0277
 0.636    8.0773
 0.635    7.9379
 0.634    7.8886
 0.633    7.8963
 0.632    7.9682
 0.631    7.9997
 0.630    7.9586
 0.629    7.9750
 0.628    7.9768
 0.627    8.0004
 0.626    7.9638
 0.625    7.9664
 0.624    7.9039
 0.623    7.9872
 0.622    7.9488
 0.621    7.9612
 0.620    7.9541
 0.619    7.9208
 0.618    7.8543
 0.617    7.8123
 0.616    7.8327
 0.615    7.8404
 0.614    7.8068
 0.613    7.8043
 0.612    7.8868
 0.611    7.8196
 0.610    7.7695
 0.609    7.8006
 0.608    7.7605
 0.607    7.7143
 0.606    7.7443
 0.605    7.6795
 0.604    7.7320
 0.603    7.7535
 0.602    7.6871
 0.601    7.7124
 0.600    7.6669
 0.599    7.6902
 0.598    7.6923
 0.597    7.6088
 0.596    7.6160
 0.595    7.5941
 0.594    7.7113
 0.593    7.6821
 0.592    7.6063
 0.591    7.5202
 0.590    7.5052
 0.589    7.5251
 0.588    7.5348
 0.587    7.5768
 0.586    7.5669
 0.585    7.5274
 0.584    7.4486
 0.583    7.5520
 0.582    7.5616
 0.581    7.5741
 0.580    7.6080
 0.579    7.5616
 0.578    7.6131
 0.577    7.5666
 0.576    7.5247
 0.575    7.5387
 0.574    7.4950
 0.573    7.4850
 0.572    7.4224
 0.571    7.4417
 0.570    7.4705
 0.569    7.4296
 0.568    7.4224
 0.567    7.3465
 0.566    7.3607
 0.565    7.3267
 0.564    7.3715
 0.563    7.3677
 0.562    7.3787
 0.561    7.3479
 0.560    7.2455
 0.559    7.2182
 0.558    7.1292
 0.557    7.1220
 0.556    7.1336
 0.555    7.1823
 0.554    7.1890
 0.553    7.1110
 0.552    7.1621
 0.551    7.1417
 0.550    7.1223
 0.549    7.0798
 0.548    7.0526
 0.547    7.1008
 0.546    7.0175
 0.545    7.0701
 0.544    7.0110
 0.543    7.0494
 0.542    6.9906
 0.541    7.0657
 0.540    7.0790
 0.539    6.9877
 0.538    7.0411
 0.537    6.8831
 0.536    6.9561
 0.535    7.0096
 0.534    6.9108
 0.533    6.8382
 0.532    6.8154
 0.531    6.7790
 0.530    6.7384
 0.529    6.7790
 0.528    6.7870
 0.527    6.7766
 0.526    6.7323
 0.525    6.6960
 0.524    6.8175
 0.523    6.7769
 0.522    6.6940
 0.521    6.7000
 0.520    6.7487
 0.519    6.6999
 0.518    6.6595
 0.517    6.6816
 0.516    6.6877
 0.515    6.6816
 0.514    6.6308
 0.513    6.6714
 0.512    6.6347
 0.511    6.6387
 0.510    6.5470
 0.509    6.5914
 0.508    6.6367
 0.507    6.5818
 0.506    6.5527
 0.505    6.4720
 0.504    6.3764
 0.503    6.4079
 0.502    6.3764
 0.501    6.4259
 0.500    6.3411
 0.499    6.2659
 0.498    6.3117
 0.497    6.3924
 0.496    6.3169
 0.495    6.3138
 0.494    6.3190
 0.493    6.3242
 0.492    6.2665
 0.491    6.2800
 0.490    6.2366
 0.489    6.1770
 0.488    6.1705
 0.487    6.1802
 0.486    6.1117
 0.485    6.1934
 0.484    6.0784
 0.483    6.0360
 0.482    6.0360
 0.481    6.0591
 0.480    6.0477
 0.479    6.1060
 0.478    6.0696
 0.477    6.1161
 0.476    5.9806
 0.475    6.0470
 0.474    6.0040
 0.473    6.0055
 0.472    5.9666
 0.471    5.9316
 0.470    5.9204
 0.469    5.9176
 0.468    5.9024
 0.467    5.8076
 0.466    5.8058
 0.465    5.8051
 0.464    5.7491
 0.463    5.7482
 0.462    5.7301
 0.461    5.6369
 0.460    5.7088
 0.459    5.6607
 0.458    5.8116
 0.457    5.7261
 0.456    5.7142
 0.455    5.7089
 0.454    5.6223
 0.453    5.5398
 0.452    5.5398
 0.451    5.4051
 0.450    5.3556
 0.449    5.4054
 0.448    5.4024
 0.447    5.3539
 0.446    5.2966
 0.445    5.2993
 0.444    5.3406
 0.443    5.2912
 0.442    5.2956
 0.441    5.1694
 0.440    5.1637
 0.439    5.1965
 0.438    5.1545
 0.437    5.1570
 0.436    5.1574
 0.435    4.8729
 0.434    5.0863
 0.433    5.0389
 0.432    4.9825
 0.431    5.0149
 0.430    5.0079
 0.429    4.9620
 0.428    5.0418
 0.427    4.9069
 0.426    4.8923
 0.425    4.8931
 0.424    4.8931
 0.423    4.7488
 0.422    4.6126
 0.421    4.6525
 0.420    4.7887
 0.419    4.4976
 0.418    4.5716
 0.417    4.6465
 0.416    4.5498
 0.415    4.5421
 0.414    4.5430
 0.413    4.5383
 0.412    4.4447
 0.411    4.4811
 0.410    4.5935
 0.409    4.6330
 0.408    4.5289
 0.407    4.3958
 0.406    4.4868
 0.405    4.4295
 0.404    4.2857
 0.403    4.3251
 0.402    4.2793
 0.401    4.3181
 0.400    4.2650
