Name: Dolomitic Marble 
Type:  Rocks
Class:  Metamorphic 
Subclass:  Marble 
Particle Size:  500 - 1500 Micrometer
File Name:  marble1.doc
Owner:  JHU
Wavelength Range:  All
Origin:  Sample No. 459, The Hunt and Salisbury Collection at the U.S. 
Geological Survey, Denver, Co.
Description: A medium-grained rock containing anhedral and some euhedral 
dolomite.  There are scattered anhedra and subhedra of monticellite, subhedral 
phlogopite and some rounded quartz grains present.  These latter minerals often 
contain opaque inclusions; opaques (some at least of which are pyrite) are also 
disseminated throughout the entire sample. 

Measurement:  Directional (10 Degree) Hemispherical Reflectance
First Column:  X
Second Column:  Y  
X Units:  Wavelength (micrometers)
Y Units:  Reflectance (percent)
First X Value:  14.9831
Last X Value:  0.4
Number of X Values:  2868
Additional Information:  None
14.983    4.3100
14.940    3.9633
14.897    3.6394
14.854    4.0211
14.812    4.1926
14.770    4.1566
14.728    4.0893
14.686    4.1566
14.645    4.1850
14.603    4.2021
14.562    3.8213
14.521    3.7455
14.481    3.7190
14.441    3.5977
14.400    3.4258
14.361    3.4068
14.321    3.2671
14.281    3.0535
14.242    2.8768
14.203    2.8648
14.164    2.8771
14.126    2.8678
14.087    2.9566
14.049    3.0031
14.011    2.4600
13.973    1.8325
13.936    1.6835
13.899    1.8412
13.861    2.1297
13.824    2.3078
13.788    2.3897
13.751    2.5358
13.715    2.6142
13.679    2.6618
13.643    2.8811
13.607    3.1577
13.571    3.5170
13.536    3.9548
13.500    4.2797
13.465    4.5601
13.430    4.7676
13.396    4.8796
13.361    4.9618
13.327    5.0290
13.293    5.0053
13.259    4.9319
13.225    4.8192
13.191    4.7474
13.158    4.6359
13.124    4.5031
13.091    4.3773
13.058    4.2646
13.025    4.1594
12.993    4.1002
12.960    4.0458
12.928    4.0228
12.896    4.0053
12.864    3.9975
12.832    3.9787
12.800    4.0235
12.769    4.0304
12.738    4.0403
12.706    4.1173
12.675    4.1860
12.644    4.2040
12.614    4.2714
12.583    4.3299
12.552    4.3676
12.522    4.4126
12.492    4.4801
12.462    4.5388
12.432    4.5966
12.402    4.5909
12.373    4.5237
12.343    4.4779
12.314    4.4796
12.285    4.5052
12.256    4.5611
12.227    4.6281
12.198    4.6544
12.169    4.6953
12.141    4.7818
12.113    4.7860
12.084    4.8029
12.056    4.8093
12.028    4.8206
12.000    4.7913
11.973    4.6980
11.945    4.6250
11.918    4.5694
11.890    4.5035
11.863    4.3548
11.836    4.0754
11.809    3.7388
11.782    3.5601
11.756    3.7611
11.729    3.9922
11.702    4.0903
11.676    4.1658
11.650    4.2269
11.624    4.2906
11.598    4.3816
11.572    4.4791
11.546    4.6174
11.520    4.8926
11.495    5.3473
11.469    6.0371
11.444    6.8357
11.419    7.8310
11.394    9.3450
11.369   10.9205
11.344   11.9831
11.319   12.7374
11.294   13.7739
11.270   14.0382
11.246   12.0111
11.221    9.2282
11.197    7.5883
11.173    6.8606
11.149    6.4644
11.125    5.9872
11.101    5.5074
11.077    5.1917
11.054    5.0167
11.030    4.9248
11.007    4.9137
10.983    4.9312
10.960    4.9736
10.937    4.9641
10.914    4.9236
10.891    4.8479
10.868    4.7818
10.845    4.6657
10.823    4.5350
10.800    4.4145
10.778    4.3193
10.756    4.2158
10.733    4.1187
10.711    4.0538
10.689    4.0500
10.667    4.0612
10.645    4.0846
10.623    4.0974
10.602    4.1185
10.580    4.1199
10.558    4.1310
10.537    4.1438
10.515    4.2011
10.494    4.2757
10.473    4.3489
10.452    4.4403
10.431    4.5291
10.410    4.6011
10.389    4.6480
10.368    4.6781
10.348    4.7190
10.327    4.6904
10.307    4.6667
10.286    4.6385
10.266    4.5987
10.245    4.5369
10.225    4.4571
10.205    4.4443
10.185    4.5026
10.165    4.5004
10.145    4.4903
10.125    4.4806
10.106    4.4412
10.086    4.3740
10.066    4.3458
10.047    4.3451
10.027    4.3342
10.008    4.3145
 9.989    4.3164
 9.970    4.3375
 9.950    4.3835
 9.931    4.3863
 9.912    4.4161
 9.893    4.4415
 9.875    4.4817
 9.856    4.5516
 9.837    4.5758
 9.819    4.5734
 9.800    4.6326
 9.781    4.7190
 9.763    4.7510
 9.745    4.7714
 9.726    4.7948
 9.708    4.8732
 9.690    5.0224
 9.672    5.1230
 9.654    5.2208
 9.636    5.3177
 9.618    5.3350
 9.600    5.3123
 9.582    5.3376
 9.565    5.3809
 9.547    5.4659
 9.530    5.5462
 9.512    5.6109
 9.495    5.6265
 9.477    5.6360
 9.460    5.6592
 9.443    5.6954
 9.426    5.7118
 9.409    5.6701
 9.392    5.5711
 9.375    5.5076
 9.358    5.4835
 9.341    5.5256
 9.324    5.5519
 9.307    5.5848
 9.291    5.6211
 9.274    5.5931
 9.257    5.4292
 9.241    5.1282
 9.225    4.9241
 9.208    4.9653
 9.192    5.1370
 9.175    5.3890
 9.159    5.5960
 9.143    5.6433
 9.127    5.6237
 9.111    5.6303
 9.095    5.6206
 9.079    5.6372
 9.063    5.6618
 9.047    5.6495
 9.032    5.6459
 9.016    5.6443
 9.000    5.5742
 8.985    5.5237
 8.969    5.5166
 8.954    5.4794
 8.938    5.4136
 8.923    5.3771
 8.908    5.3546
 8.892    5.3321
 8.877    5.2741
 8.862    5.2062
 8.847    5.1872
 8.832    5.1886
 8.817    5.1548
 8.802    5.1192
 8.787    5.0669
 8.772    4.9738
 8.757    4.9312
 8.742    4.8791
 8.727    4.7974
 8.713    4.7456
 8.698    4.6733
 8.684    4.6506
 8.669    4.5876
 8.655    4.4955
 8.640    4.4166
 8.626    4.3809
 8.612    4.3531
 8.597    4.3370
 8.583    4.3048
 8.569    4.3006
 8.555    4.3295
 8.541    4.3598
 8.527    4.3482
 8.513    4.3380
 8.499    4.3640
 8.485    4.3797
 8.471    4.3756
 8.457    4.3970
 8.443    4.3697
 8.430    4.3823
 8.416    4.4152
 8.402    4.4332
 8.389    4.4536
 8.375    4.4727
 8.361    4.4820
 8.348    4.5220
 8.335    4.5630
 8.321    4.5935
 8.308    4.6122
 8.295    4.6380
 8.281    4.6608
 8.268    4.6624
 8.255    4.6776
 8.242    4.7226
 8.229    4.7429
 8.216    4.7512
 8.203    4.7482
 8.190    4.7576
 8.177    4.7891
 8.164    4.7974
 8.151    4.7787
 8.138    4.7572
 8.126    4.7536
 8.113    4.7714
 8.100    4.7560
 8.088    4.7576
 8.075    4.7673
 8.062    4.7690
 8.050    4.7759
 8.037    4.7801
 8.025    4.7939
 8.013    4.8185
 8.000    4.8263
 7.988    4.8460
 7.976    4.8623
 7.963    4.8765
 7.951    4.8786
 7.939    4.8997
 7.927    4.9104
 7.915    4.9099
 7.903    4.9281
 7.891    4.9542
 7.879    4.9412
 7.867    4.9575
 7.855    5.0027
 7.843    5.0203
 7.831    5.0290
 7.819    5.0456
 7.808    5.0636
 7.796    5.0927
 7.784    5.1143
 7.772    5.1252
 7.761    5.1500
 7.749    5.1943
 7.737    5.2298
 7.726    5.2422
 7.715    5.2564
 7.703    5.2722
 7.692    5.2898
 7.680    5.3044
 7.669    5.3002
 7.657    5.3175
 7.646    5.3293
 7.635    5.3504
 7.624    5.3795
 7.613    5.4091
 7.601    5.4326
 7.590    5.4761
 7.579    5.5050
 7.568    5.5256
 7.557    5.5555
 7.546    5.6227
 7.535    5.7025
 7.524    5.7478
 7.513    5.7698
 7.502    5.8160
 7.492    5.8451
 7.481    5.8830
 7.470    5.9396
 7.459    5.9794
 7.449    6.0194
 7.438    6.0897
 7.427    6.1579
 7.417    6.2129
 7.406    6.2669
 7.395    6.3474
 7.385    6.4101
 7.374    6.4717
 7.364    6.5446
 7.353    6.5899
 7.343    6.6384
 7.333    6.7059
 7.322    6.7521
 7.312    6.8120
 7.302    6.8717
 7.291    6.9363
 7.281    7.0126
 7.271    7.0810
 7.261    7.1985
 7.251    7.3384
 7.240    7.4647
 7.230    7.5997
 7.220    7.7505
 7.210    7.9179
 7.200    8.1408
 7.190    8.4176
 7.180    8.6935
 7.170    8.9978
 7.160    9.3170
 7.151    9.6116
 7.141    9.8847
 7.131   10.2122
 7.121   10.7027
 7.111   11.2885
 7.102   11.8017
 7.092   12.2060
 7.082   12.4923
 7.072   12.7310
 7.063   12.9245
 7.053   13.0914
 7.044   13.2316
 7.034   13.3422
 7.025   13.4092
 7.015   13.4694
 7.006   13.5440
 6.996   13.5901
 6.987   13.6115
 6.977   13.6342
 6.968   13.6415
 6.959   13.6830
 6.949   13.7275
 6.940   13.7697
 6.931   13.8369
 6.921   13.9205
 6.912   14.0543
 6.903   14.2198
 6.894   14.3939
 6.885   14.5893
 6.875   14.7723
 6.866   14.9080
 6.857   15.0354
 6.848   15.1825
 6.839   15.3781
 6.830   15.5619
 6.821   15.7267
 6.812   15.9432
 6.803   16.1440
 6.794   16.3502
 6.785   16.5591
 6.777   16.7469
 6.768   16.9496
 6.759   17.1921
 6.750   17.4285
 6.741   17.7482
 6.733   18.0806
 6.724   18.3973
 6.715   18.7750
 6.707   19.1679
 6.698   19.5264
 6.689   19.8788
 6.681   20.2044
 6.672   20.5376
 6.663   20.8703
 6.655   21.1900
 6.646   21.5550
 6.638   21.9256
 6.629   22.2761
 6.621   22.6590
 6.612   23.0580
 6.604   23.4822
 6.596   23.9238
 6.587   24.3423
 6.579   24.7652
 6.571   25.2017
 6.562   25.5640
 6.554   25.9403
 6.546   26.3214
 6.537   26.6716
 6.529   26.9809
 6.521   27.2828
 6.513   27.5393
 6.505   27.7522
 6.496   27.9192
 6.488   28.0110
 6.480   27.9923
 6.472   27.8060
 6.464   27.3349
 6.456   26.4691
 6.448   25.0797
 6.440   23.2376
 6.432   21.2140
 6.424   19.2965
 6.416   17.5824
 6.408   16.0355
 6.400   14.6707
 6.392   13.4455
 6.384   12.2995
 6.377   11.2398
 6.369   10.2122
 6.361    9.1541
 6.353    8.0776
 6.345    7.0822
 6.338    6.1565
 6.330    5.3537
 6.322    4.7373
 6.314    4.2134
 6.307    3.7220
 6.299    3.3223
 6.291    3.0024
 6.284    2.7397
 6.276    2.4994
 6.269    2.2803
 6.261    2.0757
 6.253    1.8945
 6.246    1.7482
 6.239    1.6340
 6.231    1.4848
 6.223    1.3690
 6.216    1.3181
 6.209    1.2471
 6.201    1.1559
 6.194    1.1088
 6.186    1.0654
 6.179    1.0429
 6.172    1.0418
 6.164    1.0216
 6.157    0.9646
 6.150    0.9167
 6.142    0.9046
 6.135    0.8959
 6.128    0.8883
 6.121    0.8897
 6.113    0.8838
 6.106    0.8750
 6.099    0.8798
 6.092    0.8864
 6.085    0.8731
 6.078    0.8627
 6.070    0.8594
 6.063    0.8577
 6.056    0.8807
 6.049    0.8937
 6.042    0.9089
 6.035    0.9302
 6.028    0.9248
 6.021    0.9177
 6.014    0.9392
 6.007    0.9567
 6.000    0.9873
 5.993    1.0050
 5.986    1.0036
 5.979    1.0086
 5.973    1.0216
 5.966    1.0050
 5.959    1.0069
 5.952    1.0491
 5.945    1.0508
 5.938    1.0569
 5.931    1.0827
 5.925    1.0976
 5.918    1.1159
 5.911    1.1180
 5.904    1.1237
 5.898    1.1523
 5.891    1.1647
 5.884    1.1516
 5.878    1.1516
 5.871    1.1879
 5.864    1.1990
 5.858    1.1931
 5.851    1.2026
 5.845    1.2172
 5.838    1.2397
 5.831    1.2506
 5.825    1.2475
 5.818    1.2513
 5.812    1.2530
 5.805    1.2502
 5.799    1.2599
 5.792    1.2788
 5.786    1.2798
 5.779    1.2956
 5.773    1.2876
 5.767    1.2743
 5.760    1.2933
 5.754    1.3210
 5.747    1.3067
 5.741    1.2935
 5.735    1.3240
 5.728    1.3506
 5.722    1.3425
 5.716    1.3437
 5.709    1.3726
 5.703    1.3903
 5.697    1.3970
 5.691    1.4062
 5.684    1.4209
 5.678    1.4467
 5.672    1.4687
 5.666    1.4825
 5.660    1.5149
 5.653    1.5530
 5.647    1.5630
 5.641    1.5559
 5.635    1.5672
 5.629    1.5905
 5.623    1.5744
 5.617    1.5400
 5.611    1.5088
 5.604    1.4934
 5.598    1.4678
 5.592    1.4299
 5.586    1.4143
 5.580    1.3596
 5.574    1.2902
 5.568    1.2700
 5.562    1.2267
 5.556    1.1836
 5.551    1.2035
 5.545    1.2421
 5.539    1.3015
 5.533    1.3991
 5.527    1.4855
 5.521    1.5424
 5.515    1.6042
 5.509    1.6748
 5.503    1.7262
 5.497    1.7891
 5.492    1.8704
 5.486    1.9402
 5.480    2.0120
 5.474    2.0951
 5.468    2.1894
 5.463    2.3075
 5.457    2.4224
 5.451    2.5216
 5.446    2.6310
 5.440    2.7696
 5.434    2.9050
 5.428    3.0549
 5.423    3.2205
 5.417    3.3410
 5.411    3.4847
 5.406    3.6562
 5.400    3.8151
 5.394    3.9707
 5.389    4.1291
 5.383    4.2958
 5.378    4.4794
 5.372    4.6551
 5.367    4.8370
 5.361    5.0210
 5.356    5.1981
 5.350    5.3812
 5.345    5.5602
 5.339    5.7480
 5.333    5.9427
 5.328    6.1300
 5.322    6.3161
 5.317    6.5060
 5.312    6.7017
 5.306    6.8802
 5.301    7.0379
 5.295    7.2198
 5.290    7.4074
 5.285    7.5712
 5.279    7.7107
 5.274    7.8684
 5.268    8.0371
 5.263    8.1962
 5.258    8.3802
 5.252    8.5462
 5.247    8.7091
 5.242    8.8787
 5.237    9.0307
 5.231    9.1702
 5.226    9.3130
 5.221    9.4551
 5.215    9.5955
 5.210    9.7497
 5.205    9.8916
 5.200   10.0365
 5.194   10.1850
 5.189   10.3226
 5.184   10.4533
 5.179   10.5729
 5.174   10.6461
 5.169   10.7162
 5.164   10.8282
 5.158   10.9615
 5.153   11.0666
 5.148   11.1474
 5.143   11.2244
 5.138   11.2997
 5.133   11.3574
 5.128   11.3506
 5.123   11.2040
 5.118   10.8196
 5.113   10.0836
 5.107    8.9886
 5.103    7.9307
 5.098    7.6248
 5.093    8.4771
 5.088    9.8319
 5.082   10.8994
 5.077   11.4998
 5.073   11.7889
 5.068   11.9239
 5.063   12.0423
 5.058   12.2017
 5.053   12.3793
 5.048   12.5297
 5.043   12.6592
 5.038   12.7523
 5.033   12.8425
 5.028   12.9017
 5.023   12.9320
 5.019   12.9668
 5.014   12.9908
 5.009   13.0071
 5.004   13.0007
 4.999   12.9884
 4.994   12.9832
 4.990   12.9853
 4.985   12.9811
 4.980   12.9773
 4.975   12.9609
 4.970   12.9507
 4.966   12.9422
 4.961   12.9226
 4.956   12.9050
 4.951   12.8901
 4.947   12.8754
 4.942   12.8790
 4.937   12.8986
 4.933   12.9081
 4.928   12.9202
 4.923   12.9413
 4.919   12.9773
 4.914   13.0118
 4.909   13.0225
 4.905   13.0542
 4.900   13.0872
 4.895   13.1215
 4.891   13.1764
 4.886   13.2101
 4.882   13.2380
 4.877   13.2598
 4.872   13.2766
 4.868   13.2982
 4.863   13.3185
 4.859   13.3557
 4.854   13.4033
 4.849   13.4258
 4.845   13.4218
 4.840   13.4443
 4.836   13.4748
 4.832   13.4833
 4.827   13.4814
 4.822   13.5023
 4.818   13.5146
 4.814   13.5016
 4.809   13.5096
 4.805   13.5198
 4.800   13.5056
 4.796   13.4833
 4.791   13.4483
 4.787   13.4069
 4.782   13.3552
 4.778   13.2830
 4.774   13.1641
 4.769   13.0090
 4.765   12.8053
 4.761   12.5512
 4.756   12.2706
 4.752   11.9924
 4.747   11.6923
 4.743   11.3345
 4.739   10.9231
 4.734   10.4573
 4.730    9.9531
 4.726    9.3971
 4.721    8.7807
 4.717    8.1597
 4.713    7.5376
 4.709    6.9463
 4.704    6.4085
 4.700    5.9524
 4.696    5.6052
 4.691    5.3475
 4.687    5.1503
 4.683    4.9937
 4.679    4.8621
 4.675    4.7607
 4.670    4.7202
 4.666    4.7119
 4.662    4.7202
 4.658    4.7749
 4.654    4.8808
 4.649    5.0565
 4.645    5.3149
 4.641    5.6296
 4.637    5.9625
 4.633    6.3341
 4.629    6.6768
 4.625    6.9588
 4.620    7.2219
 4.616    7.4933
 4.612    7.7815
 4.608    8.0117
 4.604    8.1725
 4.600    8.3196
 4.596    8.4870
 4.592    8.6336
 4.588    8.7501
 4.584    8.8545
 4.580    8.9256
 4.576    8.9843
 4.572    9.0703
 4.567    9.1373
 4.564    9.1773
 4.559    9.2216
 4.556    9.2732
 4.551    9.3121
 4.548    9.3440
 4.543    9.3606
 4.540    9.3852
 4.536    9.4234
 4.532    9.4447
 4.528    9.4807
 4.524    9.5093
 4.520    9.5271
 4.516    9.5730
 4.512    9.6562
 4.508    9.7248
 4.504    9.7940
 4.500    9.8989
 4.496   10.0443
 4.492   10.2214
 4.488   10.3853
 4.485   10.5442
 4.481   10.7270
 4.477   10.9425
 4.473   11.1434
 4.469   11.3177
 4.465   11.4929
 4.461   11.6547
 4.458   11.7882
 4.454   11.9019
 4.450   12.0381
 4.446   12.2019
 4.442   12.3732
 4.439   12.5794
 4.435   12.7985
 4.431   12.9931
 4.427   13.1873
 4.423   13.3893
 4.420   13.5508
 4.416   13.6887
 4.412   13.8421
 4.408   13.9804
 4.404   14.0823
 4.401   14.1651
 4.397   14.2322
 4.393   14.3212
 4.390   14.4012
 4.386   14.4538
 4.382   14.5142
 4.378   14.5381
 4.375   14.5313
 4.371   14.5035
 4.367   14.4465
 4.364   14.3340
 4.360   14.1663
 4.356   13.9688
 4.353   13.7467
 4.349   13.5489
 4.346   13.3886
 4.342   13.2605
 4.338   13.1608
 4.335   13.0694
 4.331   13.0043
 4.327   12.9988
 4.324   12.9976
 4.320   12.9614
 4.316   12.9278
 4.313   12.9121
 4.309   12.9117
 4.306   12.9536
 4.302   13.0386
 4.299   13.1551
 4.295   13.2176
 4.292   13.2321
 4.288   13.2472
 4.284   13.2586
 4.281   13.2657
 4.277   13.2716
 4.274   13.2629
 4.270   13.2323
 4.267   13.2034
 4.263   13.1786
 4.260   13.1324
 4.256   13.0860
 4.253   13.0426
 4.249   12.9960
 4.246   12.9399
 4.242   12.8811
 4.239   12.8392
 4.235   12.7708
 4.232   12.6888
 4.229   12.6045
 4.225   12.5408
 4.222   12.4882
 4.218   12.4416
 4.215   12.3840
 4.211   12.3428
 4.208   12.2945
 4.205   12.2327
 4.201   12.1716
 4.198   12.0688
 4.194   11.9642
 4.191   11.8645
 4.188   11.7570
 4.184   11.6317
 4.181   11.5140
 4.177   11.3783
 4.174   11.2525
 4.171   11.1270
 4.167   10.9871
 4.164   10.8308
 4.161   10.6813
 4.157   10.5393
 4.154   10.3749
 4.151   10.1772
 4.147    9.9967
 4.144    9.8314
 4.141    9.6590
 4.137    9.4653
 4.134    9.2642
 4.131    9.0632
 4.128    8.8661
 4.124    8.6644
 4.121    8.4692
 4.118    8.2739
 4.114    8.0723
 4.111    7.8836
 4.108    7.6920
 4.105    7.5052
 4.101    7.3264
 4.098    7.1599
 4.095    6.9925
 4.092    6.8047
 4.088    6.6263
 4.085    6.4428
 4.082    6.2458
 4.079    6.0516
 4.076    5.8583
 4.072    5.6675
 4.069    5.4674
 4.066    5.2789
 4.063    5.1190
 4.060    4.9497
 4.056    4.7785
 4.053    4.5999
 4.050    4.4095
 4.047    4.2345
 4.044    4.0403
 4.041    3.8497
 4.037    3.6841
 4.034    3.5442
 4.031    3.4173
 4.028    3.3228
 4.025    3.2342
 4.022    3.1527
 4.019    3.0852
 4.016    3.0161
 4.013    2.9448
 4.009    2.8856
 4.006    2.8143
 4.003    2.7437
 4.000    2.6871
 3.997    2.6322
 3.994    2.5756
 3.991    2.5382
 3.988    2.5062
 3.985    2.4648
 3.982    2.4404
 3.979    2.4198
 3.976    2.3982
 3.973    2.3847
 3.970    2.3845
 3.966    2.3918
 3.963    2.3982
 3.960    2.4015
 3.957    2.4124
 3.954    2.4357
 3.951    2.4828
 3.948    2.5216
 3.945    2.5687
 3.942    2.6232
 3.939    2.6737
 3.936    2.7312
 3.933    2.7634
 3.930    2.7736
 3.927    2.7833
 3.924    2.8037
 3.921    2.8160
 3.918    2.8416
 3.916    2.8695
 3.913    2.8667
 3.910    2.8633
 3.907    2.8837
 3.904    2.8972
 3.901    2.9171
 3.898    2.9308
 3.895    2.9417
 3.892    2.9529
 3.889    2.9706
 3.886    2.9649
 3.883    2.9398
 3.880    2.9526
 3.877    2.9645
 3.875    2.9737
 3.872    2.9919
 3.869    3.0052
 3.866    3.0069
 3.863    3.0180
 3.860    3.0275
 3.857    3.0272
 3.854    3.0485
 3.852    3.0734
 3.849    3.0874
 3.846    3.1084
 3.843    3.1390
 3.840    3.1568
 3.837    3.1883
 3.834    3.2385
 3.832    3.2657
 3.829    3.3164
 3.826    3.3898
 3.823    3.4352
 3.820    3.5063
 3.817    3.5899
 3.815    3.6661
 3.812    3.7568
 3.809    3.8703
 3.806    4.0259
 3.804    4.2108
 3.801    4.4292
 3.798    4.7186
 3.795    5.0840
 3.792    5.5197
 3.790    5.9803
 3.787    6.4217
 3.784    6.8582
 3.781    7.2437
 3.779    7.5762
 3.776    7.8812
 3.773    8.1967
 3.770    8.4981
 3.768    8.7672
 3.765    9.0258
 3.762    9.2671
 3.759    9.5070
 3.757    9.7277
 3.754    9.9297
 3.751   10.1407
 3.748   10.3666
 3.746   10.5916
 3.743   10.8187
 3.740   11.0718
 3.738   11.3188
 3.735   11.5585
 3.732   11.7700
 3.730   11.9407
 3.727   12.1110
 3.724   12.2708
 3.722   12.3954
 3.719   12.5003
 3.716   12.6140
 3.714   12.7123
 3.711   12.8101
 3.708   12.9100
 3.706   12.9972
 3.703   13.0701
 3.700   13.1563
 3.698   13.2472
 3.695   13.3180
 3.692   13.3666
 3.690   13.4009
 3.687   13.4334
 3.684   13.4725
 3.682   13.5186
 3.679   13.5468
 3.677   13.5385
 3.674   13.5184
 3.672   13.5314
 3.669   13.5234
 3.666   13.5056
 3.664   13.4770
 3.661   13.4504
 3.659   13.4211
 3.656   13.3562
 3.653   13.3095
 3.651   13.2411
 3.648   13.1724
 3.646   13.1101
 3.643   13.0388
 3.641   12.9808
 3.638   12.8998
 3.636   12.8030
 3.633   12.7253
 3.630   12.6471
 3.628   12.5704
 3.625   12.4549
 3.623   12.3237
 3.620   12.2081
 3.618   12.1100
 3.615   12.0094
 3.613   11.8680
 3.610   11.7096
 3.608   11.5587
 3.605   11.3847
 3.603   11.1758
 3.600   10.9613
 3.598   10.7356
 3.595   10.4602
 3.593   10.1684
 3.590    9.8750
 3.588    9.5458
 3.585    9.1918
 3.583    8.8212
 3.580    8.4427
 3.578    8.0761
 3.575    7.7287
 3.573    7.4737
 3.570    7.3328
 3.568    7.2262
 3.565    7.1589
 3.563    7.1087
 3.561    7.0022
 3.558    6.8182
 3.556    6.6323
 3.553    6.4291
 3.551    6.2062
 3.548    5.9917
 3.546    5.8112
 3.543    5.6109
 3.541    5.4034
 3.539    5.2147
 3.536    5.0134
 3.534    4.7858
 3.531    4.5585
 3.529    4.3539
 3.527    4.1502
 3.524    3.9629
 3.522    3.8113
 3.519    3.6773
 3.517    3.5584
 3.515    3.4802
 3.512    3.4092
 3.510    3.3455
 3.507    3.2842
 3.505    3.1984
 3.503    3.1520
 3.500    3.1473
 3.498    3.1120
 3.496    3.0308
 3.493    2.9922
 3.491    2.9836
 3.489    2.9754
 3.486    2.9263
 3.484    2.8955
 3.482    2.8818
 3.479    2.8562
 3.477    2.8375
 3.475    2.8468
 3.472    2.8837
 3.470    2.9067
 3.468    2.9479
 3.465    3.0040
 3.463    3.0625
 3.461    3.1388
 3.458    3.1783
 3.456    3.1883
 3.454    3.2017
 3.451    3.2299
 3.449    3.2463
 3.447    3.2588
 3.445    3.2508
 3.442    3.2565
 3.440    3.2880
 3.438    3.3147
 3.436    3.3012
 3.433    3.2837
 3.431    3.3251
 3.429    3.3526
 3.426    3.3538
 3.424    3.3254
 3.422    3.3401
 3.420    3.3571
 3.417    3.3249
 3.415    3.3164
 3.413    3.3377
 3.411    3.3157
 3.408    3.2996
 3.406    3.3261
 3.404    3.3438
 3.402    3.3270
 3.399    3.3166
 3.397    3.3088
 3.395    3.3036
 3.393    3.3154
 3.391    3.3007
 3.388    3.2837
 3.386    3.3012
 3.384    3.3095
 3.382    3.2986
 3.380    3.2891
 3.377    3.2870
 3.375    3.2941
 3.373    3.2801
 3.371    3.2602
 3.369    3.2470
 3.366    3.2652
 3.364    3.2470
 3.362    3.1956
 3.360    3.1608
 3.358    3.1463
 3.355    3.1478
 3.353    3.1328
 3.351    3.0784
 3.349    3.0369
 3.347    3.1032
 3.345    3.1909
 3.342    3.2685
 3.340    3.4101
 3.338    3.6024
 3.336    3.8397
 3.334    4.1019
 3.332    4.3579
 3.330    4.5784
 3.327    4.7981
 3.325    5.0039
 3.323    5.1668
 3.321    5.3229
 3.319    5.4693
 3.317    5.6102
 3.315    5.7646
 3.313    5.9301
 3.310    6.0904
 3.308    6.2619
 3.306    6.4625
 3.304    6.6619
 3.302    6.8968
 3.300    7.1521
 3.298    7.3877
 3.296    7.6354
 3.294    7.8748
 3.292    8.1334
 3.289    8.3672
 3.287    8.5858
 3.285    8.7927
 3.283    8.9505
 3.281    9.1444
 3.279    9.3744
 3.277    9.5484
 3.275    9.7104
 3.273    9.8932
 3.271   10.0550
 3.269   10.2068
 3.267   10.3453
 3.265   10.4917
 3.263   10.6342
 3.261   10.7664
 3.258   10.9243
 3.256   11.0633
 3.254   11.1772
 3.252   11.2817
 3.250   11.3984
 3.248   11.5218
 3.246   11.6416
 3.244   11.7394
 3.242   11.8266
 3.240   11.9308
 3.238   12.0530
 3.236   12.1520
 3.234   12.2375
 3.232   12.3511
 3.230   12.4686
 3.228   12.5726
 3.226   12.6732
 3.224   12.7663
 3.222   12.8347
 3.220   12.9214
 3.218   12.9943
 3.216   13.0947
 3.214   13.1859
 3.212   13.2629
 3.210   13.3339
 3.208   13.4109
 3.206   13.4852
 3.204   13.5596
 3.202   13.5975
 3.200   13.6373
 3.198   13.6832
 3.196   13.6785
 3.194   13.7232
 3.192   13.7744
 3.190   13.7952
 3.188   13.8049
 3.186   13.8277
 3.184   13.8386
 3.182   13.8092
 3.180   13.7666
 3.179   13.7292
 3.177   13.6309
 3.175   13.5248
 3.173   13.4282
 3.171   13.3199
 3.169   13.1795
 3.167   12.9647
 3.165   12.7383
 3.163   12.5692
 3.161   12.3525
 3.159   12.0878
 3.157   11.8792
 3.155   11.7409
 3.153   11.6232
 3.152   11.5438
 3.150   11.4986
 3.148   11.5128
 3.146   11.5317
 3.144   11.5597
 3.142   11.6037
 3.140   11.6549
 3.138   11.7136
 3.136   11.7634
 3.134   11.8209
 3.132   11.8886
 3.131   11.9147
 3.129   11.9507
 3.127   11.9628
 3.125   11.8863
 3.123   11.8287
 3.121   11.7205
 3.119   11.5426
 3.117   11.3747
 3.115   11.2376
 3.114   11.1071
 3.112   10.9632
 3.110   10.8857
 3.108   10.8571
 3.106   10.8594
 3.104   10.9423
 3.102   11.0261
 3.101   11.1123
 3.099   11.2137
 3.097   11.3226
 3.095   11.4422
 3.093   11.5848
 3.091   11.6916
 3.090   11.8076
 3.088   11.9464
 3.086   12.1093
 3.084   12.2531
 3.082   12.3987
 3.080   12.5472
 3.079   12.6945
 3.077   12.7866
 3.075   12.8330
 3.073   12.9247
 3.071   12.9785
 3.069   13.0275
 3.067   13.0725
 3.066   13.1433
 3.064   13.2269
 3.062   13.2882
 3.060   13.3408
 3.059   13.3905
 3.057   13.4819
 3.055   13.5582
 3.053   13.6065
 3.051   13.6988
 3.050   13.7922
 3.048   13.8592
 3.046   13.9061
 3.044   13.9399
 3.042   13.9743
 3.041   14.0152
 3.039   14.0863
 3.037   14.1767
 3.035   14.2281
 3.033   14.2565
 3.032   14.2989
 3.030   14.3648
 3.028   14.3709
 3.026   14.3809
 3.025   14.4372
 3.023   14.4917
 3.021   14.5298
 3.019   14.5791
 3.018   14.6163
 3.016   14.6224
 3.014   14.6456
 3.012   14.7181
 3.011   14.7577
 3.009   14.7522
 3.007   14.7650
 3.005   14.7861
 3.004   14.8268
 3.002   14.8519
 3.000   14.8543
 2.998   14.8628
 2.997   14.8725
 2.995   14.8834
 2.993   14.9087
 2.991   14.8801
 2.990   14.8630
 2.988   14.8474
 2.986   14.8673
 2.985   14.8559
 2.983   14.8379
 2.981   14.8327
 2.979   14.8450
 2.978   14.8682
 2.976   14.8803
 2.974   14.8716
 2.973   14.8618
 2.971   14.8592
 2.969   14.8450
 2.967   14.8389
 2.966   14.7756
 2.964   14.7539
 2.962   14.7823
 2.961   14.7792
 2.959   14.7562
 2.957   14.7212
 2.956   14.6916
 2.954   14.6928
 2.952   14.7607
 2.951   14.7614
 2.949   14.7415
 2.947   14.7394
 2.946   14.7546
 2.944   14.7558
 2.942   14.7394
 2.941   14.7174
 2.939   14.7314
 2.937   14.7539
 2.936   14.7688
 2.934   14.7970
 2.932   14.8090
 2.931   14.8266
 2.929   14.8559
 2.927   14.8491
 2.926   14.8268
 2.924   14.8327
 2.922   14.8699
 2.921   14.8986
 2.919   14.9180
 2.917   14.9414
 2.916   14.9464
 2.914   14.9807
 2.912   15.0103
 2.911   15.0151
 2.909   15.0290
 2.908   15.0556
 2.906   15.0930
 2.904   15.1084
 2.903   15.1313
 2.901   15.1330
 2.899   15.1361
 2.898   15.1640
 2.896   15.2175
 2.895   15.2469
 2.893   15.2524
 2.891   15.2857
 2.890   15.3210
 2.888   15.3464
 2.886   15.4196
 2.885   15.4823
 2.883   15.4463
 2.882   15.4522
 2.880   15.5309
 2.878   15.5877
 2.877   15.6140
 2.875   15.6632
 2.874   15.7101
 2.872   15.7021
 2.870   15.7210
 2.869   15.7430
 2.867   15.8037
 2.866   15.8572
 2.864   15.8588
 2.863   15.8783
 2.861   15.9083
 2.859   15.9365
 2.858   15.9628
 2.856   15.9974
 2.855   16.0384
 2.853   16.0324
 2.852   16.0431
 2.850   16.0774
 2.848   16.0897
 2.847   16.0935
 2.845   16.1129
 2.844   16.1475
 2.842   16.1527
 2.841   16.1418
 2.839   16.1423
 2.837   16.1134
 2.836   16.0779
 2.834   16.0462
 2.833   16.0597
 2.831   16.0123
 2.830   15.9292
 2.828   15.8427
 2.827   15.7802
 2.825   15.7139
 2.824   15.6668
 2.822   15.6313
 2.821   15.5624
 2.819   15.4546
 2.817   15.3189
 2.816   15.2022
 2.814   15.1148
 2.813   14.9781
 2.811   14.8230
 2.810   14.6556
 2.808   14.5043
 2.807   14.3335
 2.805   14.1317
 2.804   13.9811
 2.802   13.8054
 2.801   13.5918
 2.799   13.4000
 2.798   13.1544
 2.796   12.8686
 2.795   12.5896
 2.793   12.3002
 2.792   12.0336
 2.790   11.8320
 2.789   11.6805
 2.787   11.6298
 2.786   11.6655
 2.784   11.7655
 2.783   11.9443
 2.781   12.1934
 2.780   12.5186
 2.778   12.8515
 2.777   13.1518
 2.775   13.4613
 2.774   13.7829
 2.772   14.1197
 2.771   14.4721
 2.769   14.8398
 2.768   15.2147
 2.766   15.5936
 2.765   15.9514
 2.763   16.2655
 2.762   16.5328
 2.761   16.7770
 2.759   17.0190
 2.757   17.2437
 2.756   17.4126
 2.755   17.5466
 2.753   17.6762
 2.752   17.8149
 2.750   17.9397
 2.749   18.0752
 2.747   18.2289
 2.746   18.3589
 2.744   18.4830
 2.743   18.6182
 2.741   18.7272
 2.740   18.8401
 2.739   18.9531
 2.737   19.0755
 2.736   19.2036
 2.734   19.3097
 2.733   19.4241
 2.731   19.5392
 2.730   19.6524
 2.728   19.7635
 2.727   19.8572
 2.726   19.9745
 2.724   20.0990
 2.723   20.2830
 2.721   20.4694
 2.720   20.6473
 2.719   20.8275
 2.717   21.0494
 2.716   21.2258
 2.714   21.3700
 2.713   21.5483
 2.711   21.7278
 2.710   21.8950
 2.708   22.0532
 2.707   22.1835
 2.706   22.3509
 2.704   22.5605
 2.703   22.7350
 2.701   22.8636
 2.700   23.0149
 2.699   23.2016
 2.697   23.3484
 2.696   23.4647
 2.695   23.6271
 2.693   23.7853
 2.692   23.8945
 2.690   24.0122
 2.689   24.1725
 2.688   24.3205
 2.686   24.4697
 2.685   24.6274
 2.683   24.7688
 2.682   24.8515
 2.680   24.9358
 2.679   25.0288
 2.678   25.1053
 2.676   25.1539
 2.675   25.2164
 2.674   25.2960
 2.672   25.3585
 2.671   25.3706
 2.670   25.4080
 2.668   25.4577
 2.667   25.4991
 2.665   25.5448
 2.664   25.5941
 2.663   25.6159
 2.661   25.6301
 2.660   25.6644
 2.659   25.7075
 2.657   25.7210
 2.656   25.7765
 2.655   25.8063
 2.653   25.8042
 2.652   25.7933
 2.650   25.8068
 2.649   25.8338
 2.648   25.8435
 2.646   25.8290
 2.645   25.8252
 2.644   25.8563
 2.642   25.8861
 2.641   25.8709
 2.640   25.8863
 2.638   25.8776
 2.637   25.8842
 2.636   25.8667
 2.634   25.8378
 2.633   25.8492
 2.632   25.8591
 2.630   25.8515
 2.629   25.8406
 2.627   25.8579
 2.626   25.8309
 2.625   25.7885
 2.624   25.7928
 2.622   25.7774
 2.621   25.8001
 2.620   25.8032
 2.618   25.7826
 2.617   25.7450
 2.616   25.6907
 2.614   25.6966
 2.613   25.7135
 2.612   25.6962
 2.610   25.6455
 2.609   25.6370
 2.608   25.6559
 2.606   25.6012
 2.605   25.5460
 2.604   25.4958
 2.603   25.4435
 2.601   25.4302
 2.600   25.3566
 2.599   25.2547
 2.597   25.2067
 2.596   25.1868
 2.595   25.1254
 2.593   25.0082
 2.592   24.8718
 2.591   24.7761
 2.590   24.6615
 2.588   24.5675
 2.587   24.4702
 2.586   24.3281
 2.584   24.2225
 2.583   24.1173
 2.582   24.0003
 2.580   23.9193
 2.579   23.8211
 2.578   23.6953
 2.577   23.5923
 2.575   23.4798
 2.574   23.3711
 2.573   23.2276
 2.571   23.0509
 2.570   22.8710
 2.569   22.6810
 2.568   22.4634
 2.566   22.2202
 2.565   21.9718
 2.564   21.6923
 2.563   21.3868
 2.561   21.0899
 2.560   20.7200
 2.559   20.2712
 2.558   19.8539
 2.556   19.4357
 2.555   18.9464
 2.554   18.4247
 2.553   17.9120
 2.551   17.4251
 2.550   16.9387
 2.549   16.4450
 2.547   15.9597
 2.546   15.5091
 2.545   15.1150
 2.544   14.7278
 2.543   14.3454
 2.541   14.0247
 2.540   13.7893
 2.539   13.6145
 2.538   13.4665
 2.536   13.3642
 2.535   13.3072
 2.534   13.3036
 2.533   13.3701
 2.531   13.4703
 2.530   13.5878
 2.529   13.7356
 2.528   13.9179
 2.526   14.1064
 2.525   14.2963
 2.524   14.5028
 2.523   14.6970
 2.522   14.8843
 2.520   15.0681
 2.519   15.2855
 2.518   15.4529
 2.517   15.5875
 2.515   15.6935
 2.514   15.8198
 2.513   15.9758
 2.512   16.0743
 2.511   16.1575
 2.509   16.2266
 2.508   16.2920
 2.507   16.3881
 2.506   16.4535
 2.504   16.5212
 2.503   16.5695
 2.502   16.6216
 2.501   16.7062
 2.500   16.7642
 2.498   16.8116
 2.497   16.8653
 2.496   16.9487
 2.495   17.0337
 2.494   17.0998
 2.492   17.1845
 2.491   17.2833
 2.490   17.3444
 2.489   17.3910
 2.488   17.4858
 2.486   17.6253
 2.485   17.7498
 2.484   17.8914
 2.483   18.0411
 2.482   18.1917
 2.481   18.3215
 2.479   18.4922
 2.478   18.6651
 2.477   18.8546
 2.476   19.0452
 2.474   19.2114
 2.473   19.4137
 2.472   19.6031
 2.471   19.8127
 2.470   20.0216
 2.469   20.2084
 2.467   20.4059
 2.466   20.6321
 2.465   20.8486
 2.464   21.0577
 2.463   21.2533
 2.462   21.4200
 2.460   21.5836
 2.459   21.7719
 2.458   21.9481
 2.457   22.1141
 2.456   22.2702
 2.455   22.4260
 2.454   22.5491
 2.452   22.6806
 2.451   22.8120
 2.450   22.9498
 2.449   23.1092
 2.448   23.2463
 2.446   23.3410
 2.445   23.4502
 2.444   23.5904
 2.443   23.7029
 2.442   23.8047
 2.441   23.9309
 2.440   24.0233
 2.438   24.1121
 2.437   24.2125
 2.436   24.3084
 2.435   24.3750
 2.434   24.4574
 2.433   24.5694
 2.432   24.6757
 2.430   24.7442
 2.429   24.8628
 2.428   24.9476
 2.427   25.0004
 2.426   25.1011
 2.425   25.2100
 2.424   25.2723
 2.422   25.3353
 2.421   25.4359
 2.420   25.4909
 2.419   25.5276
 2.418   25.6128
 2.417   25.6794
 2.416   25.6945
 2.415   25.7383
 2.414   25.7911
 2.412   25.8181
 2.411   25.8267
 2.410   25.8892
 2.409   25.9055
 2.408   25.8809
 2.407   25.9178
 2.406   25.9039
 2.405   25.8740
 2.403   25.8570
 2.402   25.8286
 2.401   25.8236
 2.400   25.8494
 2.399   25.8461
 2.398   25.8792
 2.397   25.9304
 2.396   25.9867
 2.394   25.9642
 2.393   25.9417
 2.392   25.9271
 2.391   25.9389
 2.390   25.9704
 2.389   25.9721
 2.388   25.9460
 2.387   25.9254
 2.386   25.9048
 2.385   25.8529
 2.384   25.8278
 2.382   25.8165
 2.381   25.7433
 2.380   25.6988
 2.379   25.6720
 2.378   25.5948
 2.377   25.5195
 2.376   25.4108
 2.375   25.3054
 2.374   25.2294
 2.373   25.1285
 2.372   24.9604
 2.370   24.8050
 2.369   24.7094
 2.368   24.6047
 2.367   24.4754
 2.366   24.2935
 2.365   24.0993
 2.364   23.8957
 2.363   23.6839
 2.362   23.4050
 2.361   23.1289
 2.360   22.8366
 2.359   22.4984
 2.357   22.2010
 2.356   21.9651
 2.355   21.6623
 2.354   21.3269
 2.353   21.0496
 2.352   20.8133
 2.351   20.5251
 2.350   20.2752
 2.349   20.0564
 2.348   19.8487
 2.347   19.6325
 2.346   19.4431
 2.345   19.2986
 2.344   19.1837
 2.343   19.0807
 2.341   18.9886
 2.341   18.9225
 2.339   18.8785
 2.338   18.8496
 2.337   18.8325
 2.336   18.8224
 2.335   18.8723
 2.334   18.9216
 2.333   18.9626
 2.332   19.0165
 2.331   19.1158
 2.330   19.2323
 2.329   19.3317
 2.328   19.4698
 2.327   19.6185
 2.326   19.7495
 2.325   19.8797
 2.324   19.9877
 2.323   20.0716
 2.322   20.1938
 2.321   20.3160
 2.320   20.3846
 2.318   20.4628
 2.317   20.5641
 2.316   20.6612
 2.315   20.7339
 2.314   20.7830
 2.313   20.8540
 2.312   20.9165
 2.311   20.9665
 2.310   21.0525
 2.309   21.1311
 2.308   21.1581
 2.307   21.1576
 2.306   21.2106
 2.305   21.2976
 2.304   21.3305
 2.303   21.3944
 2.302   21.4809
 2.301   21.5213
 2.300   21.5666
 2.299   21.6374
 2.298   21.7087
 2.297   21.7676
 2.296   21.8233
 2.295   21.8785
 2.294   21.9843
 2.293   22.1011
 2.292   22.1761
 2.291   22.2609
 2.290   22.3881
 2.289   22.4440
 2.288   22.5188
 2.287   22.6628
 2.286   22.7627
 2.285   22.8172
 2.284   22.9453
 2.283   23.0910
 2.282   23.2316
 2.281   23.3003
 2.280   23.3695
 2.279   23.4860
 2.278   23.6378
 2.277   23.7768
 2.276   23.8933
 2.275   24.0176
 2.274   24.1204
 2.273   24.2364
 2.272   24.3238
 2.271   24.4055
 2.270   24.5069
 2.269   24.5730
 2.268   24.6146
 2.267   24.7169
 2.266   24.8477
 2.265   24.9137
 2.264   24.9575
 2.263   25.0471
 2.262   25.1522
 2.261   25.2228
 2.260   25.3012
 2.259   25.3535
 2.258   25.4255
 2.257   25.5117
 2.256   25.5941
 2.255   25.6533
 2.254   25.6971
 2.253   25.7585
 2.252   25.8233
 2.251   25.8897
 2.250   25.9548
 2.249   25.9768
 2.248   26.0261
 2.247   26.1127
 2.246   26.2082
 2.245   26.2482
 2.244   26.2326
 2.243   26.2643
 2.242   26.2948
 2.241   26.3422
 2.240   26.4282
 2.239   26.4864
 2.238   26.5011
 2.237   26.5776
 2.236   26.6288
 2.236   26.6342
 2.235   26.6437
 2.234   26.6683
 2.233   26.7195
 2.232   26.7483
 2.231   26.8059
 2.230   26.8843
 2.229   26.9193
 2.228   26.9179
 2.227   26.9601
 2.226   27.0060
 2.225   27.0122
 2.224   27.0124
 2.223   27.0351
 2.222   27.0725
 2.221   27.1400
 2.220   27.1936
 2.219   27.2116
 2.218   27.2130
 2.217   27.2196
 2.216   27.2045
 2.216   27.2054
 2.215   27.2653
 2.214   27.3266
 2.213   27.3484
 2.212   27.3494
 2.211   27.3662
 2.210   27.3823
 2.209   27.4100
 2.208   27.4102
 2.207   27.4337
 2.206   27.4910
 2.205   27.5000
 2.204   27.4792
 2.203   27.4991
 2.202   27.5388
 2.201   27.5464
 2.200   27.5412
 2.200   27.5317
 2.199   27.5403
 2.198   27.5805
 2.197   27.5791
 2.196   27.5767
 2.195   27.6061
 2.194   27.5952
 2.193   27.6205
 2.192   27.6104
 2.191   27.5928
 2.190   27.6402
 2.189   27.6606
 2.188   27.6435
 2.187   27.6307
 2.187   27.6402
 2.186   27.6606
 2.185   27.6317
 2.184   27.6359
 2.183   27.6942
 2.182   27.6426
 2.181   27.5900
 2.180   27.6265
 2.179   27.6269
 2.178   27.5701
 2.177   27.5398
 2.176   27.5834
 2.176   27.5687
 2.175   27.5549
 2.174   27.5462
 2.173   27.5294
 2.172   27.5561
 2.171   27.5578
 2.170   27.5104
 2.169   27.4884
 2.168   27.5289
 2.167   27.4976
 2.166   27.4621
 2.166   27.4285
 2.165   27.4237
 2.164   27.4230
 2.163   27.4233
 2.162   27.4673
 2.161   27.4690
 2.160   27.4721
 2.159   27.4233
 2.158   27.3608
 2.157   27.3679
 2.156   27.3707
 2.156   27.3721
 2.155   27.3930
 2.154   27.3922
 2.153   27.4157
 2.152   27.4091
 2.151   27.3750
 2.150   27.3882
 2.149   27.3977
 2.148   27.4271
 2.148   27.4673
 2.147   27.5223
 2.146   27.5405
 2.145   27.5985
 2.144   27.6478
 2.143   27.5843
 2.142   27.6293
 2.141   27.6828
 2.140   27.6885
 2.140   27.6994
 2.139   27.7458
 2.138   27.8050
 2.137   27.7742
 2.136   27.7515
 2.135   27.8240
 2.134   27.8126
 2.133   27.8017
 2.132   27.8614
 2.132   27.8799
 2.131   27.8692
 2.130   27.8609
 2.129   27.8723
 2.128   27.9168
 2.127   27.9438
 2.126   27.9443
 2.126   27.9357
 2.125   27.9125
 2.124   27.8983
 2.123   27.9083
 2.122   27.9291
 2.121   27.9589
 2.120   27.9471
 2.119   28.0016
 2.119   28.0575
 2.118   28.0556
 2.117   28.0721
 2.116   28.0456
 2.115   28.0125
 2.114   28.0049
 2.113   28.0290
 2.112   28.0712
 2.112   28.0797
 2.111   28.0854
 2.110   28.1058
 2.109   28.1512
 2.108   28.1853
 2.107   28.1205
 2.107   28.1138
 2.106   28.1252
 2.105   28.1418
 2.104   28.1527
 2.103   28.1707
 2.102   28.1683
 2.101   28.1943
 2.100   28.2166
 2.100   28.2261
 2.099   28.2206
 2.098   28.2398
 2.097   28.2876
 2.096   28.2862
 2.095   28.2521
 2.095   28.2436
 2.094   28.2824
 2.093   28.3180
 2.092   28.2820
 2.091   28.3042
 2.090   28.3355
 2.090   28.3348
 2.089   28.3047
 2.088   28.2654
 2.087   28.3492
 2.086   28.3582
 2.085   28.3002
 2.084   28.2858
 2.084   28.2765
 2.083   28.3862
 2.082   28.4456
 2.081   28.3691
 2.080   28.3620
 2.079   28.3705
 2.076   28.3986
 2.072   28.4270
 2.068   28.5549
 2.064   28.5240
 2.060   28.6104
 2.056   28.6335
 2.052   28.5071
 2.048   28.6219
 2.044   28.4542
 2.040   28.5338
 2.036   28.6495
 2.032   28.6805
 2.028   28.7154
 2.024   28.7870
 2.020   28.6477
 2.016   28.4653
 2.012   28.4321
 2.008   28.3337
 2.004   28.3425
 2.000   28.3086
 1.996   28.2241
 1.992   28.0565
 1.988   28.0566
 1.984   28.0605
 1.980   28.0065
 1.976   28.0566
 1.972   28.1528
 1.968   28.2456
 1.964   28.5242
 1.960   28.6941
 1.956   28.7813
 1.952   28.7807
 1.948   28.8241
 1.944   28.8553
 1.940   28.9262
 1.936   28.8326
 1.932   28.8906
 1.928   28.7643
 1.924   28.8548
 1.920   28.4880
 1.916   28.4972
 1.912   28.6743
 1.908   28.7027
 1.904   28.7476
 1.900   28.8420
 1.896   28.8901
 1.892   28.8622
 1.888   28.9754
 1.884   28.8931
 1.880   28.7894
 1.876   28.6941
 1.872   28.5396
 1.868   28.3745
 1.864   28.4787
 1.860   28.5667
 1.856   28.5985
 1.852   28.7510
 1.848   28.8158
 1.844   28.8212
 1.840   28.9030
 1.836   29.0082
 1.832   28.9896
 1.828   29.1119
 1.824   29.1041
 1.820   29.1852
 1.816   29.2231
 1.812   29.2541
 1.808   29.2461
 1.804   29.3818
 1.800   29.3373
 1.796   29.3317
 1.792   29.4187
 1.788   29.3941
 1.784   29.4321
 1.780   29.3629
 1.776   29.3998
 1.772   29.3251
 1.768   29.2749
 1.764   29.2364
 1.760   29.2418
 1.756   29.2982
 1.752   29.1880
 1.748   29.2086
 1.744   29.2867
 1.740   29.4277
 1.736   29.4656
 1.732   29.4905
 1.728   29.5654
 1.724   29.5965
 1.720   29.5845
 1.716   29.6115
 1.712   29.5055
 1.708   29.4553
 1.704   29.5622
 1.700   29.6869
 1.696   29.6305
 1.692   29.7497
 1.688   29.5991
 1.684   29.6798
 1.680   29.7366
 1.676   29.7178
 1.672   29.6354
 1.668   29.6919
 1.664   29.7294
 1.660   29.6224
 1.656   29.5731
 1.652   29.6921
 1.648   29.7044
 1.644   29.8308
 1.640   29.8498
 1.636   29.7543
 1.632   29.8308
 1.628   29.7866
 1.624   29.7604
 1.620   29.7985
 1.616   29.7740
 1.612   29.7930
 1.608   29.7865
 1.604   29.7918
 1.600   29.8489
 1.596   29.8097
 1.592   29.8362
 1.588   29.8942
 1.584   29.8308
 1.580   29.6975
 1.576   29.7921
 1.572   29.9887
 1.568   30.0132
 1.564   29.9496
 1.560   29.8608
 1.556   29.9060
 1.552   29.8608
 1.548   29.7326
 1.544   29.7599
 1.540   29.8669
 1.536   29.9051
 1.532   30.0270
 1.528   30.1043
 1.524   30.0530
 1.520   30.0204
 1.516   29.9041
 1.512   29.9369
 1.508   29.9305
 1.504   29.7631
 1.500   29.8277
 1.496   29.8857
 1.492   29.8794
 1.488   29.8962
 1.484   29.9151
 1.480   29.9496
 1.476   29.8598
 1.472   29.9688
 1.468   29.9688
 1.464   29.8634
 1.460   29.9037
 1.456   29.7187
 1.452   29.7154
 1.448   29.7203
 1.444   29.6919
 1.440   29.7907
 1.436   29.9234
 1.432   29.8877
 1.428   29.9200
 1.424   29.8013
 1.420   29.7894
 1.416   29.8572
 1.412   29.8764
 1.408   29.6677
 1.404   29.9059
 1.400   30.1992
 1.396   30.0125
 1.392   30.0969
 1.388   30.1554
 1.384   30.1556
 1.380   30.0507
 1.376   30.0936
 1.372   30.1541
 1.368   30.2570
 1.364   30.2206
 1.360   30.1945
 1.356   30.2903
 1.352   30.2620
 1.348   30.2875
 1.344   30.2044
 1.340   30.2160
 1.336   30.3568
 1.332   30.3389
 1.328   30.1579
 1.324   30.0810
 1.320   30.0890
 1.316   30.1148
 1.312   30.1327
 1.308   30.0687
 1.304   30.0227
 1.300   30.0621
 1.296   30.0810
 1.292   30.1320
 1.288   30.1895
 1.284   30.0318
 1.280   30.0952
 1.276   30.1943
 1.272   30.2700
 1.268   30.3444
 1.264   30.4300
 1.260   30.2757
 1.256   30.3349
 1.252   30.4471
 1.248   30.6057
 1.244   30.6428
 1.240   30.5936
 1.236   30.7363
 1.232   30.8091
 1.228   30.6996
 1.224   30.7130
 1.220   30.7799
 1.216   30.6272
 1.212   30.6605
 1.208   30.7268
 1.204   30.7466
 1.200   30.7997
 1.196   30.7467
 1.192   30.7266
 1.188   30.7727
 1.184   30.8254
 1.180   30.8712
 1.176   30.8036
 1.172   30.6893
 1.168   30.5518
 1.164   30.6786
 1.160   30.6982
 1.156   30.6223
 1.152   30.6741
 1.148   30.8171
 1.144   30.9709
 1.140   30.8037
 1.136   30.8938
 1.132   30.8805
 1.128   30.8738
 1.124   30.8805
 1.120   30.7264
 1.116   30.7271
 1.112   30.8338
 1.108   30.8205
 1.104   30.9605
 1.100   30.9939
 1.096   30.9738
 1.092   31.0574
 1.088   31.0208
 1.084   31.1352
 1.080   31.0073
 1.076   31.0441
 1.072   31.0408
 1.068   31.0104
 1.064   31.1684
 1.060   31.0403
 1.056   31.2219
 1.052   31.2154
 1.048   31.2968
 1.044   31.3112
 1.040   31.2122
 1.036   31.0536
 1.032   31.3067
 1.028   31.3924
 1.024   31.3241
 1.020   31.5448
 1.016   31.5861
 1.012   31.5924
 1.008   31.5763
 1.004   31.4536
 1.000   31.4874
 0.996   31.4908
 0.992   31.5849
 0.988   31.4478
 0.984   31.6364
 0.980   31.7592
 0.976   31.7290
 0.972   31.7872
 0.968   31.8973
 0.964   31.8573
 0.960   31.8773
 0.956   32.0137
 0.952   31.9861
 0.948   32.0571
 0.944   31.9886
 0.940   32.0119
 0.936   32.0943
 0.932   32.1910
 0.928   32.2338
 0.924   32.2879
 0.920   32.3618
 0.916   32.4067
 0.912   32.4967
 0.908   32.4757
 0.904   32.5298
 0.900   32.5641
 0.896   32.5484
 0.892   32.7001
 0.888   32.8666
 0.884   32.9193
 0.880   32.9639
 0.876   33.0384
 0.872   33.2065
 0.868   33.1025
 0.864   33.2216
 0.860   33.2626
 0.856   33.4282
 0.852   33.4542
 0.848   33.2993
 0.844   33.5594
 0.840   33.5676
 0.836   33.5915
 0.832   33.6756
 0.828   33.8483
 0.824   33.7579
 0.820   33.8084
 0.816   34.0796
 0.812   34.2072
 0.808   34.1561
 0.804   34.2223
 0.800   34.2762
 0.799   34.6233
 0.798   34.6228
 0.797   34.4030
 0.796   34.5229
 0.795   34.6125
 0.794   34.5795
 0.793   34.5912
 0.792   34.6581
 0.791   34.5036
 0.790   34.5019
 0.789   34.5776
 0.788   34.5912
 0.787   34.7329
 0.786   34.6333
 0.785   34.7271
 0.784   34.7717
 0.783   34.4768
 0.782   34.5131
 0.781   34.8852
 0.780   34.9040
 0.779   34.6107
 0.778   34.6107
 0.777   34.5247
 0.776   34.6788
 0.775   34.8180
 0.774   34.6288
 0.773   34.5654
 0.772   34.6027
 0.771   34.8026
 0.770   34.8000
 0.769   34.8684
 0.768   34.7987
 0.767   34.8516
 0.766   34.8173
 0.765   34.7457
 0.764   34.6259
 0.763   34.6470
 0.762   34.7779
 0.761   34.6259
 0.760   34.6563
 0.759   34.7980
 0.758   34.8498
 0.757   34.9070
 0.756   34.9738
 0.755   34.9197
 0.754   34.8935
 0.753   34.9026
 0.752   34.8800
 0.751   34.7637
 0.750   34.9366
 0.749   35.2374
 0.748   35.1084
 0.747   34.9366
 0.746   35.0132
 0.745   35.2618
 0.744   35.2380
 0.743   35.2905
 0.742   35.1152
 0.741   34.9373
 0.740   34.8870
 0.739   34.9554
 0.738   34.9515
 0.737   34.9632
 0.736   34.9461
 0.735   35.1698
 0.734   35.1740
 0.733   35.0250
 0.732   34.8436
 0.731   34.7222
 0.730   34.9108
 0.729   35.1031
 0.728   35.0514
 0.727   35.2070
 0.726   35.2592
 0.725   35.2059
 0.724   35.1790
 0.723   35.0809
 0.722   35.0983
 0.721   35.1549
 0.720   35.0643
 0.719   35.1357
 0.718   35.1686
 0.717   35.2378
 0.716   35.1679
 0.715   35.2073
 0.714   35.2209
 0.713   35.4554
 0.712   35.3807
 0.711   35.4548
 0.710   35.4011
 0.709   35.4899
 0.708   35.4143
 0.707   35.4047
 0.706   35.3646
 0.705   35.4216
 0.704   35.4750
 0.703   35.4351
 0.702   35.4000
 0.701   35.4935
 0.700   35.3996
 0.699   35.4003
 0.698   34.8182
 0.697   34.8203
 0.696   35.0203
 0.695   34.9096
 0.694   34.7403
 0.693   34.7924
 0.692   34.9704
 0.691   34.9633
 0.690   34.9480
 0.689   34.8667
 0.688   34.8644
 0.687   35.1113
 0.686   35.2613
 0.685   35.1549
 0.684   34.8819
 0.683   34.8830
 0.682   34.8804
 0.681   35.1853
 0.680   35.1307
 0.679   35.0407
 0.678   35.1846
 0.677   35.2969
 0.676   35.1653
 0.675   35.0760
 0.674   34.9344
 0.673   34.9158
 0.672   34.9158
 0.671   34.9498
 0.670   35.1392
 0.669   35.0987
 0.668   35.0642
 0.667   35.1549
 0.666   35.1028
 0.665   35.2502
 0.664   35.0835
 0.663   34.9772
 0.662   34.9578
 0.661   35.0835
 0.660   35.1719
 0.659   35.3499
 0.658   35.2593
 0.657   35.3193
 0.656   35.1229
 0.655   34.9100
 0.654   34.9995
 0.653   35.1413
 0.652   35.0499
 0.651   34.9626
 0.650   34.9929
 0.649   35.3129
 0.648   35.2645
 0.647   35.2835
 0.646   35.4277
 0.645   35.3014
 0.644   35.4285
 0.643   35.2981
 0.642   35.2491
 0.641   35.0835
 0.640   35.1964
 0.639   35.2727
 0.638   35.1074
 0.637   35.3753
 0.636   35.4469
 0.635   35.4297
 0.634   35.4831
 0.633   35.5190
 0.632   35.4526
 0.631   35.3228
 0.630   35.5237
 0.629   35.5594
 0.628   35.4997
 0.627   35.3720
 0.626   35.3541
 0.625   35.3198
 0.624   35.1591
 0.623   35.3078
 0.622   35.1597
 0.621   35.2011
 0.620   35.2905
 0.619   35.2841
 0.618   35.5725
 0.617   35.7829
 0.616   35.6737
 0.615   35.6141
 0.614   35.5184
 0.613   35.5547
 0.612   35.4644
 0.611   35.4879
 0.610   35.2846
 0.609   35.1958
 0.608   35.0891
 0.607   35.1787
 0.606   35.1067
 0.605   35.1365
 0.604   35.2301
 0.603   35.3059
 0.602   35.3405
 0.601   35.1699
 0.600   35.3558
 0.599   35.2922
 0.598   35.3633
 0.597   35.6841
 0.596   35.8898
 0.595   35.9204
 0.594   35.6285
 0.593   35.6658
 0.592   35.6723
 0.591   35.8149
 0.590   35.8641
 0.589   35.9462
 0.588   35.8523
 0.587   35.7592
 0.586   35.6849
 0.585   35.8457
 0.584   36.0395
 0.583   36.1150
 0.582   36.1718
 0.581   35.9831
 0.580   35.9953
 0.579   35.6420
 0.578   35.7161
 0.577   35.8458
 0.576   35.9014
 0.575   36.0933
 0.574   36.0493
 0.573   35.9983
 0.572   35.7910
 0.571   36.2681
 0.570   36.3421
 0.569   36.1081
 0.568   36.0342
 0.567   36.2559
 0.566   36.3119
 0.565   36.2141
 0.564   36.2378
 0.563   36.1587
 0.562   36.1772
 0.561   36.1832
 0.560   36.1663
 0.559   36.1488
 0.558   36.3680
 0.557   36.3054
 0.556   36.1997
 0.555   36.4793
 0.554   36.6457
 0.553   36.6840
 0.552   36.5875
 0.551   36.7008
 0.550   36.6677
 0.549   36.8470
 0.548   36.5200
 0.547   36.2084
 0.546   36.4114
 0.545   36.3133
 0.544   36.4624
 0.543   36.5233
 0.542   36.5864
 0.541   36.5052
 0.540   36.4114
 0.539   36.4125
 0.538   36.5260
 0.537   36.7133
 0.536   36.7877
 0.535   36.8077
 0.534   36.9144
 0.533   36.9134
 0.532   36.8128
 0.531   36.8136
 0.530   36.6814
 0.529   36.6728
 0.528   36.4058
 0.527   36.4239
 0.526   36.3506
 0.525   36.2283
 0.524   36.2527
 0.523   36.3452
 0.522   36.6131
 0.521   36.5333
 0.520   36.8144
 0.519   36.6632
 0.518   36.7980
 0.517   36.6793
 0.516   36.6187
 0.515   36.8081
 0.514   36.6576
 0.513   36.5821
 0.512   36.5622
 0.511   36.6015
 0.510   36.7321
 0.509   36.5880
 0.508   36.5501
 0.507   36.6936
 0.506   36.8637
 0.505   36.7568
 0.504   36.6817
 0.503   36.6445
 0.502   36.6064
 0.501   36.7125
 0.500   36.6381
 0.499   36.5940
 0.498   36.5945
 0.497   36.8714
 0.496   36.5570
 0.495   36.6513
 0.494   36.6258
 0.493   36.5064
 0.492   36.5948
 0.491   36.5438
 0.490   36.7947
 0.489   36.7754
 0.488   36.8944
 0.487   36.7373
 0.486   36.7761
 0.485   36.7884
 0.484   37.0036
 0.483   36.8257
 0.482   36.7244
 0.481   36.6048
 0.480   36.6495
 0.479   36.7743
 0.478   36.7742
 0.477   36.8685
 0.476   36.9676
 0.475   36.9751
 0.474   36.7406
 0.473   36.6201
 0.472   36.7030
 0.471   36.6201
 0.470   36.7895
 0.469   36.7444
 0.468   36.5413
 0.467   36.7254
 0.466   36.6128
 0.465   36.7668
 0.464   36.9932
 0.463   36.7993
 0.462   36.9007
 0.461   36.9007
 0.460   36.7892
 0.459   36.8918
 0.458   36.8527
 0.457   36.9458
 0.456   36.8918
 0.455   36.6125
 0.454   36.5736
 0.453   36.5179
 0.452   36.5911
 0.451   36.4796
 0.450   36.5024
 0.449   36.6609
 0.448   36.5744
 0.447   36.5926
 0.446   36.5562
 0.445   36.4783
 0.444   36.5620
 0.443   36.5238
 0.442   36.7205
 0.441   36.8692
 0.440   36.6410
 0.439   36.5564
 0.438   36.5202
 0.437   36.4765
 0.436   36.6234
 0.435   36.7145
 0.434   36.7123
 0.433   36.5216
 0.432   36.4032
 0.431   36.5058
 0.430   36.5445
 0.429   36.5905
 0.428   36.5806
 0.427   36.4957
 0.426   36.2750
 0.425   36.5329
 0.424   36.4863
 0.423   36.3381
 0.422   36.3247
 0.421   36.3474
 0.420   36.2564
 0.419   36.5191
 0.418   36.1997
 0.417   36.1591
 0.416   36.1618
 0.415   36.3513
 0.414   36.0515
 0.413   36.0055
 0.412   36.2451
 0.411   36.3326
 0.410   36.2263
 0.409   36.2017
 0.408   36.1336
 0.407   36.1500
 0.406   36.1417
 0.405   36.2028
 0.404   35.9407
 0.403   35.9703
 0.402   36.0137
 0.401   36.1109
 0.400   35.8094
