Name:  Alunite (sodium alunite) NaAl3(SO4)2(OH)6
Type:  Mineral 
Class:  Sulfates
Subclass:   
Particle Size:  Fine (less than 2 Micrometers)
Sample No.:  alunite.4
Owner: JHU
Wavelength Range:  IR
Origin: Synthetic; Synthesized by Roger Stoffregen and supplied by 
Phil Bethke (USGS).  
Description: The sample was a white, microcrystalline powder 
composed of equant or lath-shaped crystallites from 1 to 15 
micrometers in largest dimension.



Measurement:  Transmission
First Column:  X
Second Column:  Y  
X Units:  Wavelength (micrometers)
Y Units:  Transmittance (percent)
First X Value:  25.0442
Last X Value:  2.079
Number of X Values:  2287
Additional Information:  alunit4a.txt
25.044   91.8435
24.924   91.2263
24.805   90.6130
24.686   89.4216
24.569   89.5349
24.454   89.1599
24.339   88.2810
24.225   85.9842
24.112   85.3787
24.001   84.8513
23.890   84.0232
23.781   81.9724
23.672   79.8982
23.564   77.4295
23.458   74.9725
23.352   72.0154
23.247   68.6365
23.144   65.0643
23.041   61.7205
22.939   58.8905
22.838   56.8084
22.738   55.5096
22.638   55.4940
22.540   57.1971
22.442   61.0409
22.345   65.9940
22.250   71.0545
22.154   75.6326
22.060   79.4627
21.967   82.5037
21.874   84.5037
21.782   86.0115
21.691   86.9138
21.601   87.4373
21.511   87.7342
21.422   88.4177
21.334   88.6287
21.247   88.8006
21.160   88.7068
21.074   89.0193
20.988   88.6795
20.904   88.9607
20.820   88.3865
20.737   87.4607
20.654   85.4021
20.572   83.0623
20.491   81.9353
20.410   83.9295
20.330   86.0584
20.251   87.3201
20.172   87.4148
20.094   87.4529
20.016   87.0867
19.939   86.8406
19.863   86.4383
19.787   85.4451
19.712   84.4998
19.637   83.2273
19.563   81.6639
19.489   78.6404
19.416   74.6326
19.344   69.6522
19.272   66.1610
19.201   64.8241
19.130   66.3065
19.059   68.2469
18.990   69.7889
18.920   69.9695
18.851   69.6180
18.783   68.9901
18.715   69.2518
18.648   70.8475
18.581   73.7195
18.515   76.5643
18.449   78.8279
18.384   80.3260
18.319   81.2703
18.254   81.9148
18.190   82.0164
18.126   81.9744
18.063   81.7693
18.001   81.6951
17.938   81.2303
17.876   80.7400
17.815   79.8562
17.754   79.2322
17.693   78.2195
17.633   77.5564
17.573   76.5916
17.514   75.6229
17.455   74.2830
17.396   72.9822
17.338   71.2938
17.280   69.5076
17.223   67.2821
17.166   64.6717
17.109   61.6297
17.053   58.1649
16.997   54.1249
16.942   49.3007
16.886   43.8768
16.832   37.8583
16.777   31.8573
16.723   26.4052
16.669   22.2441
16.616   19.6933
16.563   19.2011
16.510   20.6806
16.458   24.0361
16.406   28.9589
16.354   34.7480
16.302   40.0585
16.251   43.4081
16.200   43.7460
16.150   41.2548
16.100   36.7655
16.050   31.2821
16.000   26.1298
15.951   22.0898
15.902   19.5624
15.854   18.5117
15.805   18.6367
15.757   19.5517
15.710   20.9160
15.662   22.5712
15.615   24.6581
15.568   27.2392
15.521   30.2753
15.475   33.7675
15.429   37.7108
15.383   41.8993
15.338   45.6991
15.292   48.4608
15.248   49.4950
15.203   48.8065
15.158   46.7694
15.114   44.5722
15.070   42.5097
15.027   40.6161
14.983   38.8554
14.940   37.4384
14.897   36.1444
14.854   35.1845
14.812   34.6493
14.770   34.3778
14.728   34.3398
14.686   34.5126
14.645   34.9306
14.603   35.4862
14.562   36.2509
14.521   37.0605
14.481   37.7890
14.441   38.3261
14.400   38.7470
14.361   38.9828
14.321   39.2147
14.281   39.3734
14.242   39.5370
14.203   39.7089
14.164   40.0624
14.126   40.5707
14.087   41.1366
14.049   42.0141
14.011   43.2089
13.973   44.7191
13.936   46.4496
13.899   48.5160
13.861   50.7406
13.824   53.1190
13.788   55.5453
13.751   58.0389
13.715   60.4613
13.679   62.9339
13.643   65.2113
13.607   67.2874
13.571   69.1663
13.536   70.8983
13.500   72.4686
13.465   73.9139
13.430   75.2835
13.396   76.4471
13.361   77.5760
13.327   78.5393
13.293   79.6404
13.259   80.5198
13.225   81.4724
13.191   82.1892
13.158   82.9588
13.124   83.5056
13.091   84.1975
13.058   84.7595
13.026   85.3435
12.993   85.8201
12.960   86.2659
12.928   86.7576
12.896   87.1487
12.864   87.5842
12.832   87.7678
12.800   88.1912
12.769   88.3972
12.737   88.6775
12.706   88.8279
12.675   89.1409
12.644   89.2966
12.614   89.4422
12.583   89.4998
12.552   89.7893
12.522   89.9710
12.492   90.0945
12.462   90.2542
12.432   90.4500
12.402   90.4905
12.373   90.5159
12.343   90.6355
12.314   90.7185
12.285   90.9089
12.256   90.9548
12.227   91.1702
12.198   91.2190
12.169   91.3928
12.141   91.4705
12.113   91.6541
12.084   91.6604
12.056   91.8479
12.028   91.8689
12.000   91.9436
11.973   92.0076
11.945   92.0662
11.918   92.1331
11.890   92.1462
11.863   92.2893
11.836   92.2400
11.809   92.2927
11.782   92.2463
11.755   92.3030
11.729   92.2830
11.702   92.3865
11.676   92.3440
11.650   92.4045
11.624   92.4382
11.598   92.4783
11.572   92.4587
11.546   92.4695
11.520   92.5037
11.495   92.4929
11.469   92.4832
11.444   92.3670
11.419   92.3777
11.394   92.3279
11.369   92.3328
11.344   92.2483
11.319   92.3420
11.294   92.3093
11.270   92.3103
11.245   92.1970
11.221   92.1961
11.197   92.2136
11.173   92.1658
11.149   92.1179
11.125   92.1170
11.101   92.1233
11.077   92.0881
11.054   92.1336
11.030   92.1316
11.007   92.2087
10.983   92.1526
10.960   92.2175
10.937   92.1980
10.914   92.2459
10.891   92.2166
10.868   92.2517
10.846   92.1961
10.823   92.2170
10.800   92.1448
10.778   92.1462
10.755   92.1775
10.733   92.1589
10.711   92.1135
10.689   92.0525
10.667   92.0569
10.645   92.0105
10.623   92.0276
10.602   91.9295
10.580   91.9246
10.558   91.7908
10.537   91.8225
10.516   91.7532
10.494   91.8147
10.473   91.8142
10.452   91.7175
10.431   91.5999
10.410   91.5388
10.389   91.4690
10.368   91.3796
10.348   91.2942
10.327   91.0857
10.306   90.9910
10.286   90.7659
10.266   90.6736
10.245   90.4754
10.225   90.3142
10.205   90.0715
10.185   89.9202
10.165   89.6887
10.145   89.4900
10.125   89.2302
10.106   88.9988
10.086   88.7737
10.066   88.4837
10.047   88.2244
10.027   87.9553
10.008   87.7429
 9.989   87.4685
 9.970   87.1580
 9.950   86.6555
 9.931   86.1834
 9.912   85.6980
 9.893   85.3084
 9.875   84.7615
 9.856   84.0437
 9.837   83.0667
 9.818   81.9480
 9.800   80.4070
 9.781   77.7610
 9.763   72.3758
 9.745   62.9051
 9.726   52.4022
 9.708   50.2928
 9.690   59.6082
 9.672   70.5926
 9.654   76.4710
 9.636   78.1985
 9.618   78.1849
 9.600   77.5291
 9.583   76.7542
 9.565   75.7928
 9.547   74.7820
 9.530   73.6683
 9.512   72.5252
 9.495   71.2962
 9.477   69.9617
 9.460   68.5023
 9.443   66.8211
 9.426   64.9080
 9.409   62.7113
 9.392   60.2850
 9.375   57.5379
 9.358   54.6092
 9.341   51.5292
 9.324   48.2997
 9.307   44.7875
 9.291   40.9462
 9.274   36.6640
 9.257   32.0824
 9.241   27.4081
 9.224   22.8793
 9.208   18.5537
 9.192   14.5791
 9.175   11.2094
 9.159    8.6455
 9.143    6.9590
 9.127    6.0141
 9.111    5.6113
 9.095    5.6338
 9.079    6.0083
 9.063    6.6079
 9.047    7.3457
 9.032    8.2490
 9.016    9.3432
 9.000   10.4873
 8.985   11.7168
 8.969   13.0752
 8.954   14.4985
 8.938   16.0156
 8.923   17.6728
 8.907   19.5244
 8.892   21.4736
 8.877   23.5331
 8.862   25.6318
 8.847   27.7265
 8.832   29.8427
 8.817   31.9281
 8.802   33.8998
 8.787   35.7773
 8.772   37.5941
 8.757   39.3129
 8.742   40.9252
 8.728   42.4061
 8.713   43.8016
 8.698   45.0609
 8.684   46.2123
 8.669   47.2328
 8.655   48.1029
 8.640   48.8505
 8.626   49.4691
 8.612   49.9471
 8.597   50.1854
 8.583   50.0987
 8.569   49.7040
 8.555   49.5577
 8.541   50.2091
 8.527   51.2745
 8.513   52.0135
 8.499   52.3612
 8.485   52.3622
 8.471   52.1356
 8.457   51.6952
 8.443   51.1083
 8.430   50.4354
 8.416   49.7206
 8.402   48.9169
 8.389   48.0802
 8.375   47.2179
 8.362   46.2765
 8.348   45.3087
 8.335   44.2931
 8.321   43.2797
 8.308   42.2826
 8.295   41.2951
 8.281   40.3058
 8.268   39.4103
 8.255   38.5868
 8.242   37.8700
 8.229   37.2785
 8.216   36.8280
 8.203   36.5539
 8.190   36.4472
 8.177   36.5468
 8.164   36.8334
 8.151   37.3654
 8.138   38.1181
 8.126   39.1679
 8.113   40.5226
 8.100   42.2118
 8.088   44.1495
 8.075   46.2892
 8.062   48.5741
 8.050   50.9676
 8.037   53.4159
 8.025   55.8402
 8.013   58.2530
 8.000   60.5941
 7.988   62.9173
 7.976   65.1583
 7.963   67.3201
 7.951   69.2952
 7.939   71.1658
 7.927   72.8936
 7.915   74.4747
 7.903   75.8721
 7.891   77.1534
 7.879   78.3211
 7.867   79.3584
 7.855   80.3523
 7.843   81.2185
 7.831   82.0303
 7.819   82.7508
 7.807   83.4414
 7.796   84.0508
 7.784   84.7185
 7.772   85.2869
 7.761   85.8399
 7.749   86.3201
 7.738   86.8662
 7.726   87.3594
 7.715   87.8601
 7.703   88.2832
 7.692   88.6504
 7.680   88.9658
 7.669   89.2403
 7.658   89.5335
 7.646   89.7307
 7.635   90.0051
 7.624   90.2029
 7.613   90.4561
 7.601   90.6560
 7.590   90.9395
 7.579   91.1484
 7.568   91.3948
 7.557   91.5762
 7.546   91.7666
 7.535   91.9519
 7.524   92.1077
 7.513   92.3066
 7.502   92.4248
 7.492   92.5899
 7.481   92.6956
 7.470   92.8731
 7.459   92.9480
 7.448   93.1436
 7.438   93.2256
 7.427   93.3662
 7.417   93.4407
 7.406   93.5527
 7.395   93.6172
 7.385   93.6716
 7.374   93.7598
 7.364   93.8274
 7.353   93.8914
 7.343   93.9236
 7.333   93.9912
 7.322   94.0149
 7.312   94.1013
 7.302   94.1221
 7.291   94.1668
 7.281   94.1338
 7.271   94.1973
 7.261   94.2051
 7.251   94.2332
 7.240   94.1877
 7.230   94.1609
 7.220   94.1169
 7.210   94.1218
 7.200   94.1716
 7.190   94.1521
 7.180   94.1209
 7.170   93.9641
 7.160   93.9055
 7.151   93.8132
 7.141   93.9063
 7.131   93.9285
 7.121   94.0254
 7.111   94.0938
 7.102   94.2607
 7.092   94.4026
 7.082   94.5671
 7.073   94.6912
 7.063   94.7459
 7.053   94.7969
 7.044   94.7810
 7.034   94.9385
 7.025   94.9954
 7.015   95.0979
 7.006   95.0771
 6.996   95.1516
 6.987   95.1689
 6.977   95.2317
 6.968   95.1726
 6.959   95.1221
 6.949   95.1807
 6.940   95.2288
 6.931   95.2402
 6.921   95.1563
 6.912   95.1484
 6.903   95.1602
 6.894   95.2754
 6.885   95.2813
 6.876   95.2659
 6.866   95.0920
 6.857   95.1357
 6.848   95.2598
 6.839   95.3691
 6.830   95.2957
 6.821   95.2991
 6.812   95.3445
 6.803   95.3740
 6.794   95.3066
 6.786   95.2537
 6.777   95.3518
 6.768   95.3896
 6.759   95.4695
 6.750   95.4062
 6.741   95.4519
 6.733   95.4111
 6.724   95.4336
 6.715   95.3904
 6.707   95.4707
 6.698   95.4763
 6.689   95.4148
 6.681   95.3250
 6.672   95.3184
 6.663   95.4138
 6.655   95.3567
 6.646   95.2031
 6.638   94.9600
 6.629   95.0417
 6.621   95.1433
 6.612   95.2229
 6.604   95.1941
 6.596   95.1863
 6.587   95.1375
 6.579   95.0964
 6.571   95.0623
 6.562   95.1594
 6.554   95.2480
 6.546   95.2617
 6.537   95.2751
 6.529   95.2517
 6.521   95.3235
 6.513   95.3435
 6.505   95.3201
 6.496   95.1409
 6.488   95.1738
 6.480   95.3115
 6.472   95.4697
 6.464   95.5459
 6.456   95.5769
 6.448   95.5781
 6.440   95.5808
 6.432   95.5537
 6.424   95.3972
 6.416   95.2351
 6.408   95.2275
 6.400   95.4910
 6.392   95.5674
 6.384   95.5273
 6.377   95.3613
 6.369   95.3379
 6.361   95.3496
 6.353   95.3113
 6.345   95.1211
 6.338   95.0793
 6.330   95.1475
 6.322   95.1248
 6.314   95.0781
 6.307   94.9675
 6.299   94.9268
 6.291   94.8098
 6.284   94.7617
 6.276   94.6467
 6.269   94.6055
 6.261   94.4666
 6.254   94.3770
 6.246   94.2556
 6.238   94.1572
 6.231   94.0105
 6.223   93.8689
 6.216   93.7500
 6.209   93.5986
 6.201   93.4602
 6.194   93.1902
 6.186   92.9082
 6.179   92.7566
 6.172   92.7920
 6.164   92.7000
 6.157   92.6494
 6.150   92.5596
 6.142   92.5339
 6.135   92.4629
 6.128   92.3796
 6.121   92.1834
 6.113   91.9902
 6.106   92.0254
 6.099   92.1580
 6.092   92.2273
 6.085   92.1816
 6.078   92.2100
 6.070   92.3181
 6.063   92.5342
 6.056   92.5212
 6.049   92.4717
 6.042   92.7161
 6.035   93.1292
 6.028   93.3848
 6.021   93.4395
 6.014   93.4834
 6.007   93.6160
 6.000   93.8005
 5.993   93.8525
 5.986   94.0107
 5.979   94.1318
 5.973   94.2871
 5.966   94.3994
 5.959   94.6436
 5.952   94.7256
 5.945   94.7461
 5.938   94.6541
 5.932   94.7625
 5.925   95.0681
 5.918   95.2842
 5.911   95.4209
 5.905   95.4187
 5.898   95.3723
 5.891   95.4287
 5.884   95.5388
 5.878   95.6494
 5.871   95.9099
 5.864   96.0144
 5.858   96.1348
 5.851   96.2031
 5.845   96.3193
 5.838   96.3757
 5.831   96.3455
 5.825   96.2820
 5.818   96.3313
 5.812   96.5457
 5.805   96.6582
 5.799   96.7295
 5.792   96.7283
 5.786   96.8127
 5.779   96.8259
 5.773   96.7852
 5.767   96.7139
 5.760   96.8660
 5.754   96.9895
 5.747   97.0505
 5.741   97.0803
 5.735   97.1081
 5.728   97.1445
 5.722   97.1426
 5.716   97.1338
 5.709   97.1038
 5.703   97.2117
 5.697   97.2820
 5.691   97.3245
 5.684   97.3098
 5.678   97.3242
 5.672   97.3386
 5.666   97.4326
 5.660   97.4289
 5.653   97.4170
 5.647   97.3918
 5.641   97.3806
 5.635   97.4753
 5.629   97.5234
 5.623   97.5781
 5.617   97.5478
 5.611   97.5869
 5.604   97.5605
 5.598   97.6028
 5.592   97.5955
 5.586   97.5869
 5.580   97.5391
 5.574   97.5918
 5.568   97.6572
 5.562   97.6863
 5.556   97.6736
 5.550   97.6726
 5.545   97.7012
 5.539   97.7082
 5.533   97.7471
 5.527   97.7139
 5.521   97.7507
 5.515   97.7393
 5.509   97.7419
 5.503   97.7126
 5.498   97.7527
 5.492   97.7783
 5.486   97.7959
 5.480   97.7566
 5.474   97.7571
 5.469   97.7822
 5.463   97.7917
 5.457   97.8596
 5.451   97.8779
 5.446   97.9297
 5.440   97.9209
 5.434   97.9414
 5.428   97.8870
 5.423   97.8955
 5.417   97.9275
 5.411   97.9893
 5.406   97.9939
 5.400   98.0303
 5.395   98.0410
 5.389   98.0303
 5.383   98.0359
 5.378   98.0322
 5.372   98.0439
 5.367   98.0359
 5.361   98.0466
 5.356   97.9822
 5.350   98.0085
 5.344   98.0420
 5.339   98.1091
 5.333   98.1316
 5.328   98.1462
 5.323   98.1355
 5.317   98.1277
 5.312   98.1169
 5.306   98.1201
 5.301   98.1462
 5.295   98.1072
 5.290   98.1218
 5.285   98.1433
 5.279   98.1689
 5.274   98.1560
 5.268   98.1931
 5.263   98.1807
 5.258   98.2165
 5.252   98.2126
 5.247   98.1934
 5.242   98.1829
 5.237   98.1907
 5.231   98.1897
 5.226   98.1814
 5.221   98.1785
 5.215   98.1484
 5.210   98.1599
 5.205   98.1599
 5.200   98.2178
 5.195   98.1960
 5.189   98.2424
 5.184   98.2158
 5.179   98.2322
 5.174   98.2031
 5.169   98.1985
 5.163   98.2117
 5.158   98.2253
 5.153   98.2363
 5.148   98.2146
 5.143   98.2324
 5.138   98.2288
 5.133   98.2556
 5.128   98.2422
 5.123   98.2685
 5.118   98.2588
 5.113   98.2607
 5.108   98.2246
 5.103   98.2537
 5.097   98.2449
 5.092   98.2541
 5.087   98.2507
 5.083   98.2314
 5.078   98.2646
 5.073   98.2361
 5.068   98.2578
 5.063   98.2224
 5.058   98.2478
 5.053   98.2419
 5.048   98.2441
 5.043   98.2117
 5.038   98.2273
 5.033   98.2302
 5.028   98.2195
 5.023   98.1836
 5.019   98.2070
 5.014   98.2146
 5.009   98.2285
 5.004   98.2722
 4.999   98.2627
 4.994   98.2800
 4.990   98.2363
 4.985   98.2598
 4.980   98.2256
 4.975   98.2371
 4.970   98.2129
 4.966   98.2246
 4.961   98.2051
 4.956   98.2195
 4.951   98.2285
 4.947   98.2146
 4.942   98.2537
 4.937   98.2480
 4.933   98.2375
 4.928   98.2205
 4.923   98.2703
 4.919   98.2502
 4.914   98.2385
 4.909   98.2073
 4.905   98.2497
 4.900   98.2175
 4.895   98.2165
 4.891   98.2229
 4.886   98.2195
 4.882   98.1277
 4.877   98.0413
 4.872   98.1345
 4.868   98.3152
 4.863   98.4802
 4.859   98.3752
 4.854   98.1882
 4.850   97.9788
 4.845   97.9880
 4.840   98.1077
 4.836   98.2331
 4.831   98.1833
 4.827   98.0764
 4.822   98.0593
 4.818   98.0251
 4.814   98.0173
 4.809   97.9988
 4.805   98.0290
 4.800   98.0403
 4.796   98.0837
 4.791   98.0857
 4.787   98.1096
 4.782   98.1013
 4.778   98.1414
 4.774   98.1194
 4.769   98.0955
 4.765   98.0749
 4.760   98.0593
 4.756   98.0115
 4.752   97.9470
 4.747   97.9094
 4.743   97.8191
 4.739   97.7219
 4.734   97.5915
 4.730   97.5403
 4.726   97.4529
 4.721   97.4094
 4.717   97.3289
 4.713   97.2786
 4.709   97.2004
 4.704   97.1409
 4.700   97.0154
 4.696   96.8684
 4.692   96.7307
 4.687   96.5549
 4.683   96.3665
 4.679   96.1526
 4.675   96.0559
 4.670   95.9690
 4.666   95.9861
 4.662   96.0046
 4.658   96.0959
 4.654   96.1682
 4.649   96.2546
 4.645   96.3025
 4.641   96.3093
 4.637   96.3083
 4.633   96.2913
 4.629   96.2229
 4.625   96.0666
 4.620   95.9568
 4.616   95.8166
 4.612   95.6931
 4.608   95.6028
 4.604   95.6394
 4.600   95.7053
 4.596   95.7800
 4.592   95.8069
 4.588   95.8230
 4.584   95.8162
 4.580   95.7561
 4.576   95.7185
 4.572   95.6404
 4.568   95.6140
 4.564   95.5642
 4.560   95.6057
 4.555   95.5950
 4.551   95.6174
 4.548   95.5378
 4.544   95.4573
 4.540   95.3953
 4.536   95.3831
 4.532   95.3196
 4.528   95.2380
 4.524   95.2019
 4.520   95.1897
 4.516   95.2014
 4.512   95.2322
 4.508   95.2771
 4.504   95.2825
 4.500   95.3118
 4.496   95.2913
 4.492   95.3440
 4.488   95.3503
 4.485   95.3484
 4.481   95.2629
 4.477   95.2307
 4.473   95.2683
 4.469   95.3289
 4.465   95.3694
 4.461   95.4446
 4.458   95.5359
 4.454   95.5603
 4.450   95.6111
 4.446   95.6296
 4.442   95.6951
 4.438   95.7136
 4.435   95.7478
 4.431   95.7922
 4.427   95.8503
 4.423   95.8645
 4.420   95.8811
 4.416   95.8679
 4.412   95.8660
 4.408   95.8923
 4.405   95.8728
 4.401   95.8967
 4.397   95.9172
 4.393   95.9773
 4.390   96.0017
 4.386   96.0701
 4.382   96.0706
 4.379   96.1189
 4.375   96.1560
 4.371   96.2380
 4.367   96.3210
 4.364   96.3445
 4.360   96.3611
 4.356   96.3562
 4.353   96.3337
 4.349   96.2458
 4.345   96.1736
 4.342   96.0955
 4.338   96.0549
 4.335   96.0276
 4.331   96.0271
 4.327   96.0071
 4.324   96.0403
 4.320   96.0437
 4.317   96.0901
 4.313   96.1233
 4.309   96.1775
 4.306   96.1921
 4.302   96.2053
 4.299   96.2717
 4.295   96.2830
 4.292   96.3572
 4.288   96.4241
 4.284   96.5095
 4.281   96.5784
 4.277   96.6975
 4.274   96.7898
 4.270   96.8596
 4.267   96.9138
 4.263   96.9597
 4.260   97.0403
 4.256   97.1028
 4.253   97.1716
 4.249   97.1941
 4.246   97.2214
 4.242   97.2302
 4.239   97.2991
 4.235   97.3347
 4.232   97.3494
 4.229   97.3699
 4.225   97.4050
 4.222   97.4582
 4.218   97.5007
 4.215   97.5237
 4.211   97.5237
 4.208   97.5671
 4.205   97.6140
 4.201   97.6052
 4.198   97.6238
 4.194   97.6506
 4.191   97.6374
 4.188   97.6775
 4.184   97.6892
 4.181   97.6775
 4.177   97.6526
 4.174   97.6492
 4.171   97.6521
 4.167   97.6726
 4.164   97.6843
 4.161   97.6897
 4.157   97.6985
 4.154   97.6589
 4.151   97.6252
 4.147   97.6130
 4.144   97.6521
 4.141   97.6682
 4.137   97.6824
 4.134   97.6521
 4.131   97.6374
 4.128   97.6682
 4.124   97.6814
 4.121   97.6872
 4.118   97.6667
 4.114   97.6628
 4.111   97.6423
 4.108   97.6677
 4.105   97.7131
 4.101   97.7092
 4.098   97.6921
 4.095   97.6956
 4.092   97.6721
 4.088   97.6921
 4.085   97.7273
 4.082   97.7380
 4.079   97.6960
 4.076   97.6833
 4.072   97.7107
 4.069   97.6960
 4.066   97.6975
 4.063   97.6677
 4.060   97.6565
 4.056   97.6897
 4.053   97.7854
 4.050   97.7693
 4.047   97.7292
 4.044   97.6995
 4.041   97.6819
 4.038   97.6604
 4.034   97.6428
 4.031   97.6589
 4.028   97.7078
 4.025   97.7502
 4.022   97.7209
 4.019   97.6980
 4.016   97.6843
 4.013   97.6833
 4.009   97.6760
 4.006   97.6604
 4.003   97.6252
 4.000   97.6545
 3.997   97.6956
 3.994   97.6550
 3.991   97.6077
 3.988   97.5906
 3.985   97.6096
 3.982   97.6208
 3.979   97.6252
 3.976   97.6248
 3.973   97.6951
 3.969   97.6882
 3.966   97.6628
 3.963   97.6814
 3.960   97.7097
 3.957   97.6799
 3.954   97.6272
 3.951   97.6370
 3.948   97.7048
 3.945   97.7053
 3.942   97.6609
 3.939   97.6350
 3.936   97.6238
 3.933   97.6794
 3.930   97.7058
 3.927   97.7112
 3.924   97.6589
 3.921   97.6506
 3.918   97.6550
 3.916   97.7117
 3.913   97.7268
 3.910   97.7048
 3.907   97.6296
 3.904   97.5681
 3.901   97.5984
 3.898   97.6448
 3.895   97.6741
 3.892   97.6960
 3.889   97.7136
 3.886   97.6794
 3.883   97.6858
 3.880   97.7092
 3.877   97.7175
 3.875   97.6545
 3.872   97.6697
 3.869   97.7053
 3.866   97.7390
 3.863   97.6956
 3.860   97.6838
 3.857   97.6794
 3.854   97.6833
 3.852   97.6814
 3.849   97.6531
 3.846   97.6677
 3.843   97.7097
 3.840   97.7737
 3.837   97.7839
 3.834   97.7424
 3.832   97.6697
 3.829   97.6785
 3.826   97.7527
 3.823   97.7737
 3.820   97.7361
 3.817   97.6663
 3.815   97.6179
 3.812   97.6453
 3.809   97.7268
 3.806   97.7009
 3.803   97.6565
 3.801   97.6526
 3.798   97.7034
 3.795   97.7068
 3.792   97.6892
 3.790   97.6316
 3.787   97.6077
 3.784   97.6394
 3.781   97.6697
 3.779   97.6882
 3.776   97.6912
 3.773   97.6687
 3.770   97.6252
 3.768   97.6389
 3.765   97.6189
 3.762   97.5261
 3.759   97.4729
 3.757   97.4827
 3.754   97.5398
 3.751   97.5554
 3.748   97.4866
 3.746   97.5017
 3.743   97.5256
 3.740   97.5217
 3.738   97.5017
 3.735   97.5076
 3.732   97.5159
 3.730   97.4983
 3.727   97.4851
 3.724   97.4011
 3.722   97.3835
 3.719   97.3796
 3.716   97.4319
 3.714   97.3699
 3.711   97.3552
 3.708   97.3289
 3.706   97.3142
 3.703   97.3264
 3.700   97.3206
 3.698   97.2722
 3.695   97.2331
 3.692   97.2327
 3.690   97.2288
 3.687   97.2209
 3.685   97.2209
 3.682   97.1804
 3.679   97.1580
 3.677   97.1599
 3.674   97.1492
 3.671   97.0974
 3.669   97.0720
 3.666   97.0623
 3.664   97.0486
 3.661   97.0154
 3.659   97.0212
 3.656   97.0393
 3.653   97.0276
 3.651   96.9802
 3.648   96.9431
 3.646   96.9509
 3.643   96.9670
 3.641   96.8572
 3.638   96.8181
 3.635   96.8284
 3.633   96.8123
 3.630   96.7952
 3.628   96.7732
 3.625   96.7405
 3.623   96.6975
 3.620   96.7165
 3.618   96.6980
 3.615   96.6580
 3.613   96.5964
 3.610   96.6155
 3.608   96.6365
 3.605   96.5686
 3.603   96.5486
 3.600   96.5315
 3.598   96.4963
 3.595   96.4705
 3.593   96.4480
 3.590   96.4163
 3.588   96.3953
 3.585   96.3713
 3.583   96.3425
 3.580   96.3323
 3.578   96.3474
 3.575   96.2717
 3.573   96.2307
 3.570   96.1526
 3.568   96.1077
 3.565   96.1169
 3.563   96.1042
 3.561   96.1267
 3.558   96.1033
 3.556   96.0393
 3.553   96.0037
 3.551   96.0095
 3.548   95.9900
 3.546   95.9314
 3.544   95.8577
 3.541   95.8249
 3.539   95.8225
 3.536   95.7898
 3.534   95.7795
 3.531   95.7463
 3.529   95.6663
 3.527   95.6375
 3.524   95.5842
 3.522   95.5447
 3.519   95.5193
 3.517   95.4846
 3.515   95.4573
 3.512   95.4495
 3.510   95.4221
 3.508   95.3401
 3.505   95.2732
 3.503   95.2678
 3.500   95.2839
 3.498   95.2605
 3.496   95.2419
 3.493   95.2170
 3.491   95.1687
 3.489   95.1404
 3.486   95.0959
 3.484   95.0393
 3.482   94.9861
 3.479   95.0042
 3.477   94.9802
 3.475   94.9456
 3.472   94.8987
 3.470   94.8621
 3.468   94.7830
 3.465   94.7517
 3.463   94.7366
 3.461   94.7302
 3.458   94.6853
 3.456   94.6404
 3.454   94.5906
 3.452   94.5608
 3.449   94.5564
 3.447   94.4773
 3.445   94.4417
 3.442   94.4041
 3.440   94.4177
 3.438   94.3533
 3.435   94.2253
 3.433   94.1755
 3.431   94.1697
 3.429   94.0769
 3.426   94.0159
 3.424   93.9373
 3.422   93.8884
 3.420   93.8362
 3.417   93.7991
 3.415   93.7756
 3.413   93.7268
 3.411   93.7014
 3.408   93.6443
 3.406   93.6135
 3.404   93.5974
 3.402   93.5764
 3.399   93.5432
 3.397   93.5125
 3.395   93.4314
 3.393   93.3147
 3.391   93.2166
 3.388   93.2151
 3.386   93.2483
 3.384   93.1775
 3.382   93.1150
 3.380   93.0584
 3.377   93.0427
 3.375   93.0193
 3.373   93.0022
 3.371   92.9924
 3.369   92.9509
 3.366   92.9397
 3.364   92.9158
 3.362   92.8015
 3.360   92.7205
 3.358   92.6677
 3.355   92.5901
 3.353   92.5701
 3.351   92.5549
 3.349   92.5056
 3.347   92.4905
 3.345   92.4710
 3.342   92.4314
 3.340   92.4299
 3.338   92.4085
 3.336   92.3591
 3.334   92.3186
 3.332   92.2771
 3.330   92.2503
 3.327   92.2014
 3.325   92.1663
 3.323   92.1018
 3.321   92.0505
 3.319   92.0212
 3.317   92.0056
 3.315   91.9451
 3.313   91.9085
 3.310   91.8689
 3.308   91.8674
 3.306   91.8108
 3.304   91.7537
 3.302   91.7210
 3.300   91.7400
 3.298   91.7048
 3.296   91.6331
 3.294   91.6111
 3.292   91.5569
 3.289   91.5095
 3.287   91.4827
 3.285   91.4334
 3.283   91.3689
 3.281   91.3245
 3.279   91.2815
 3.277   91.3049
 3.275   91.3264
 3.273   91.3303
 3.271   91.2088
 3.269   91.1096
 3.267   91.0935
 3.265   91.1013
 3.263   91.0486
 3.260   90.9646
 3.258   90.9241
 3.256   90.8513
 3.254   90.8025
 3.252   90.7576
 3.250   90.7634
 3.248   90.7420
 3.246   90.5379
 3.244   90.3230
 3.242   90.3699
 3.240   90.7839
 3.238   90.9246
 3.236   90.5242
 3.234   89.9685
 3.232   89.9021
 3.230   90.3025
 3.228   90.6179
 3.226   90.5017
 3.224   90.1726
 3.222   89.9558
 3.220   89.9431
 3.218   89.9812
 3.216   89.9734
 3.214   89.8865
 3.212   89.8318
 3.210   89.8103
 3.208   89.7947
 3.206   89.7273
 3.204   89.6687
 3.202   89.6472
 3.200   89.6384
 3.198   89.5545
 3.196   89.5320
 3.194   89.5886
 3.192   89.5925
 3.190   89.5437
 3.188   89.4021
 3.186   89.3494
 3.184   89.3113
 3.182   89.2410
 3.180   89.1609
 3.179   89.1316
 3.177   89.1238
 3.175   89.0642
 3.173   89.0271
 3.171   88.9685
 3.169   88.8601
 3.167   88.7263
 3.165   88.6267
 3.163   88.5359
 3.161   88.4968
 3.159   88.4988
 3.157   88.4959
 3.155   88.4968
 3.153   88.4441
 3.151   88.3953
 3.150   88.3543
 3.148   88.2937
 3.146   88.3093
 3.144   88.2732
 3.142   88.1580
 3.140   88.0466
 3.138   87.9470
 3.136   87.8318
 3.134   87.6853
 3.132   87.4744
 3.131   87.3640
 3.129   87.2781
 3.127   87.1590
 3.125   87.0330
 3.123   87.0564
 3.121   87.0945
 3.119   87.0603
 3.117   86.9998
 3.115   87.0398
 3.114   87.1228
 3.112   87.1433
 3.110   87.0711
 3.108   87.0662
 3.106   87.1209
 3.104   87.0476
 3.102   86.8943
 3.101   86.8484
 3.099   86.9343
 3.097   86.8718
 3.095   86.6892
 3.093   86.5789
 3.091   86.6414
 3.089   86.7312
 3.088   86.6531
 3.086   86.6570
 3.084   86.6580
 3.082   86.6570
 3.080   86.6531
 3.078   86.6961
 3.077   86.7156
 3.075   86.7166
 3.073   86.6472
 3.071   86.5916
 3.069   86.5720
 3.068   86.4998
 3.066   86.3904
 3.064   86.2976
 3.062   86.2156
 3.060   86.1531
 3.058   86.0593
 3.057   85.9812
 3.055   85.9275
 3.053   85.8240
 3.051   85.6912
 3.050   85.5857
 3.048   85.4744
 3.046   85.2781
 3.044   85.1463
 3.042   85.0301
 3.041   84.9451
 3.039   84.8328
 3.037   84.7459
 3.035   84.6658
 3.033   84.6697
 3.032   84.6111
 3.030   84.4842
 3.028   84.3396
 3.026   84.1922
 3.025   83.9373
 3.023   83.5955
 3.021   83.2156
 3.019   82.8748
 3.018   82.5642
 3.016   82.2381
 3.014   81.9900
 3.012   81.6531
 3.011   81.2889
 3.009   81.0125
 3.007   80.7947
 3.005   80.5877
 3.004   80.3338
 3.002   80.0672
 3.000   79.7586
 2.998   79.5242
 2.997   79.2986
 2.995   79.0135
 2.993   78.7312
 2.991   78.5643
 2.990   78.3084
 2.988   77.9383
 2.986   77.5633
 2.985   77.1961
 2.983   76.6805
 2.981   76.2420
 2.979   75.7352
 2.978   75.2039
 2.976   74.7498
 2.974   74.3338
 2.973   73.8875
 2.971   73.4979
 2.969   73.3455
 2.967   73.2205
 2.966   73.1072
 2.964   72.9969
 2.962   72.8338
 2.961   72.6697
 2.959   72.4383
 2.957   72.2459
 2.956   71.9227
 2.954   71.4783
 2.952   70.9158
 2.951   70.3143
 2.949   69.7156
 2.947   69.1248
 2.946   68.4891
 2.944   67.7264
 2.942   66.9647
 2.941   66.2459
 2.939   65.4383
 2.937   64.5555
 2.936   63.7440
 2.934   63.0125
 2.932   62.1375
 2.931   61.1844
 2.929   60.1258
 2.927   58.8719
 2.926   57.4930
 2.924   55.9295
 2.922   54.0516
 2.921   51.8202
 2.919   49.3798
 2.917   46.5741
 2.916   43.3485
 2.914   39.8368
 2.912   35.9862
 2.911   31.7939
 2.909   27.3681
 2.908   23.0390
 2.906   18.9306
 2.904   15.2011
 2.903   11.9463
 2.901    9.1094
 2.899    6.9541
 2.898    5.6367
 2.896    5.2461
 2.895    5.5908
 2.893    6.7441
 2.891    8.6445
 2.890   11.2050
 2.888   14.4697
 2.887   18.2988
 2.885   22.2587
 2.883   25.9433
 2.882   28.9706
 2.880   30.7929
 2.878   31.3251
 2.877   30.4931
 2.875   28.4140
 2.874   25.4306
 2.872   22.1874
 2.871   19.2382
 2.869   17.1494
 2.867   16.3017
 2.866   16.9707
 2.864   19.3203
 2.863   23.2265
 2.861   28.1640
 2.859   33.4374
 2.858   38.4530
 2.856   42.8729
 2.855   46.5712
 2.853   49.7421
 2.852   52.5282
 2.850   55.0477
 2.848   57.1991
 2.847   59.2381
 2.845   61.0008
 2.844   62.4705
 2.842   63.7196
 2.841   64.8602
 2.839   65.9188
 2.838   66.8328
 2.836   67.5321
 2.834   68.2186
 2.833   69.0565
 2.831   69.7772
 2.830   70.4070
 2.828   70.9608
 2.827   71.5438
 2.825   72.2811
 2.824   72.9149
 2.822   73.5750
 2.821   74.3055
 2.819   75.0604
 2.817   75.7029
 2.816   76.3240
 2.814   76.8094
 2.813   77.4686
 2.811   77.9812
 2.810   78.3602
 2.808   78.6922
 2.807   79.1717
 2.805   79.6521
 2.804   79.8553
 2.802   80.0232
 2.801   80.3641
 2.799   80.8240
 2.798   81.2742
 2.796   81.5955
 2.795   81.8875
 2.793   82.2000
 2.792   82.6805
 2.790   83.2234
 2.789   83.8611
 2.787   84.3826
 2.786   84.8914
 2.784   85.2742
 2.783   85.5545
 2.781   85.8631
 2.780   86.3679
 2.778   86.8259
 2.777   87.2468
 2.775   87.4802
 2.774   87.8865
 2.772   88.2937
 2.771   88.4998
 2.769   88.6414
 2.768   88.8396
 2.766   89.1648
 2.765   89.5320
 2.763   89.8045
 2.762   90.0037
 2.760   90.2927
 2.759   90.7888
 2.758   91.1834
 2.756   91.2107
 2.755   91.3084
 2.753   91.7810
 2.752   92.3718
 2.750   92.6570
 2.749   92.7146
 2.747   92.8435
 2.746   93.0818
 2.744   93.3601
 2.743   93.5603
 2.741   93.6648
 2.740   93.6453
 2.739   93.8835
 2.737   94.2078
 2.736   94.5603
 2.734   94.7302
 2.733   94.8220
 2.731   94.9099
 2.730   95.1384
 2.729   95.2791
 2.727   95.4255
 2.726   95.3914
 2.724   95.3445
 2.723   95.5740
 2.721   95.8406
 2.720   95.9958
 2.718   96.0945
 2.717   96.2107
 2.716   96.4412
 2.714   96.6365
 2.713   96.6531
 2.711   96.4929
 2.710   96.4919
 2.709   96.6609
 2.707   96.9685
 2.706   97.0037
 2.704   96.7771
 2.703   96.7165
 2.701   96.8201
 2.700   97.0124
 2.699   97.0632
 2.697   96.9665
 2.696   97.1208
 2.694   97.4099
 2.693   97.4685
 2.692   97.2849
 2.690   97.3679
 2.689   97.6306
 2.687   97.7537
 2.686   97.6296
 2.685   97.5242
 2.683   97.7048
 2.682   97.9187
 2.681   98.0320
 2.679   97.9499
 2.678   98.0017
 2.676   97.9734
 2.675   97.8904
 2.674   97.9841
 2.672   98.2195
 2.671   98.1247
 2.669   97.9568
 2.668   98.0554
 2.667   98.2039
 2.665   98.2273
 2.664   98.1638
 2.663   98.1492
 2.661   98.1726
 2.660   98.2654
 2.659   98.2927
 2.657   98.4451
 2.656   98.5290
 2.654   98.5290
 2.653   98.4763
 2.652   98.4255
 2.650   98.4861
 2.649   98.5369
 2.648   98.5310
 2.646   98.4509
 2.645   98.3415
 2.644   98.5701
 2.642   98.7673
 2.641   98.6970
 2.640   98.5974
 2.638   98.6814
 2.637   98.8494
 2.636   98.8201
 2.634   98.7361
 2.633   98.7751
 2.632   98.9197
 2.630   98.8904
 2.629   98.8005
 2.628   98.7849
 2.626   98.8982
 2.625   98.9236
 2.624   98.8826
 2.622   98.7712
 2.621   98.6501
 2.620   98.7009
 2.618   98.8474
 2.617   98.8611
 2.616   98.8455
 2.614   98.8865
 2.613   98.9099
 2.612   98.9763
 2.610   99.0232
 2.609   99.0134
 2.608   98.9372
 2.606   98.9021
 2.605   98.9216
 2.604   99.1052
 2.602   99.0759
 2.601   99.0525
 2.600   99.0954
 2.599   99.2185
 2.597   99.2322
 2.596   99.0037
 2.595   98.6755
 2.593   98.7986
 2.592   99.2048
 2.591   99.3279
 2.589   99.2439
 2.588   99.0876
 2.587   99.2244
 2.586   99.3650
 2.584   99.2576
 2.583   99.1482
 2.582   99.2126
 2.580   99.2849
 2.579   99.2927
 2.578   99.3044
 2.577   99.2537
 2.575   99.2947
 2.574   99.2224
 2.573   99.3181
 2.572   99.3474
 2.570   99.2615
 2.569   99.0720
 2.568   98.9802
 2.566   99.0505
 2.565   99.0837
 2.564   99.1130
 2.563   99.1560
 2.561   99.2380
 2.560   99.3279
 2.559   99.4587
 2.558   99.7068
 2.556   99.6658
 2.555   99.6091
 2.554   99.4939
 2.553   99.3708
 2.551   99.3005
 2.550   99.3240
 2.549   99.3083
 2.547   99.2732
 2.546   99.3396
 2.545   99.3396
 2.544   99.3513
 2.542   99.2927
 2.541   99.3552
 2.540   99.5349
 2.539   99.5701
 2.538   99.4255
 2.536   99.4021
 2.535   99.3767
 2.534   99.3767
 2.533   99.3552
 2.531   99.2302
 2.530   99.2107
 2.529   99.3083
 2.528   99.2888
 2.526   99.2439
 2.525   99.0837
 2.524   99.1189
 2.523   99.2029
 2.521   99.2986
 2.520   99.2126
 2.519   99.1814
 2.518   99.3142
 2.517   99.3630
 2.515   99.5642
 2.514   99.5583
 2.513   99.3708
 2.512   99.5954
 2.510   99.8201
 2.509   99.8611
 2.508   99.7732
 2.507   99.7654
 2.506   99.7497
 2.504   99.7361
 2.503   99.7224
 2.502   99.7146
 2.501   99.7048
 2.500   99.8591
 2.498   99.7341
 2.497   99.6208
 2.496   99.6404
 2.495   99.5544
 2.494   99.4919
 2.492   99.6345
 2.491   99.9099
 2.490   99.8845
 2.489   99.8435
 2.488   99.7458
 2.486   99.6833
 2.485   99.7732
 2.484   99.7595
 2.483   99.8240
 2.482   99.8122
 2.480   99.8162
 2.479   99.8396
 2.478   99.8279
 2.477   99.7810
 2.476   99.9626
 2.475   99.9490
 2.473   99.7927
 2.472   99.8747
 2.471   99.9470
 2.470   99.9216
 2.469   99.9470
 2.467   99.8708
 2.466   99.7927
 2.465   99.7595
 2.464   99.9099
 2.463   99.8787
 2.462   99.8923
 2.460   99.9451
 2.459  100.0408
 2.458  100.0154
 2.457   99.9490
 2.456   99.8064
 2.455   99.8630
 2.453  100.0701
 2.452   99.9704
 2.451   99.8904
 2.450   99.9704
 2.449  100.0329
 2.448   99.9626
 2.447   99.8611
 2.445   99.8708
 2.444  100.0193
 2.443  100.0974
 2.442   99.9841
 2.441   99.8240
 2.440   99.8689
 2.438  100.1111
 2.437  100.0115
 2.436   99.8318
 2.435   99.8513
 2.434   99.9138
 2.433  100.0564
 2.432  100.1482
 2.430  100.1892
 2.429  100.4021
 2.428  100.4060
 2.427   99.9939
 2.426   99.5564
 2.425   99.8220
 2.424  100.4314
 2.423  100.8611
 2.421  100.7068
 2.420  100.3357
 2.419   99.9685
 2.418   99.9138
 2.417  100.1267
 2.416  100.2204
 2.415  100.1833
 2.413  100.1482
 2.412  100.2107
 2.411  100.3161
 2.410  100.4060
 2.409  100.5232
 2.408  100.6052
 2.407  100.6579
 2.406  100.4958
 2.405  100.5115
 2.403  100.6013
 2.402  100.7419
 2.401  100.7029
 2.400  100.4372
 2.399  100.2810
 2.398  100.3298
 2.397  100.4783
 2.396  100.2673
 2.395  100.2966
 2.393  100.4314
 2.392  100.6130
 2.391  100.5251
 2.390  100.4646
 2.389  100.4001
 2.388  100.3923
 2.387  100.4783
 2.386  100.4919
 2.385  100.5544
 2.384  100.6013
 2.382  100.5329
 2.381  100.5251
 2.380  100.5154
 2.379  100.6443
 2.378  100.5232
 2.377  100.4783
 2.376  100.5642
 2.375  100.7654
 2.374  100.7185
 2.373  100.6169
 2.372  100.6482
 2.370  100.6501
 2.369  100.7986
 2.368  100.6892
 2.367  100.5232
 2.366  100.5329
 2.365  100.5876
 2.364  100.5232
 2.363  100.6091
 2.362  100.7810
 2.361  100.8161
 2.360  100.7908
 2.359  100.8122
 2.358  100.7829
 2.356  100.6423
 2.355  100.5466
 2.354  100.4919
 2.353  100.7654
 2.352  100.9392
 2.351  100.8279
 2.350  100.6951
 2.349  100.7908
 2.348  100.7829
 2.347  100.5486
 2.346  100.5486
 2.345  100.7888
 2.344  100.8513
 2.343  100.7204
 2.342  100.5779
 2.340  100.5466
 2.339  100.5720
 2.338  100.4607
 2.337  100.5095
 2.336  100.6189
 2.335  100.7615
 2.334  100.7751
 2.333  100.6872
 2.332  100.6970
 2.331  100.7283
 2.330  100.6169
 2.329  100.6579
 2.328  100.6189
 2.327  100.6970
 2.326  100.7458
 2.325  100.9607
 2.324  100.9841
 2.323  100.8747
 2.322  100.6560
 2.321  100.5310
 2.320  100.4626
 2.318  100.4158
 2.317  100.3611
 2.316  100.3083
 2.315  100.5486
 2.314  100.8357
 2.313  101.0564
 2.312  101.0329
 2.311  101.1189
 2.310  101.1638
 2.309  101.0017
 2.308  100.9724
 2.307  101.0876
 2.306  100.9939
 2.305  100.7966
 2.304  100.7107
 2.303  100.5896
 2.302  100.8298
 2.301  100.9919
 2.300  101.0408
 2.299  101.0954
 2.298  101.0232
 2.297  100.9763
 2.296  100.8435
 2.295  100.7966
 2.294  100.6560
 2.293  100.6501
 2.292  100.8376
 2.291  101.1169
 2.290  101.1579
 2.289  100.9607
 2.288  101.1365
 2.287  101.2029
 2.286  101.0388
 2.285  101.0310
 2.284  100.9685
 2.283  100.7732
 2.282  100.7732
 2.281  100.6599
 2.280  100.7536
 2.279  100.8044
 2.278  100.8669
 2.277  100.9685
 2.276  100.9333
 2.275  100.9802
 2.274  100.9607
 2.273  100.8904
 2.272  100.8708
 2.271  101.0505
 2.270  101.2107
 2.269  101.1755
 2.268  101.0193
 2.267  100.8865
 2.266  100.9451
 2.265  100.8943
 2.264  100.6677
 2.263  100.7849
 2.262  101.0427
 2.261  101.1599
 2.260  101.0701
 2.259  101.1169
 2.258  101.0935
 2.257  101.1326
 2.256  100.8747
 2.255  100.8826
 2.254  100.9958
 2.253  101.1013
 2.252  100.9685
 2.251  100.9099
 2.250  100.8083
 2.249  100.9802
 2.248  101.0544
 2.247  100.8826
 2.246  100.7458
 2.245  100.8357
 2.244  100.9880
 2.243  101.0935
 2.242  101.1755
 2.241  101.3240
 2.240  101.0661
 2.239  100.8630
 2.238  100.8786
 2.237  100.8044
 2.236  100.9411
 2.236  100.9685
 2.235  100.9294
 2.234  100.9724
 2.233  101.0818
 2.232  101.1911
 2.231  101.0974
 2.230  100.8201
 2.229  100.7576
 2.228  100.6951
 2.227  100.6990
 2.226  100.7068
 2.225  100.6169
 2.224  100.8591
 2.223  100.8122
 2.222  100.7497
 2.221  101.0193
 2.220  101.2497
 2.219  101.3435
 2.218  101.0466
 2.217  100.8396
 2.216  100.6755
 2.215  100.6911
 2.215  100.6443
 2.214  100.5193
 2.213  100.5349
 2.212  100.5076
 2.211  100.5974
 2.210  100.8630
 2.209  100.7810
 2.208  100.6286
 2.207  100.4685
 2.206  100.5310
 2.205  100.6247
 2.204  100.5896
 2.203  100.8747
 2.202  101.0740
 2.201  101.1091
 2.200  101.0193
 2.199  100.7810
 2.199  100.5310
 2.198  100.6404
 2.197  101.0701
 2.196  101.2341
 2.195  100.9724
 2.194  100.8161
 2.193  100.8943
 2.192  100.9411
 2.191  100.6755
 2.190  100.6638
 2.189  100.7732
 2.188  100.8904
 2.187  100.6443
 2.186  100.5505
 2.186  100.7341
 2.185  100.7654
 2.184  100.7263
 2.183  100.7576
 2.182  100.7146
 2.181  100.8201
 2.180  100.9607
 2.179  100.8044
 2.178  100.9099
 2.177  100.8435
 2.176  100.8904
 2.175  100.6247
 2.175  100.4607
 2.174  100.6716
 2.173  101.0232
 2.172  100.9763
 2.171  100.5935
 2.170  100.4138
 2.169  100.3161
 2.168  100.7615
 2.167  101.0193
 2.166  101.2810
 2.165  101.2302
 2.165  101.3747
 2.164  101.3201
 2.163  101.2068
 2.162  101.3552
 2.161  101.6638
 2.160  101.4880
 2.159  101.1755
 2.158  100.9255
 2.157  101.0779
 2.156  101.0193
 2.156  100.5388
 2.155  100.1951
 2.154  100.1169
 2.153  100.4255
 2.152  100.6169
 2.151  100.4411
 2.150  100.2888
 2.149  100.0662
 2.148  100.3982
 2.148  100.3904
 2.147  100.6599
 2.146  100.8201
 2.145  101.0935
 2.144  101.1638
 2.143  100.9568
 2.142  100.5349
 2.141  100.5154
 2.140  100.8630
 2.140  100.8435
 2.139  100.7654
 2.138  100.4685
 2.137  100.5076
 2.136  100.7263
 2.135  100.6482
 2.134  100.7068
 2.133  100.7029
 2.133  100.5193
 2.132  100.3786
 2.131  100.4294
 2.130  100.6560
 2.129  100.7263
 2.128  100.8591
 2.127  100.8279
 2.126  101.2107
 2.126  101.1872
 2.125  101.0701
 2.124  100.8005
 2.123  100.8435
 2.122  100.9451
 2.121  101.0466
 2.120  100.9685
 2.119  100.8318
 2.119  100.6326
 2.118  100.4880
 2.117  100.7693
 2.116  100.6130
 2.115  100.1794
 2.114  100.1326
 2.113  100.6638
 2.113  101.0388
 2.112  101.0036
 2.111  100.6443
 2.110  100.4880
 2.109  100.5466
 2.108  100.5779
 2.107  100.4451
 2.107  100.4411
 2.106  101.0076
 2.105  101.2849
 2.104  101.1482
 2.103  101.0622
 2.102  101.0076
 2.101  101.0310
 2.101  100.9880
 2.100  100.8943
 2.099  100.9138
 2.098  100.8669
 2.097  100.6755
 2.096  100.7966
 2.095  101.0818
 2.095  100.9724
 2.094  100.7966
 2.093  100.6599
 2.092  100.5505
 2.091  100.4255
 2.090  100.3122
 2.090  100.3279
 2.089  100.4607
 2.088  100.7341
 2.087  100.8122
 2.086  101.1911
 2.085  101.1638
 2.085  101.3474
 2.084  100.9763
 2.083  100.8005
 2.082  100.8630
 2.081  100.7185
 2.080  100.6755
 2.079  100.6326
