Name: Argillaceous Limestone 
Type:  Rocks
Class:  Sedimentary
Subclass: Limestone
Particle Size:  0 - 75 Micrometers
Sample No.:  limestone.6
Owner:  JHU
Wavelength Range:  All
Origin:  Sample No. 359,  The Hunt and Salisbury Collection at the U.S. 
Geological Survey, Denver, Co.
Description: A fine-grained sample with uniserial and some biserial 
foraminiferid tests recrystallized to calcite ("globigerinid ooze").  The 
matrix contains cloudy brown material (clay), carbonate, quartz and 
a reddish-brown phase (hematite?).  There are scattered subrounded 
grains of quartz present as well.  The reddish material occurs as 
irregular flecks and discontinuous bands throughout the section. 
Measurement:  Directional (10 Degree) Hemispherical Reflectance
First Column:  X
Second Column:  Y  
X Units:  Wavelength (micrometers)
Y Units:  Reflectance (percent)
First X Value: 14.9831
Last X Value:  0.4
Number of X Values:  2868
Additional Information:  None
14.983    9.0509
14.940    9.1094
14.897    9.1688
14.854    9.2616
14.812    9.3947
14.770    9.5458
14.728    9.6687
14.686    9.7071
14.645    9.6060
14.603    9.3286
14.562    8.8766
14.521    8.3025
14.481    7.7069
14.441    7.2120
14.400    6.9155
14.361    6.8471
14.321    6.9378
14.281    7.0280
14.242    6.9214
14.203    6.4639
14.164    5.6170
14.126    4.4910
14.087    3.3237
14.049    2.4096
14.011    1.9992
13.973    2.2180
13.936    3.0329
13.899    4.2759
13.861    5.7089
13.824    7.1019
13.788    8.2935
13.751    9.2145
13.715    9.8726
13.679   10.3190
13.643   10.6150
13.607   10.8080
13.571   10.9260
13.536   10.9850
13.500   10.9960
13.465   10.9700
13.430   10.9210
13.396   10.8600
13.361   10.7910
13.327   10.7170
13.293   10.6340
13.259   10.5400
13.225   10.4300
13.191   10.2960
13.158   10.1300
13.124    9.9110
13.091    9.6169
13.058    9.2223
13.026    8.7129
12.993    8.0939
12.960    7.4010
12.928    6.6998
12.896    6.0734
12.864    5.6007
12.832    5.3333
12.800    5.2760
12.769    5.3816
12.737    5.5638
12.706    5.7212
12.675    5.7667
12.644    5.6511
12.614    5.3769
12.583    4.9971
12.552    4.6037
12.522    4.3051
12.492    4.2023
12.462    4.3657
12.432    4.8183
12.402    5.5306
12.373    6.4291
12.343    7.4130
12.314    8.3802
12.285    9.2462
12.256    9.9602
12.227   10.5070
12.198   10.9010
12.169   11.1710
12.141   11.3570
12.113   11.5030
12.084   11.6540
12.056   11.8430
12.028   12.0830
12.000   12.3510
11.973   12.5800
11.945   12.6720
11.918   12.5410
11.890   12.1740
11.863   11.6490
11.836   11.1230
11.809   10.7820
11.782   10.7690
11.755   11.1060
11.729   11.6750
11.702   12.2650
11.676   12.6430
11.650   12.6210
11.624   12.0980
11.598   11.0800
11.572    9.6649
11.546    8.0006
11.520    6.2522
11.495    4.5855
11.469    3.1437
11.444    2.0288
11.419    1.3027
11.394    0.9998
11.369    1.1351
11.344    1.6973
11.319    2.6410
11.294    3.8748
11.270    5.2583
11.245    6.6164
11.221    7.7801
11.197    8.6300
11.173    9.1212
11.149    9.2801
11.125    9.1842
11.101    8.9277
11.077    8.5933
11.054    8.2386
11.030    7.8999
11.007    7.6011
10.983    7.3583
10.960    7.1824
10.937    7.0775
10.914    7.0396
10.891    7.0547
10.868    7.1045
10.846    7.1689
10.823    7.2328
10.800    7.2871
10.778    7.3283
10.756    7.3583
10.733    7.3830
10.711    7.4076
10.689    7.4379
10.667    7.4765
10.645    7.5232
10.623    7.5736
10.602    7.6217
10.580    7.6591
10.558    7.6776
10.537    7.6700
10.516    7.6312
10.494    7.5587
10.473    7.4519
10.452    7.3124
10.431    7.1431
10.410    6.9489
10.389    6.7346
10.368    6.5049
10.348    6.2640
10.327    6.0161
10.306    5.7650
10.286    5.5147
10.266    5.2699
10.245    5.0347
10.225    4.8126
10.205    4.6049
10.185    4.4119
10.165    4.2326
10.145    4.0664
10.125    3.9120
10.106    3.7687
10.086    3.6363
10.066    3.5153
10.047    3.4054
10.027    3.3071
10.008    3.2202
 9.989    3.1442
 9.970    3.0772
 9.950    3.0175
 9.931    2.9633
 9.912    2.9133
 9.893    2.8669
 9.875    2.8245
 9.856    2.7864
 9.837    2.7532
 9.819    2.7243
 9.800    2.6997
 9.781    2.6789
 9.763    2.6620
 9.745    2.6495
 9.726    2.6410
 9.708    2.6362
 9.690    2.6346
 9.672    2.6350
 9.654    2.6377
 9.636    2.6438
 9.618    2.6547
 9.600    2.6722
 9.582    2.6964
 9.565    2.7265
 9.547    2.7606
 9.530    2.7966
 9.512    2.8340
 9.495    2.8747
 9.477    2.9218
 9.460    2.9791
 9.443    3.0509
 9.426    3.1404
 9.409    3.2491
 9.392    3.3760
 9.375    3.5179
 9.358    3.6678
 9.341    3.8165
 9.324    3.9529
 9.307    4.0675
 9.291    4.1542
 9.274    4.2115
 9.257    4.2426
 9.241    4.2542
 9.225    4.2542
 9.208    4.2487
 9.192    4.2407
 9.175    4.2302
 9.159    4.2165
 9.143    4.1983
 9.127    4.1751
 9.111    4.1488
 9.095    4.1213
 9.079    4.0948
 9.063    4.0694
 9.047    4.0453
 9.032    4.0214
 9.016    3.9965
 9.000    3.9707
 8.985    3.9449
 8.969    3.9210
 8.954    3.9008
 8.938    3.8871
 8.923    3.8809
 8.908    3.8833
 8.892    3.8944
 8.877    3.9155
 8.862    3.9465
 8.847    3.9882
 8.832    4.0406
 8.817    4.1028
 8.802    4.1741
 8.787    4.2534
 8.772    4.3411
 8.757    4.4375
 8.742    4.5433
 8.727    4.6563
 8.713    4.7707
 8.698    4.8749
 8.684    4.9554
 8.669    4.9994
 8.655    5.0027
 8.640    4.9717
 8.626    4.9248
 8.612    4.8884
 8.597    4.8872
 8.583    4.9383
 8.569    5.0461
 8.555    5.2019
 8.541    5.3895
 8.527    5.5917
 8.513    5.7980
 8.499    6.0047
 8.485    6.2164
 8.471    6.4402
 8.457    6.6846
 8.443    6.9546
 8.430    7.2530
 8.416    7.5798
 8.402    7.9345
 8.389    8.3163
 8.375    8.7233
 8.361    9.1546
 8.348    9.6074
 8.335   10.0790
 8.321   10.5670
 8.308   11.0680
 8.295   11.5820
 8.281   12.1060
 8.268   12.6350
 8.255   13.1640
 8.242   13.6820
 8.229   14.1780
 8.216   14.6390
 8.203   15.0560
 8.190   15.4200
 8.177   15.7310
 8.164   15.9850
 8.151   16.1850
 8.138   16.3330
 8.126   16.4330
 8.113   16.4940
 8.100   16.5320
 8.088   16.5690
 8.075   16.6270
 8.062   16.7280
 8.050   16.8790
 8.037   17.0770
 8.025   17.3000
 8.013   17.5240
 8.000   17.7170
 7.988   17.8550
 7.976   17.9220
 7.963   17.9160
 7.951   17.8450
 7.939   17.7330
 7.927   17.6080
 7.915   17.5000
 7.903   17.4280
 7.891   17.4020
 7.879   17.4100
 7.867   17.4320
 7.855   17.4430
 7.843   17.4280
 7.831   17.3860
 7.819   17.3280
 7.808   17.2740
 7.796   17.2410
 7.784   17.2370
 7.772   17.2520
 7.761   17.2660
 7.749   17.2530
 7.737   17.1930
 7.726   17.0710
 7.715   16.8820
 7.703   16.6320
 7.692   16.3290
 7.680   15.9850
 7.669   15.6110
 7.657   15.2220
 7.646   14.8330
 7.635   14.4590
 7.624   14.1150
 7.613   13.8150
 7.601   13.5640
 7.590   13.3650
 7.579   13.2110
 7.568   13.0940
 7.557   13.0040
 7.546   12.9270
 7.535   12.8520
 7.524   12.7700
 7.513   12.6700
 7.502   12.5470
 7.492   12.3960
 7.481   12.2200
 7.470   12.0210
 7.459   11.8070
 7.449   11.5860
 7.438   11.3620
 7.427   11.1390
 7.417   10.9130
 7.406   10.6760
 7.395   10.4200
 7.385   10.1340
 7.374    9.8120
 7.364    9.4501
 7.353    9.0528
 7.343    8.6284
 7.333    8.1903
 7.322    7.7526
 7.312    7.3299
 7.302    6.9342
 7.291    6.5728
 7.281    6.2481
 7.271    5.9543
 7.261    5.6805
 7.251    5.4127
 7.240    5.1382
 7.230    4.8493
 7.220    4.5454
 7.210    4.2345
 7.200    3.9285
 7.190    3.6420
 7.180    3.3895
 7.170    3.1830
 7.160    3.0296
 7.151    2.9311
 7.141    2.8818
 7.131    2.8695
 7.121    2.8766
 7.111    2.8844
 7.102    2.8771
 7.092    2.8465
 7.082    2.7925
 7.072    2.7224
 7.063    2.6459
 7.053    2.5730
 7.044    2.5086
 7.034    2.4541
 7.025    2.4070
 7.015    2.3634
 7.006    2.3208
 6.996    2.2789
 6.987    2.2391
 6.977    2.2043
 6.968    2.1761
 6.959    2.1557
 6.949    2.1420
 6.940    2.1325
 6.931    2.1247
 6.921    2.1164
 6.912    2.1055
 6.903    2.0920
 6.894    2.0762
 6.885    2.0594
 6.875    2.0444
 6.866    2.0338
 6.857    2.0290
 6.848    2.0307
 6.839    2.0371
 6.830    2.0451
 6.821    2.0525
 6.812    2.0570
 6.803    2.0594
 6.794    2.0612
 6.785    2.0648
 6.777    2.0721
 6.768    2.0826
 6.759    2.0949
 6.750    2.1067
 6.741    2.1178
 6.733    2.1285
 6.724    2.1403
 6.715    2.1555
 6.707    2.1754
 6.698    2.1993
 6.689    2.2254
 6.681    2.2512
 6.672    2.2760
 6.663    2.3009
 6.655    2.3279
 6.646    2.3611
 6.638    2.4032
 6.629    2.4551
 6.621    2.5143
 6.612    2.5775
 6.604    2.6410
 6.596    2.7025
 6.587    2.7627
 6.579    2.8233
 6.571    2.8868
 6.562    2.9543
 6.554    3.0244
 6.546    3.0940
 6.537    3.1594
 6.529    3.2179
 6.521    3.2707
 6.513    3.3225
 6.505    3.3834
 6.496    3.4653
 6.488    3.5799
 6.480    3.7334
 6.472    3.9231
 6.464    4.1365
 6.456    4.3517
 6.448    4.5445
 6.440    4.6939
 6.432    4.7879
 6.424    4.8277
 6.416    4.8235
 6.408    4.7910
 6.400    4.7434
 6.392    4.6871
 6.384    4.6207
 6.377    4.5364
 6.369    4.4254
 6.361    4.2821
 6.353    4.1078
 6.345    3.9112
 6.338    3.7059
 6.330    3.5089
 6.322    3.3365
 6.314    3.2013
 6.307    3.1108
 6.299    3.0668
 6.291    3.0637
 6.284    3.0907
 6.276    3.1345
 6.269    3.1804
 6.261    3.2179
 6.253    3.2399
 6.246    3.2460
 6.239    3.2396
 6.231    3.2259
 6.223    3.2100
 6.216    3.1956
 6.209    3.1847
 6.201    3.1781
 6.194    3.1776
 6.186    3.1849
 6.179    3.2032
 6.172    3.2332
 6.164    3.2752
 6.157    3.3266
 6.150    3.3832
 6.142    3.4416
 6.135    3.4992
 6.128    3.5567
 6.121    3.6164
 6.113    3.6801
 6.106    3.7502
 6.099    3.8255
 6.092    3.9034
 6.085    3.9806
 6.078    4.0564
 6.070    4.1343
 6.063    4.2210
 6.056    4.3243
 6.049    4.4512
 6.042    4.6037
 6.035    4.7766
 6.028    4.9601
 6.021    5.1432
 6.014    5.3163
 6.007    5.4749
 6.000    5.6196
 5.993    5.7539
 5.986    5.8830
 5.979    6.0090
 5.973    6.1323
 5.966    6.2536
 5.959    6.3758
 5.952    6.5046
 5.945    6.6474
 5.938    6.8106
 5.931    6.9958
 5.925    7.1971
 5.918    7.4026
 5.911    7.6016
 5.904    7.7875
 5.898    7.9606
 5.891    8.1275
 5.884    8.2959
 5.878    8.4695
 5.871    8.6435
 5.864    8.8067
 5.858    8.9450
 5.851    9.0494
 5.845    9.1200
 5.838    9.1660
 5.831    9.2029
 5.825    9.2458
 5.818    9.3031
 5.812    9.3713
 5.805    9.4383
 5.799    9.4880
 5.792    9.5096
 5.786    9.5037
 5.779    9.4826
 5.773    9.4686
 5.767    9.4864
 5.760    9.5541
 5.754    9.6777
 5.747    9.8518
 5.741   10.0630
 5.735   10.2960
 5.728   10.5370
 5.722   10.7780
 5.716   11.0170
 5.709   11.2580
 5.703   11.5080
 5.697   11.7740
 5.691   12.0630
 5.684   12.3800
 5.678   12.7200
 5.672   13.0710
 5.666   13.4130
 5.660   13.7240
 5.653   13.9750
 5.647   14.1400
 5.641   14.1840
 5.635   14.0640
 5.629   13.7260
 5.623   13.1120
 5.617   12.1800
 5.611   10.9220
 5.604    9.3843
 5.598    7.6686
 5.592    5.9206
 5.586    4.3063
 5.580    2.9836
 5.574    2.0854
 5.568    1.7072
 5.562    1.9049
 5.556    2.6898
 5.551    4.0221
 5.545    5.8051
 5.539    7.8909
 5.533   10.1010
 5.527   12.2600
 5.521   14.2310
 5.515   15.9340
 5.509   17.3570
 5.503   18.5360
 5.497   19.5310
 5.492   20.4020
 5.486   21.1980
 5.480   21.9490
 5.474   22.6710
 5.468   23.3670
 5.463   24.0350
 5.457   24.6660
 5.451   25.2500
 5.446   25.7770
 5.440   26.2420
 5.434   26.6440
 5.428   26.9830
 5.423   27.2600
 5.417   27.4680
 5.411   27.6000
 5.406   27.6470
 5.400   27.6080
 5.394   27.4900
 5.389   27.3100
 5.383   27.0940
 5.378   26.8690
 5.372   26.6660
 5.367   26.5090
 5.361   26.4190
 5.356   26.4110
 5.350   26.4910
 5.345   26.6540
 5.339   26.8890
 5.333   27.1770
 5.328   27.4970
 5.322   27.8320
 5.317   28.1710
 5.312   28.5120
 5.306   28.8620
 5.301   29.2280
 5.295   29.6220
 5.290   30.0510
 5.285   30.5180
 5.279   31.0240
 5.274   31.5640
 5.268   32.1360
 5.263   32.7350
 5.258   33.3570
 5.252   34.0000
 5.247   34.6560
 5.242   35.3140
 5.237   35.9600
 5.231   36.5790
 5.226   37.1540
 5.221   37.6740
 5.215   38.1340
 5.210   38.5310
 5.205   38.8680
 5.200   39.1470
 5.194   39.3740
 5.189   39.5530
 5.184   39.6930
 5.179   39.8020
 5.174   39.8890
 5.169   39.9620
 5.164   40.0280
 5.158   40.0970
 5.153   40.1760
 5.148   40.2740
 5.143   40.3840
 5.138   40.4830
 5.133   40.5280
 5.128   40.4680
 5.123   40.2680
 5.118   39.9350
 5.113   39.5250
 5.107   39.1380
 5.103   38.8820
 5.098   38.8350
 5.093   39.0110
 5.088   39.3590
 5.082   39.7800
 5.077   40.1760
 5.073   40.4780
 5.068   40.6640
 5.063   40.7540
 5.058   40.7910
 5.053   40.8100
 5.048   40.8300
 5.043   40.8570
 5.038   40.8830
 5.033   40.9030
 5.028   40.9170
 5.023   40.9330
 5.019   40.9610
 5.014   41.0130
 5.009   41.0950
 5.004   41.2130
 4.999   41.3720
 4.994   41.5740
 4.990   41.8240
 4.985   42.1220
 4.980   42.4670
 4.975   42.8490
 4.970   43.2530
 4.966   43.6590
 4.961   44.0440
 4.956   44.3910
 4.951   44.6900
 4.947   44.9430
 4.942   45.1610
 4.937   45.3630
 4.933   45.5710
 4.928   45.8070
 4.923   46.0870
 4.919   46.4160
 4.914   46.7930
 4.909   47.2080
 4.905   47.6450
 4.900   48.0820
 4.895   48.5030
 4.891   48.8930
 4.886   49.2420
 4.882   49.5470
 4.877   49.8120
 4.872   50.0400
 4.868   50.2380
 4.863   50.4120
 4.859   50.5670
 4.854   50.7070
 4.849   50.8350
 4.845   50.9540
 4.840   51.0640
 4.836   51.1670
 4.832   51.2620
 4.827   51.3480
 4.822   51.4250
 4.818   51.4940
 4.814   51.5570
 4.809   51.6150
 4.805   51.6690
 4.800   51.7200
 4.796   51.7660
 4.791   51.8030
 4.787   51.8280
 4.782   51.8350
 4.778   51.8210
 4.774   51.7840
 4.769   51.7220
 4.765   51.6380
 4.761   51.5340
 4.756   51.4130
 4.752   51.2720
 4.747   51.1040
 4.743   50.8920
 4.739   50.6070
 4.734   50.2170
 4.730   49.6840
 4.726   48.9850
 4.721   48.1110
 4.717   47.0780
 4.713   45.9300
 4.709   44.7270
 4.704   43.5380
 4.700   42.4270
 4.696   41.4460
 4.691   40.6240
 4.687   39.9730
 4.683   39.4910
 4.679   39.1720
 4.675   39.0080
 4.670   39.0010
 4.666   39.1600
 4.662   39.4980
 4.658   40.0230
 4.654   40.7290
 4.649   41.5920
 4.645   42.5670
 4.641   43.5960
 4.637   44.6180
 4.633   45.5800
 4.629   46.4430
 4.625   47.1870
 4.620   47.8050
 4.616   48.3060
 4.612   48.7030
 4.608   49.0170
 4.604   49.2650
 4.600   49.4660
 4.596   49.6330
 4.592   49.7740
 4.588   49.8940
 4.584   49.9960
 4.580   50.0810
 4.576   50.1520
 4.572   50.2120
 4.567   50.2660
 4.564   50.3130
 4.559   50.3560
 4.556   50.3930
 4.551   50.4230
 4.548   50.4450
 4.543   50.4600
 4.540   50.4700
 4.536   50.4750
 4.532   50.4790
 4.528   50.4820
 4.524   50.4850
 4.520   50.4920
 4.516   50.5050
 4.512   50.5300
 4.508   50.5720
 4.504   50.6370
 4.500   50.7300
 4.496   50.8550
 4.492   51.0140
 4.488   51.2020
 4.485   51.4140
 4.481   51.6410
 4.477   51.8740
 4.473   52.1040
 4.469   52.3250
 4.465   52.5380
 4.461   52.7420
 4.458   52.9450
 4.454   53.1510
 4.450   53.3610
 4.446   53.5750
 4.442   53.7900
 4.439   53.9990
 4.435   54.1980
 4.431   54.3820
 4.427   54.5520
 4.423   54.7070
 4.420   54.8500
 4.416   54.9820
 4.412   55.1040
 4.408   55.2200
 4.404   55.3290
 4.401   55.4360
 4.397   55.5420
 4.393   55.6470
 4.390   55.7480
 4.386   55.8410
 4.382   55.9190
 4.378   55.9730
 4.375   55.9970
 4.371   55.9860
 4.367   55.9400
 4.364   55.8630
 4.360   55.7660
 4.356   55.6600
 4.353   55.5610
 4.349   55.4790
 4.346   55.4210
 4.342   55.3880
 4.338   55.3750
 4.335   55.3730
 4.331   55.3750
 4.327   55.3730
 4.324   55.3660
 4.320   55.3600
 4.316   55.3580
 4.313   55.3690
 4.309   55.3940
 4.306   55.4250
 4.302   55.4500
 4.299   55.4510
 4.295   55.4150
 4.292   55.3350
 4.288   55.2150
 4.284   55.0700
 4.281   54.9240
 4.277   54.8010
 4.274   54.7220
 4.270   54.7010
 4.267   54.7370
 4.263   54.8200
 4.260   54.9320
 4.256   55.0530
 4.253   55.1620
 4.249   55.2460
 4.246   55.3000
 4.242   55.3260
 4.239   55.3310
 4.235   55.3250
 4.232   55.3140
 4.229   55.3030
 4.225   55.2930
 4.222   55.2810
 4.218   55.2630
 4.215   55.2370
 4.211   55.2010
 4.208   55.1540
 4.205   55.0960
 4.201   55.0290
 4.198   54.9530
 4.194   54.8690
 4.191   54.7760
 4.188   54.6760
 4.184   54.5700
 4.181   54.4580
 4.177   54.3410
 4.174   54.2180
 4.171   54.0880
 4.167   53.9490
 4.164   53.7980
 4.161   53.6340
 4.157   53.4560
 4.154   53.2590
 4.151   53.0430
 4.147   52.8060
 4.144   52.5480
 4.141   52.2700
 4.137   51.9740
 4.134   51.6640
 4.131   51.3420
 4.128   51.0120
 4.124   50.6730
 4.121   50.3270
 4.118   49.9740
 4.114   49.6150
 4.111   49.2500
 4.108   48.8780
 4.105   48.4980
 4.101   48.1090
 4.098   47.7080
 4.095   47.2900
 4.092   46.8480
 4.088   46.3780
 4.085   45.8720
 4.082   45.3270
 4.079   44.7470
 4.076   44.1350
 4.072   43.4980
 4.069   42.8360
 4.066   42.1400
 4.063   41.3840
 4.060   40.5310
 4.056   39.5350
 4.053   38.3600
 4.050   36.9880
 4.047   35.4340
 4.044   33.7420
 4.041   31.9800
 4.037   30.2220
 4.034   28.5280
 4.031   26.9300
 4.028   25.4220
 4.025   23.9650
 4.022   22.5030
 4.019   20.9800
 4.016   19.3670
 4.013   17.6650
 4.009   15.9160
 4.006   14.1850
 4.003   12.5470
 4.000   11.0690
 3.997    9.7994
 3.994    8.7605
 3.991    7.9544
 3.988    7.3673
 3.985    6.9761
 3.982    6.7528
 3.979    6.6683
 3.976    6.6950
 3.973    6.8132
 3.970    7.0124
 3.966    7.2975
 3.963    7.6873
 3.960    8.2109
 3.957    8.8986
 3.954    9.7696
 3.951   10.8180
 3.948   12.0020
 3.945   13.2480
 3.942   14.4640
 3.939   15.5590
 3.936   16.4690
 3.933   17.1710
 3.930   17.6880
 3.927   18.0690
 3.924   18.3710
 3.921   18.6390
 3.918   18.8950
 3.916   19.1440
 3.913   19.3760
 3.910   19.5830
 3.907   19.7640
 3.904   19.9200
 3.901   20.0590
 3.898   20.1890
 3.895   20.3140
 3.892   20.4340
 3.889   20.5500
 3.886   20.6600
 3.883   20.7600
 3.880   20.8510
 3.877   20.9310
 3.875   21.0050
 3.872   21.0780
 3.869   21.1570
 3.866   21.2470
 3.863   21.3510
 3.860   21.4690
 3.857   21.6020
 3.854   21.7530
 3.852   21.9330
 3.849   22.1620
 3.846   22.4670
 3.843   22.8790
 3.840   23.4220
 3.837   24.1060
 3.834   24.9280
 3.832   25.8660
 3.829   26.8920
 3.826   27.9740
 3.823   29.0880
 3.820   30.2230
 3.817   31.3830
 3.815   32.5830
 3.812   33.8470
 3.809   35.1940
 3.806   36.6360
 3.804   38.1660
 3.801   39.7560
 3.798   41.3550
 3.795   42.9000
 3.792   44.3240
 3.790   45.5750
 3.787   46.6220
 3.784   47.4590
 3.781   48.1080
 3.779   48.6030
 3.776   48.9830
 3.773   49.2840
 3.770   49.5300
 3.768   49.7350
 3.765   49.9050
 3.762   50.0420
 3.759   50.1500
 3.757   50.2320
 3.754   50.2990
 3.751   50.3600
 3.748   50.4230
 3.746   50.4940
 3.743   50.5740
 3.740   50.6590
 3.738   50.7450
 3.735   50.8250
 3.732   50.8950
 3.730   50.9510
 3.727   50.9930
 3.724   51.0220
 3.722   51.0390
 3.719   51.0440
 3.716   51.0390
 3.714   51.0260
 3.711   51.0050
 3.708   50.9790
 3.706   50.9470
 3.703   50.9130
 3.700   50.8750
 3.698   50.8350
 3.695   50.7910
 3.692   50.7430
 3.690   50.6900
 3.687   50.6320
 3.684   50.5670
 3.682   50.4950
 3.679   50.4170
 3.677   50.3320
 3.674   50.2400
 3.672   50.1430
 3.669   50.0410
 3.666   49.9340
 3.664   49.8250
 3.661   49.7150
 3.659   49.6040
 3.656   49.4920
 3.653   49.3800
 3.651   49.2630
 3.648   49.1420
 3.646   49.0140
 3.643   48.8820
 3.641   48.7460
 3.638   48.6100
 3.636   48.4740
 3.633   48.3390
 3.630   48.2010
 3.628   48.0610
 3.625   47.9140
 3.623   47.7600
 3.620   47.5990
 3.618   47.4280
 3.615   47.2490
 3.613   47.0600
 3.610   46.8590
 3.608   46.6440
 3.605   46.4170
 3.603   46.1740
 3.600   45.9150
 3.598   45.6340
 3.595   45.3260
 3.593   44.9800
 3.590   44.5880
 3.588   44.1430
 3.585   43.6470
 3.583   43.1160
 3.580   42.5770
 3.578   42.0680
 3.575   41.6230
 3.573   41.2700
 3.570   41.0150
 3.568   40.8450
 3.565   40.7250
 3.563   40.6170
 3.561   40.4810
 3.558   40.2880
 3.556   40.0200
 3.553   39.6730
 3.551   39.2460
 3.548   38.7410
 3.546   38.1570
 3.543   37.4890
 3.541   36.7230
 3.539   35.8400
 3.536   34.8140
 3.534   33.6270
 3.531   32.2680
 3.529   30.7490
 3.527   29.1100
 3.524   27.4160
 3.522   25.7470
 3.519   24.1850
 3.517   22.7950
 3.515   21.6090
 3.512   20.6320
 3.510   19.8360
 3.507   19.1790
 3.505   18.6120
 3.503   18.0960
 3.500   17.6010
 3.498   17.1090
 3.496   16.6130
 3.493   16.1100
 3.491   15.6030
 3.489   15.1010
 3.486   14.6280
 3.484   14.2210
 3.482   13.9360
 3.479   13.8410
 3.477   14.0000
 3.475   14.4490
 3.472   15.1840
 3.470   16.1510
 3.468   17.2520
 3.465   18.3690
 3.463   19.3900
 3.461   20.2370
 3.458   20.8730
 3.456   21.3080
 3.454   21.5770
 3.451   21.7300
 3.449   21.8130
 3.447   21.8580
 3.445   21.8850
 3.442   21.9000
 3.440   21.9070
 3.438   21.9020
 3.436   21.8850
 3.433   21.8540
 3.431   21.8100
 3.429   21.7530
 3.426   21.6870
 3.424   21.6150
 3.422   21.5430
 3.420   21.4750
 3.417   21.4130
 3.415   21.3590
 3.413   21.3120
 3.411   21.2710
 3.408   21.2320
 3.406   21.1900
 3.404   21.1410
 3.402   21.0840
 3.399   21.0160
 3.397   20.9380
 3.395   20.8500
 3.393   20.7510
 3.391   20.6450
 3.388   20.5340
 3.386   20.4220
 3.384   20.3170
 3.382   20.2250
 3.380   20.1530
 3.377   20.0980
 3.375   20.0520
 3.373   20.0000
 3.371   19.9180
 3.369   19.7800
 3.366   19.5650
 3.364   19.2590
 3.362   18.8680
 3.360   18.4180
 3.358   17.9650
 3.355   17.5940
 3.353   17.4130
 3.351   17.5350
 3.349   18.0510
 3.347   19.0050
 3.345   20.3720
 3.342   22.0530
 3.340   23.8990
 3.338   25.7410
 3.336   27.4300
 3.334   28.8660
 3.332   30.0090
 3.330   30.8740
 3.327   31.5100
 3.325   31.9780
 3.323   32.3330
 3.321   32.6130
 3.319   32.8420
 3.317   33.0340
 3.315   33.1950
 3.313   33.3310
 3.310   33.4460
 3.308   33.5440
 3.306   33.6310
 3.304   33.7080
 3.302   33.7780
 3.300   33.8390
 3.298   33.8910
 3.296   33.9320
 3.294   33.9620
 3.292   33.9820
 3.289   33.9930
 3.287   34.0010
 3.285   34.0060
 3.283   34.0120
 3.281   34.0170
 3.279   34.0220
 3.277   34.0240
 3.275   34.0240
 3.273   34.0200
 3.271   34.0140
 3.269   34.0060
 3.267   33.9980
 3.265   33.9910
 3.263   33.9850
 3.261   33.9770
 3.258   33.9670
 3.256   33.9530
 3.254   33.9340
 3.252   33.9090
 3.250   33.8810
 3.248   33.8490
 3.246   33.8150
 3.244   33.7780
 3.242   33.7390
 3.240   33.6970
 3.238   33.6530
 3.236   33.6060
 3.234   33.5580
 3.232   33.5070
 3.230   33.4530
 3.228   33.3950
 3.226   33.3300
 3.224   33.2590
 3.222   33.1820
 3.220   33.0990
 3.218   33.0150
 3.216   32.9310
 3.214   32.8490
 3.212   32.7710
 3.210   32.6980
 3.208   32.6270
 3.206   32.5560
 3.204   32.4820
 3.202   32.4040
 3.200   32.3220
 3.198   32.2380
 3.196   32.1510
 3.194   32.0630
 3.192   31.9730
 3.190   31.8820
 3.188   31.7890
 3.186   31.6950
 3.184   31.6040
 3.182   31.5160
 3.180   31.4320
 3.179   31.3500
 3.177   31.2670
 3.175   31.1810
 3.173   31.0880
 3.171   30.9870
 3.169   30.8780
 3.167   30.7630
 3.165   30.6450
 3.163   30.5260
 3.161   30.4100
 3.159   30.3000
 3.157   30.1990
 3.155   30.1090
 3.153   30.0280
 3.152   29.9570
 3.150   29.8920
 3.148   29.8330
 3.146   29.7790
 3.144   29.7280
 3.142   29.6820
 3.140   29.6390
 3.138   29.5970
 3.136   29.5540
 3.134   29.5070
 3.132   29.4550
 3.131   29.3960
 3.129   29.3290
 3.127   29.2560
 3.125   29.1740
 3.123   29.0860
 3.121   28.9900
 3.119   28.8890
 3.117   28.7850
 3.115   28.6810
 3.114   28.5810
 3.112   28.4910
 3.110   28.4120
 3.108   28.3470
 3.106   28.2950
 3.104   28.2530
 3.102   28.2190
 3.101   28.1910
 3.099   28.1660
 3.097   28.1420
 3.095   28.1190
 3.093   28.0970
 3.091   28.0770
 3.090   28.0560
 3.088   28.0360
 3.086   28.0140
 3.084   27.9890
 3.082   27.9600
 3.080   27.9280
 3.079   27.8930
 3.077   27.8580
 3.075   27.8240
 3.073   27.7920
 3.071   27.7620
 3.069   27.7300
 3.067   27.6940
 3.066   27.6550
 3.064   27.6120
 3.062   27.5700
 3.060   27.5320
 3.059   27.4990
 3.057   27.4720
 3.055   27.4490
 3.053   27.4280
 3.051   27.4060
 3.050   27.3830
 3.048   27.3610
 3.046   27.3390
 3.044   27.3200
 3.042   27.3020
 3.041   27.2850
 3.039   27.2670
 3.037   27.2480
 3.035   27.2280
 3.033   27.2090
 3.032   27.1920
 3.030   27.1800
 3.028   27.1700
 3.026   27.1610
 3.025   27.1530
 3.023   27.1430
 3.021   27.1330
 3.019   27.1230
 3.018   27.1160
 3.016   27.1120
 3.014   27.1120
 3.012   27.1170
 3.011   27.1250
 3.009   27.1350
 3.007   27.1480
 3.005   27.1630
 3.004   27.1790
 3.002   27.1960
 3.000   27.2140
 2.998   27.2330
 2.997   27.2530
 2.995   27.2740
 2.993   27.2980
 2.991   27.3230
 2.990   27.3500
 2.988   27.3780
 2.986   27.4080
 2.985   27.4390
 2.983   27.4700
 2.981   27.5000
 2.979   27.5270
 2.978   27.5500
 2.976   27.5720
 2.974   27.5900
 2.973   27.6080
 2.971   27.6240
 2.969   27.6400
 2.967   27.6530
 2.966   27.6620
 2.964   27.6690
 2.962   27.6750
 2.961   27.6850
 2.959   27.7020
 2.957   27.7290
 2.956   27.7630
 2.954   27.8040
 2.952   27.8450
 2.951   27.8830
 2.949   27.9170
 2.947   27.9480
 2.946   27.9780
 2.944   28.0090
 2.942   28.0430
 2.941   28.0780
 2.939   28.1120
 2.937   28.1440
 2.936   28.1730
 2.934   28.2010
 2.932   28.2280
 2.931   28.2560
 2.929   28.2850
 2.927   28.3160
 2.926   28.3460
 2.924   28.3780
 2.922   28.4130
 2.921   28.4510
 2.919   28.4940
 2.917   28.5400
 2.916   28.5880
 2.914   28.6350
 2.912   28.6790
 2.911   28.7200
 2.909   28.7580
 2.908   28.7960
 2.906   28.8370
 2.904   28.8820
 2.903   28.9320
 2.901   28.9850
 2.899   29.0380
 2.898   29.0920
 2.896   29.1450
 2.895   29.1960
 2.893   29.2450
 2.891   29.2940
 2.890   29.3410
 2.888   29.3900
 2.886   29.4420
 2.885   29.4970
 2.883   29.5560
 2.882   29.6170
 2.880   29.6790
 2.878   29.7380
 2.877   29.7940
 2.875   29.8480
 2.874   29.9000
 2.872   29.9550
 2.870   30.0140
 2.869   30.0760
 2.867   30.1420
 2.866   30.2080
 2.864   30.2740
 2.863   30.3370
 2.861   30.3980
 2.859   30.4550
 2.858   30.5110
 2.856   30.5660
 2.855   30.6220
 2.853   30.6780
 2.852   30.7340
 2.850   30.7900
 2.848   30.8450
 2.847   30.8990
 2.845   30.9500
 2.844   30.9970
 2.842   31.0400
 2.841   31.0780
 2.839   31.1130
 2.837   31.1440
 2.836   31.1730
 2.834   31.2020
 2.833   31.2300
 2.831   31.2570
 2.830   31.2790
 2.828   31.2940
 2.827   31.3000
 2.825   31.2950
 2.824   31.2800
 2.822   31.2580
 2.821   31.2320
 2.819   31.2040
 2.817   31.1760
 2.816   31.1450
 2.814   31.1060
 2.813   31.0520
 2.811   30.9780
 2.810   30.8820
 2.808   30.7660
 2.807   30.6380
 2.805   30.5050
 2.804   30.3730
 2.802   30.2410
 2.801   30.1010
 2.799   29.9390
 2.798   29.7390
 2.796   29.4900
 2.795   29.1880
 2.793   28.8380
 2.792   28.4490
 2.790   28.0350
 2.789   27.6070
 2.787   27.1730
 2.786   26.7350
 2.784   26.2930
 2.783   25.8460
 2.781   25.3930
 2.780   24.9380
 2.778   24.4870
 2.777   24.0490
 2.775   23.6300
 2.774   23.2340
 2.772   22.8590
 2.771   22.4980
 2.769   22.1460
 2.768   21.8000
 2.766   21.4650
 2.765   21.1550
 2.763   20.8870
 2.762   20.6810
 2.761   20.5500
 2.759   20.5010
 2.757   20.5350
 2.756   20.6490
 2.755   20.8350
 2.753   21.0850
 2.752   21.3840
 2.750   21.7110
 2.749   22.0410
 2.747   22.3530
 2.746   22.6340
 2.744   22.8920
 2.743   23.1490
 2.741   23.4400
 2.740   23.8010
 2.739   24.2620
 2.737   24.8320
 2.736   25.5030
 2.734   26.2500
 2.733   27.0430
 2.731   27.8510
 2.730   28.6590
 2.728   29.4700
 2.727   30.3080
 2.726   31.2140
 2.724   32.2310
 2.723   33.3880
 2.721   34.6830
 2.720   36.0780
 2.719   37.5060
 2.717   38.8890
 2.716   40.1600
 2.714   41.2920
 2.713   42.2930
 2.711   43.2030
 2.710   44.0760
 2.708   44.9570
 2.707   45.8720
 2.706   46.8250
 2.704   47.8060
 2.703   48.8020
 2.701   49.8000
 2.700   50.8060
 2.699   51.8380
 2.697   52.9240
 2.696   54.0910
 2.695   55.3540
 2.693   56.7070
 2.692   58.1130
 2.690   59.5120
 2.689   60.8370
 2.688   62.0260
 2.686   63.0400
 2.685   63.8630
 2.683   64.5070
 2.682   65.0080
 2.680   65.4150
 2.679   65.7670
 2.678   66.0880
 2.676   66.3780
 2.675   66.6250
 2.674   66.8060
 2.672   66.9150
 2.671   66.9790
 2.670   67.0570
 2.668   67.2070
 2.667   67.4720
 2.665   67.8640
 2.664   68.3520
 2.663   68.8690
 2.661   69.3460
 2.660   69.7330
 2.659   70.0150
 2.657   70.2020
 2.656   70.3270
 2.655   70.4280
 2.653   70.5350
 2.652   70.6530
 2.650   70.7770
 2.649   70.8960
 2.648   71.0040
 2.646   71.1010
 2.645   71.1960
 2.644   71.2990
 2.642   71.4120
 2.641   71.5240
 2.640   71.6140
 2.638   71.6490
 2.637   71.6060
 2.636   71.4850
 2.634   71.3060
 2.633   71.1160
 2.632   70.9700
 2.630   70.9160
 2.629   70.9710
 2.627   71.1060
 2.626   71.2640
 2.625   71.3840
 2.624   71.4180
 2.622   71.3560
 2.621   71.2380
 2.620   71.1320
 2.618   71.0990
 2.617   71.1650
 2.616   71.3180
 2.614   71.5020
 2.613   71.6420
 2.612   71.6750
 2.610   71.5900
 2.609   71.4250
 2.608   71.2530
 2.606   71.1510
 2.605   71.1680
 2.604   71.2940
 2.603   71.4520
 2.601   71.5400
 2.600   71.4860
 2.599   71.2840
 2.597   70.9990
 2.596   70.7400
 2.595   70.6140
 2.593   70.6700
 2.592   70.8680
 2.591   71.1130
 2.590   71.3070
 2.588   71.3910
 2.587   71.3650
 2.586   71.2810
 2.584   71.2090
 2.583   71.2000
 2.582   71.2560
 2.580   71.3450
 2.579   71.4210
 2.578   71.4510
 2.577   71.4260
 2.575   71.3620
 2.574   71.2880
 2.573   71.2320
 2.571   71.2000
 2.570   71.1700
 2.569   71.1150
 2.568   71.0060
 2.566   70.8330
 2.565   70.6090
 2.564   70.3690
 2.563   70.1500
 2.561   69.9710
 2.560   69.8250
 2.559   69.6780
 2.558   69.4900
 2.556   69.2250
 2.555   68.8710
 2.554   68.4420
 2.553   67.9650
 2.551   67.4700
 2.550   66.9780
 2.549   66.4970
 2.547   66.0280
 2.546   65.5750
 2.545   65.1410
 2.544   64.7400
 2.543   64.3840
 2.541   64.0850
 2.540   63.8490
 2.539   63.6790
 2.538   63.5770
 2.536   63.5460
 2.535   63.5850
 2.534   63.6910
 2.533   63.8590
 2.531   64.0810
 2.530   64.3420
 2.529   64.6300
 2.528   64.9310
 2.526   65.2340
 2.525   65.5290
 2.524   65.8090
 2.523   66.0670
 2.522   66.3010
 2.520   66.5090
 2.519   66.6920
 2.518   66.8510
 2.517   66.9910
 2.515   67.1130
 2.514   67.2200
 2.513   67.3130
 2.512   67.3940
 2.511   67.4650
 2.509   67.5270
 2.508   67.5820
 2.507   67.6330
 2.506   67.6810
 2.504   67.7270
 2.503   67.7710
 2.502   67.8120
 2.501   67.8490
 2.500   67.8840
 2.498   67.9160
 2.497   67.9480
 2.496   67.9830
 2.495   68.0230
 2.494   68.0730
 2.492   68.1320
 2.491   68.2010
 2.490   68.2790
 2.489   68.3630
 2.488   68.4530
 2.486   68.5480
 2.485   68.6470
 2.484   68.7510
 2.483   68.8600
 2.482   68.9740
 2.481   69.0930
 2.479   69.2200
 2.478   69.3530
 2.477   69.4940
 2.476   69.6420
 2.474   69.7940
 2.473   69.9470
 2.472   70.0970
 2.471   70.2440
 2.470   70.3880
 2.469   70.5320
 2.467   70.6790
 2.466   70.8280
 2.465   70.9780
 2.464   71.1240
 2.463   71.2610
 2.462   71.3870
 2.460   71.5000
 2.459   71.5990
 2.458   71.6890
 2.457   71.7700
 2.456   71.8460
 2.455   71.9190
 2.454   71.9890
 2.452   72.0580
 2.451   72.1260
 2.450   72.1920
 2.449   72.2570
 2.448   72.3220
 2.446   72.3890
 2.445   72.4590
 2.444   72.5320
 2.443   72.6060
 2.442   72.6790
 2.441   72.7500
 2.440   72.8160
 2.438   72.8800
 2.437   72.9410
 2.436   73.0040
 2.435   73.0680
 2.434   73.1350
 2.433   73.2050
 2.432   73.2800
 2.430   73.3580
 2.429   73.4390
 2.428   73.5200
 2.427   73.5990
 2.426   73.6740
 2.425   73.7460
 2.424   73.8130
 2.422   73.8790
 2.421   73.9430
 2.420   74.0060
 2.419   74.0680
 2.418   74.1270
 2.417   74.1850
 2.416   74.2400
 2.415   74.2930
 2.414   74.3440
 2.412   74.3920
 2.411   74.4370
 2.410   74.4760
 2.409   74.5110
 2.408   74.5410
 2.407   74.5680
 2.406   74.5940
 2.405   74.6180
 2.403   74.6420
 2.402   74.6640
 2.401   74.6830
 2.400   74.6990
 2.399   74.7110
 2.398   74.7230
 2.397   74.7380
 2.396   74.7590
 2.394   74.7880
 2.393   74.8230
 2.392   74.8610
 2.391   74.8960
 2.390   74.9240
 2.389   74.9420
 2.388   74.9500
 2.387   74.9490
 2.386   74.9430
 2.385   74.9330
 2.384   74.9210
 2.382   74.9080
 2.381   74.8920
 2.380   74.8730
 2.379   74.8500
 2.378   74.8250
 2.377   74.7980
 2.376   74.7690
 2.375   74.7390
 2.374   74.7050
 2.373   74.6640
 2.372   74.6150
 2.370   74.5530
 2.369   74.4770
 2.368   74.3820
 2.367   74.2700
 2.366   74.1380
 2.365   73.9890
 2.364   73.8230
 2.363   73.6420
 2.362   73.4490
 2.361   73.2450
 2.360   73.0340
 2.359   72.8170
 2.357   72.5970
 2.356   72.3740
 2.355   72.1530
 2.354   71.9340
 2.353   71.7180
 2.352   71.5100
 2.351   71.3100
 2.350   71.1230
 2.349   70.9510
 2.348   70.7960
 2.347   70.6600
 2.346   70.5440
 2.345   70.4500
 2.344   70.3800
 2.343   70.3360
 2.341   70.3210
 2.341   70.3320
 2.339   70.3680
 2.338   70.4250
 2.337   70.4980
 2.336   70.5860
 2.335   70.6860
 2.334   70.7990
 2.333   70.9260
 2.332   71.0630
 2.331   71.2080
 2.330   71.3550
 2.329   71.5020
 2.328   71.6480
 2.327   71.7930
 2.326   71.9380
 2.325   72.0800
 2.324   72.2180
 2.323   72.3460
 2.322   72.4620
 2.321   72.5650
 2.320   72.6560
 2.318   72.7400
 2.317   72.8190
 2.316   72.8960
 2.315   72.9680
 2.314   73.0350
 2.313   73.0960
 2.312   73.1510
 2.311   73.2010
 2.310   73.2460
 2.309   73.2880
 2.308   73.3260
 2.307   73.3620
 2.306   73.3960
 2.305   73.4330
 2.304   73.4750
 2.303   73.5220
 2.302   73.5770
 2.301   73.6390
 2.300   73.7030
 2.299   73.7660
 2.298   73.8250
 2.297   73.8780
 2.296   73.9260
 2.295   73.9730
 2.294   74.0250
 2.293   74.0860
 2.292   74.1570
 2.291   74.2370
 2.290   74.3210
 2.289   74.4050
 2.288   74.4840
 2.287   74.5580
 2.286   74.6270
 2.285   74.6930
 2.284   74.7610
 2.283   74.8300
 2.282   74.9040
 2.281   74.9800
 2.280   75.0570
 2.279   75.1340
 2.278   75.2070
 2.277   75.2760
 2.276   75.3370
 2.275   75.3910
 2.274   75.4380
 2.273   75.4810
 2.272   75.5220
 2.271   75.5660
 2.270   75.6130
 2.269   75.6640
 2.268   75.7190
 2.267   75.7710
 2.266   75.8190
 2.265   75.8590
 2.264   75.8910
 2.263   75.9140
 2.262   75.9330
 2.261   75.9490
 2.260   75.9670
 2.259   75.9890
 2.258   76.0140
 2.257   76.0430
 2.256   76.0760
 2.255   76.1100
 2.254   76.1440
 2.253   76.1760
 2.252   76.2030
 2.251   76.2240
 2.250   76.2380
 2.249   76.2460
 2.248   76.2480
 2.247   76.2480
 2.246   76.2500
 2.245   76.2570
 2.244   76.2710
 2.243   76.2920
 2.242   76.3160
 2.241   76.3390
 2.240   76.3560
 2.239   76.3650
 2.238   76.3660
 2.237   76.3570
 2.236   76.3410
 2.236   76.3200
 2.235   76.2960
 2.234   76.2710
 2.233   76.2470
 2.232   76.2230
 2.231   76.1990
 2.230   76.1730
 2.229   76.1420
 2.228   76.1050
 2.227   76.0650
 2.226   76.0230
 2.225   75.9810
 2.224   75.9420
 2.223   75.9050
 2.222   75.8720
 2.221   75.8430
 2.220   75.8170
 2.219   75.7970
 2.218   75.7820
 2.217   75.7690
 2.216   75.7570
 2.216   75.7410
 2.215   75.7180
 2.214   75.6890
 2.213   75.6550
 2.212   75.6210
 2.211   75.5920
 2.210   75.5720
 2.209   75.5650
 2.208   75.5720
 2.207   75.5920
 2.206   75.6220
 2.205   75.6630
 2.204   75.7110
 2.203   75.7660
 2.202   75.8250
 2.201   75.8830
 2.200   75.9360
 2.200   75.9820
 2.199   76.0200
 2.198   76.0520
 2.197   76.0820
 2.196   76.1170
 2.195   76.1570
 2.194   76.2050
 2.193   76.2580
 2.192   76.3120
 2.191   76.3620
 2.190   76.4090
 2.189   76.4510
 2.188   76.4920
 2.187   76.5340
 2.187   76.5790
 2.186   76.6260
 2.185   76.6750
 2.184   76.7230
 2.183   76.7700
 2.182   76.8140
 2.181   76.8560
 2.180   76.8960
 2.179   76.9350
 2.178   76.9730
 2.177   77.0100
 2.176   77.0470
 2.176   77.0810
 2.175   77.1120
 2.174   77.1390
 2.173   77.1610
 2.172   77.1800
 2.171   77.1980
 2.170   77.2190
 2.169   77.2450
 2.168   77.2750
 2.167   77.3050
 2.166   77.3330
 2.166   77.3540
 2.165   77.3650
 2.164   77.3690
 2.163   77.3700
 2.162   77.3720
 2.161   77.3780
 2.160   77.3880
 2.159   77.4020
 2.158   77.4170
 2.157   77.4320
 2.156   77.4470
 2.156   77.4610
 2.155   77.4750
 2.154   77.4890
 2.153   77.5020
 2.152   77.5140
 2.151   77.5230
 2.150   77.5300
 2.149   77.5370
 2.148   77.5460
 2.148   77.5610
 2.147   77.5820
 2.146   77.6080
 2.145   77.6370
 2.144   77.6630
 2.143   77.6820
 2.142   77.6940
 2.141   77.6990
 2.140   77.7030
 2.140   77.7090
 2.139   77.7200
 2.138   77.7370
 2.137   77.7570
 2.136   77.7730
 2.135   77.7820
 2.134   77.7830
 2.133   77.7760
 2.132   77.7670
 2.132   77.7600
 2.131   77.7580
 2.130   77.7630
 2.129   77.7730
 2.128   77.7840
 2.127   77.7920
 2.126   77.7970
 2.126   77.7970
 2.125   77.7910
 2.124   77.7810
 2.123   77.7680
 2.122   77.7540
 2.121   77.7410
 2.120   77.7330
 2.119   77.7320
 2.119   77.7370
 2.118   77.7460
 2.117   77.7560
 2.116   77.7660
 2.115   77.7730
 2.114   77.7770
 2.113   77.7790
 2.112   77.7780
 2.112   77.7760
 2.111   77.7730
 2.110   77.7700
 2.109   77.7720
 2.108   77.7790
 2.107   77.7930
 2.107   77.8110
 2.106   77.8300
 2.105   77.8470
 2.104   77.8580
 2.103   77.8630
 2.102   77.8650
 2.101   77.8660
 2.100   77.8670
 2.100   77.8690
 2.099   77.8720
 2.098   77.8740
 2.097   77.8740
 2.096   77.8750
 2.095   77.8760
 2.095   77.8790
 2.094   77.8850
 2.093   77.8940
 2.092   77.9070
 2.091   77.9210
 2.090   77.9400
 2.090   77.9610
 2.089   77.9860
 2.088   78.0130
 2.087   78.0400
 2.086   78.0610
 2.085   78.0740
 2.084   78.0740
 2.084   78.0630
 2.083   78.0500
 2.082   78.0280
 2.081   78.0330
 2.080   78.0630
 2.079   78.0920
 2.076   78.0920
 2.072   78.4370
 2.068   78.8320
 2.064   78.4370
 2.060   77.6780
 2.056   78.1820
 2.052   78.0890
 2.048   77.8140
 2.044   77.9070
 2.040   77.9340
 2.036   77.6820
 2.032   77.5900
 2.028   77.1360
 2.024   76.8670
 2.020   77.2520
 2.016   76.9770
 2.012   76.7930
 2.008   76.4600
 2.004   76.2370
 2.000   75.6240
 1.996   74.9530
 1.992   74.9360
 1.988   75.2470
 1.984   75.0000
 1.980   74.4340
 1.976   74.5620
 1.972   74.3170
 1.968   73.8920
 1.964   73.6840
 1.960   73.4950
 1.956   73.3690
 1.952   73.7570
 1.948   73.5760
 1.944   73.1500
 1.940   72.7880
 1.936   72.3060
 1.932   72.1640
 1.928   71.9920
 1.924   72.4040
 1.920   72.5310
 1.916   72.1620
 1.912   71.8800
 1.908   72.7510
 1.904   73.7310
 1.900   74.5510
 1.896   75.3800
 1.892   75.5550
 1.888   75.0270
 1.884   74.7730
 1.880   74.6860
 1.876   74.9910
 1.872   74.9650
 1.868   74.9000
 1.864   76.0090
 1.860   77.6040
 1.856   78.4300
 1.852   78.7500
 1.848   77.9160
 1.844   76.7640
 1.840   76.3400
 1.836   76.6090
 1.832   77.2670
 1.828   77.8010
 1.824   77.6540
 1.820   77.4190
 1.816   76.6730
 1.812   76.4880
 1.808   76.7930
 1.804   76.7860
 1.800   76.3520
 1.796   76.1750
 1.792   76.2880
 1.788   75.8810
 1.784   76.0720
 1.780   76.1110
 1.776   76.0870
 1.772   76.2150
 1.768   76.2150
 1.764   76.0230
 1.760   75.9590
 1.756   75.8080
 1.752   75.8080
 1.748   75.7060
 1.744   75.7690
 1.740   76.0870
 1.736   75.8710
 1.732   75.8220
 1.728   76.0130
 1.724   75.9880
 1.720   76.1160
 1.716   76.3340
 1.712   76.2050
 1.708   75.7330
 1.704   76.1260
 1.700   76.1110
 1.696   76.0470
 1.692   76.1990
 1.688   76.1110
 1.684   75.8570
 1.680   75.7580
 1.676   75.6950
 1.672   75.6310
 1.668   75.4170
 1.664   75.3780
 1.660   75.7820
 1.656   75.4660
 1.652   75.4410
 1.648   75.3400
 1.644   75.4280
 1.640   75.5670
 1.636   75.4410
 1.632   75.2900
 1.628   75.7580
 1.624   75.3020
 1.620   74.8490
 1.616   74.7240
 1.612   74.8490
 1.608   74.9370
 1.604   74.8490
 1.600   74.8120
 1.596   74.8120
 1.592   75.3400
 1.588   75.7330
 1.584   75.4030
 1.580   75.3400
 1.576   75.3400
 1.572   74.8860
 1.568   74.7100
 1.564   74.7720
 1.560   74.4300
 1.556   74.6360
 1.552   74.7560
 1.548   75.0630
 1.544   74.7560
 1.540   74.6830
 1.536   74.4100
 1.532   74.3840
 1.528   74.4100
 1.524   74.3380
 1.520   74.0330
 1.516   74.2540
 1.512   73.6550
 1.508   72.9740
 1.504   72.2370
 1.500   72.1910
 1.496   72.6680
 1.492   73.3880
 1.488   74.2490
 1.484   73.3900
 1.480   73.4340
 1.476   73.5220
 1.472   73.4610
 1.468   73.3380
 1.464   73.2610
 1.460   73.3380
 1.456   73.2000
 1.452   73.0790
 1.448   72.9640
 1.444   72.4600
 1.440   72.0890
 1.436   72.0020
 1.432   72.1970
 1.428   72.3600
 1.424   72.3600
 1.420   72.0370
 1.416   71.5850
 1.412   70.7680
 1.408   70.2730
 1.404   70.3010
 1.400   70.6930
 1.396   71.4070
 1.392   71.8590
 1.388   72.1310
 1.384   72.1600
 1.380   72.3350
 1.376   72.5140
 1.372   73.8000
 1.368   74.3410
 1.364   73.4120
 1.360   71.8220
 1.356   71.7650
 1.352   73.2950
 1.348   74.1170
 1.344   74.1350
 1.340   73.0620
 1.336   72.4010
 1.332   71.4070
 1.328   71.3200
 1.324   71.7000
 1.320   72.0550
 1.316   72.2620
 1.312   72.1080
 1.308   71.9300
 1.304   71.8120
 1.300   71.6070
 1.296   71.4330
 1.292   71.4340
 1.288   71.3770
 1.284   71.0270
 1.280   70.8230
 1.276   70.5870
 1.272   70.4380
 1.268   70.4370
 1.264   70.6730
 1.260   70.5920
 1.256   71.3890
 1.252   71.4290
 1.248   71.5200
 1.244   71.3400
 1.240   71.4610
 1.236   71.3110
 1.232   71.3500
 1.228   70.5920
 1.224   70.6020
 1.220   70.5720
 1.216   70.5620
 1.212   70.7180
 1.208   71.0780
 1.204   71.4410
 1.200   70.5790
 1.196   69.7880
 1.192   69.4990
 1.188   69.3840
 1.184   69.2130
 1.180   69.0990
 1.176   68.9850
 1.172   68.8720
 1.168   68.5760
 1.164   68.3760
 1.160   68.0920
 1.156   67.5040
 1.152   67.5260
 1.148   67.6600
 1.144   67.6520
 1.140   68.0120
 1.136   68.6030
 1.132   68.1490
 1.128   68.3100
 1.124   67.9380
 1.120   68.0100
 1.116   68.1810
 1.112   67.8820
 1.108   67.8260
 1.104   67.5030
 1.100   67.2920
 1.096   66.9020
 1.092   67.0360
 1.088   66.5560
 1.084   66.7680
 1.080   66.8680
 1.076   66.9460
 1.072   66.7790
 1.068   66.7340
 1.064   66.3700
 1.060   65.7730
 1.056   65.6850
 1.052   65.6750
 1.048   65.7830
 1.044   65.4890
 1.040   65.4890
 1.036   65.5960
 1.032   65.8030
 1.028   65.3210
 1.024   65.0210
 1.020   64.8190
 1.016   64.8370
 1.012   65.1120
 1.008   64.7900
 1.004   64.4890
 1.000   64.1720
 0.996   64.2590
 0.992   64.4190
 0.988   64.2240
 0.984   63.7120
 0.980   63.4350
 0.976   63.5190
 0.972   63.3070
 0.968   63.3590
 0.964   63.1300
 0.960   63.1820
 0.956   63.1980
 0.952   62.9950
 0.948   62.6640
 0.944   62.8340
 0.940   62.4660
 0.936   62.6420
 0.932   62.2890
 0.928   62.1350
 0.924   62.0340
 0.920   62.1350
 0.916   61.9220
 0.912   61.6710
 0.908   61.4820
 0.904   61.7350
 0.900   61.4330
 0.896   61.2440
 0.892   61.2060
 0.888   61.1180
 0.884   60.9710
 0.880   61.1350
 0.876   60.7310
 0.872   60.6040
 0.868   60.5890
 0.864   60.7910
 0.860   60.7430
 0.856   60.4240
 0.852   60.4870
 0.848   59.8980
 0.844   60.1560
 0.840   59.9980
 0.836   60.0890
 0.832   59.9590
 0.828   59.8690
 0.824   59.7990
 0.820   59.6000
 0.816   59.3630
 0.812   59.6290
 0.808   59.3530
 0.804   58.9240
 0.800   58.8670
 0.799   58.8670
 0.798   58.8670
 0.797   59.2330
 0.796   59.0450
 0.795   58.8670
 0.794   58.8140
 0.793   58.6680
 0.792   58.5190
 0.791   58.8070
 0.790   58.5820
 0.789   58.4820
 0.788   58.4950
 0.787   58.2980
 0.786   58.4480
 0.785   58.3520
 0.784   58.3520
 0.783   58.5010
 0.782   58.2980
 0.781   58.2850
 0.780   58.2520
 0.779   58.1110
 0.778   57.9210
 0.777   57.7190
 0.776   57.6140
 0.775   57.5950
 0.774   57.6550
 0.773   57.7190
 0.772   57.8650
 0.771   57.5780
 0.770   57.4820
 0.769   57.6720
 0.768   57.4180
 0.767   57.4780
 0.766   57.5690
 0.765   57.1880
 0.764   57.1440
 0.763   57.1880
 0.762   56.8840
 0.761   57.1140
 0.760   57.0400
 0.759   56.9500
 0.758   57.0020
 0.757   57.0540
 0.756   56.8530
 0.755   56.6080
 0.754   56.8530
 0.753   56.7120
 0.752   56.4150
 0.751   56.2670
 0.750   56.1250
 0.749   56.1250
 0.748   55.9720
 0.747   56.6090
 0.746   56.3820
 0.745   56.3120
 0.744   56.3180
 0.743   56.0220
 0.742   55.8690
 0.741   56.2790
 0.740   56.2330
 0.739   56.0220
 0.738   55.9250
 0.737   55.7830
 0.736   55.6350
 0.735   55.5390
 0.734   55.3050
 0.733   55.6400
 0.732   55.7990
 0.731   55.5020
 0.730   55.5940
 0.729   55.3590
 0.728   55.1190
 0.727   55.3030
 0.726   54.7660
 0.725   55.3030
 0.724   55.1100
 0.723   54.7120
 0.722   54.3270
 0.721   54.5750
 0.720   54.5750
 0.719   54.5750
 0.718   54.6780
 0.717   54.3370
 0.716   54.0970
 0.715   54.3370
 0.714   54.5900
 0.713   54.4420
 0.712   54.2390
 0.711   53.7500
 0.710   53.8460
 0.709   53.5550
 0.708   53.4090
 0.707   54.0430
 0.706   54.1890
 0.705   54.1940
 0.704   54.1940
 0.703   53.4600
 0.702   53.6070
 0.701   53.4580
 0.700   53.3120
 0.699   54.7220
 0.698   54.5630
 0.697   54.4490
 0.696   53.9820
 0.695   53.7280
 0.694   53.4250
 0.693   53.1240
 0.692   53.0240
 0.691   53.1740
 0.690   53.0240
 0.689   53.2750
 0.688   53.2240
 0.687   53.0740
 0.686   53.1740
 0.685   52.9240
 0.684   52.6240
 0.683   52.8240
 0.682   52.9740
 0.681   52.5720
 0.680   52.4230
 0.679   51.9760
 0.678   51.9760
 0.677   52.5710
 0.676   52.2700
 0.675   52.1220
 0.674   52.0710
 0.673   51.7200
 0.672   51.6760
 0.671   52.1710
 0.670   52.0210
 0.669   51.4740
 0.668   51.7650
 0.667   51.8630
 0.666   51.6640
 0.665   51.5200
 0.664   51.3220
 0.663   51.6170
 0.662   51.5120
 0.661   51.3620
 0.660   51.0140
 0.659   51.1590
 0.658   51.4080
 0.657   51.2510
 0.656   50.9510
 0.655   50.6560
 0.654   50.8500
 0.653   50.9020
 0.652   50.8440
 0.651   50.6900
 0.650   50.5450
 0.649   50.4550
 0.648   50.4550
 0.647   50.4980
 0.646   50.3440
 0.645   50.2960
 0.644   50.2530
 0.643   50.2530
 0.642   50.3490
 0.641   50.2430
 0.640   50.2430
 0.639   50.2430
 0.638   49.8360
 0.637   49.7430
 0.636   49.5950
 0.635   49.6480
 0.634   49.6950
 0.633   49.6950
 0.632   49.6420
 0.631   49.2450
 0.630   49.5270
 0.629   49.4260
 0.628   49.2230
 0.627   49.0820
 0.626   48.8800
 0.625   49.0820
 0.624   49.1290
 0.623   49.0120
 0.622   48.9110
 0.621   48.7630
 0.620   48.8090
 0.619   48.6060
 0.618   48.5510
 0.617   48.3570
 0.616   48.4120
 0.615   48.3190
 0.614   47.8130
 0.613   47.9250
 0.612   47.9700
 0.611   47.7680
 0.610   47.7680
 0.609   47.7680
 0.608   47.7680
 0.607   47.6110
 0.606   47.6000
 0.605   47.4430
 0.604   47.3410
 0.603   47.2270
 0.602   47.1040
 0.601   47.0800
 0.600   46.8420
 0.599   46.5930
 0.598   46.9780
 0.597   46.7600
 0.596   46.8380
 0.595   46.8710
 0.594   46.7800
 0.593   46.5160
 0.592   46.7350
 0.591   46.7350
 0.590   46.4970
 0.589   46.2640
 0.588   46.4120
 0.587   46.2190
 0.586   46.1160
 0.585   46.0850
 0.584   45.9100
 0.583   46.0430
 0.582   45.5710
 0.581   45.7920
 0.580   45.8060
 0.579   45.7920
 0.578   45.6000
 0.577   45.7030
 0.576   45.6000
 0.575   45.6000
 0.574   45.4650
 0.573   45.4260
 0.572   44.9790
 0.571   45.0650
 0.570   45.0490
 0.569   44.8030
 0.568   44.5580
 0.567   44.3550
 0.566   44.4990
 0.565   44.3970
 0.564   44.0930
 0.563   44.0510
 0.562   43.9490
 0.561   43.8300
 0.560   43.5480
 0.559   42.1640
 0.558   43.5180
 0.557   43.2050
 0.556   42.8730
 0.555   42.5250
 0.554   42.5250
 0.553   42.3690
 0.552   42.3260
 0.551   42.2670
 0.550   42.5960
 0.549   43.0910
 0.548   42.7930
 0.547   42.2210
 0.546   42.5550
 0.545   42.5370
 0.544   42.0070
 0.543   42.2000
 0.542   41.8430
 0.541   42.0760
 0.540   41.9030
 0.539   41.8260
 0.538   41.6840
 0.537   41.5950
 0.536   41.4410
 0.535   41.0430
 0.534   40.9590
 0.533   41.1050
 0.532   41.2490
 0.531   41.1890
 0.530   40.9060
 0.529   40.8450
 0.528   40.8830
 0.527   40.7690
 0.526   40.5580
 0.525   40.6090
 0.524   40.6970
 0.523   40.0270
 0.522   39.4960
 0.521   39.3710
 0.520   39.6520
 0.519   40.1360
 0.518   39.7050
 0.517   39.4710
 0.516   39.6520
 0.515   39.0020
 0.514   38.6650
 0.513   39.0020
 0.512   39.3180
 0.511   38.8060
 0.510   38.8230
 0.509   39.0920
 0.508   38.7100
 0.507   38.5120
 0.506   38.2060
 0.505   38.0190
 0.504   37.7260
 0.503   38.0110
 0.502   38.3110
 0.501   37.6240
 0.500   37.6580
 0.499   37.7260
 0.498   37.3920
 0.497   37.3300
 0.496   37.0980
 0.495   37.2970
 0.494   37.0950
 0.493   36.7340
 0.492   36.8650
 0.491   36.9010
 0.490   36.8030
 0.489   36.7360
 0.488   36.5060
 0.487   36.2440
 0.486   36.1800
 0.485   36.0820
 0.484   36.0800
 0.483   36.1130
 0.482   36.3410
 0.481   36.2100
 0.480   36.1130
 0.479   35.7230
 0.478   35.7540
 0.477   35.6550
 0.476   35.4220
 0.475   35.2920
 0.474   35.1620
 0.473   35.0680
 0.472   35.0680
 0.471   35.0330
 0.470   34.9710
 0.469   34.7830
 0.468   34.8810
 0.467   34.6470
 0.466   34.5860
 0.465   34.3960
 0.464   34.3980
 0.463   34.6690
 0.462   34.2550
 0.461   34.1870
 0.460   34.1290
 0.459   34.0210
 0.458   34.1340
 0.457   33.9480
 0.456   33.9260
 0.455   33.3530
 0.454   33.8960
 0.453   33.3810
 0.452   33.2350
 0.451   33.0760
 0.450   33.3240
 0.449   33.2940
 0.448   33.0890
 0.447   33.2240
 0.446   32.9400
 0.445   32.8970
 0.444   32.4830
 0.443   32.3690
 0.442   32.5410
 0.441   32.4130
 0.440   32.5280
 0.439   32.2500
 0.438   32.3160
 0.437   32.0420
 0.436   31.6300
 0.435   31.5230
 0.434   31.4750
 0.433   31.5300
 0.432   31.3680
 0.431   31.3710
 0.430   31.2150
 0.429   31.1690
 0.428   30.7380
 0.427   30.8760
 0.426   30.8230
 0.425   30.3220
 0.424   30.0840
 0.423   29.9040
 0.422   29.8800
 0.421   29.5610
 0.420   30.2680
 0.419   30.0820
 0.418   29.6900
 0.417   29.3780
 0.416   29.6900
 0.415   29.6900
 0.414   29.6070
 0.413   29.1650
 0.412   29.4580
 0.411   29.3660
 0.410   29.1170
 0.409   28.7570
 0.408   28.7480
 0.407   28.8180
 0.406   28.7150
 0.405   28.5260
 0.404   28.4410
 0.403   28.2370
 0.402   28.4260
 0.401   28.0880
 0.400   28.0750
 0.000    0.0000
