Name: 60051.19
Type: Soil
Class: Lunar
Subclass: Highlands
Particle Size: Fine
Sample No.: 60051.19
Owner: JHU
Wavelength range: IR
Origin: Apollo 16 landing site via the NASA Lunar Sample Repository at Johnson 
Space Center, Houston, TX.
Description:  This sample is one of a suite of relatively more aluminous and 
lower iron and titanium soils at the Apollo 16 site, and has the second oldest 
exposure age of the four soils of that suite (Is/FeO=57).



Measurement:  Directional (10 degree) hemispherical reflectance
First Column:  X
Second Column:  Y
X Units:  Wavelength (micrometers)
Y Units:  Reflectance (percent)
First X Value:  14.011
Last X Value:  2.079
Number of X Values:  2124
Additional information:  None
14.011    0.7829
13.973    0.8722
13.936    0.7805
13.899    0.8133
13.861    0.8457
13.824    0.9052
13.788    0.8426
13.751    0.9208
13.715    0.8854
13.679    0.8208
13.643    0.8558
13.607    0.9025
13.571    0.9058
13.536    0.9382
13.500    0.9273
13.465    0.9906
13.430    1.0644
13.396    1.1046
13.361    1.1062
13.327    1.0774
13.293    1.0524
13.259    1.0841
13.225    1.0982
13.191    1.0738
13.158    1.0766
13.124    1.0905
13.091    1.1097
13.058    1.1445
13.026    1.1571
12.993    1.1670
12.960    1.2181
12.928    1.2503
12.896    1.2490
12.864    1.2462
12.832    1.2392
12.800    1.3557
12.769    1.5114
12.737    1.6271
12.706    1.7024
12.675    1.7854
12.644    1.8666
12.614    1.9536
12.583    2.0121
12.552    2.0869
12.522    2.1788
12.492    2.2559
12.462    2.3009
12.432    2.3709
12.402    2.4392
12.373    2.4890
12.343    2.5448
12.314    2.6106
12.285    2.6174
12.256    2.6104
12.227    2.6282
12.198    2.6268
12.169    2.5974
12.141    2.5833
12.113    2.5796
12.084    2.5685
12.056    2.5339
12.028    2.5496
12.000    2.5479
11.973    2.5188
11.945    2.4910
11.918    2.4736
11.890    2.4495
11.863    2.4352
11.836    2.4202
11.809    2.4124
11.782    2.4143
11.755    2.4219
11.729    2.3928
11.702    2.3738
11.676    2.3826
11.650    2.4006
11.624    2.4070
11.598    2.4103
11.572    2.3878
11.546    2.3884
11.520    2.3749
11.495    2.3620
11.469    2.3717
11.444    2.3921
11.419    2.3991
11.394    2.3641
11.369    2.3199
11.344    2.2980
11.319    2.3034
11.294    2.2850
11.270    2.2753
11.245    2.3009
11.221    2.3329
11.197    2.3275
11.173    2.3056
11.149    2.3076
11.125    2.3171
11.101    2.3080
11.077    2.3203
11.054    2.3565
11.030    2.3518
11.007    2.3426
10.983    2.3516
10.960    2.3583
10.937    2.3493
10.914    2.3605
10.891    2.3835
10.868    2.4169
10.846    2.4416
10.823    2.4583
10.800    2.4504
10.778    2.4444
10.755    2.4288
10.733    2.4117
10.711    2.4093
10.689    2.4110
10.667    2.3927
10.645    2.3851
10.623    2.3489
10.602    2.3263
10.580    2.3061
10.558    2.2866
10.537    2.2771
10.516    2.2743
10.494    2.2329
10.473    2.1776
10.452    2.1557
10.431    2.1404
10.410    2.0738
10.389    2.0125
10.368    1.9492
10.348    1.9292
10.327    1.9139
10.306    1.8714
10.286    1.8253
10.266    1.7851
10.245    1.7360
10.225    1.6897
10.205    1.6624
10.185    1.6816
10.165    1.6641
10.145    1.6466
10.125    1.6581
10.106    1.6356
10.086    1.5813
10.066    1.5391
10.047    1.5312
10.027    1.5543
10.008    1.5390
 9.989    1.5044
 9.970    1.4927
 9.950    1.4853
 9.931    1.4736
 9.912    1.4649
 9.893    1.4640
 9.875    1.4605
 9.856    1.4815
 9.837    1.4895
 9.819    1.4803
 9.800    1.4955
 9.781    1.4876
 9.763    1.4868
 9.745    1.5192
 9.726    1.5073
 9.708    1.4766
 9.690    1.4602
 9.672    1.4538
 9.654    1.4200
 9.636    1.4093
 9.618    1.4183
 9.600    1.3865
 9.582    1.3644
 9.565    1.3370
 9.547    1.2889
 9.530    1.2683
 9.512    1.2602
 9.495    1.2364
 9.477    1.2113
 9.460    1.1909
 9.443    1.1607
 9.426    1.1330
 9.409    1.1390
 9.392    1.1176
 9.375    1.0828
 9.358    1.0903
 9.341    1.1088
 9.324    1.1139
 9.307    1.1090
 9.291    1.0865
 9.274    1.0920
 9.257    1.1040
 9.241    1.0810
 9.225    1.0915
 9.208    1.1310
 9.192    1.1334
 9.175    1.1459
 9.159    1.1822
 9.143    1.2059
 9.127    1.2035
 9.111    1.2061
 9.095    1.1904
 9.079    1.2075
 9.063    1.2513
 9.047    1.2501
 9.032    1.2388
 9.016    1.2293
 9.000    1.2225
 8.985    1.2161
 8.969    1.2071
 8.954    1.2066
 8.938    1.1746
 8.923    1.1973
 8.908    1.2144
 8.892    1.2091
 8.877    1.2042
 8.862    1.1843
 8.847    1.1483
 8.832    1.1617
 8.817    1.1961
 8.802    1.1942
 8.787    1.1851
 8.772    1.2111
 8.757    1.2241
 8.742    1.2535
 8.727    1.2870
 8.713    1.2765
 8.698    1.2551
 8.684    1.2315
 8.669    1.2058
 8.655    1.2065
 8.640    1.2304
 8.626    1.2314
 8.612    1.2066
 8.597    1.1914
 8.583    1.1514
 8.569    1.1578
 8.555    1.1463
 8.541    1.1059
 8.527    1.0872
 8.513    1.0358
 8.499    1.0125
 8.485    1.0029
 8.471    0.9632
 8.457    0.9224
 8.443    0.8845
 8.430    0.8337
 8.416    0.7699
 8.402    0.7371
 8.389    0.7182
 8.375    0.6882
 8.361    0.6562
 8.348    0.6277
 8.335    0.5953
 8.321    0.5643
 8.308    0.5094
 8.295    0.5055
 8.281    0.5061
 8.268    0.4450
 8.255    0.4159
 8.242    0.4196
 8.229    0.4175
 8.216    0.4377
 8.203    0.4406
 8.190    0.4247
 8.177    0.4045
 8.164    0.4194
 8.151    0.4417
 8.138    0.4576
 8.126    0.4742
 8.113    0.4943
 8.100    0.5274
 8.088    0.5523
 8.075    0.5853
 8.062    0.6268
 8.050    0.6451
 8.037    0.6682
 8.025    0.7270
 8.013    0.7861
 8.000    0.8269
 7.988    0.8779
 7.976    0.9334
 7.963    0.9899
 7.951    1.0340
 7.939    1.0863
 7.927    1.1453
 7.915    1.2170
 7.903    1.2903
 7.891    1.3657
 7.879    1.4487
 7.867    1.5182
 7.855    1.5791
 7.843    1.6609
 7.831    1.7268
 7.819    1.7969
 7.808    1.8837
 7.796    1.9799
 7.784    2.0697
 7.772    2.1592
 7.761    2.2415
 7.749    2.3102
 7.737    2.3918
 7.726    2.4864
 7.715    2.5842
 7.703    2.6819
 7.692    2.7885
 7.680    2.8830
 7.669    2.9766
 7.657    3.0645
 7.646    3.1329
 7.635    3.2234
 7.624    3.3161
 7.613    3.4106
 7.601    3.5027
 7.590    3.6022
 7.579    3.6698
 7.568    3.7441
 7.557    3.8593
 7.546    3.9451
 7.535    4.0210
 7.524    4.1141
 7.513    4.2047
 7.502    4.2984
 7.492    4.4016
 7.481    4.5066
 7.470    4.5969
 7.459    4.6901
 7.449    4.7875
 7.438    4.8767
 7.427    4.9629
 7.417    5.0670
 7.406    5.1533
 7.395    5.2221
 7.385    5.3118
 7.374    5.4156
 7.364    5.5093
 7.353    5.5836
 7.343    5.6734
 7.333    5.7810
 7.322    5.8674
 7.312    5.9520
 7.302    6.0216
 7.291    6.1066
 7.281    6.1939
 7.271    6.2722
 7.261    6.3309
 7.251    6.4178
 7.240    6.5082
 7.230    6.5794
 7.220    6.6619
 7.210    6.7513
 7.200    6.8414
 7.190    6.9172
 7.180    6.9968
 7.170    7.0768
 7.160    7.1556
 7.151    7.2431
 7.141    7.2937
 7.131    7.3442
 7.121    7.4152
 7.111    7.4795
 7.102    7.5410
 7.092    7.6002
 7.082    7.6741
 7.072    7.7373
 7.063    7.7871
 7.053    7.8839
 7.044    7.9896
 7.034    8.0246
 7.025    8.0583
 7.015    8.1012
 7.006    8.1647
 6.996    8.2573
 6.987    8.3161
 6.977    8.3689
 6.968    8.4442
 6.959    8.5004
 6.949    8.5292
 6.940    8.5906
 6.931    8.6218
 6.921    8.6432
 6.912    8.6819
 6.903    8.7316
 6.894    8.7866
 6.885    8.8225
 6.875    8.8659
 6.866    8.9354
 6.857    8.9396
 6.848    8.9304
 6.839    8.9513
 6.830    8.9957
 6.821    9.0420
 6.812    9.0990
 6.803    9.1596
 6.794    9.2173
 6.785    9.2738
 6.777    9.3256
 6.768    9.3573
 6.759    9.3881
 6.750    9.4361
 6.741    9.4707
 6.733    9.4891
 6.724    9.5378
 6.715    9.5949
 6.707    9.6096
 6.698    9.6097
 6.689    9.6298
 6.681    9.6692
 6.672    9.6787
 6.663    9.6880
 6.655    9.7312
 6.646    9.7829
 6.638    9.8188
 6.629    9.8193
 6.621    9.8326
 6.612    9.8495
 6.604    9.8875
 6.596    9.9525
 6.587    9.9880
 6.579   10.0210
 6.571   10.0770
 6.562   10.0990
 6.554   10.1320
 6.546   10.1410
 6.537   10.1650
 6.529   10.2270
 6.521   10.2770
 6.513   10.2830
 6.505   10.3280
 6.496   10.4120
 6.488   10.4470
 6.480   10.4270
 6.472   10.4310
 6.464   10.4730
 6.456   10.5190
 6.448   10.5600
 6.440   10.5940
 6.432   10.6290
 6.424   10.6760
 6.416   10.7480
 6.408   10.7440
 6.400   10.6820
 6.392   10.6440
 6.384   10.6410
 6.377   10.6680
 6.369   10.6550
 6.361   10.6150
 6.353   10.6350
 6.345   10.6750
 6.338   10.6700
 6.330   10.6610
 6.322   10.6350
 6.314   10.6390
 6.307   10.6640
 6.299   10.6880
 6.291   10.7190
 6.284   10.7280
 6.276   10.7390
 6.269   10.7690
 6.261   10.7880
 6.253   10.8010
 6.246   10.7990
 6.239   10.8120
 6.231   10.8620
 6.223   10.8790
 6.216   10.8800
 6.209   10.9010
 6.201   10.9250
 6.194   10.9470
 6.186   10.9970
 6.179   11.0050
 6.172   11.0030
 6.164   11.0210
 6.157   11.0540
 6.150   11.0720
 6.142   11.0980
 6.135   11.1150
 6.128   11.1440
 6.121   11.2280
 6.113   11.2880
 6.106   11.2750
 6.099   11.2770
 6.092   11.2960
 6.085   11.3190
 6.078   11.3550
 6.070   11.3950
 6.063   11.3950
 6.056   11.4520
 6.049   11.5300
 6.042   11.4900
 6.035   11.4830
 6.028   11.5110
 6.021   11.5690
 6.014   11.6380
 6.007   11.6860
 6.000   11.7560
 5.993   11.8560
 5.986   11.9580
 5.979   12.0290
 5.973   12.1300
 5.966   12.2170
 5.959   12.2810
 5.952   12.3960
 5.945   12.5340
 5.938   12.6970
 5.931   12.7720
 5.925   12.8100
 5.918   12.8900
 5.911   12.9810
 5.904   13.1020
 5.898   13.2690
 5.891   13.3720
 5.884   13.4900
 5.878   13.5830
 5.871   13.6250
 5.864   13.7330
 5.858   13.8240
 5.851   13.9020
 5.845   13.9930
 5.838   14.1130
 5.831   14.2540
 5.825   14.4130
 5.818   14.4950
 5.812   14.5340
 5.805   14.6200
 5.799   14.7230
 5.792   14.8300
 5.786   14.9330
 5.779   15.0220
 5.773   15.1480
 5.767   15.2640
 5.760   15.2950
 5.754   15.3510
 5.747   15.4320
 5.741   15.4840
 5.735   15.5500
 5.728   15.6150
 5.722   15.6710
 5.716   15.7480
 5.709   15.8170
 5.703   15.8390
 5.697   15.8590
 5.691   15.9080
 5.684   15.9630
 5.678   16.0030
 5.672   16.0220
 5.666   16.0410
 5.660   16.1190
 5.653   16.1820
 5.647   16.2520
 5.641   16.3480
 5.635   16.3680
 5.629   16.3750
 5.623   16.4350
 5.617   16.5150
 5.611   16.5710
 5.604   16.6080
 5.598   16.6650
 5.592   16.6990
 5.586   16.7520
 5.580   16.8280
 5.574   16.8560
 5.568   16.8340
 5.562   16.8390
 5.556   16.8820
 5.551   16.9040
 5.545   16.8830
 5.539   16.8800
 5.533   16.8730
 5.527   16.8730
 5.521   16.8690
 5.515   16.8620
 5.509   16.8340
 5.503   16.8160
 5.497   16.8030
 5.492   16.8030
 5.486   16.8280
 5.480   16.8480
 5.474   16.8300
 5.468   16.8320
 5.463   16.8430
 5.457   16.8470
 5.451   16.8680
 5.446   16.9020
 5.440   16.9410
 5.434   16.9770
 5.428   17.0360
 5.423   17.1300
 5.417   17.1600
 5.411   17.1890
 5.406   17.2700
 5.400   17.3480
 5.394   17.4140
 5.389   17.4880
 5.383   17.5720
 5.378   17.6590
 5.372   17.7410
 5.367   17.8180
 5.361   17.8990
 5.356   17.9740
 5.350   18.0560
 5.345   18.1070
 5.339   18.1680
 5.333   18.2110
 5.328   18.2410
 5.322   18.2920
 5.317   18.3510
 5.312   18.4130
 5.306   18.4840
 5.301   18.5500
 5.295   18.6110
 5.290   18.6830
 5.285   18.7600
 5.279   18.8380
 5.274   18.9160
 5.268   18.9790
 5.263   19.0560
 5.258   19.1440
 5.252   19.2200
 5.247   19.2980
 5.242   19.3660
 5.237   19.4270
 5.231   19.4990
 5.226   19.5720
 5.221   19.6450
 5.215   19.7280
 5.210   19.7920
 5.205   19.8700
 5.200   19.9420
 5.194   20.0020
 5.189   20.0940
 5.184   20.1780
 5.179   20.2390
 5.174   20.3180
 5.169   20.3970
 5.164   20.4870
 5.158   20.5730
 5.153   20.6730
 5.148   20.7860
 5.143   20.8700
 5.138   20.9620
 5.133   21.0690
 5.128   21.1490
 5.123   21.2450
 5.118   21.3420
 5.113   21.4220
 5.107   21.5010
 5.103   21.5810
 5.098   21.6690
 5.093   21.7670
 5.088   21.8420
 5.082   21.9060
 5.077   21.9650
 5.073   22.0340
 5.068   22.1060
 5.063   22.1880
 5.058   22.2640
 5.053   22.3640
 5.048   22.4690
 5.043   22.5480
 5.038   22.6110
 5.033   22.6920
 5.028   22.7890
 5.023   22.8700
 5.019   22.9580
 5.014   23.0660
 5.009   23.1550
 5.004   23.2440
 4.999   23.3470
 4.994   23.4300
 4.990   23.5140
 4.985   23.6050
 4.980   23.6790
 4.975   23.7690
 4.970   23.8500
 4.966   23.9260
 4.961   24.0210
 4.956   24.1110
 4.951   24.1930
 4.947   24.2710
 4.942   24.3460
 4.937   24.4400
 4.933   24.5160
 4.928   24.5950
 4.923   24.6980
 4.919   24.7750
 4.914   24.8420
 4.909   24.9370
 4.905   25.0330
 4.900   25.1100
 4.895   25.1860
 4.891   25.2620
 4.886   25.3410
 4.882   25.4180
 4.877   25.4960
 4.872   25.5800
 4.868   25.6570
 4.863   25.7430
 4.859   25.8180
 4.854   25.9050
 4.849   25.9910
 4.845   26.0730
 4.840   26.1470
 4.836   26.2020
 4.832   26.2570
 4.827   26.3360
 4.822   26.4340
 4.818   26.4960
 4.814   26.5490
 4.809   26.6270
 4.805   26.7030
 4.800   26.7520
 4.796   26.8090
 4.791   26.8660
 4.787   26.9060
 4.782   26.9690
 4.778   27.0380
 4.774   27.1070
 4.769   27.1570
 4.765   27.2130
 4.761   27.2770
 4.756   27.3280
 4.752   27.3980
 4.747   27.4620
 4.743   27.5140
 4.739   27.5880
 4.734   27.6670
 4.730   27.7560
 4.726   27.8280
 4.721   27.8970
 4.717   27.9620
 4.713   28.0370
 4.709   28.1230
 4.704   28.1940
 4.700   28.2460
 4.696   28.3150
 4.691   28.4170
 4.687   28.4810
 4.683   28.5200
 4.679   28.5970
 4.675   28.6660
 4.670   28.7170
 4.666   28.7640
 4.662   28.8220
 4.658   28.8810
 4.654   28.9420
 4.649   29.0360
 4.645   29.1270
 4.641   29.1910
 4.637   29.2760
 4.633   29.3750
 4.629   29.4590
 4.625   29.5360
 4.620   29.6410
 4.616   29.7490
 4.612   29.8430
 4.608   29.9160
 4.604   30.0050
 4.600   30.0990
 4.596   30.1810
 4.592   30.2580
 4.588   30.3220
 4.584   30.4100
 4.580   30.5000
 4.576   30.5530
 4.572   30.6080
 4.567   30.6880
 4.564   30.7500
 4.559   30.7960
 4.556   30.8600
 4.551   30.9280
 4.548   30.9830
 4.543   31.0300
 4.540   31.0880
 4.536   31.1470
 4.532   31.2080
 4.528   31.2520
 4.524   31.2940
 4.520   31.3450
 4.516   31.3840
 4.512   31.4230
 4.508   31.4730
 4.504   31.5270
 4.500   31.5560
 4.496   31.5660
 4.492   31.5880
 4.488   31.6260
 4.485   31.6760
 4.481   31.7120
 4.477   31.7270
 4.473   31.7620
 4.469   31.7750
 4.465   31.7770
 4.461   31.8030
 4.458   31.8220
 4.454   31.8320
 4.450   31.8650
 4.446   31.8810
 4.442   31.8750
 4.439   31.8760
 4.435   31.8940
 4.431   31.9120
 4.427   31.9130
 4.423   31.9290
 4.420   31.9450
 4.416   31.9370
 4.412   31.9420
 4.408   31.9630
 4.404   31.9770
 4.401   31.9990
 4.397   32.0190
 4.393   32.0320
 4.390   32.0650
 4.386   32.1170
 4.382   32.1360
 4.378   32.1640
 4.375   32.1870
 4.371   32.2040
 4.367   32.2360
 4.364   32.2830
 4.360   32.3290
 4.356   32.3570
 4.353   32.3780
 4.349   32.4110
 4.346   32.4570
 4.342   32.4830
 4.338   32.5140
 4.335   32.5610
 4.331   32.6020
 4.327   32.6310
 4.324   32.6610
 4.320   32.6970
 4.316   32.7470
 4.313   32.7990
 4.309   32.8470
 4.306   32.8930
 4.302   32.9450
 4.299   32.9980
 4.295   33.0580
 4.292   33.1140
 4.288   33.1470
 4.284   33.1860
 4.281   33.2370
 4.277   33.2730
 4.274   33.3060
 4.270   33.3390
 4.267   33.3510
 4.263   33.3430
 4.260   33.3600
 4.256   33.3880
 4.253   33.4120
 4.249   33.4480
 4.246   33.5100
 4.242   33.5520
 4.239   33.5910
 4.235   33.6250
 4.232   33.6350
 4.229   33.6330
 4.225   33.6290
 4.222   33.6300
 4.218   33.6020
 4.215   33.5820
 4.211   33.5890
 4.208   33.5800
 4.205   33.5800
 4.201   33.5800
 4.198   33.5830
 4.194   33.5960
 4.191   33.6060
 4.188   33.6090
 4.184   33.6120
 4.181   33.6130
 4.177   33.6090
 4.174   33.6290
 4.171   33.6420
 4.167   33.6520
 4.164   33.6480
 4.161   33.6480
 4.157   33.6650
 4.154   33.6650
 4.151   33.6690
 4.147   33.6800
 4.144   33.6850
 4.141   33.6880
 4.137   33.6900
 4.134   33.6820
 4.131   33.6620
 4.128   33.6640
 4.124   33.6950
 4.121   33.6970
 4.118   33.6930
 4.114   33.7080
 4.111   33.6960
 4.108   33.6880
 4.105   33.6950
 4.101   33.7070
 4.098   33.7090
 4.095   33.7220
 4.092   33.7320
 4.088   33.7390
 4.085   33.7270
 4.082   33.7340
 4.079   33.7380
 4.076   33.7310
 4.072   33.7460
 4.069   33.7470
 4.066   33.7400
 4.063   33.7450
 4.060   33.7400
 4.056   33.7410
 4.053   33.7430
 4.050   33.7530
 4.047   33.7580
 4.044   33.7560
 4.041   33.7610
 4.037   33.7680
 4.034   33.7570
 4.031   33.7550
 4.028   33.7600
 4.025   33.7600
 4.022   33.7690
 4.019   33.7730
 4.016   33.7540
 4.013   33.7570
 4.009   33.7730
 4.006   33.7640
 4.003   33.7640
 4.000   33.7850
 3.997   33.7950
 3.994   33.7880
 3.991   33.7880
 3.988   33.8040
 3.985   33.7940
 3.982   33.7850
 3.979   33.7750
 3.976   33.7770
 3.973   33.7890
 3.970   33.7910
 3.966   33.7940
 3.963   33.7910
 3.960   33.7750
 3.957   33.7670
 3.954   33.7890
 3.951   33.8040
 3.948   33.7920
 3.945   33.7840
 3.942   33.7770
 3.939   33.7710
 3.936   33.7770
 3.933   33.7710
 3.930   33.7530
 3.927   33.7570
 3.924   33.7540
 3.921   33.7380
 3.918   33.7430
 3.916   33.7500
 3.913   33.7500
 3.910   33.7320
 3.907   33.7070
 3.904   33.7000
 3.901   33.7110
 3.898   33.7100
 3.895   33.7080
 3.892   33.7130
 3.889   33.7070
 3.886   33.7020
 3.883   33.7020
 3.880   33.7140
 3.877   33.7190
 3.875   33.7140
 3.872   33.6810
 3.869   33.6680
 3.866   33.6610
 3.863   33.6640
 3.860   33.6700
 3.857   33.6590
 3.854   33.6440
 3.852   33.6370
 3.849   33.6280
 3.846   33.6290
 3.843   33.6200
 3.840   33.6280
 3.837   33.6440
 3.834   33.6260
 3.832   33.6020
 3.829   33.6030
 3.826   33.6040
 3.823   33.5850
 3.820   33.5760
 3.817   33.5650
 3.815   33.5870
 3.812   33.5850
 3.809   33.5550
 3.806   33.5480
 3.804   33.5530
 3.801   33.5240
 3.798   33.4920
 3.795   33.4950
 3.792   33.5090
 3.790   33.5310
 3.787   33.4920
 3.784   33.4720
 3.781   33.4580
 3.779   33.4430
 3.776   33.4430
 3.773   33.4320
 3.770   33.4290
 3.768   33.4360
 3.765   33.4260
 3.762   33.4100
 3.759   33.4000
 3.757   33.3910
 3.754   33.3560
 3.751   33.3360
 3.748   33.3470
 3.746   33.3310
 3.743   33.3010
 3.740   33.2920
 3.738   33.2940
 3.735   33.2920
 3.732   33.3060
 3.730   33.2850
 3.727   33.2450
 3.724   33.2510
 3.722   33.2630
 3.719   33.2480
 3.716   33.2220
 3.714   33.2090
 3.711   33.1860
 3.708   33.1720
 3.706   33.1680
 3.703   33.1610
 3.700   33.1550
 3.698   33.1280
 3.695   33.1000
 3.692   33.0790
 3.690   33.0850
 3.687   33.0990
 3.684   33.0840
 3.682   33.0680
 3.679   33.0420
 3.677   33.0320
 3.674   33.0410
 3.672   33.0400
 3.669   32.9990
 3.666   32.9730
 3.664   32.9780
 3.661   32.9760
 3.659   32.9680
 3.656   32.9620
 3.653   32.9460
 3.651   32.9200
 3.648   32.9110
 3.646   32.9050
 3.643   32.8830
 3.641   32.8870
 3.638   32.9020
 3.636   32.8900
 3.633   32.8780
 3.630   32.8650
 3.628   32.8530
 3.625   32.8280
 3.623   32.7960
 3.620   32.8040
 3.618   32.8120
 3.615   32.8030
 3.613   32.7870
 3.610   32.7590
 3.608   32.7430
 3.605   32.7400
 3.603   32.7180
 3.600   32.7030
 3.598   32.6810
 3.595   32.6690
 3.593   32.6660
 3.590   32.6680
 3.588   32.6730
 3.585   32.6530
 3.583   32.6370
 3.580   32.6090
 3.578   32.5830
 3.575   32.5880
 3.573   32.5830
 3.570   32.5620
 3.568   32.5600
 3.565   32.5310
 3.563   32.5130
 3.561   32.5020
 3.558   32.4940
 3.556   32.4850
 3.553   32.4660
 3.551   32.4320
 3.548   32.4100
 3.546   32.3920
 3.543   32.3800
 3.541   32.3590
 3.539   32.3370
 3.536   32.2950
 3.534   32.2830
 3.531   32.2750
 3.529   32.2430
 3.527   32.2170
 3.524   32.1760
 3.522   32.1180
 3.519   32.0340
 3.517   31.9580
 3.515   31.8860
 3.512   31.7610
 3.510   31.5920
 3.507   31.4390
 3.505   31.3280
 3.503   31.2110
 3.500   31.1310
 3.498   31.1440
 3.496   31.2090
 3.493   31.2800
 3.491   31.3530
 3.489   31.3720
 3.486   31.4030
 3.484   31.4480
 3.482   31.4530
 3.479   31.4490
 3.477   31.4510
 3.475   31.4410
 3.472   31.4260
 3.470   31.4480
 3.468   31.4630
 3.465   31.4420
 3.463   31.4310
 3.461   31.4050
 3.458   31.3810
 3.456   31.3460
 3.454   31.2960
 3.451   31.2670
 3.449   31.2350
 3.447   31.1570
 3.445   31.0770
 3.442   30.9970
 3.440   30.9230
 3.438   30.8910
 3.436   30.7830
 3.433   30.6510
 3.431   30.5450
 3.429   30.4110
 3.426   30.2510
 3.424   30.0670
 3.422   29.9230
 3.420   29.8110
 3.417   29.7460
 3.415   29.7190
 3.413   29.7550
 3.411   29.8550
 3.408   29.9800
 3.406   30.0740
 3.404   30.2020
 3.402   30.3470
 3.399   30.4640
 3.397   30.5480
 3.395   30.6650
 3.393   30.7470
 3.391   30.7620
 3.388   30.7580
 3.386   30.7290
 3.384   30.6560
 3.382   30.5520
 3.380   30.4510
 3.377   30.3980
 3.375   30.3710
 3.373   30.3930
 3.371   30.4310
 3.369   30.5030
 3.366   30.6340
 3.364   30.8010
 3.362   30.9260
 3.360   31.0110
 3.358   31.0820
 3.355   31.1200
 3.353   31.1510
 3.351   31.1780
 3.349   31.1980
 3.347   31.2160
 3.345   31.2400
 3.342   31.2540
 3.340   31.2390
 3.338   31.2140
 3.336   31.2130
 3.334   31.2060
 3.332   31.1910
 3.330   31.2100
 3.327   31.2050
 3.325   31.1740
 3.323   31.1830
 3.321   31.1780
 3.319   31.1800
 3.317   31.1890
 3.315   31.1800
 3.313   31.1400
 3.310   31.1000
 3.308   31.0990
 3.306   31.1100
 3.304   31.1210
 3.302   31.1120
 3.300   31.0730
 3.298   31.0520
 3.296   31.0620
 3.294   31.0430
 3.292   31.0050
 3.289   31.0020
 3.287   31.0050
 3.285   30.9730
 3.283   30.9530
 3.281   30.9580
 3.279   30.9580
 3.277   30.9570
 3.275   30.9310
 3.273   30.9030
 3.271   30.8540
 3.269   30.8370
 3.267   30.8300
 3.265   30.8160
 3.263   30.8350
 3.261   30.8040
 3.258   30.7460
 3.256   30.7580
 3.254   30.7760
 3.252   30.7700
 3.250   30.7420
 3.248   30.7180
 3.246   30.6950
 3.244   30.6970
 3.242   30.6930
 3.240   30.6740
 3.238   30.6580
 3.236   30.6660
 3.234   30.6490
 3.232   30.5930
 3.230   30.6110
 3.228   30.5960
 3.226   30.5530
 3.224   30.5320
 3.222   30.5090
 3.220   30.4890
 3.218   30.4770
 3.216   30.4720
 3.214   30.4790
 3.212   30.4690
 3.210   30.4380
 3.208   30.4000
 3.206   30.3670
 3.204   30.3670
 3.202   30.3780
 3.200   30.3330
 3.198   30.3240
 3.196   30.3210
 3.194   30.2840
 3.192   30.2590
 3.190   30.2640
 3.188   30.2550
 3.186   30.2510
 3.184   30.2420
 3.182   30.2220
 3.180   30.2030
 3.179   30.1700
 3.177   30.1520
 3.175   30.1380
 3.173   30.0960
 3.171   30.0980
 3.169   30.0980
 3.167   30.0770
 3.165   30.0620
 3.163   30.0390
 3.161   30.0260
 3.159   30.0080
 3.157   30.0070
 3.155   29.9740
 3.153   29.9350
 3.152   29.9480
 3.150   29.9580
 3.148   29.9180
 3.146   29.9290
 3.144   29.9510
 3.142   29.9150
 3.140   29.8740
 3.138   29.8540
 3.136   29.8480
 3.134   29.8380
 3.132   29.8050
 3.131   29.7850
 3.129   29.7870
 3.127   29.7910
 3.125   29.7830
 3.123   29.7640
 3.121   29.7220
 3.119   29.7060
 3.117   29.7340
 3.115   29.7100
 3.114   29.6720
 3.112   29.6910
 3.110   29.7030
 3.108   29.6530
 3.106   29.6180
 3.104   29.6210
 3.102   29.6260
 3.101   29.6170
 3.099   29.6020
 3.097   29.5700
 3.095   29.5640
 3.093   29.5440
 3.091   29.5160
 3.090   29.5010
 3.088   29.5210
 3.086   29.5260
 3.084   29.4790
 3.082   29.4330
 3.080   29.4470
 3.079   29.4550
 3.077   29.4390
 3.075   29.4040
 3.073   29.4190
 3.071   29.4240
 3.069   29.3940
 3.067   29.3980
 3.066   29.4000
 3.064   29.3960
 3.062   29.3700
 3.060   29.3300
 3.059   29.2930
 3.057   29.2810
 3.055   29.2990
 3.053   29.3120
 3.051   29.3100
 3.050   29.3160
 3.048   29.2750
 3.046   29.2170
 3.044   29.2230
 3.042   29.2570
 3.041   29.2620
 3.039   29.2320
 3.037   29.2300
 3.035   29.2430
 3.033   29.2100
 3.032   29.1490
 3.030   29.1170
 3.028   29.1030
 3.026   29.1030
 3.025   29.1380
 3.023   29.1140
 3.021   29.0730
 3.019   29.0810
 3.018   29.0630
 3.016   29.0430
 3.014   29.0090
 3.012   29.0200
 3.011   29.0340
 3.009   29.0020
 3.007   28.9840
 3.005   28.9950
 3.004   28.9770
 3.002   28.9320
 3.000   28.9520
 2.998   28.9350
 2.997   28.8660
 2.995   28.8560
 2.993   28.8670
 2.991   28.8470
 2.990   28.8440
 2.988   28.8240
 2.986   28.8190
 2.985   28.8110
 2.983   28.8090
 2.981   28.8330
 2.979   28.8240
 2.978   28.7800
 2.976   28.7610
 2.974   28.7490
 2.973   28.7860
 2.971   28.7890
 2.969   28.7570
 2.967   28.7310
 2.966   28.7360
 2.964   28.7270
 2.962   28.7310
 2.961   28.7080
 2.959   28.7010
 2.957   28.6970
 2.956   28.7000
 2.954   28.7090
 2.952   28.6850
 2.951   28.6330
 2.949   28.6050
 2.947   28.6000
 2.946   28.6150
 2.944   28.6100
 2.942   28.6310
 2.941   28.6510
 2.939   28.6210
 2.937   28.6420
 2.936   28.6410
 2.934   28.5960
 2.932   28.5790
 2.931   28.6020
 2.929   28.6030
 2.927   28.5700
 2.926   28.5550
 2.924   28.5800
 2.922   28.5630
 2.921   28.5690
 2.919   28.5790
 2.917   28.5660
 2.916   28.5700
 2.914   28.5530
 2.912   28.5490
 2.911   28.5330
 2.909   28.5370
 2.908   28.5400
 2.906   28.5620
 2.904   28.5650
 2.903   28.5480
 2.901   28.5290
 2.899   28.5260
 2.898   28.5100
 2.896   28.5010
 2.895   28.5040
 2.893   28.5290
 2.891   28.5350
 2.890   28.5350
 2.888   28.5310
 2.886   28.4920
 2.885   28.4910
 2.883   28.5100
 2.882   28.5010
 2.880   28.4950
 2.878   28.4960
 2.877   28.5040
 2.875   28.4970
 2.874   28.5330
 2.872   28.5190
 2.870   28.4790
 2.869   28.4810
 2.867   28.5000
 2.866   28.4940
 2.864   28.5020
 2.863   28.5070
 2.861   28.4770
 2.859   28.4660
 2.858   28.4590
 2.856   28.4760
 2.855   28.5030
 2.853   28.5300
 2.852   28.5330
 2.850   28.5300
 2.848   28.5220
 2.847   28.4980
 2.845   28.4930
 2.844   28.4950
 2.842   28.5010
 2.841   28.5320
 2.839   28.5520
 2.837   28.5350
 2.836   28.5260
 2.834   28.5430
 2.833   28.5390
 2.831   28.5500
 2.830   28.5360
 2.828   28.5510
 2.827   28.5810
 2.825   28.5820
 2.824   28.5790
 2.822   28.5800
 2.821   28.6250
 2.819   28.6640
 2.817   28.6740
 2.816   28.6540
 2.814   28.6270
 2.813   28.6540
 2.811   28.6980
 2.810   28.7090
 2.808   28.7080
 2.807   28.7360
 2.805   28.7870
 2.804   28.8090
 2.802   28.7990
 2.801   28.8210
 2.799   28.8600
 2.798   28.8910
 2.796   28.8790
 2.795   28.8900
 2.793   28.9270
 2.792   28.9720
 2.790   28.9800
 2.789   29.0010
 2.787   29.0830
 2.786   29.1030
 2.784   29.0990
 2.783   29.1230
 2.781   29.1570
 2.780   29.2040
 2.778   29.2440
 2.777   29.2880
 2.775   29.3040
 2.774   29.3300
 2.772   29.3770
 2.771   29.4030
 2.769   29.4610
 2.768   29.5220
 2.766   29.5120
 2.765   29.5950
 2.763   29.6990
 2.762   29.7380
 2.761   29.7370
 2.759   29.7500
 2.757   29.7970
 2.756   29.9110
 2.755   29.9690
 2.753   29.9450
 2.752   29.9460
 2.750   29.9260
 2.749   29.9620
 2.747   30.0630
 2.746   30.1320
 2.744   30.1790
 2.743   30.2290
 2.741   30.3300
 2.740   30.4060
 2.739   30.3910
 2.737   30.3450
 2.736   30.3750
 2.734   30.4120
 2.733   30.4230
 2.731   30.4410
 2.730   30.4900
 2.728   30.5150
 2.727   30.5500
 2.726   30.6450
 2.724   30.7360
 2.723   30.6920
 2.721   30.7230
 2.720   30.7820
 2.719   30.7090
 2.717   30.7060
 2.716   30.7770
 2.714   30.8060
 2.713   30.8460
 2.711   30.9550
 2.710   30.9500
 2.708   30.9230
 2.707   30.9160
 2.706   30.8980
 2.704   30.8930
 2.703   30.9380
 2.701   30.9860
 2.700   30.9780
 2.699   30.9590
 2.697   31.0100
 2.696   31.0570
 2.695   31.0910
 2.693   31.0860
 2.692   31.0420
 2.690   31.0600
 2.689   31.0490
 2.688   31.0370
 2.686   31.0690
 2.685   31.0730
 2.683   31.0630
 2.682   31.0430
 2.680   31.0590
 2.679   31.1120
 2.678   31.1230
 2.676   31.1660
 2.675   31.1300
 2.674   31.0790
 2.672   31.1160
 2.671   31.2530
 2.670   31.2560
 2.668   31.1740
 2.667   31.2350
 2.665   31.2360
 2.664   31.1880
 2.663   31.0810
 2.661   31.0480
 2.660   31.0620
 2.659   31.0460
 2.657   31.0380
 2.656   31.0660
 2.655   31.0600
 2.653   31.0630
 2.652   31.0350
 2.650   30.9880
 2.649   30.9670
 2.648   30.9820
 2.646   31.0010
 2.645   31.0020
 2.644   30.9540
 2.642   30.9560
 2.641   30.9630
 2.640   30.9340
 2.638   30.9300
 2.637   30.9610
 2.636   30.9510
 2.634   30.9540
 2.633   30.9600
 2.632   31.0070
 2.630   31.0610
 2.629   30.9910
 2.627   30.9740
 2.626   30.9680
 2.625   30.9200
 2.624   30.9050
 2.622   30.9310
 2.621   31.0010
 2.620   30.9650
 2.618   30.8880
 2.617   30.9430
 2.616   30.9220
 2.614   30.8610
 2.613   30.8620
 2.612   30.8360
 2.610   30.8660
 2.609   30.8690
 2.608   30.8760
 2.606   30.9200
 2.605   30.9220
 2.604   30.8670
 2.603   30.8490
 2.601   30.7820
 2.600   30.7200
 2.599   30.7500
 2.597   30.8270
 2.596   30.9470
 2.595   31.0190
 2.593   30.8770
 2.592   30.7270
 2.591   30.7100
 2.590   30.7340
 2.588   30.7420
 2.587   30.7510
 2.586   30.7360
 2.584   30.7760
 2.583   30.7430
 2.582   30.6740
 2.580   30.6570
 2.579   30.6440
 2.578   30.6560
 2.577   30.6590
 2.575   30.6240
 2.574   30.6210
 2.573   30.6160
 2.571   30.5810
 2.570   30.6000
 2.569   30.5960
 2.568   30.5580
 2.566   30.5410
 2.565   30.5480
 2.564   30.5840
 2.563   30.6100
 2.561   30.5750
 2.560   30.5170
 2.559   30.5010
 2.558   30.4840
 2.556   30.4510
 2.555   30.4580
 2.554   30.4840
 2.553   30.4870
 2.551   30.4550
 2.550   30.4390
 2.549   30.4100
 2.547   30.4080
 2.546   30.4080
 2.545   30.3920
 2.544   30.3780
 2.543   30.3760
 2.541   30.3770
 2.540   30.3600
 2.539   30.3380
 2.538   30.3370
 2.536   30.3610
 2.535   30.3570
 2.534   30.3460
 2.533   30.3210
 2.531   30.3090
 2.530   30.2970
 2.529   30.2800
 2.528   30.2690
 2.526   30.2730
 2.525   30.2630
 2.524   30.2540
 2.523   30.2500
 2.522   30.2230
 2.520   30.1980
 2.519   30.1860
 2.518   30.1840
 2.517   30.2110
 2.515   30.2230
 2.514   30.2290
 2.513   30.2060
 2.512   30.1730
 2.511   30.1620
 2.509   30.1780
 2.508   30.1750
 2.507   30.1310
 2.506   30.0890
 2.504   30.1040
 2.503   30.1180
 2.502   30.1060
 2.501   30.0960
 2.500   30.0870
 2.498   30.0540
 2.497   30.0510
 2.496   30.0600
 2.495   30.0400
 2.494   30.0460
 2.492   30.0320
 2.491   30.0200
 2.490   30.0450
 2.489   29.9990
 2.488   29.9770
 2.486   30.0030
 2.485   29.9890
 2.484   29.9840
 2.483   29.9810
 2.482   29.9710
 2.481   29.9640
 2.479   29.9530
 2.478   29.9430
 2.477   29.9560
 2.476   29.9510
 2.474   29.9140
 2.473   29.8930
 2.472   29.8790
 2.471   29.9000
 2.470   29.9160
 2.469   29.9090
 2.467   29.8870
 2.466   29.8850
 2.465   29.8730
 2.464   29.8890
 2.463   29.9070
 2.462   29.8580
 2.460   29.8430
 2.459   29.8690
 2.458   29.8560
 2.457   29.8180
 2.456   29.8120
 2.455   29.8250
 2.454   29.8340
 2.452   29.8370
 2.451   29.8380
 2.450   29.8140
 2.449   29.7980
 2.448   29.8220
 2.446   29.8020
 2.445   29.7700
 2.444   29.7490
 2.443   29.7800
 2.442   29.8120
 2.441   29.7860
 2.440   29.7630
 2.438   29.7780
 2.437   29.7440
 2.436   29.7140
 2.435   29.7300
 2.434   29.7710
 2.433   29.7400
 2.432   29.6960
 2.430   29.6840
 2.429   29.6740
 2.428   29.6820
 2.427   29.6960
 2.426   29.6910
 2.425   29.6880
 2.424   29.6750
 2.422   29.6710
 2.421   29.6830
 2.420   29.6450
 2.419   29.6210
 2.418   29.6290
 2.417   29.6140
 2.416   29.6260
 2.415   29.6310
 2.414   29.6160
 2.412   29.6080
 2.411   29.5740
 2.410   29.5420
 2.409   29.5840
 2.408   29.5950
 2.407   29.5410
 2.406   29.5430
 2.405   29.5890
 2.403   29.6040
 2.402   29.5720
 2.401   29.5410
 2.400   29.5170
 2.399   29.5060
 2.398   29.5180
 2.397   29.5270
 2.396   29.4910
 2.394   29.4690
 2.393   29.4770
 2.392   29.4730
 2.391   29.4790
 2.390   29.4800
 2.389   29.4400
 2.388   29.4280
 2.387   29.4350
 2.386   29.4180
 2.385   29.4150
 2.384   29.4420
 2.382   29.4230
 2.381   29.3880
 2.380   29.3950
 2.379   29.3870
 2.378   29.3130
 2.377   29.3460
 2.376   29.3760
 2.375   29.3340
 2.374   29.3260
 2.373   29.3030
 2.372   29.2960
 2.370   29.3370
 2.369   29.3240
 2.368   29.2740
 2.367   29.2580
 2.366   29.2740
 2.365   29.2780
 2.364   29.2540
 2.363   29.2250
 2.362   29.2320
 2.361   29.2300
 2.360   29.2180
 2.359   29.2010
 2.357   29.1880
 2.356   29.2060
 2.355   29.1930
 2.354   29.1910
 2.353   29.1700
 2.352   29.1610
 2.351   29.1580
 2.350   29.1790
 2.349   29.1770
 2.348   29.1530
 2.347   29.1380
 2.346   29.1200
 2.345   29.1020
 2.344   29.0970
 2.343   29.0860
 2.341   29.0770
 2.341   29.0730
 2.339   29.0970
 2.338   29.0600
 2.337   29.0430
 2.336   29.0430
 2.335   29.0180
 2.334   29.0360
 2.333   29.0390
 2.332   29.0470
 2.331   29.0230
 2.330   28.9910
 2.329   29.0160
 2.328   28.9890
 2.327   28.9840
 2.326   28.9700
 2.325   28.9640
 2.324   28.9710
 2.323   28.9470
 2.322   28.9770
 2.321   28.9560
 2.320   28.9390
 2.318   28.9900
 2.317   29.0330
 2.316   28.9910
 2.315   28.9510
 2.314   28.9610
 2.313   28.9270
 2.312   28.9230
 2.311   28.9200
 2.310   28.9290
 2.309   28.9240
 2.308   28.9000
 2.307   28.8960
 2.306   28.8770
 2.305   28.8860
 2.304   28.9100
 2.303   28.8570
 2.302   28.8030
 2.301   28.7830
 2.300   28.8140
 2.299   28.8440
 2.298   28.8320
 2.297   28.8110
 2.296   28.8700
 2.295   28.8520
 2.294   28.7990
 2.293   28.7730
 2.292   28.7670
 2.291   28.7710
 2.290   28.7950
 2.289   28.7780
 2.288   28.7460
 2.287   28.7820
 2.286   28.8310
 2.285   28.8050
 2.284   28.7610
 2.283   28.7230
 2.282   28.6700
 2.281   28.6400
 2.280   28.6820
 2.279   28.6880
 2.278   28.6650
 2.277   28.6560
 2.276   28.6510
 2.275   28.6710
 2.274   28.6740
 2.273   28.6330
 2.272   28.5940
 2.271   28.5890
 2.270   28.6220
 2.269   28.6110
 2.268   28.5990
 2.267   28.6570
 2.266   28.7020
 2.265   28.6440
 2.264   28.5890
 2.263   28.5620
 2.262   28.5530
 2.261   28.5610
 2.260   28.5980
 2.259   28.5960
 2.258   28.5610
 2.257   28.5270
 2.256   28.5180
 2.255   28.5380
 2.254   28.5520
 2.253   28.5220
 2.252   28.5120
 2.251   28.5260
 2.250   28.4960
 2.249   28.4960
 2.248   28.4900
 2.247   28.4650
 2.246   28.5040
 2.245   28.5730
 2.244   28.5370
 2.243   28.4610
 2.242   28.4340
 2.241   28.4410
 2.240   28.4710
 2.239   28.4510
 2.238   28.4490
 2.237   28.4380
 2.236   28.4720
 2.236   28.4610
 2.235   28.4290
 2.234   28.4170
 2.233   28.3920
 2.232   28.3820
 2.231   28.3910
 2.230   28.3800
 2.229   28.3750
 2.228   28.3890
 2.227   28.3890
 2.226   28.3570
 2.225   28.3180
 2.224   28.3150
 2.223   28.3710
 2.222   28.3640
 2.221   28.3280
 2.220   28.3320
 2.219   28.3270
 2.218   28.3250
 2.217   28.2890
 2.216   28.2600
 2.216   28.2520
 2.215   28.2520
 2.214   28.2530
 2.213   28.2470
 2.212   28.2620
 2.211   28.2480
 2.210   28.2530
 2.209   28.2690
 2.208   28.2600
 2.207   28.2490
 2.206   28.2130
 2.205   28.1710
 2.204   28.1550
 2.203   28.1590
 2.202   28.1730
 2.201   28.1780
 2.200   28.1810
 2.200   28.1770
 2.199   28.1600
 2.198   28.1440
 2.197   28.1730
 2.196   28.1700
 2.195   28.1170
 2.194   28.1060
 2.193   28.1430
 2.192   28.1380
 2.191   28.0590
 2.190   28.0410
 2.189   28.0750
 2.188   28.0790
 2.187   28.0770
 2.187   28.1090
 2.186   28.0920
 2.185   28.0410
 2.184   28.0230
 2.183   28.0430
 2.182   28.0530
 2.181   28.0400
 2.180   28.0440
 2.179   28.0300
 2.178   27.9800
 2.177   27.9740
 2.176   27.9900
 2.176   27.9860
 2.175   27.9620
 2.174   27.9680
 2.173   27.9810
 2.172   27.9350
 2.171   27.8940
 2.170   27.9120
 2.169   27.9380
 2.168   27.9220
 2.167   27.8910
 2.166   27.9010
 2.166   27.9240
 2.165   27.9210
 2.164   27.9300
 2.163   27.8770
 2.162   27.8260
 2.161   27.8220
 2.160   27.8450
 2.159   27.8150
 2.158   27.7900
 2.157   27.8050
 2.156   27.7900
 2.156   27.7430
 2.155   27.7310
 2.154   27.7670
 2.153   27.7460
 2.152   27.7310
 2.151   27.7060
 2.150   27.7190
 2.149   27.7420
 2.148   27.7310
 2.148   27.7080
 2.147   27.6960
 2.146   27.7100
 2.145   27.7020
 2.144   27.6540
 2.143   27.6700
 2.142   27.7230
 2.141   27.7230
 2.140   27.6900
 2.140   27.6410
 2.139   27.6200
 2.138   27.6250
 2.137   27.6150
 2.136   27.6300
 2.135   27.6290
 2.134   27.5830
 2.133   27.5780
 2.132   27.5560
 2.132   27.5230
 2.131   27.6140
 2.130   27.6680
 2.129   27.5560
 2.128   27.4950
 2.127   27.5690
 2.126   27.5650
 2.126   27.5200
 2.125   27.4990
 2.124   27.4810
 2.123   27.4830
 2.122   27.5160
 2.121   27.5130
 2.120   27.5520
 2.119   27.5810
 2.119   27.5480
 2.118   27.5410
 2.117   27.4730
 2.116   27.4460
 2.115   27.4370
 2.114   27.4180
 2.113   27.4090
 2.112   27.4250
 2.112   27.4660
 2.111   27.4130
 2.110   27.3790
 2.109   27.4030
 2.108   27.3840
 2.107   27.4000
 2.107   27.3880
 2.106   27.4210
 2.105   27.3980
 2.104   27.3390
 2.103   27.3270
 2.102   27.3560
 2.101   27.4250
 2.100   27.3910
 2.100   27.3560
 2.099   27.3430
 2.098   27.2940
 2.097   27.3000
 2.096   27.2710
 2.095   27.2520
 2.095   27.3140
 2.094   27.3400
 2.093   27.2700
 2.092   27.2800
 2.091   27.2950
 2.090   27.2750
 2.090   27.2880
 2.089   27.2640
 2.088   27.2360
 2.087   27.2720
 2.086   27.2860
 2.085   27.2120
 2.084   27.2220
 2.084   27.2630
 2.083   27.2520
 2.082   27.2390
 2.081   27.2190
 2.080   27.2070
 2.079   27.2180
