Name: Arkosic Sandstone 
Type:  Rocks
Class:  Sedimentary
Subclass: Sandstone 
Particle Size:  500 - 1500 Micrometers
Sample No.:  sandstone.1
Owner:  JHU
Wavelength Range:  All
Origin:  Sample No. 362,  The Hunt and Salisbury Collection at the U.S. 
Geological Survey, Denver, Co.
Description: Sample is moderately sorted fine medium-grained rock 
with slight porosity. Well-rounded to subrounded quartz grains have 
fluid inclusions and ferruginous staining, and are cemented with 
overgrowths of chalcedony. A trace of microcline and regions of 
concentrated carbonaceous granules and/or opaques on the grains 
are present. Secondary carbonate crystallites exist in some pores.
Measurement:  Directional (10 Degree) Hemispherical Reflectance
First Column:  X
Second Column:  Y  
X Units:  Wavelength (micrometers)
Y Units:  Reflectance (percent)
First X Value: 14.0112
Last X Value:  0.4
Number of X Values: 2844
Additional Information:  None
14.011    2.4548
13.973    2.5149
13.936    2.5655
13.899    2.5971
13.861    2.6364
13.824    2.6768
13.788    2.7206
13.751    2.7316
13.715    2.7450
13.679    2.7845
13.643    2.8412
13.607    2.8969
13.571    2.9369
13.536    2.9747
13.500    3.0070
13.465    3.0338
13.430    3.0902
13.396    3.1727
13.361    3.2508
13.327    3.3161
13.293    3.3812
13.259    3.4343
13.225    3.5044
13.191    3.5915
13.158    3.6850
13.124    3.8090
13.091    3.9633
13.058    4.1370
13.025    4.3521
12.993    4.6097
12.960    4.9318
12.928    5.2826
12.896    5.6070
12.864    5.8694
12.832    6.0154
12.800    5.9793
12.769    5.7472
12.738    5.3802
12.706    5.0009
12.675    4.7217
12.644    4.6122
12.614    4.6713
12.583    4.8399
12.552    5.0170
12.522    5.0835
12.492    4.9505
12.462    4.5677
12.432    3.9441
12.402    3.1766
12.373    2.3871
12.343    1.6997
12.314    1.2293
12.285    1.0185
12.256    1.0024
12.227    1.0798
12.198    1.1802
12.169    1.2808
12.141    1.3789
12.113    1.4672
12.084    1.5648
12.056    1.6631
12.028    1.7495
12.000    1.8274
11.973    1.8964
11.945    1.9567
11.918    2.0126
11.890    2.0545
11.863    2.0988
11.836    2.1497
11.809    2.2048
11.782    2.2708
11.756    2.3363
11.729    2.3894
11.702    2.4359
11.676    2.4811
11.650    2.5299
11.624    2.5811
11.598    2.6251
11.572    2.6678
11.546    2.7093
11.520    2.7407
11.495    2.7667
11.469    2.8067
11.444    2.8524
11.419    2.8909
11.394    2.9276
11.369    2.9577
11.344    2.9833
11.319    3.0104
11.294    3.0314
11.270    3.0537
11.246    3.0711
11.221    3.0881
11.197    3.1055
11.173    3.1194
11.149    3.1419
11.125    3.1780
11.101    3.2144
11.077    3.2396
11.054    3.2512
11.030    3.2690
11.007    3.2884
10.983    3.3221
10.960    3.3633
10.937    3.4049
10.914    3.4429
10.891    3.4584
10.868    3.4496
10.845    3.4470
10.823    3.4524
10.800    3.4712
10.778    3.4953
10.756    3.5298
10.733    3.5671
10.711    3.5965
10.689    3.6242
10.667    3.6628
10.645    3.7059
10.623    3.7530
10.602    3.7950
10.580    3.8370
10.558    3.8752
10.537    3.9114
10.515    3.9535
10.494    3.9970
10.473    4.0377
10.452    4.0850
10.431    4.1403
10.410    4.2045
10.389    4.2638
10.368    4.3245
10.348    4.3904
10.327    4.4492
10.307    4.5013
10.286    4.5584
10.266    4.6200
10.245    4.6887
10.225    4.7586
10.205    4.8296
10.185    4.8882
10.165    4.9378
10.145    4.9961
10.125    5.0672
10.106    5.1412
10.086    5.2210
10.066    5.3039
10.047    5.3814
10.027    5.4416
10.008    5.4905
 9.989    5.5469
 9.970    5.6335
 9.950    5.7452
 9.931    5.8735
 9.912    6.0123
 9.893    6.1570
 9.875    6.2915
 9.856    6.4049
 9.837    6.5111
 9.819    6.6326
 9.800    6.7626
 9.781    6.9018
 9.763    7.0600
 9.745    7.2433
 9.726    7.4275
 9.708    7.6141
 9.690    7.8077
 9.672    8.0005
 9.654    8.1964
 9.636    8.3967
 9.618    8.6135
 9.600    8.8539
 9.582    9.1116
 9.565    9.3997
 9.547    9.7117
 9.530   10.0538
 9.512   10.4537
 9.495   10.9097
 9.477   11.4305
 9.460   12.0514
 9.443   12.8072
 9.426   13.7202
 9.409   14.7746
 9.392   15.9465
 9.375   17.1693
 9.358   18.3385
 9.341   19.3411
 9.324   20.1031
 9.307   20.5981
 9.291   20.8412
 9.274   20.8780
 9.257   20.7840
 9.241   20.6175
 9.225   20.4096
 9.208   20.1804
 9.192   19.9450
 9.175   19.7160
 9.159   19.5095
 9.143   19.3232
 9.127   19.1413
 9.111   18.9635
 9.095   18.7887
 9.079   18.6056
 9.063   18.4077
 9.047   18.2008
 9.032   18.0012
 9.016   17.7954
 9.000   17.5937
 8.985   17.4364
 8.969   17.3492
 8.954   17.3217
 8.938   17.3354
 8.923   17.3540
 8.908   17.3667
 8.892   17.3579
 8.877   17.3280
 8.862   17.2840
 8.847   17.2289
 8.832   17.1672
 8.817   17.1052
 8.802   17.0373
 8.787   16.9706
 8.772   16.9150
 8.757   16.8631
 8.742   16.7923
 8.727   16.6826
 8.713   16.5002
 8.698   16.1700
 8.684   15.5945
 8.669   14.7543
 8.655   13.8430
 8.640   13.1450
 8.626   12.8804
 8.612   13.1500
 8.597   13.8918
 8.583   14.8924
 8.569   15.8762
 8.555   16.6509
 8.541   17.1964
 8.527   17.5871
 8.513   17.8732
 8.499   18.0924
 8.485   18.2761
 8.471   18.4252
 8.457   18.5498
 8.443   18.6752
 8.430   18.7937
 8.416   18.9035
 8.402   19.0176
 8.389   19.1602
 8.375   19.3413
 8.361   19.5473
 8.348   19.7689
 8.335   20.0208
 8.321   20.2967
 8.308   20.5893
 8.295   20.9063
 8.281   21.2558
 8.268   21.6274
 8.255   22.0112
 8.242   22.3873
 8.229   22.7500
 8.216   23.0768
 8.203   23.3170
 8.190   23.4209
 8.177   23.3391
 8.164   23.0101
 8.151   22.4242
 8.138   21.6114
 8.126   20.6285
 8.113   19.5486
 8.100   18.4260
 8.088   17.3189
 8.075   16.2549
 8.062   15.2307
 8.050   14.2542
 8.037   13.3348
 8.025   12.4663
 8.013   11.6410
 8.000   10.8501
 7.988   10.0923
 7.976    9.3530
 7.963    8.6207
 7.951    7.9062
 7.939    7.2184
 7.927    6.5629
 7.915    5.9522
 7.903    5.3996
 7.891    4.9078
 7.879    4.4708
 7.867    4.0891
 7.855    3.7613
 7.843    3.4700
 7.831    3.2173
 7.819    2.9963
 7.808    2.8019
 7.796    2.6278
 7.784    2.4648
 7.772    2.3165
 7.761    2.1782
 7.749    2.0397
 7.737    1.9064
 7.726    1.7713
 7.715    1.6478
 7.703    1.5353
 7.692    1.4298
 7.680    1.3420
 7.669    1.2721
 7.657    1.2016
 7.646    1.1271
 7.635    1.0552
 7.624    0.9898
 7.613    0.9357
 7.601    0.8877
 7.590    0.8455
 7.579    0.8165
 7.568    0.7936
 7.557    0.7690
 7.546    0.7465
 7.535    0.7269
 7.524    0.7211
 7.513    0.7197
 7.502    0.7018
 7.492    0.6840
 7.481    0.6754
 7.470    0.6661
 7.459    0.6482
 7.449    0.6376
 7.438    0.6410
 7.427    0.6402
 7.417    0.6247
 7.406    0.6103
 7.395    0.6058
 7.385    0.6053
 7.374    0.5999
 7.364    0.5934
 7.353    0.5905
 7.343    0.5896
 7.333    0.5936
 7.322    0.5999
 7.312    0.6089
 7.302    0.6201
 7.291    0.6230
 7.281    0.6175
 7.271    0.6147
 7.261    0.6180
 7.251    0.6240
 7.240    0.6336
 7.230    0.6474
 7.220    0.6646
 7.210    0.6776
 7.200    0.6817
 7.190    0.6774
 7.180    0.6685
 7.170    0.6530
 7.160    0.6493
 7.151    0.6625
 7.141    0.6809
 7.131    0.7023
 7.121    0.7159
 7.111    0.7232
 7.102    0.7338
 7.092    0.7390
 7.082    0.7417
 7.072    0.7400
 7.063    0.7307
 7.053    0.7224
 7.044    0.7187
 7.034    0.7242
 7.025    0.7360
 7.015    0.7455
 7.006    0.7520
 6.996    0.7503
 6.987    0.7426
 6.977    0.7372
 6.968    0.7429
 6.959    0.7599
 6.949    0.7664
 6.940    0.7747
 6.931    0.7874
 6.921    0.7891
 6.912    0.7862
 6.903    0.7848
 6.894    0.7850
 6.885    0.7898
 6.875    0.7893
 6.866    0.7924
 6.857    0.7951
 6.848    0.7921
 6.839    0.7977
 6.830    0.8135
 6.821    0.8216
 6.812    0.8183
 6.803    0.8152
 6.794    0.8165
 6.785    0.8180
 6.777    0.8165
 6.768    0.8195
 6.759    0.8326
 6.750    0.8470
 6.741    0.8487
 6.733    0.8449
 6.724    0.8527
 6.715    0.8601
 6.707    0.8560
 6.698    0.8472
 6.689    0.8505
 6.681    0.8676
 6.672    0.8743
 6.663    0.8709
 6.655    0.8745
 6.646    0.8788
 6.638    0.8817
 6.629    0.8898
 6.621    0.9075
 6.612    0.9233
 6.604    0.9343
 6.596    0.9352
 6.587    0.9262
 6.579    0.9224
 6.571    0.9216
 6.562    0.9151
 6.554    0.9068
 6.546    0.9104
 6.537    0.9295
 6.529    0.9433
 6.521    0.9575
 6.513    0.9805
 6.505    0.9872
 6.496    0.9742
 6.488    0.9630
 6.480    0.9699
 6.472    0.9850
 6.464    0.9979
 6.456    1.0173
 6.448    1.0391
 6.440    1.0456
 6.432    1.0376
 6.424    1.0257
 6.416    1.0157
 6.408    1.0170
 6.400    1.0180
 6.392    1.0135
 6.384    1.0077
 6.377    0.9970
 6.369    0.9776
 6.361    0.9568
 6.353    0.9412
 6.345    0.9345
 6.338    0.9309
 6.330    0.9249
 6.322    0.9204
 6.314    0.9164
 6.307    0.9133
 6.299    0.9133
 6.291    0.9164
 6.284    0.9187
 6.276    0.9204
 6.269    0.9189
 6.261    0.9168
 6.253    0.9130
 6.246    0.9083
 6.239    0.9023
 6.231    0.8996
 6.223    0.8900
 6.216    0.8759
 6.209    0.8678
 6.201    0.8718
 6.194    0.8807
 6.186    0.8889
 6.179    0.8984
 6.172    0.9075
 6.164    0.9087
 6.157    0.9138
 6.150    0.9309
 6.142    0.9589
 6.135    0.9810
 6.128    0.9936
 6.121    1.0042
 6.113    1.0056
 6.106    0.9986
 6.099    0.9941
 6.092    1.0051
 6.085    1.0265
 6.078    1.0436
 6.070    1.0537
 6.063    1.0628
 6.056    1.0688
 6.049    1.0707
 6.042    1.0693
 6.035    1.0695
 6.028    1.0796
 6.021    1.0920
 6.014    1.0934
 6.007    1.0962
 6.000    1.1030
 5.993    1.1068
 5.986    1.1051
 5.979    1.0997
 5.973    1.1045
 5.966    1.1118
 5.959    1.1047
 5.952    1.1005
 5.945    1.1080
 5.938    1.1121
 5.931    1.1116
 5.925    1.1130
 5.918    1.1241
 5.911    1.1355
 5.904    1.1434
 5.898    1.1596
 5.891    1.1805
 5.884    1.1973
 5.878    1.2132
 5.871    1.2317
 5.864    1.2525
 5.858    1.2710
 5.851    1.2929
 5.845    1.3186
 5.838    1.3392
 5.831    1.3585
 5.825    1.3812
 5.818    1.4064
 5.812    1.4286
 5.805    1.4471
 5.799    1.4685
 5.792    1.4944
 5.786    1.5168
 5.779    1.5346
 5.773    1.5520
 5.767    1.5696
 5.760    1.5827
 5.754    1.6043
 5.747    1.6343
 5.741    1.6621
 5.735    1.6841
 5.728    1.6968
 5.722    1.7011
 5.716    1.6971
 5.709    1.6886
 5.703    1.6918
 5.697    1.6913
 5.691    1.6707
 5.684    1.6478
 5.678    1.6224
 5.672    1.5892
 5.666    1.5520
 5.660    1.5168
 5.653    1.4826
 5.647    1.4428
 5.641    1.4054
 5.635    1.3889
 5.629    1.3822
 5.623    1.3745
 5.617    1.3697
 5.611    1.3631
 5.604    1.3503
 5.598    1.3401
 5.592    1.3334
 5.586    1.3293
 5.580    1.3310
 5.574    1.3382
 5.568    1.3455
 5.562    1.3525
 5.556    1.3588
 5.551    1.3654
 5.545    1.3669
 5.539    1.3693
 5.533    1.3802
 5.527    1.3994
 5.521    1.4227
 5.515    1.4418
 5.509    1.4518
 5.503    1.4561
 5.497    1.4630
 5.492    1.4755
 5.486    1.4891
 5.480    1.5102
 5.474    1.5331
 5.468    1.5523
 5.463    1.5681
 5.457    1.5812
 5.451    1.5889
 5.446    1.5855
 5.440    1.5700
 5.434    1.5518
 5.428    1.5289
 5.423    1.5073
 5.417    1.4911
 5.411    1.4712
 5.406    1.4423
 5.400    1.4121
 5.394    1.3843
 5.389    1.3640
 5.383    1.3487
 5.378    1.3341
 5.372    1.3253
 5.367    1.3152
 5.361    1.3035
 5.356    1.2970
 5.350    1.2944
 5.345    1.2912
 5.339    1.2858
 5.333    1.2858
 5.328    1.2949
 5.322    1.3061
 5.317    1.3155
 5.312    1.3238
 5.306    1.3303
 5.301    1.3279
 5.295    1.3221
 5.290    1.3241
 5.285    1.3349
 5.279    1.3442
 5.274    1.3513
 5.268    1.3604
 5.263    1.3743
 5.258    1.3925
 5.252    1.4152
 5.247    1.4396
 5.242    1.4674
 5.237    1.4949
 5.231    1.5224
 5.226    1.5533
 5.221    1.5822
 5.215    1.6102
 5.210    1.6358
 5.205    1.6528
 5.200    1.6604
 5.194    1.6667
 5.189    1.6693
 5.184    1.6662
 5.179    1.6609
 5.174    1.6617
 5.169    1.6662
 5.164    1.6733
 5.158    1.6805
 5.153    1.6853
 5.148    1.6839
 5.143    1.6780
 5.138    1.6722
 5.133    1.6647
 5.128    1.6586
 5.123    1.6556
 5.118    1.6516
 5.113    1.6516
 5.107    1.6554
 5.103    1.6609
 5.098    1.6637
 5.093    1.6597
 5.088    1.6537
 5.082    1.6449
 5.077    1.6287
 5.073    1.6179
 5.068    1.6152
 5.063    1.6176
 5.058    1.6186
 5.053    1.6184
 5.048    1.6171
 5.043    1.6121
 5.038    1.6040
 5.033    1.6018
 5.028    1.6040
 5.023    1.6064
 5.019    1.6073
 5.014    1.6136
 5.009    1.6169
 5.004    1.6126
 4.999    1.6126
 4.994    1.6189
 4.990    1.6291
 4.985    1.6511
 4.980    1.6848
 4.975    1.7258
 4.970    1.7607
 4.966    1.7913
 4.961    1.8234
 4.956    1.8526
 4.951    1.8832
 4.947    1.9190
 4.942    1.9514
 4.937    1.9803
 4.933    2.0073
 4.928    2.0380
 4.923    2.0797
 4.919    2.1392
 4.914    2.2274
 4.909    2.3464
 4.905    2.4968
 4.900    2.6789
 4.895    2.8845
 4.891    3.1113
 4.886    3.3563
 4.882    3.6106
 4.877    3.8692
 4.872    4.1336
 4.868    4.4028
 4.863    4.6665
 4.859    4.9134
 4.854    5.1515
 4.849    5.3830
 4.845    5.5940
 4.840    5.7922
 4.836    5.9901
 4.832    6.1862
 4.827    6.3765
 4.822    6.5569
 4.818    6.7392
 4.814    6.9191
 4.809    7.0901
 4.805    7.2581
 4.800    7.4201
 4.796    7.5768
 4.791    7.7313
 4.787    7.8857
 4.782    8.0450
 4.778    8.1977
 4.774    8.3370
 4.769    8.4656
 4.765    8.5826
 4.761    8.6894
 4.756    8.7925
 4.752    8.8891
 4.747    8.9820
 4.743    9.0597
 4.739    9.1186
 4.734    9.1578
 4.730    9.1769
 4.726    9.1739
 4.721    9.1430
 4.717    9.0731
 4.713    8.9638
 4.709    8.8114
 4.704    8.6107
 4.700    8.3630
 4.696    8.0979
 4.691    7.8543
 4.687    7.6742
 4.683    7.5960
 4.679    7.6380
 4.675    7.7907
 4.670    8.0249
 4.666    8.3034
 4.662    8.6013
 4.658    8.8989
 4.654    9.1945
 4.649    9.4930
 4.645    9.7959
 4.641   10.1005
 4.637   10.4005
 4.633   10.6819
 4.629   10.9393
 4.625   11.1630
 4.620   11.3570
 4.616   11.5315
 4.612   11.6875
 4.608   11.8253
 4.604   11.9449
 4.600   12.0435
 4.596   12.1191
 4.592   12.1780
 4.588   12.2275
 4.584   12.2578
 4.580   12.2603
 4.576   12.2426
 4.572   12.2050
 4.567   12.1411
 4.564   12.0452
 4.559   11.9260
 4.556   11.7803
 4.551   11.5889
 4.548   11.3475
 4.543   11.0788
 4.540   10.7870
 4.536   10.4680
 4.532   10.1302
 4.528    9.7794
 4.524    9.4159
 4.520    9.0338
 4.516    8.6389
 4.512    8.2585
 4.508    7.9041
 4.504    7.5816
 4.500    7.3055
 4.496    7.0879
 4.492    6.9248
 4.488    6.7949
 4.485    6.6872
 4.481    6.6019
 4.477    6.5342
 4.473    6.4791
 4.469    6.4518
 4.465    6.4709
 4.461    6.5375
 4.458    6.6418
 4.454    6.7662
 4.450    6.8970
 4.446    7.0258
 4.442    7.1432
 4.439    7.2521
 4.435    7.3600
 4.431    7.4739
 4.427    7.6015
 4.423    7.7373
 4.420    7.8883
 4.416    8.0551
 4.412    8.2286
 4.408    8.4070
 4.404    8.5915
 4.401    8.7896
 4.397    9.0051
 4.393    9.2341
 4.390    9.4815
 4.386    9.7433
 4.382   10.0048
 4.378   10.2605
 4.375   10.5146
 4.371   10.7747
 4.367   11.0413
 4.364   11.3009
 4.360   11.5482
 4.356   11.7866
 4.353   12.0083
 4.349   12.2019
 4.346   12.3739
 4.342   12.5287
 4.338   12.6668
 4.335   12.7787
 4.331   12.8647
 4.327   12.9289
 4.324   12.9714
 4.320   12.9771
 4.316   12.9568
 4.313   12.9230
 4.309   12.8753
 4.306   12.8177
 4.302   12.7668
 4.299   12.7276
 4.295   12.7000
 4.292   12.6785
 4.288   12.6725
 4.284   12.6878
 4.281   12.7086
 4.277   12.7443
 4.274   12.8064
 4.270   12.8993
 4.267   13.0225
 4.263   13.1651
 4.260   13.3178
 4.256   13.4579
 4.253   13.5602
 4.249   13.6264
 4.246   13.6596
 4.242   13.6712
 4.239   13.6822
 4.235   13.7021
 4.232   13.7370
 4.229   13.7864
 4.225   13.8475
 4.222   13.9109
 4.218   13.9619
 4.215   14.0025
 4.211   14.0391
 4.208   14.0698
 4.205   14.0965
 4.201   14.1245
 4.198   14.1621
 4.194   14.2145
 4.191   14.2856
 4.188   14.3810
 4.184   14.4962
 4.181   14.6200
 4.177   14.7454
 4.174   14.8634
 4.171   14.9756
 4.167   15.0881
 4.164   15.2028
 4.161   15.3144
 4.157   15.4149
 4.154   15.5106
 4.151   15.6077
 4.147   15.7036
 4.144   15.8042
 4.141   15.9137
 4.137   16.0336
 4.134   16.1532
 4.131   16.2635
 4.128   16.3772
 4.124   16.4980
 4.121   16.6202
 4.118   16.7502
 4.114   16.8889
 4.111   17.0351
 4.108   17.1796
 4.105   17.3170
 4.101   17.4510
 4.098   17.5844
 4.095   17.7172
 4.092   17.8417
 4.088   17.9556
 4.085   18.0641
 4.082   18.1629
 4.079   18.2496
 4.076   18.3297
 4.072   18.4054
 4.069   18.4678
 4.066   18.5095
 4.063   18.5367
 4.060   18.5544
 4.056   18.5568
 4.053   18.5491
 4.050   18.5391
 4.047   18.5226
 4.044   18.4946
 4.041   18.4654
 4.037   18.4364
 4.034   18.3991
 4.031   18.3527
 4.028   18.3082
 4.025   18.2637
 4.022   18.2152
 4.019   18.1644
 4.016   18.1249
 4.013   18.1000
 4.009   18.0726
 4.006   18.0388
 4.003   18.0049
 4.000   17.9649
 3.997   17.9189
 3.994   17.8773
 3.991   17.8593
 3.988   17.8653
 3.985   17.8847
 3.982   17.9189
 3.979   17.9680
 3.976   18.0251
 3.973   18.0950
 3.970   18.1816
 3.966   18.2854
 3.963   18.3981
 3.960   18.5197
 3.957   18.6506
 3.954   18.7853
 3.951   18.9188
 3.948   19.0544
 3.945   19.1867
 3.942   19.3026
 3.939   19.3954
 3.936   19.4679
 3.933   19.5195
 3.930   19.5602
 3.927   19.5927
 3.924   19.6224
 3.921   19.6447
 3.918   19.6505
 3.916   19.6414
 3.913   19.6224
 3.910   19.5921
 3.907   19.5502
 3.904   19.4995
 3.901   19.4478
 3.898   19.3911
 3.895   19.3253
 3.892   19.2549
 3.889   19.1894
 3.886   19.1210
 3.883   19.0385
 3.880   18.9568
 3.877   18.8843
 3.875   18.8142
 3.872   18.7444
 3.869   18.6755
 3.866   18.6190
 3.863   18.5669
 3.860   18.5159
 3.857   18.4761
 3.854   18.4436
 3.852   18.4118
 3.849   18.3855
 3.846   18.3601
 3.843   18.3424
 3.840   18.3302
 3.837   18.3290
 3.834   18.3415
 3.832   18.3616
 3.829   18.3812
 3.826   18.3953
 3.823   18.3989
 3.820   18.3908
 3.817   18.3774
 3.815   18.3687
 3.812   18.3611
 3.809   18.3551
 3.806   18.3405
 3.804   18.3101
 3.801   18.2670
 3.798   18.2120
 3.795   18.1531
 3.792   18.0932
 3.790   18.0297
 3.787   17.9675
 3.784   17.8892
 3.781   17.7914
 3.779   17.6900
 3.776   17.5869
 3.773   17.4813
 3.770   17.3813
 3.768   17.2921
 3.765   17.2081
 3.762   17.1160
 3.759   17.0151
 3.757   16.9238
 3.754   16.8389
 3.751   16.7513
 3.748   16.6720
 3.746   16.6064
 3.743   16.5513
 3.740   16.5002
 3.738   16.4535
 3.735   16.4147
 3.732   16.3793
 3.730   16.3535
 3.727   16.3396
 3.724   16.3307
 3.722   16.3267
 3.719   16.3245
 3.716   16.3207
 3.714   16.3156
 3.711   16.3173
 3.708   16.3322
 3.706   16.3430
 3.703   16.3443
 3.700   16.3563
 3.698   16.3774
 3.695   16.3872
 3.692   16.3881
 3.690   16.3888
 3.687   16.3838
 3.684   16.3700
 3.682   16.3599
 3.679   16.3712
 3.677   16.3906
 3.674   16.3953
 3.672   16.3812
 3.669   16.3619
 3.666   16.3345
 3.664   16.2982
 3.661   16.2558
 3.659   16.2162
 3.656   16.1717
 3.653   16.1154
 3.651   16.0532
 3.648   16.0020
 3.646   15.9491
 3.643   15.8888
 3.641   15.8183
 3.638   15.7408
 3.636   15.6541
 3.633   15.5605
 3.630   15.4768
 3.628   15.4065
 3.625   15.3404
 3.623   15.2768
 3.620   15.2106
 3.618   15.1404
 3.615   15.0641
 3.613   14.9868
 3.610   14.9146
 3.608   14.8409
 3.605   14.7732
 3.603   14.7050
 3.600   14.6385
 3.598   14.5746
 3.595   14.5023
 3.593   14.4301
 3.590   14.3571
 3.588   14.2803
 3.585   14.2124
 3.583   14.1483
 3.580   14.0822
 3.578   14.0130
 3.575   13.9310
 3.573   13.8453
 3.570   13.7671
 3.568   13.6867
 3.565   13.6070
 3.563   13.5333
 3.561   13.4465
 3.558   13.3479
 3.556   13.2446
 3.553   13.1448
 3.551   13.0508
 3.548   12.9457
 3.546   12.8359
 3.543   12.7340
 3.541   12.6129
 3.539   12.4823
 3.536   12.3627
 3.534   12.2478
 3.531   12.1332
 3.529   12.0248
 3.527   11.9207
 3.524   11.8200
 3.522   11.7138
 3.519   11.6154
 3.517   11.5424
 3.515   11.4803
 3.512   11.4217
 3.510   11.3688
 3.507   11.3216
 3.505   11.2783
 3.503   11.2212
 3.500   11.1601
 3.498   11.1176
 3.496   11.0800
 3.493   11.0451
 3.491   11.0152
 3.489   10.9814
 3.486   10.9336
 3.484   10.8532
 3.482   10.7608
 3.479   10.6793
 3.477   10.6001
 3.475   10.5328
 3.472   10.4840
 3.470   10.4318
 3.468   10.3694
 3.465   10.3038
 3.463   10.2404
 3.461   10.1667
 3.458   10.0820
 3.456   10.0014
 3.454    9.9345
 3.451    9.8653
 3.449    9.7921
 3.447    9.7260
 3.445    9.6686
 3.442    9.6098
 3.440    9.5605
 3.438    9.5294
 3.436    9.5100
 3.433    9.4861
 3.431    9.4485
 3.429    9.3949
 3.426    9.3414
 3.424    9.2803
 3.422    9.2119
 3.420    9.1444
 3.417    9.0779
 3.415    9.0176
 3.413    8.9636
 3.411    8.9100
 3.408    8.8587
 3.406    8.8049
 3.404    8.7470
 3.402    8.6874
 3.399    8.6149
 3.397    8.5460
 3.395    8.4893
 3.393    8.4309
 3.391    8.3668
 3.388    8.2986
 3.386    8.2316
 3.384    8.1718
 3.382    8.1106
 3.380    8.0586
 3.377    8.0060
 3.375    7.9510
 3.373    7.9046
 3.371    7.8598
 3.369    7.8261
 3.366    7.7934
 3.364    7.7527
 3.362    7.7082
 3.360    7.6569
 3.358    7.6124
 3.355    7.5773
 3.353    7.5397
 3.351    7.5105
 3.349    7.4801
 3.347    7.4409
 3.345    7.4071
 3.342    7.3904
 3.340    7.3809
 3.338    7.3519
 3.336    7.3040
 3.334    7.2516
 3.332    7.2005
 3.330    7.1485
 3.327    7.1024
 3.325    7.0675
 3.323    7.0337
 3.321    6.9860
 3.319    6.9370
 3.317    6.8822
 3.315    6.8167
 3.313    6.7612
 3.310    6.7150
 3.308    6.6669
 3.306    6.6193
 3.304    6.5700
 3.302    6.5315
 3.300    6.4829
 3.298    6.4157
 3.296    6.3592
 3.294    6.3106
 3.292    6.2556
 3.289    6.2058
 3.287    6.1556
 3.285    6.1068
 3.283    6.0599
 3.281    6.0032
 3.279    5.9465
 3.277    5.9003
 3.275    5.8553
 3.273    5.8154
 3.271    5.7747
 3.269    5.7381
 3.267    5.7084
 3.265    5.6677
 3.263    5.6292
 3.261    5.5915
 3.258    5.5477
 3.256    5.5005
 3.254    5.4531
 3.252    5.4072
 3.250    5.3548
 3.248    5.3043
 3.246    5.2697
 3.244    5.2330
 3.242    5.2048
 3.240    5.1825
 3.238    5.1520
 3.236    5.1110
 3.234    5.0634
 3.232    5.0172
 3.230    4.9787
 3.228    4.9428
 3.226    4.9199
 3.224    4.8882
 3.222    4.8387
 3.220    4.7842
 3.218    4.7352
 3.216    4.6916
 3.214    4.6633
 3.212    4.6528
 3.210    4.6466
 3.208    4.6246
 3.206    4.5899
 3.204    4.5468
 3.202    4.5016
 3.200    4.4502
 3.198    4.4026
 3.196    4.3758
 3.194    4.3574
 3.192    4.3385
 3.190    4.3219
 3.188    4.3086
 3.186    4.2863
 3.184    4.2504
 3.182    4.2075
 3.180    4.1705
 3.179    4.1428
 3.177    4.1179
 3.175    4.0930
 3.173    4.0739
 3.171    4.0602
 3.169    4.0413
 3.167    4.0174
 3.165    3.9909
 3.163    3.9673
 3.161    3.9403
 3.159    3.9042
 3.157    3.8738
 3.155    3.8578
 3.153    3.8393
 3.152    3.8269
 3.150    3.8093
 3.148    3.7855
 3.146    3.7640
 3.144    3.7408
 3.142    3.7118
 3.140    3.6884
 3.138    3.6680
 3.136    3.6525
 3.134    3.6272
 3.132    3.5965
 3.131    3.5749
 3.129    3.5547
 3.127    3.5329
 3.125    3.5309
 3.123    3.5410
 3.121    3.5499
 3.119    3.5437
 3.117    3.5150
 3.115    3.4803
 3.114    3.4436
 3.112    3.4142
 3.110    3.4041
 3.108    3.4011
 3.106    3.3955
 3.104    3.3874
 3.102    3.3676
 3.101    3.3400
 3.099    3.3256
 3.097    3.3252
 3.095    3.3293
 3.093    3.3281
 3.091    3.3156
 3.090    3.3030
 3.088    3.2907
 3.086    3.2708
 3.084    3.2554
 3.082    3.2421
 3.080    3.2340
 3.079    3.2353
 3.077    3.2250
 3.075    3.2192
 3.073    3.2316
 3.071    3.2391
 3.069    3.2307
 3.067    3.2194
 3.066    3.2127
 3.064    3.1979
 3.062    3.1742
 3.060    3.1530
 3.059    3.1286
 3.057    3.1053
 3.055    3.0952
 3.053    3.1022
 3.051    3.1101
 3.050    3.1053
 3.048    3.1060
 3.046    3.1050
 3.044    3.0939
 3.042    3.0833
 3.041    3.0816
 3.039    3.0783
 3.037    3.0690
 3.035    3.0572
 3.033    3.0462
 3.032    3.0501
 3.030    3.0653
 3.028    3.0743
 3.026    3.0802
 3.025    3.0843
 3.023    3.0778
 3.021    3.0620
 3.019    3.0429
 3.018    3.0285
 3.016    3.0094
 3.014    2.9916
 3.012    2.9960
 3.011    3.0056
 3.009    3.0041
 3.007    3.0010
 3.005    3.0008
 3.004    2.9919
 3.002    2.9706
 3.000    2.9577
 2.998    2.9699
 2.997    2.9792
 2.995    2.9723
 2.993    2.9624
 2.991    2.9508
 2.990    2.9326
 2.988    2.9081
 2.986    2.8947
 2.985    2.9041
 2.983    2.9161
 2.981    2.9249
 2.979    2.9299
 2.978    2.9380
 2.976    2.9433
 2.974    2.9277
 2.973    2.9178
 2.971    2.9144
 2.969    2.8974
 2.967    2.8694
 2.966    2.8336
 2.964    2.8077
 2.962    2.7893
 2.961    2.7709
 2.959    2.7646
 2.957    2.7713
 2.956    2.7859
 2.954    2.8009
 2.952    2.8230
 2.951    2.8429
 2.949    2.8484
 2.947    2.8464
 2.946    2.8318
 2.944    2.8182
 2.942    2.8108
 2.941    2.8108
 2.939    2.8285
 2.937    2.8495
 2.936    2.8622
 2.934    2.8778
 2.932    2.8859
 2.931    2.8776
 2.929    2.8587
 2.927    2.8464
 2.926    2.8484
 2.924    2.8615
 2.922    2.8816
 2.921    2.9012
 2.919    2.9242
 2.917    2.9465
 2.916    2.9586
 2.914    2.9780
 2.912    2.9835
 2.911    2.9581
 2.909    2.9264
 2.908    2.9005
 2.906    2.8979
 2.904    2.9032
 2.903    2.9038
 2.901    2.9274
 2.899    2.9374
 2.898    2.9171
 2.896    2.9108
 2.895    2.9244
 2.893    2.9326
 2.891    2.9282
 2.890    2.9359
 2.888    2.9654
 2.886    2.9795
 2.885    2.9888
 2.883    3.0154
 2.882    3.0338
 2.880    3.0421
 2.878    3.0622
 2.877    3.0902
 2.875    3.1111
 2.874    3.1111
 2.872    3.1141
 2.870    3.1252
 2.869    3.1269
 2.867    3.1309
 2.866    3.1331
 2.864    3.1261
 2.863    3.1201
 2.861    3.1218
 2.859    3.1259
 2.858    3.1287
 2.856    3.1515
 2.855    3.1938
 2.853    3.2235
 2.852    3.2421
 2.850    3.2618
 2.848    3.2755
 2.847    3.2740
 2.845    3.2565
 2.844    3.2577
 2.842    3.2809
 2.841    3.2905
 2.839    3.2941
 2.837    3.2941
 2.836    3.2967
 2.834    3.3080
 2.833    3.3197
 2.831    3.3359
 2.830    3.3585
 2.828    3.3769
 2.827    3.3869
 2.825    3.3932
 2.824    3.4066
 2.822    3.4212
 2.821    3.4338
 2.819    3.4532
 2.817    3.4776
 2.816    3.5044
 2.814    3.5099
 2.813    3.4977
 2.811    3.4771
 2.810    3.4568
 2.808    3.4527
 2.807    3.4670
 2.805    3.4970
 2.804    3.5341
 2.802    3.5547
 2.801    3.5482
 2.799    3.5276
 2.798    3.5171
 2.796    3.5152
 2.795    3.5034
 2.793    3.4927
 2.792    3.4848
 2.790    3.4836
 2.789    3.4982
 2.787    3.5228
 2.786    3.5570
 2.784    3.5745
 2.783    3.5573
 2.781    3.5357
 2.780    3.5255
 2.778    3.5319
 2.777    3.5671
 2.775    3.6242
 2.774    3.6824
 2.772    3.7130
 2.771    3.7090
 2.769    3.6868
 2.768    3.6478
 2.766    3.5827
 2.765    3.5111
 2.763    3.4864
 2.762    3.5240
 2.761    3.6071
 2.759    3.7353
 2.757    3.9006
 2.756    4.0688
 2.755    4.2014
 2.753    4.3239
 2.752    4.4605
 2.750    4.5844
 2.749    4.6837
 2.747    4.7866
 2.746    4.8957
 2.744    4.9883
 2.743    5.0587
 2.741    5.1249
 2.740    5.1960
 2.739    5.2931
 2.737    5.4553
 2.736    5.6967
 2.734    5.9874
 2.733    6.3020
 2.731    6.6130
 2.730    6.8726
 2.728    7.0940
 2.727    7.3248
 2.726    7.6010
 2.724    7.9295
 2.723    8.3091
 2.721    8.7415
 2.720    9.1894
 2.719    9.6065
 2.717    9.9780
 2.716   10.3096
 2.714   10.6072
 2.713   10.8816
 2.711   11.1360
 2.710   11.3844
 2.708   11.6526
 2.707   11.9887
 2.706   12.4356
 2.704   13.0151
 2.703   13.7406
 2.701   14.5976
 2.700   15.5029
 2.699   16.3843
 2.697   17.2031
 2.696   17.9707
 2.695   18.7030
 2.693   19.4064
 2.692   20.1136
 2.690   20.8405
 2.689   21.5516
 2.688   22.2160
 2.686   22.8302
 2.685   23.4090
 2.683   23.9482
 2.682   24.4442
 2.680   24.9182
 2.679   25.3959
 2.678   25.8632
 2.676   26.3193
 2.675   26.7688
 2.674   27.1995
 2.672   27.6180
 2.671   28.0208
 2.670   28.4116
 2.668   28.8058
 2.667   29.1939
 2.665   29.5703
 2.664   29.9136
 2.663   30.2201
 2.661   30.5271
 2.660   30.8194
 2.659   31.0843
 2.657   31.3370
 2.656   31.5798
 2.655   31.7996
 2.653   31.9925
 2.652   32.1756
 2.650   32.3739
 2.649   32.5643
 2.648   32.7457
 2.646   32.9347
 2.645   33.1215
 2.644   33.2970
 2.642   33.4640
 2.641   33.6260
 2.640   33.7798
 2.638   33.9159
 2.637   34.0501
 2.636   34.1841
 2.634   34.3114
 2.633   34.4363
 2.632   34.5545
 2.630   34.6609
 2.629   34.7660
 2.627   34.8710
 2.626   34.9902
 2.625   35.1050
 2.624   35.2029
 2.622   35.2904
 2.621   35.3601
 2.620   35.4062
 2.618   35.4540
 2.617   35.5189
 2.616   35.6044
 2.614   35.6854
 2.613   35.7445
 2.612   35.8031
 2.610   35.8637
 2.609   35.8989
 2.608   35.9359
 2.606   35.9886
 2.605   36.0539
 2.604   36.1132
 2.603   36.1642
 2.601   36.2317
 2.600   36.2898
 2.599   36.2831
 2.597   36.2549
 2.596   36.2616
 2.595   36.3013
 2.593   36.3437
 2.592   36.3917
 2.591   36.4491
 2.590   36.5004
 2.588   36.5094
 2.587   36.5145
 2.586   36.5497
 2.584   36.5836
 2.583   36.5970
 2.582   36.5958
 2.580   36.5896
 2.579   36.5972
 2.578   36.6095
 2.577   36.6279
 2.575   36.6573
 2.574   36.6843
 2.573   36.7157
 2.571   36.7607
 2.570   36.8186
 2.569   36.8882
 2.568   36.9533
 2.566   36.9969
 2.565   37.0200
 2.564   37.0337
 2.563   37.0641
 2.561   37.1134
 2.560   37.1672
 2.559   37.2198
 2.558   37.2557
 2.556   37.2804
 2.555   37.2947
 2.554   37.3134
 2.553   37.3504
 2.551   37.3943
 2.550   37.4389
 2.549   37.4768
 2.547   37.4980
 2.546   37.5359
 2.545   37.5935
 2.544   37.6495
 2.543   37.7072
 2.541   37.7747
 2.540   37.8383
 2.539   37.8770
 2.538   37.9017
 2.536   37.9381
 2.535   37.9837
 2.534   38.0222
 2.533   38.0704
 2.531   38.1344
 2.530   38.1927
 2.529   38.2364
 2.528   38.2720
 2.526   38.3049
 2.525   38.3393
 2.524   38.3802
 2.523   38.4290
 2.522   38.4788
 2.520   38.5316
 2.519   38.5833
 2.518   38.6292
 2.517   38.6707
 2.515   38.7207
 2.514   38.7675
 2.513   38.7975
 2.512   38.8241
 2.511   38.8613
 2.509   38.9025
 2.508   38.9491
 2.507   38.9966
 2.506   39.0451
 2.504   39.1018
 2.503   39.1676
 2.502   39.2366
 2.501   39.2992
 2.500   39.3490
 2.498   39.4076
 2.497   39.4673
 2.496   39.5131
 2.495   39.5732
 2.494   39.6428
 2.492   39.7028
 2.491   39.7564
 2.490   39.8215
 2.489   39.9062
 2.488   39.9913
 2.486   40.0689
 2.485   40.1497
 2.484   40.2340
 2.483   40.3187
 2.482   40.4161
 2.481   40.5356
 2.479   40.6586
 2.478   40.7675
 2.477   40.8701
 2.476   40.9670
 2.474   41.0623
 2.473   41.1563
 2.472   41.2585
 2.471   41.3664
 2.470   41.4783
 2.469   41.5798
 2.467   41.6767
 2.466   41.7696
 2.465   41.8645
 2.464   41.9676
 2.463   42.0693
 2.462   42.1688
 2.460   42.2657
 2.459   42.3519
 2.458   42.4485
 2.457   42.5741
 2.456   42.7110
 2.455   42.8378
 2.454   42.9508
 2.452   43.0550
 2.451   43.1513
 2.450   43.2510
 2.449   43.3692
 2.448   43.4907
 2.446   43.6187
 2.445   43.7362
 2.444   43.8386
 2.443   43.9510
 2.442   44.0815
 2.441   44.2267
 2.440   44.3758
 2.438   44.5162
 2.437   44.6708
 2.436   44.8153
 2.435   44.9406
 2.434   45.0761
 2.433   45.2308
 2.432   45.3905
 2.430   45.5362
 2.429   45.6740
 2.428   45.8063
 2.427   45.9348
 2.426   46.0577
 2.425   46.1872
 2.424   46.3319
 2.422   46.4691
 2.421   46.5869
 2.420   46.6857
 2.419   46.7846
 2.418   46.8960
 2.417   47.0198
 2.416   47.1566
 2.415   47.2916
 2.414   47.4253
 2.412   47.5550
 2.411   47.6536
 2.410   47.7421
 2.409   47.8395
 2.408   47.9378
 2.407   48.0221
 2.406   48.0857
 2.405   48.1546
 2.403   48.2326
 2.402   48.3017
 2.401   48.3700
 2.400   48.4321
 2.399   48.4568
 2.398   48.4608
 2.397   48.4666
 2.396   48.4867
 2.394   48.5300
 2.393   48.5678
 2.392   48.5962
 2.391   48.6132
 2.390   48.6113
 2.389   48.6130
 2.388   48.6309
 2.387   48.6570
 2.386   48.6925
 2.385   48.7190
 2.384   48.7375
 2.382   48.7692
 2.381   48.8286
 2.380   48.9051
 2.379   48.9939
 2.378   49.0856
 2.377   49.1875
 2.376   49.2776
 2.375   49.3384
 2.374   49.3983
 2.373   49.4784
 2.372   49.5562
 2.370   49.6107
 2.369   49.6576
 2.368   49.7090
 2.367   49.7320
 2.366   49.7447
 2.365   49.7598
 2.364   49.7801
 2.363   49.7947
 2.362   49.7968
 2.361   49.8002
 2.360   49.7849
 2.359   49.7512
 2.357   49.7482
 2.356   49.7660
 2.355   49.7930
 2.354   49.8272
 2.353   49.8820
 2.352   49.9210
 2.351   49.9213
 2.350   49.9289
 2.349   49.9624
 2.348   50.0091
 2.347   50.0571
 2.346   50.1091
 2.345   50.1582
 2.344   50.1854
 2.343   50.2017
 2.341   50.2225
 2.341   50.2574
 2.339   50.2976
 2.338   50.3249
 2.337   50.3445
 2.336   50.3529
 2.335   50.3622
 2.334   50.3615
 2.333   50.3488
 2.332   50.3496
 2.331   50.3557
 2.330   50.3388
 2.329   50.3151
 2.328   50.3069
 2.327   50.3031
 2.326   50.2866
 2.325   50.2742
 2.324   50.2744
 2.323   50.2797
 2.322   50.2629
 2.321   50.2380
 2.320   50.2163
 2.318   50.2040
 2.317   50.1854
 2.316   50.1672
 2.315   50.1691
 2.314   50.1763
 2.313   50.1770
 2.312   50.1723
 2.311   50.1864
 2.310   50.2271
 2.309   50.2481
 2.308   50.2538
 2.307   50.2689
 2.306   50.2764
 2.305   50.2862
 2.304   50.2895
 2.303   50.2913
 2.302   50.2976
 2.301   50.2986
 2.300   50.3051
 2.299   50.3053
 2.298   50.2870
 2.297   50.2892
 2.296   50.2910
 2.295   50.2593
 2.294   50.2263
 2.293   50.2225
 2.292   50.2309
 2.291   50.2392
 2.290   50.2279
 2.289   50.2282
 2.288   50.2495
 2.287   50.2483
 2.286   50.2271
 2.285   50.2129
 2.284   50.2029
 2.283   50.2067
 2.282   50.1992
 2.281   50.1680
 2.280   50.1394
 2.279   50.1107
 2.278   50.0830
 2.277   50.0737
 2.276   50.0858
 2.275   50.0973
 2.274   50.0763
 2.273   50.0219
 2.272   49.9620
 2.271   49.9313
 2.270   49.9366
 2.269   49.9598
 2.268   49.9693
 2.267   49.9585
 2.266   49.9286
 2.265   49.9203
 2.264   49.9165
 2.263   49.9132
 2.262   49.9100
 2.261   49.8892
 2.260   49.8511
 2.259   49.8244
 2.258   49.8091
 2.257   49.8026
 2.256   49.7975
 2.255   49.8081
 2.254   49.8136
 2.253   49.8005
 2.252   49.7849
 2.251   49.7763
 2.250   49.7937
 2.249   49.8136
 2.248   49.8260
 2.247   49.8478
 2.246   49.8604
 2.245   49.8498
 2.244   49.8373
 2.243   49.8308
 2.242   49.8387
 2.241   49.8438
 2.240   49.8428
 2.239   49.8399
 2.238   49.8399
 2.237   49.8593
 2.236   49.9004
 2.236   49.9237
 2.235   49.9222
 2.234   49.9193
 2.233   49.9339
 2.232   49.9318
 2.231   49.9265
 2.230   49.9313
 2.229   49.9225
 2.228   49.8664
 2.227   49.7945
 2.226   49.7427
 2.225   49.7019
 2.224   49.6662
 2.223   49.6574
 2.222   49.6433
 2.221   49.6100
 2.220   49.5258
 2.219   49.4219
 2.218   49.3140
 2.217   49.1774
 2.216   49.0092
 2.216   48.8159
 2.215   48.5652
 2.214   48.2161
 2.213   47.7326
 2.212   47.2258
 2.211   46.7934
 2.210   46.5087
 2.209   46.4405
 2.208   46.6063
 2.207   46.9413
 2.206   47.3459
 2.205   47.7328
 2.204   48.0775
 2.203   48.3798
 2.202   48.6396
 2.201   48.8554
 2.200   49.0295
 2.200   49.1568
 2.199   49.2561
 2.198   49.3432
 2.197   49.3958
 2.196   49.4574
 2.195   49.5425
 2.194   49.6253
 2.193   49.7289
 2.192   49.8566
 2.191   50.0136
 2.190   50.2007
 2.189   50.3864
 2.188   50.5808
 2.187   50.7989
 2.187   51.0235
 2.186   51.2465
 2.185   51.4659
 2.184   51.6640
 2.183   51.8437
 2.182   52.0055
 2.181   52.1748
 2.180   52.3612
 2.179   52.5486
 2.178   52.7304
 2.177   52.8839
 2.176   52.9969
 2.176   53.0972
 2.175   53.1862
 2.174   53.2836
 2.173   53.3728
 2.172   53.4637
 2.171   53.5726
 2.170   53.6833
 2.169   53.7886
 2.168   53.8848
 2.167   53.9573
 2.166   54.0100
 2.166   54.0503
 2.165   54.1001
 2.164   54.1547
 2.163   54.2018
 2.162   54.2631
 2.161   54.3516
 2.160   54.4610
 2.159   54.5841
 2.158   54.7071
 2.157   54.8237
 2.156   54.9327
 2.156   55.0242
 2.155   55.1342
 2.154   55.2600
 2.153   55.3814
 2.152   55.5065
 2.151   55.6211
 2.150   55.7668
 2.149   55.9685
 2.148   56.1898
 2.148   56.4142
 2.147   56.6291
 2.146   56.8145
 2.145   56.9593
 2.144   57.0650
 2.143   57.1495
 2.142   57.2207
 2.141   57.3002
 2.140   57.3817
 2.140   57.4612
 2.139   57.5289
 2.138   57.5882
 2.137   57.6559
 2.136   57.7406
 2.135   57.8239
 2.134   57.8885
 2.133   57.9172
 2.132   57.9390
 2.132   57.9625
 2.131   57.9962
 2.130   58.0505
 2.129   58.1074
 2.128   58.1214
 2.127   58.0988
 2.126   58.0490
 2.126   57.9940
 2.125   57.9847
 2.124   58.0182
 2.123   58.0625
 2.122   58.0885
 2.121   58.1170
 2.120   58.1553
 2.119   58.1725
 2.119   58.1936
 2.118   58.2567
 2.117   58.3252
 2.116   58.3433
 2.115   58.2993
 2.114   58.2484
 2.113   58.2199
 2.112   58.2168
 2.112   58.2434
 2.111   58.3027
 2.110   58.3873
 2.109   58.4366
 2.108   58.4391
 2.107   58.4527
 2.107   58.4764
 2.106   58.4812
 2.105   58.4718
 2.104   58.4802
 2.103   58.5159
 2.102   58.5333
 2.101   58.5287
 2.100   58.5187
 2.100   58.4987
 2.099   58.4912
 2.098   58.4934
 2.097   58.4869
 2.096   58.4838
 2.095   58.5046
 2.095   58.5304
 2.094   58.5410
 2.093   58.5438
 2.092   58.5582
 2.091   58.5867
 2.090   58.5764
 2.090   58.5141
 2.089   58.4850
 2.088   58.4984
 2.087   58.4932
 2.086   58.4874
 2.085   58.5085
 2.084   58.5292
 2.084   58.4960
 2.083   58.4474
 2.082   58.3644
 2.081   58.3955
 2.080   58.5707
 2.079   58.5637
 2.076   58.5333
 2.072   58.2996
 2.068   58.2441
 2.064   58.3207
 2.060   58.3851
 2.056   58.1324
 2.052   58.0866
 2.048   57.7762
 2.044   57.5480
 2.040   57.7120
 2.036   57.8458
 2.032   58.0300
 2.028   57.8482
 2.024   57.3247
 2.020   56.9793
 2.016   56.7882
 2.012   56.4723
 2.008   56.1263
 2.004   55.8422
 2.000   55.4017
 1.996   54.9396
 1.992   54.5457
 1.988   54.1253
 1.984   53.7916
 1.980   53.4273
 1.976   52.9816
 1.972   52.6311
 1.968   52.1570
 1.964   51.6402
 1.960   51.4236
 1.956   50.9034
 1.952   50.5385
 1.948   50.0106
 1.944   49.6936
 1.940   49.3333
 1.936   48.9714
 1.932   48.6687
 1.928   48.2362
 1.924   48.0795
 1.920   47.7862
 1.916   47.7660
 1.912   47.7299
 1.908   47.8166
 1.904   48.3653
 1.900   49.3537
 1.896   50.3555
 1.892   51.9127
 1.888   53.4905
 1.884   55.2786
 1.880   56.7615
 1.876   58.0399
 1.872   59.4912
 1.868   60.5977
 1.864   61.7317
 1.860   62.5544
 1.856   63.0364
 1.852   63.2318
 1.848   63.5847
 1.844   63.6726
 1.840   63.7908
 1.836   63.9294
 1.832   64.0340
 1.828   63.9186
 1.824   63.7871
 1.820   63.8186
 1.816   63.8526
 1.812   63.8123
 1.808   63.8601
 1.804   63.8027
 1.800   63.9579
 1.796   64.1663
 1.792   64.3069
 1.788   64.1085
 1.784   63.7877
 1.780   63.7877
 1.776   63.6894
 1.772   63.6838
 1.768   63.7990
 1.764   63.7908
 1.760   63.9053
 1.756   63.8412
 1.752   63.7392
 1.748   63.5473
 1.744   63.6687
 1.740   63.6977
 1.736   63.9387
 1.732   64.1232
 1.728   64.2896
 1.724   64.1870
 1.720   64.2665
 1.716   64.0554
 1.712   63.9601
 1.708   63.7888
 1.704   64.1696
 1.700   64.3505
 1.696   64.0741
 1.692   63.7378
 1.688   64.0370
 1.684   64.0981
 1.680   63.9015
 1.676   64.0583
 1.672   64.3882
 1.668   64.1601
 1.664   64.1818
 1.660   64.1792
 1.656   64.0533
 1.652   63.9194
 1.648   64.2222
 1.644   64.1017
 1.640   63.9783
 1.636   63.7830
 1.632   63.6541
 1.628   63.4313
 1.624   63.4840
 1.620   63.5807
 1.616   63.5426
 1.612   63.6545
 1.608   63.6221
 1.604   63.6574
 1.600   63.6954
 1.596   63.6752
 1.592   63.7346
 1.588   63.3925
 1.584   63.3540
 1.580   63.5903
 1.576   63.4307
 1.572   63.0857
 1.568   62.7482
 1.564   62.6544
 1.560   62.6416
 1.556   62.6564
 1.552   62.6831
 1.548   62.6539
 1.544   62.6931
 1.540   62.5043
 1.536   62.4693
 1.532   62.1332
 1.528   61.7523
 1.524   61.8242
 1.520   61.2712
 1.516   61.1218
 1.512   60.9492
 1.508   60.7089
 1.504   60.6856
 1.500   60.4309
 1.496   59.8357
 1.492   59.8432
 1.488   59.8759
 1.484   59.7453
 1.480   59.6050
 1.476   59.4268
 1.472   59.2959
 1.468   59.0617
 1.464   58.8652
 1.460   58.7003
 1.456   58.7708
 1.452   58.5824
 1.448   58.3376
 1.444   58.2812
 1.440   58.1383
 1.436   58.0612
 1.432   57.8475
 1.428   57.5957
 1.424   57.2815
 1.420   56.9921
 1.416   56.6200
 1.412   55.9716
 1.408   55.4680
 1.404   55.7644
 1.400   55.9046
 1.396   56.3156
 1.392   56.8807
 1.388   57.6054
 1.384   58.3480
 1.380   59.0080
 1.376   59.6257
 1.372   60.1457
 1.368   60.5191
 1.364   60.6291
 1.360   60.9579
 1.356   60.7156
 1.352   61.0112
 1.348   61.0669
 1.344   61.1576
 1.340   61.3942
 1.336   61.3081
 1.332   60.9515
 1.328   60.9144
 1.324   60.8970
 1.320   61.0069
 1.316   61.0556
 1.312   60.9523
 1.308   60.6926
 1.304   60.5980
 1.300   60.3502
 1.296   60.3691
 1.292   60.3501
 1.288   60.1600
 1.284   60.1259
 1.280   60.2728
 1.276   60.1624
 1.272   59.7364
 1.268   59.6744
 1.264   59.7312
 1.260   59.6590
 1.256   59.4410
 1.252   59.4180
 1.248   59.5649
 1.244   59.3967
 1.240   59.3240
 1.236   59.3523
 1.232   59.0930
 1.228   59.0763
 1.224   59.1338
 1.220   59.1283
 1.216   59.0271
 1.212   58.8640
 1.208   58.8303
 1.204   58.7852
 1.200   58.6840
 1.196   58.6000
 1.192   58.5441
 1.188   58.3529
 1.184   58.1630
 1.180   57.9728
 1.176   57.9789
 1.172   57.8570
 1.168   57.7899
 1.164   57.5971
 1.160   57.4709
 1.156   57.3872
 1.152   57.2276
 1.148   57.0664
 1.144   56.7050
 1.140   56.5333
 1.136   56.3574
 1.132   56.3084
 1.128   56.0219
 1.124   56.1027
 1.120   56.0686
 1.116   55.8981
 1.112   55.5867
 1.108   55.4389
 1.104   55.0379
 1.100   54.7760
 1.096   55.0020
 1.092   54.9971
 1.088   55.0578
 1.084   54.9022
 1.080   54.7597
 1.076   54.2678
 1.072   53.7703
 1.068   53.7026
 1.064   53.7630
 1.060   53.6432
 1.056   53.5833
 1.052   53.6150
 1.048   53.4436
 1.044   53.3267
 1.040   53.0607
 1.036   52.9556
 1.032   52.7348
 1.028   52.6112
 1.024   52.5949
 1.020   52.4482
 1.016   52.5059
 1.012   52.4655
 1.008   52.4886
 1.004   52.3887
 1.000   51.9068
 0.996   51.7896
 0.992   51.3338
 0.988   52.0357
 0.984   51.8308
 0.980   51.6941
 0.976   51.3259
 0.972   51.1814
 0.968   51.2813
 0.964   51.0565
 0.960   50.5689
 0.956   51.2324
 0.952   50.8462
 0.948   50.7963
 0.944   50.6604
 0.940   50.7021
 0.936   50.6273
 0.932   50.7122
 0.928   50.4784
 0.924   50.3141
 0.920   50.4376
 0.916   50.2134
 0.912   50.1435
 0.908   49.9583
 0.904   50.1267
 0.900   49.8290
 0.896   49.6468
 0.892   49.6977
 0.888   49.6800
 0.884   49.5641
 0.880   49.4404
 0.876   49.4601
 0.872   49.3928
 0.868   49.2192
 0.864   49.1159
 0.860   49.1568
 0.856   49.0198
 0.852   48.9645
 0.848   48.7300
 0.844   48.5868
 0.840   48.8860
 0.836   48.7155
 0.832   48.5319
 0.828   48.5942
 0.824   48.7039
 0.820   48.4418
 0.816   48.6056
 0.812   48.3736
 0.808   48.1101
 0.804   48.1653
 0.800   48.2628
 0.799   48.9108
 0.798   48.9138
 0.797   49.1275
 0.796   48.8241
 0.795   48.5035
 0.794   48.6071
 0.793   48.6193
 0.792   48.6553
 0.791   48.4276
 0.790   48.4176
 0.789   48.4000
 0.788   48.2923
 0.787   48.0715
 0.786   48.1560
 0.785   48.3716
 0.784   48.3441
 0.783   48.3298
 0.782   48.3859
 0.781   48.2262
 0.780   48.1745
 0.779   48.1331
 0.778   47.9847
 0.777   47.9850
 0.776   47.8150
 0.775   47.8820
 0.774   47.7076
 0.773   47.4542
 0.772   47.6160
 0.771   47.6566
 0.770   47.8101
 0.769   47.8051
 0.768   47.9757
 0.767   47.8937
 0.766   47.4457
 0.765   47.4291
 0.764   47.3825
 0.763   47.5803
 0.762   47.5186
 0.761   47.2469
 0.760   47.0842
 0.759   47.0779
 0.758   47.1371
 0.757   47.3733
 0.756   47.3267
 0.755   47.2093
 0.754   47.2049
 0.753   47.1434
 0.752   46.9888
 0.751   46.9721
 0.750   46.8593
 0.749   46.8593
 0.748   46.6361
 0.747   46.9657
 0.746   46.5710
 0.745   46.7115
 0.744   46.5021
 0.743   46.6771
 0.742   46.6626
 0.741   46.5921
 0.740   46.4409
 0.739   46.6447
 0.738   46.6268
 0.737   46.4566
 0.736   46.1576
 0.735   46.0103
 0.734   46.1111
 0.733   45.8676
 0.732   45.9172
 0.731   45.8452
 0.730   46.0946
 0.729   45.9360
 0.728   46.0695
 0.727   45.9135
 0.726   45.7529
 0.725   45.6291
 0.724   45.2646
 0.723   45.2661
 0.722   45.6260
 0.721   45.3304
 0.720   45.3931
 0.719   45.4730
 0.718   45.4233
 0.717   45.2981
 0.716   45.0797
 0.715   45.2581
 0.714   45.2959
 0.713   45.3720
 0.712   45.3605
 0.711   45.2546
 0.710   45.2895
 0.709   44.9850
 0.708   44.7550
 0.707   44.8771
 0.706   44.9840
 0.705   44.9762
 0.704   44.8033
 0.703   44.6690
 0.702   44.1042
 0.701   44.2817
 0.700   44.4642
 0.699   44.4890
 0.698   44.8403
 0.697   44.6339
 0.696   44.4696
 0.695   44.2576
 0.694   44.2824
 0.693   44.0078
 0.692   43.8840
 0.691   43.6247
 0.690   43.4171
 0.689   43.6581
 0.688   43.9820
 0.687   43.9093
 0.686   43.6727
 0.685   43.8459
 0.684   43.8693
 0.683   43.8558
 0.682   43.4937
 0.681   43.6326
 0.680   43.5664
 0.679   43.6574
 0.678   43.6565
 0.677   43.4329
 0.676   43.4200
 0.675   43.5445
 0.674   43.2159
 0.673   43.0291
 0.672   42.8772
 0.671   42.7802
 0.670   42.8044
 0.669   42.8529
 0.668   42.9050
 0.667   42.9406
 0.666   42.8917
 0.665   42.7788
 0.664   42.8009
 0.663   42.6040
 0.662   42.5637
 0.661   42.7254
 0.660   42.4777
 0.659   42.2612
 0.658   42.2895
 0.657   42.2415
 0.656   41.9815
 0.655   42.1968
 0.654   42.3031
 0.653   42.1287
 0.652   42.0499
 0.651   42.1081
 0.650   42.1425
 0.649   42.0806
 0.648   41.9194
 0.647   41.9295
 0.646   41.8917
 0.645   41.6496
 0.644   41.6357
 0.643   41.7823
 0.642   41.7585
 0.641   41.7823
 0.640   41.6636
 0.639   41.5552
 0.638   41.5042
 0.637   41.3108
 0.636   41.1703
 0.635   41.1135
 0.634   41.2967
 0.633   41.0811
 0.632   41.2825
 0.631   41.2072
 0.630   41.2307
 0.629   41.1033
 0.628   41.1737
 0.627   41.2022
 0.626   41.3789
 0.625   41.0695
 0.624   41.1165
 0.623   40.8336
 0.622   40.5983
 0.621   40.5983
 0.620   40.4535
 0.619   40.6387
 0.618   40.5948
 0.617   40.6328
 0.616   40.6839
 0.615   40.7308
 0.614   40.3424
 0.613   40.3526
 0.612   40.5971
 0.611   40.3674
 0.610   40.2224
 0.609   40.1621
 0.608   40.2602
 0.607   40.1845
 0.606   40.1088
 0.605   40.2239
 0.604   40.1941
 0.603   40.0882
 0.602   40.1124
 0.601   39.9757
 0.600   40.0229
 0.599   39.9236
 0.598   39.8930
 0.597   39.6310
 0.596   39.8391
 0.595   39.6079
 0.594   39.8521
 0.593   40.0465
 0.592   39.6848
 0.591   39.5612
 0.590   39.5843
 0.589   39.4995
 0.588   39.5919
 0.587   39.8014
 0.586   39.6692
 0.585   39.3754
 0.584   39.1891
 0.583   39.1662
 0.582   39.3671
 0.581   39.2049
 0.580   38.8931
 0.579   38.8999
 0.578   38.8523
 0.577   38.6850
 0.576   38.6530
 0.575   38.5696
 0.574   38.4738
 0.573   38.6367
 0.572   38.2958
 0.571   38.2343
 0.570   38.1867
 0.569   37.9769
 0.568   37.8585
 0.567   37.8049
 0.566   37.8105
 0.565   37.5675
 0.564   37.4327
 0.563   37.2815
 0.562   37.2321
 0.561   36.9716
 0.560   36.8924
 0.559   36.8295
 0.558   36.0737
 0.557   35.9731
 0.556   35.8710
 0.555   35.7406
 0.554   35.6529
 0.553   35.5648
 0.552   35.4421
 0.551   35.5372
 0.550   35.2343
 0.549   35.1755
 0.548   35.0110
 0.547   34.9054
 0.546   34.8177
 0.545   34.7256
 0.544   34.5001
 0.543   34.3170
 0.542   34.1136
 0.541   34.1565
 0.540   34.0232
 0.539   33.7858
 0.538   33.4857
 0.537   33.6207
 0.536   33.4506
 0.535   33.3329
 0.534   32.9359
 0.533   32.6413
 0.532   32.5670
 0.531   32.4726
 0.530   32.4283
 0.529   32.2572
 0.528   32.0872
 0.527   32.1023
 0.526   31.9686
 0.525   31.9464
 0.524   31.4345
 0.523   31.1088
 0.522   30.9967
 0.521   30.9768
 0.520   30.8397
 0.519   30.7316
 0.518   30.6277
 0.517   30.3226
 0.516   30.3866
 0.515   29.9802
 0.514   29.8123
 0.513   29.8977
 0.512   29.6578
 0.511   29.3324
 0.510   29.0890
 0.509   28.7900
 0.508   28.6234
 0.507   28.5430
 0.506   28.4787
 0.505   28.5762
 0.504   28.5390
 0.503   28.1771
 0.502   28.2627
 0.501   27.9879
 0.500   28.0353
 0.499   27.8179
 0.498   27.6372
 0.497   27.4045
 0.496   27.3688
 0.495   27.2978
 0.494   27.2687
 0.493   27.0794
 0.492   26.9199
 0.491   26.9136
 0.490   26.8610
 0.489   26.6769
 0.488   26.5407
 0.487   26.4787
 0.486   26.4927
 0.485   26.2834
 0.484   26.1466
 0.483   26.1002
 0.482   26.1026
 0.481   25.9207
 0.480   25.9970
 0.479   25.8210
 0.478   25.8705
 0.477   25.7648
 0.476   25.9146
 0.475   25.6045
 0.474   25.7066
 0.473   25.3758
 0.472   25.4995
 0.471   25.4709
 0.470   25.1258
 0.469   25.4390
 0.468   25.2302
 0.467   25.2726
 0.466   25.2294
 0.465   25.0890
 0.464   24.9016
 0.463   24.7473
 0.462   24.8183
 0.461   24.9605
 0.460   24.5972
 0.459   24.0949
 0.458   24.0601
 0.457   24.1253
 0.456   24.0368
 0.455   24.0379
 0.454   24.0889
 0.453   24.0259
 0.452   24.1436
 0.451   23.9769
 0.450   23.8213
 0.449   23.7324
 0.448   23.7455
 0.447   23.6049
 0.446   23.4310
 0.445   23.2846
 0.444   23.1819
 0.443   23.0595
 0.442   22.7962
 0.441   22.8184
 0.440   22.7941
 0.439   22.6016
 0.438   22.4535
 0.437   22.0949
 0.436   21.9764
 0.435   21.8186
 0.434   21.7801
 0.433   21.6713
 0.432   21.5601
 0.431   21.4658
 0.430   21.2833
 0.429   20.7980
 0.428   20.7631
 0.427   20.7631
 0.426   20.5142
 0.425   20.2865
 0.424   20.2478
 0.423   20.0672
 0.422   19.9715
 0.421   19.8358
 0.420   19.8167
 0.419   19.5618
 0.418   19.5035
 0.417   19.1365
 0.416   19.1939
 0.415   19.2327
 0.414   19.0309
 0.413   18.8216
 0.412   18.5454
 0.411   18.6225
 0.410   18.5157
 0.409   18.4686
 0.408   18.3351
 0.407   18.2963
 0.406   18.2275
 0.405   18.0065
 0.404   17.8655
 0.403   17.9652
 0.402   17.8343
 0.401   17.5288
 0.400   17.4673
