Name: Antigorite (Mg, Fe+2)3 Si2O5(OH)4 
Type:  Mineral  
Class:  Silicates
Subclass:  Phyllosilicates  (Sheet silicates)  (Serpentine/Kaolin Group) 
Particle Size:  Coarse (74-250 Micrometers)
Sample No.:  antigorite.1
Owner:  JHU.
Wavelength Range:  IR
Origin:  Sample from Kalsertal, Tyrol, Austria, via the Smithsonian 
(sample no. NMNH B17958, borrowed from Jim Crowley, USGS).  
Description: The sample was a large green single crystal.  It appeared 
to be mostly pure antigorite under the microscope, but some (<3%) 
alteration or impurity was present, possibly chrysotile.



Measurement:  Bidirectional reflectance
First Column:  X
Second Column:  Y  
X Units:  Wavelength (micrometers)
Y Units:  Reflectance (percent)
First X Value:  25.0442
Last X Value:  4.4055
Number of X Values:  2287
Additional Information: antigo1a.txt
25.044    7.3603
24.924    7.2324
24.805    6.9504
24.686    7.0224
24.569    7.1479
24.454    7.1545
24.339    6.9775
24.225    6.9238
24.112    7.0639
24.001    7.0498
23.890    7.0884
23.781    7.2305
23.672    7.2392
23.564    7.3899
23.458    7.6968
23.352    7.8974
23.247    8.1103
23.144    8.4663
23.041    8.7529
22.939    9.0864
22.838    9.2866
22.738    9.4150
22.638    9.4455
22.540    9.4848
22.442    9.7339
22.345    9.8720
22.250    9.9758
22.154   10.2177
22.060   10.3432
21.967   10.4182
21.874   10.5918
21.782   10.6562
21.691   10.7490
21.601   10.8904
21.511   11.0498
21.422   11.1850
21.334   11.2426
21.247   11.3073
21.160   11.3271
21.074   11.3388
20.988   11.5027
20.904   11.5876
20.820   11.4719
20.737   11.4421
20.654   11.5412
20.572   11.4734
20.491   11.3095
20.410   11.2260
20.330   11.1103
20.251   10.8623
20.172   10.5100
20.094   10.2507
20.016   10.1037
19.939    9.9353
19.863    9.7915
19.787    9.6291
19.712    9.4936
19.637    9.4109
19.563    9.2983
19.489    9.0659
19.416    8.7510
19.344    8.4377
19.272    8.0244
19.201    7.5320
19.130    6.9414
19.059    6.3179
18.990    5.7397
18.920    5.2134
18.851    4.7410
18.783    4.3303
18.715    3.9912
18.648    3.7371
18.581    3.5830
18.515    3.4665
18.449    3.4001
18.384    3.3623
18.319    3.3728
18.254    3.3784
18.190    3.3965
18.126    3.4736
18.063    3.5073
18.001    3.5061
17.938    3.5625
17.876    3.6094
17.815    3.6223
17.754    3.6475
17.693    3.6496
17.633    3.6409
17.573    3.6330
17.514    3.6316
17.455    3.5972
17.396    3.5586
17.338    3.5361
17.280    3.5093
17.223    3.4600
17.166    3.3987
17.109    3.3811
17.053    3.4128
16.997    3.4358
16.942    3.4646
16.886    3.5059
16.832    3.5723
16.777    3.6726
16.723    3.7615
16.669    3.8144
16.616    3.8757
16.563    4.0085
16.510    4.1518
16.458    4.2839
16.406    4.3940
16.354    4.5058
16.302    4.6511
16.251    4.8140
16.200    4.9211
16.150    5.0251
16.100    5.1587
16.050    5.2724
16.000    5.3489
15.951    5.4590
15.902    5.5500
15.854    5.5959
15.805    5.6599
15.757    5.7424
15.710    5.8569
15.662    5.9126
15.615    5.9907
15.568    6.1052
15.521    6.1597
15.475    6.2182
15.429    6.3130
15.383    6.3791
15.338    6.4001
15.292    6.4509
15.248    6.5078
15.203    6.5222
15.158    6.5371
15.114    6.5740
15.070    6.5808
15.027    6.5542
14.983    6.5608
14.940    6.5405
14.897    6.4577
14.854    6.3628
14.812    6.2795
14.770    6.1709
14.728    5.9980
14.686    5.8147
14.645    5.6125
14.603    5.4048
14.562    5.1785
14.521    4.8911
14.481    4.6221
14.441    4.3469
14.400    4.0310
14.361    3.7507
14.321    3.4949
14.281    3.2612
14.242    3.0632
14.203    2.8877
14.164    2.7534
14.126    2.6406
14.087    2.5320
14.049    2.4067
14.011    2.2414
13.973    2.1243
13.936    2.0483
13.899    1.9517
13.861    1.8677
13.824    1.7930
13.788    1.7317
13.751    1.6645
13.715    1.6101
13.679    1.5679
13.643    1.5227
13.607    1.4817
13.571    1.4636
13.536    1.4758
13.500    1.4780
13.465    1.4534
13.430    1.4348
13.396    1.4094
13.361    1.4238
13.327    1.4360
13.293    1.4575
13.259    1.4919
13.225    1.4968
13.191    1.5056
13.158    1.5425
13.124    1.5369
13.091    1.5320
13.058    1.5710
13.026    1.6030
12.993    1.6143
12.960    1.6182
12.928    1.6504
12.896    1.6645
12.864    1.6570
12.832    1.6614
12.800    1.6785
12.769    1.7058
12.737    1.7146
12.706    1.7246
12.675    1.7534
12.644    1.7690
12.614    1.7673
12.583    1.7876
12.552    1.8054
12.522    1.8232
12.492    1.8442
12.462    1.8564
12.432    1.8647
12.402    1.8762
12.373    1.8884
12.343    1.8916
12.314    1.8989
12.285    1.9241
12.256    1.9519
12.227    1.9636
12.198    1.9692
12.169    1.9958
12.141    2.0095
12.113    2.0100
12.084    2.0288
12.056    2.0581
12.028    2.0769
12.000    2.0955
11.973    2.1182
11.945    2.1262
11.918    2.1489
11.890    2.1706
11.863    2.1980
11.836    2.2288
11.809    2.2439
11.782    2.2546
11.755    2.2808
11.729    2.2930
11.702    2.3059
11.676    2.3201
11.650    2.3486
11.624    2.3777
11.598    2.3997
11.572    2.4326
11.546    2.4436
11.520    2.4726
11.495    2.5015
11.469    2.5181
11.444    2.5276
11.419    2.5452
11.394    2.5832
11.369    2.6096
11.344    2.6343
11.319    2.6833
11.294    2.7143
11.270    2.7239
11.245    2.7436
11.221    2.7790
11.197    2.8013
11.173    2.8262
11.149    2.8647
11.125    2.9036
11.101    2.9243
11.077    2.9692
11.054    3.0215
11.030    3.0539
11.007    3.0872
10.983    3.1221
10.960    3.1501
10.937    3.1946
10.914    3.2510
10.891    3.3120
10.868    3.3679
10.846    3.4282
10.823    3.4895
10.800    3.5476
10.778    3.6106
10.755    3.6841
10.733    3.7707
10.711    3.8508
10.689    3.9414
10.667    4.0403
10.645    4.1382
10.623    4.2524
10.602    4.3721
10.580    4.4949
10.558    4.6123
10.537    4.7239
10.516    4.8359
10.494    4.9563
10.473    5.0818
10.452    5.1948
10.431    5.3017
10.410    5.4150
10.389    5.5254
10.368    5.6211
10.348    5.7180
10.327    5.8122
10.306    5.8943
10.286    5.9734
10.266    6.0559
10.245    6.1355
10.225    6.2251
10.205    6.3523
10.185    6.4917
10.165    6.6382
10.145    6.7810
10.125    6.9065
10.106    7.0112
10.086    7.1101
10.066    7.2104
10.047    7.3088
10.027    7.4155
10.008    7.5383
 9.989    7.6689
 9.970    7.8059
 9.950    7.9470
 9.931    8.0740
 9.912    8.1916
 9.893    8.3213
 9.875    8.4607
 9.856    8.5764
 9.837    8.7016
 9.818    8.8486
 9.800    8.9907
 9.781    9.1157
 9.763    9.2512
 9.745    9.3989
 9.726    9.5583
 9.708    9.7546
 9.690    9.9912
 9.672   10.2368
 9.654   10.5041
 9.636   10.7553
 9.618   10.9524
 9.600   11.1071
 9.583   11.2409
 9.565   11.2983
 9.547   11.2802
 9.530   11.2094
 9.512   11.0859
 9.495   10.8921
 9.477   10.6230
 9.460   10.3037
 9.443    9.9311
 9.426    9.5327
 9.409    9.1679
 9.392    8.8181
 9.375    8.4829
 9.358    8.2138
 9.341    8.0046
 9.324    7.8249
 9.307    7.6799
 9.291    7.5569
 9.274    7.4187
 9.257    7.2871
 9.241    7.1926
 9.224    7.1318
 9.208    7.1033
 9.192    7.1208
 9.175    7.1616
 9.159    7.1865
 9.143    7.2070
 9.127    7.2468
 9.111    7.2710
 9.095    7.2610
 9.079    7.2114
 9.063    7.1020
 9.047    6.9267
 9.032    6.7021
 9.016    6.4316
 9.000    6.1186
 8.985    5.8059
 8.969    5.5176
 8.954    5.2434
 8.938    4.9795
 8.923    4.7285
 8.907    4.4839
 8.892    4.2373
 8.877    3.9883
 8.862    3.7373
 8.847    3.4883
 8.832    3.2424
 8.817    2.9905
 8.802    2.7014
 8.787    2.4011
 8.772    2.1186
 8.757    1.8423
 8.742    1.5666
 8.728    1.2993
 8.713    1.0666
 8.698    0.8809
 8.684    0.7173
 8.669    0.6018
 8.655    0.5200
 8.640    0.4590
 8.626    0.4280
 8.612    0.4263
 8.597    0.4231
 8.583    0.4255
 8.569    0.4370
 8.555    0.4590
 8.541    0.4846
 8.527    0.5049
 8.513    0.5168
 8.499    0.5374
 8.485    0.5544
 8.471    0.5647
 8.457    0.5681
 8.443    0.5676
 8.430    0.5764
 8.416    0.5947
 8.402    0.6040
 8.389    0.6104
 8.375    0.6282
 8.362    0.6416
 8.348    0.6484
 8.335    0.6602
 8.321    0.6597
 8.308    0.6526
 8.295    0.6465
 8.281    0.6497
 8.268    0.6592
 8.255    0.6692
 8.242    0.6768
 8.229    0.6873
 8.216    0.7041
 8.203    0.7202
 8.190    0.7261
 8.177    0.7412
 8.164    0.7644
 8.151    0.7783
 8.138    0.7913
 8.126    0.8086
 8.113    0.8262
 8.100    0.8359
 8.088    0.8450
 8.075    0.8630
 8.062    0.8796
 8.050    0.8857
 8.037    0.8923
 8.025    0.9038
 8.013    0.9192
 8.000    0.9319
 7.988    0.9419
 7.976    0.9553
 7.963    0.9678
 7.951    0.9739
 7.939    0.9778
 7.927    0.9849
 7.915    0.9924
 7.903    1.0061
 7.891    1.0225
 7.879    1.0298
 7.867    1.0388
 7.855    1.0559
 7.843    1.0613
 7.831    1.0627
 7.819    1.0725
 7.807    1.0815
 7.796    1.0933
 7.784    1.1108
 7.772    1.1169
 7.761    1.1265
 7.749    1.1326
 7.738    1.1450
 7.726    1.1570
 7.715    1.1624
 7.703    1.1680
 7.692    1.1777
 7.680    1.1885
 7.669    1.1934
 7.658    1.1968
 7.646    1.2034
 7.635    1.2109
 7.624    1.2224
 7.613    1.2227
 7.601    1.2202
 7.590    1.2302
 7.579    1.2402
 7.568    1.2441
 7.557    1.2466
 7.546    1.2524
 7.535    1.2654
 7.524    1.2712
 7.513    1.2661
 7.502    1.2646
 7.492    1.2727
 7.481    1.2817
 7.470    1.2839
 7.459    1.2883
 7.448    1.2978
 7.438    1.3142
 7.427    1.3213
 7.417    1.3203
 7.406    1.3267
 7.395    1.3315
 7.385    1.3330
 7.374    1.3457
 7.364    1.3621
 7.353    1.3630
 7.343    1.3618
 7.333    1.3718
 7.322    1.3823
 7.312    1.3843
 7.302    1.3909
 7.291    1.3987
 7.281    1.3977
 7.271    1.4084
 7.261    1.4199
 7.251    1.4236
 7.240    1.4353
 7.230    1.4443
 7.220    1.4563
 7.210    1.4697
 7.200    1.4761
 7.190    1.4824
 7.180    1.4866
 7.170    1.4917
 7.160    1.5012
 7.151    1.5083
 7.141    1.5122
 7.131    1.5227
 7.121    1.5295
 7.111    1.5295
 7.102    1.5376
 7.092    1.5439
 7.082    1.5435
 7.073    1.5518
 7.063    1.5610
 7.053    1.5588
 7.044    1.5586
 7.034    1.5649
 7.025    1.5671
 7.015    1.5781
 7.006    1.5889
 6.996    1.5945
 6.987    1.6035
 6.977    1.6099
 6.968    1.6121
 6.959    1.6128
 6.949    1.6196
 6.940    1.6272
 6.931    1.6323
 6.921    1.6384
 6.912    1.6396
 6.903    1.6421
 6.894    1.6499
 6.885    1.6577
 6.876    1.6558
 6.866    1.6455
 6.857    1.6497
 6.848    1.6623
 6.839    1.6685
 6.830    1.6733
 6.821    1.6746
 6.812    1.6770
 6.803    1.6846
 6.794    1.6916
 6.786    1.6970
 6.777    1.7063
 6.768    1.7073
 6.759    1.7119
 6.750    1.7258
 6.741    1.7263
 6.733    1.7222
 6.724    1.7261
 6.715    1.7349
 6.707    1.7397
 6.698    1.7434
 6.689    1.7490
 6.681    1.7512
 6.672    1.7537
 6.663    1.7544
 6.655    1.7602
 6.646    1.7668
 6.638    1.7644
 6.629    1.7688
 6.621    1.7737
 6.612    1.7756
 6.604    1.7820
 6.596    1.7839
 6.587    1.7793
 6.579    1.7783
 6.571    1.7832
 6.562    1.7803
 6.554    1.7747
 6.546    1.7725
 6.537    1.7754
 6.529    1.7698
 6.521    1.7659
 6.513    1.7712
 6.505    1.7590
 6.496    1.7402
 6.488    1.7319
 6.480    1.7251
 6.472    1.7175
 6.464    1.7095
 6.456    1.7009
 6.448    1.6960
 6.440    1.6743
 6.432    1.6582
 6.424    1.6526
 6.416    1.6387
 6.408    1.6277
 6.400    1.6250
 6.392    1.6211
 6.384    1.6121
 6.377    1.5991
 6.369    1.5886
 6.361    1.5806
 6.353    1.5759
 6.345    1.5696
 6.338    1.5666
 6.330    1.5681
 6.322    1.5627
 6.314    1.5613
 6.307    1.5610
 6.299    1.5618
 6.291    1.5603
 6.284    1.5601
 6.276    1.5571
 6.269    1.5559
 6.261    1.5510
 6.254    1.5513
 6.246    1.5593
 6.238    1.5615
 6.231    1.5623
 6.223    1.5596
 6.216    1.5520
 6.209    1.5505
 6.201    1.5493
 6.194    1.5464
 6.186    1.5408
 6.179    1.5337
 6.172    1.5259
 6.164    1.5317
 6.157    1.5393
 6.150    1.5398
 6.142    1.5395
 6.135    1.5435
 6.128    1.5413
 6.121    1.5505
 6.113    1.5566
 6.106    1.5571
 6.099    1.5640
 6.092    1.5718
 6.085    1.5769
 6.078    1.5889
 6.070    1.6050
 6.063    1.6216
 6.056    1.6284
 6.049    1.6365
 6.042    1.6619
 6.035    1.6768
 6.028    1.6848
 6.021    1.6960
 6.014    1.7126
 6.007    1.7305
 6.000    1.7385
 5.993    1.7434
 5.986    1.7529
 5.979    1.7617
 5.973    1.7673
 5.966    1.7727
 5.959    1.7717
 5.952    1.7705
 5.945    1.7673
 5.938    1.7583
 5.932    1.7612
 5.925    1.7568
 5.918    1.7466
 5.911    1.7412
 5.905    1.7324
 5.898    1.7339
 5.891    1.7471
 5.884    1.7566
 5.878    1.7678
 5.871    1.7825
 5.864    1.7988
 5.858    1.8159
 5.851    1.8257
 5.845    1.8408
 5.838    1.8533
 5.831    1.8643
 5.825    1.8696
 5.818    1.8752
 5.812    1.8882
 5.805    1.9006
 5.799    1.9097
 5.792    1.9287
 5.786    1.9495
 5.779    1.9541
 5.773    1.9536
 5.767    1.9597
 5.760    1.9802
 5.754    1.9954
 5.747    2.0049
 5.741    2.0129
 5.735    2.0168
 5.728    2.0242
 5.722    2.0356
 5.716    2.0415
 5.709    2.0439
 5.703    2.0552
 5.697    2.0679
 5.691    2.0696
 5.684    2.0732
 5.678    2.0801
 5.672    2.0876
 5.666    2.0945
 5.660    2.1035
 5.653    2.1081
 5.647    2.1081
 5.641    2.1221
 5.635    2.1382
 5.629    2.1467
 5.623    2.1577
 5.617    2.1728
 5.611    2.1877
 5.604    2.1953
 5.598    2.2085
 5.592    2.2278
 5.586    2.2385
 5.580    2.2495
 5.574    2.2642
 5.568    2.2827
 5.562    2.2976
 5.556    2.3091
 5.550    2.3235
 5.545    2.3391
 5.539    2.3467
 5.533    2.3574
 5.527    2.3740
 5.521    2.3889
 5.515    2.3972
 5.509    2.4050
 5.503    2.4167
 5.498    2.4294
 5.492    2.4412
 5.486    2.4487
 5.480    2.4539
 5.474    2.4656
 5.469    2.4729
 5.463    2.4773
 5.457    2.4961
 5.451    2.5129
 5.446    2.5127
 5.440    2.5188
 5.434    2.5342
 5.428    2.5466
 5.423    2.5552
 5.417    2.5679
 5.411    2.5767
 5.406    2.5896
 5.400    2.6067
 5.395    2.6155
 5.389    2.6255
 5.383    2.6338
 5.378    2.6462
 5.372    2.6694
 5.367    2.6843
 5.361    2.6931
 5.356    2.7017
 5.350    2.7126
 5.344    2.7285
 5.339    2.7476
 5.333    2.7639
 5.328    2.7764
 5.323    2.7883
 5.317    2.8025
 5.312    2.8176
 5.306    2.8372
 5.301    2.8569
 5.295    2.8694
 5.290    2.8870
 5.285    2.9087
 5.279    2.9360
 5.274    2.9587
 5.268    2.9751
 5.263    3.0044
 5.258    3.0361
 5.252    3.0640
 5.247    3.0935
 5.242    3.1252
 5.237    3.1516
 5.231    3.1738
 5.226    3.1924
 5.221    3.2178
 5.215    3.2507
 5.210    3.2766
 5.205    3.2988
 5.200    3.3169
 5.195    3.3391
 5.189    3.3579
 5.184    3.3745
 5.179    3.3894
 5.174    3.4036
 5.169    3.4194
 5.163    3.4299
 5.158    3.4409
 5.153    3.4465
 5.148    3.4556
 5.143    3.4661
 5.138    3.4653
 5.133    3.4687
 5.128    3.4763
 5.123    3.4839
 5.118    3.4892
 5.113    3.4907
 5.108    3.5015
 5.103    3.5063
 5.097    3.5051
 5.092    3.5117
 5.087    3.5163
 5.083    3.5171
 5.078    3.5203
 5.073    3.5259
 5.068    3.5271
 5.063    3.5234
 5.058    3.5249
 5.053    3.5266
 5.048    3.5332
 5.043    3.5430
 5.038    3.5498
 5.033    3.5593
 5.028    3.5705
 5.023    3.5774
 5.019    3.5884
 5.014    3.6077
 5.009    3.6301
 5.004    3.6499
 4.999    3.6772
 4.994    3.7021
 4.990    3.7241
 4.985    3.7549
 4.980    3.7800
 4.975    3.8059
 4.970    3.8367
 4.966    3.8691
 4.961    3.8987
 4.956    3.9165
 4.951    3.9289
 4.947    3.9499
 4.942    3.9641
 4.937    3.9739
 4.933    3.9812
 4.928    3.9824
 4.923    3.9812
 4.919    3.9939
 4.914    4.0085
 4.909    4.0083
 4.905    4.0176
 4.900    4.0474
 4.895    4.0747
 4.891    4.0911
 4.886    4.1108
 4.882    4.1382
 4.877    4.1724
 4.872    4.2021
 4.868    4.2349
 4.863    4.2705
 4.859    4.3066
 4.854    4.3364
 4.850    4.3579
 4.845    4.3813
 4.840    4.4082
 4.836    4.4289
 4.831    4.4497
 4.827    4.4661
 4.822    4.4839
 4.818    4.4973
 4.814    4.5090
 4.809    4.5144
 4.805    4.5232
 4.800    4.5329
 4.796    4.5425
 4.791    4.5474
 4.787    4.5505
 4.782    4.5652
 4.778    4.5752
 4.774    4.5893
 4.769    4.6033
 4.765    4.6191
 4.760    4.6431
 4.756    4.6623
 4.752    4.6882
 4.747    4.7268
 4.743    4.7576
 4.739    4.7922
 4.734    4.8398
 4.730    4.8789
 4.726    4.9167
 4.721    4.9556
 4.717    5.0005
 4.713    5.0425
 4.709    5.0879
 4.704    5.1326
 4.700    5.1706
 4.696    5.2102
 4.692    5.2490
 4.687    5.2866
 4.683    5.3171
 4.679    5.3418
 4.675    5.3713
 4.670    5.3965
 4.666    5.4116
 4.662    5.4350
 4.658    5.4553
 4.654    5.4714
 4.649    5.4897
 4.645    5.5027
 4.641    5.5132
 4.637    5.5322
 4.633    5.5495
 4.629    5.5671
 4.625    5.5744
 4.620    5.5769
 4.616    5.5906
 4.612    5.6108
 4.608    5.6355
 4.604    5.6560
 4.600    5.6680
 4.596    5.6809
 4.592    5.6916
 4.588    5.7043
 4.584    5.7273
 4.580    5.7449
 4.576    5.7661
 4.572    5.7878
 4.568    5.8052
 4.564    5.8205
 4.560    5.8347
 4.555    5.8557
 4.551    5.8735
 4.548    5.8972
 4.544    5.9248
 4.540    5.9455
 4.536    5.9670
 4.532    5.9834
 4.528    5.9990
 4.524    6.0195
 4.520    6.0337
 4.516    6.0427
 4.512    6.0586
 4.508    6.0669
 4.504    6.0766
 4.500    6.0842
 4.496    6.0937
 4.492    6.1042
 4.488    6.1123
 4.485    6.1184
 4.481    6.1313
 4.477    6.1474
 4.473    6.1504
 4.469    6.1492
 4.465    6.1496
 4.461    6.1599
 4.458    6.1684
 4.454    6.1709
 4.450    6.1765
 4.446    6.1799
 4.442    6.1777
 4.438    6.1821
 4.435    6.1982
 4.431    6.1990
 4.427    6.1953
 4.423    6.2026
 4.420    6.2095
 4.416    6.2153
 4.412    6.2207
 4.408    6.2146
 4.405    6.2173
 4.401    6.2300
 4.397    6.2285
 4.393    6.2290
 4.390    6.2300
 4.386    6.2287
 4.382    6.2368
 4.379    6.2475
 4.375    6.2471
 4.371    6.2514
 4.367    6.2576
 4.364    6.2619
 4.360    6.2622
 4.356    6.2641
 4.353    6.2600
 4.349    6.2551
 4.345    6.2558
 4.342    6.2637
 4.338    6.2685
 4.335    6.2720
 4.331    6.2690
 4.327    6.2729
 4.324    6.2876
 4.320    6.2971
 4.317    6.2949
 4.313    6.2878
 4.309    6.2886
 4.306    6.2991
 4.302    6.2964
 4.299    6.2964
 4.295    6.3088
 4.292    6.3157
 4.288    6.3152
 4.284    6.3171
 4.281    6.3259
 4.277    6.3301
 4.274    6.3354
 4.270    6.3423
 4.267    6.3491
 4.263    6.3486
 4.260    6.3464
 4.256    6.3576
 4.253    6.3721
 4.249    6.3772
 4.246    6.3804
 4.242    6.3833
 4.239    6.3913
 4.235    6.4004
 4.232    6.4031
 4.229    6.4075
 4.225    6.4140
 4.222    6.4248
 4.218    6.4341
 4.215    6.4387
 4.211    6.4512
 4.208    6.4590
 4.205    6.4585
 4.201    6.4648
 4.198    6.4700
 4.194    6.4846
 4.191    6.4983
 4.188    6.5027
 4.184    6.5083
 4.181    6.5261
 4.177    6.5386
 4.174    6.5386
 4.171    6.5412
 4.167    6.5549
 4.164    6.5749
 4.161    6.5891
 4.157    6.5930
 4.154    6.5981
 4.151    6.6101
 4.147    6.6194
 4.144    6.6299
 4.141    6.6362
 4.137    6.6433
 4.134    6.6514
 4.131    6.6648
 4.128    6.6809
 4.124    6.6936
 4.121    6.7070
 4.118    6.7168
 4.114    6.7253
 4.111    6.7331
 4.108    6.7449
 4.105    6.7544
 4.101    6.7637
 4.098    6.7768
 4.095    6.7898
 4.092    6.8039
 4.088    6.8132
 4.085    6.8161
 4.082    6.8220
 4.079    6.8357
 4.076    6.8503
 4.072    6.8598
 4.069    6.8716
 4.066    6.8826
 4.063    6.8882
 4.060    6.8916
 4.056    6.9053
 4.053    6.9204
 4.050    6.9258
 4.047    6.9316
 4.044    6.9438
 4.041    6.9441
 4.038    6.9468
 4.034    6.9585
 4.031    6.9709
 4.028    6.9763
 4.025    6.9824
 4.022    6.9822
 4.019    6.9888
 4.016    6.9949
 4.013    7.0012
 4.009    7.0036
 4.006    7.0102
 4.003    7.0127
 4.000    7.0097
 3.997    7.0117
 3.994    7.0144
 3.991    7.0283
 3.988    7.0315
 3.985    7.0198
 3.982    7.0168
 3.979    7.0288
 3.976    7.0307
 3.973    7.0295
 3.969    7.0229
 3.966    7.0173
 3.963    7.0249
 3.960    7.0263
 3.957    7.0237
 3.954    7.0234
 3.951    7.0222
 3.948    7.0163
 3.945    7.0129
 3.942    7.0139
 3.939    7.0146
 3.936    7.0220
 3.933    7.0205
 3.930    7.0168
 3.927    7.0097
 3.924    6.9988
 3.921    6.9973
 3.918    6.9917
 3.916    6.9895
 3.913    6.9885
 3.910    6.9809
 3.907    6.9826
 3.904    6.9787
 3.901    6.9656
 3.898    6.9573
 3.895    6.9565
 3.892    6.9548
 3.889    6.9472
 3.886    6.9355
 3.883    6.9221
 3.880    6.9062
 3.877    6.8960
 3.875    6.8882
 3.872    6.8769
 3.869    6.8620
 3.866    6.8552
 3.863    6.8496
 3.860    6.8374
 3.857    6.8208
 3.854    6.8159
 3.852    6.8076
 3.849    6.7888
 3.846    6.7829
 3.843    6.7729
 3.840    6.7541
 3.837    6.7429
 3.834    6.7368
 3.832    6.7182
 3.829    6.7077
 3.826    6.6965
 3.823    6.6750
 3.820    6.6584
 3.817    6.6538
 3.815    6.6391
 3.812    6.6199
 3.809    6.6130
 3.806    6.6023
 3.803    6.5830
 3.801    6.5649
 3.798    6.5547
 3.795    6.5451
 3.792    6.5315
 3.790    6.5195
 3.787    6.5119
 3.784    6.5024
 3.781    6.4897
 3.779    6.4756
 3.776    6.4565
 3.773    6.4494
 3.770    6.4441
 3.768    6.4358
 3.765    6.4189
 3.762    6.4050
 3.759    6.3979
 3.757    6.3833
 3.754    6.3706
 3.751    6.3552
 3.748    6.3274
 3.746    6.3118
 3.743    6.3039
 3.740    6.2847
 3.738    6.2585
 3.735    6.2434
 3.732    6.2268
 3.730    6.2002
 3.727    6.1760
 3.724    6.1533
 3.722    6.1289
 3.719    6.1084
 3.716    6.0759
 3.714    6.0481
 3.711    6.0410
 3.708    6.0351
 3.706    6.0249
 3.703    6.0212
 3.700    6.0207
 3.698    6.0242
 3.695    6.0188
 3.692    6.0154
 3.690    6.0132
 3.687    6.0173
 3.685    6.0229
 3.682    6.0239
 3.679    6.0088
 3.677    5.9988
 3.674    5.9912
 3.671    5.9824
 3.669    5.9741
 3.666    5.9639
 3.664    5.9570
 3.661    5.9521
 3.659    5.9463
 3.656    5.9358
 3.653    5.9292
 3.651    5.9180
 3.648    5.8982
 3.646    5.8879
 3.643    5.8826
 3.641    5.8701
 3.638    5.8537
 3.635    5.8454
 3.633    5.8320
 3.630    5.8110
 3.628    5.8071
 3.625    5.8039
 3.623    5.7873
 3.620    5.7744
 3.618    5.7673
 3.615    5.7512
 3.613    5.7392
 3.610    5.7302
 3.608    5.7170
 3.605    5.7082
 3.603    5.6948
 3.600    5.6787
 3.598    5.6721
 3.595    5.6650
 3.593    5.6460
 3.590    5.6301
 3.588    5.6169
 3.585    5.6018
 3.583    5.5920
 3.580    5.5847
 3.578    5.5720
 3.575    5.5596
 3.573    5.5412
 3.570    5.5217
 3.568    5.5083
 3.565    5.4888
 3.563    5.4704
 3.561    5.4568
 3.558    5.4404
 3.556    5.4231
 3.553    5.4104
 3.551    5.3938
 3.548    5.3650
 3.546    5.3359
 3.544    5.3147
 3.541    5.2947
 3.539    5.2705
 3.536    5.2473
 3.534    5.2226
 3.531    5.1994
 3.529    5.1755
 3.527    5.1340
 3.524    5.0986
 3.522    5.0710
 3.519    5.0344
 3.517    5.0039
 3.515    4.9785
 3.512    4.9509
 3.510    4.9214
 3.508    4.8904
 3.505    4.8611
 3.503    4.8379
 3.500    4.8252
 3.498    4.8105
 3.496    4.8061
 3.493    4.8059
 3.491    4.7908
 3.489    4.7803
 3.486    4.7676
 3.484    4.7524
 3.482    4.7375
 3.479    4.7253
 3.477    4.7153
 3.475    4.7112
 3.472    4.7043
 3.470    4.7007
 3.468    4.6990
 3.465    4.6872
 3.463    4.6714
 3.461    4.6606
 3.458    4.6440
 3.456    4.6189
 3.454    4.5991
 3.452    4.5889
 3.449    4.5610
 3.447    4.5327
 3.445    4.5134
 3.442    4.4905
 3.440    4.4585
 3.438    4.4375
 3.435    4.4182
 3.433    4.3879
 3.431    4.3523
 3.429    4.3389
 3.426    4.3149
 3.424    4.2683
 3.422    4.2217
 3.420    4.1904
 3.417    4.1699
 3.415    4.1621
 3.413    4.1562
 3.411    4.1484
 3.408    4.1484
 3.406    4.1599
 3.404    4.1704
 3.402    4.1811
 3.399    4.1958
 3.397    4.1999
 3.395    4.1933
 3.393    4.1855
 3.391    4.1782
 3.388    4.1572
 3.386    4.1379
 3.384    4.1238
 3.382    4.1047
 3.380    4.0850
 3.377    4.0659
 3.375    4.0535
 3.373    4.0395
 3.371    4.0325
 3.369    4.0176
 3.366    3.9934
 3.364    3.9634
 3.362    3.9416
 3.360    3.9224
 3.358    3.9060
 3.355    3.9014
 3.353    3.9038
 3.351    3.8950
 3.349    3.8994
 3.347    3.9128
 3.345    3.9184
 3.342    3.9363
 3.340    3.9448
 3.338    3.9316
 3.336    3.9270
 3.334    3.9226
 3.332    3.9155
 3.330    3.9058
 3.327    3.8979
 3.325    3.8935
 3.323    3.8762
 3.321    3.8545
 3.319    3.8437
 3.317    3.8354
 3.315    3.8276
 3.313    3.8208
 3.310    3.8054
 3.308    3.7881
 3.306    3.7739
 3.304    3.7646
 3.302    3.7483
 3.300    3.7417
 3.298    3.7402
 3.296    3.7314
 3.294    3.7212
 3.292    3.7117
 3.289    3.7036
 3.287    3.6929
 3.285    3.6831
 3.283    3.6687
 3.281    3.6597
 3.279    3.6526
 3.277    3.6333
 3.275    3.6225
 3.273    3.6169
 3.271    3.6121
 3.269    3.5996
 3.267    3.5793
 3.265    3.5745
 3.263    3.5598
 3.260    3.5383
 3.258    3.5315
 3.256    3.5195
 3.254    3.4995
 3.252    3.4871
 3.250    3.4790
 3.248    3.4631
 3.246    3.4446
 3.244    3.4370
 3.242    3.4289
 3.240    3.4246
 3.238    3.4287
 3.236    3.4238
 3.234    3.4150
 3.232    3.4128
 3.230    3.4111
 3.228    3.4067
 3.226    3.4082
 3.224    3.3970
 3.222    3.3923
 3.220    3.3882
 3.218    3.3833
 3.216    3.3645
 3.214    3.3508
 3.212    3.3413
 3.210    3.3249
 3.208    3.3049
 3.206    3.2908
 3.204    3.2851
 3.202    3.2734
 3.200    3.2549
 3.198    3.2375
 3.196    3.2256
 3.194    3.2004
 3.192    3.1802
 3.190    3.1636
 3.188    3.1462
 3.186    3.1387
 3.184    3.1208
 3.182    3.0915
 3.180    3.0715
 3.179    3.0598
 3.177    3.0376
 3.175    3.0205
 3.173    2.9988
 3.171    2.9895
 3.169    2.9797
 3.167    2.9480
 3.165    2.9224
 3.163    2.9175
 3.161    2.8965
 3.159    2.8660
 3.157    2.8525
 3.155    2.8381
 3.153    2.8201
 3.151    2.8000
 3.150    2.7815
 3.148    2.7617
 3.146    2.7390
 3.144    2.7148
 3.142    2.6995
 3.140    2.6885
 3.138    2.6636
 3.136    2.6445
 3.134    2.6274
 3.132    2.6179
 3.131    2.6091
 3.129    2.5928
 3.127    2.5815
 3.125    2.5613
 3.123    2.5474
 3.121    2.5459
 3.119    2.5300
 3.117    2.5144
 3.115    2.5017
 3.114    2.4912
 3.112    2.4839
 3.110    2.4695
 3.108    2.4556
 3.106    2.4392
 3.104    2.4265
 3.102    2.4204
 3.101    2.4087
 3.099    2.3918
 3.097    2.3813
 3.095    2.3740
 3.093    2.3623
 3.091    2.3525
 3.089    2.3459
 3.088    2.3347
 3.086    2.3157
 3.084    2.2969
 3.082    2.2773
 3.080    2.2690
 3.078    2.2695
 3.077    2.2637
 3.075    2.2444
 3.073    2.2302
 3.071    2.2124
 3.069    2.1999
 3.068    2.1951
 3.066    2.1875
 3.064    2.1631
 3.062    2.1516
 3.060    2.1396
 3.058    2.1164
 3.057    2.1023
 3.055    2.0940
 3.053    2.0842
 3.051    2.0740
 3.050    2.0601
 3.048    2.0488
 3.046    2.0290
 3.044    2.0120
 3.042    2.0037
 3.041    1.9831
 3.039    1.9741
 3.037    1.9675
 3.035    1.9531
 3.033    1.9456
 3.032    1.9326
 3.030    1.9263
 3.028    1.9148
 3.026    1.8987
 3.025    1.8852
 3.023    1.8667
 3.021    1.8477
 3.019    1.8401
 3.018    1.8227
 3.016    1.8081
 3.014    1.7969
 3.012    1.7820
 3.011    1.7649
 3.009    1.7522
 3.007    1.7407
 3.005    1.7195
 3.004    1.7161
 3.002    1.7134
 3.000    1.7026
 2.998    1.6887
 2.997    1.6724
 2.995    1.6655
 2.993    1.6450
 2.991    1.6443
 2.990    1.6443
 2.988    1.6260
 2.986    1.6074
 2.985    1.5906
 2.983    1.5786
 2.981    1.5713
 2.979    1.5637
 2.978    1.5527
 2.976    1.5332
 2.974    1.5261
 2.973    1.5234
 2.971    1.5161
 2.969    1.5007
 2.967    1.4819
 2.966    1.4802
 2.964    1.4783
 2.962    1.4744
 2.961    1.4580
 2.959    1.4316
 2.957    1.4182
 2.956    1.4192
 2.954    1.4155
 2.952    1.4009
 2.951    1.3921
 2.949    1.3784
 2.947    1.3628
 2.946    1.3589
 2.944    1.3462
 2.942    1.3320
 2.941    1.3279
 2.939    1.3286
 2.937    1.3254
 2.936    1.3169
 2.934    1.3040
 2.932    1.2959
 2.931    1.2964
 2.929    1.2827
 2.927    1.2761
 2.926    1.2832
 2.924    1.2788
 2.922    1.2600
 2.921    1.2441
 2.919    1.2434
 2.917    1.2444
 2.916    1.2402
 2.914    1.2356
 2.912    1.2312
 2.911    1.2336
 2.909    1.2275
 2.908    1.2158
 2.906    1.2136
 2.904    1.2119
 2.903    1.2102
 2.901    1.2063
 2.899    1.2017
 2.898    1.1958
 2.896    1.1912
 2.895    1.1958
 2.893    1.1890
 2.891    1.1831
 2.890    1.1865
 2.888    1.1870
 2.887    1.1873
 2.885    1.1785
 2.883    1.1807
 2.882    1.1912
 2.880    1.1814
 2.878    1.1772
 2.877    1.1782
 2.875    1.1631
 2.874    1.1606
 2.872    1.1731
 2.871    1.1694
 2.869    1.1648
 2.867    1.1589
 2.866    1.1492
 2.864    1.1436
 2.863    1.1457
 2.861    1.1467
 2.859    1.1443
 2.858    1.1382
 2.856    1.1409
 2.855    1.1353
 2.853    1.1294
 2.852    1.1277
 2.850    1.1133
 2.848    1.1082
 2.847    1.1111
 2.845    1.1013
 2.844    1.0974
 2.842    1.0986
 2.841    1.0840
 2.839    1.0679
 2.838    1.0715
 2.836    1.0671
 2.834    1.0498
 2.833    1.0444
 2.831    1.0518
 2.830    1.0425
 2.828    1.0300
 2.827    1.0210
 2.825    1.0115
 2.824    1.0261
 2.822    1.0271
 2.821    1.0076
 2.819    1.0095
 2.817    1.0129
 2.816    1.0015
 2.814    0.9866
 2.813    0.9829
 2.811    0.9841
 2.810    0.9883
 2.808    0.9866
 2.807    0.9724
 2.805    0.9717
 2.804    0.9844
 2.802    0.9810
 2.801    0.9656
 2.799    0.9553
 2.798    0.9558
 2.796    0.9558
 2.795    0.9543
 2.793    0.9546
 2.792    0.9565
 2.790    0.9575
 2.789    0.9687
 2.787    0.9561
 2.786    0.9458
 2.784    0.9558
 2.783    0.9631
 2.781    0.9570
 2.780    0.9509
 2.778    0.9587
 2.777    0.9600
 2.775    0.9485
 2.774    0.9412
 2.772    0.9453
 2.771    0.9497
 2.769    0.9458
 2.768    0.9307
 2.766    0.9311
 2.765    0.9316
 2.763    0.9268
 2.762    0.9158
 2.760    0.9165
 2.759    0.9097
 2.758    0.9067
 2.756    0.9094
 2.755    0.9084
 2.753    0.8950
 2.752    0.8955
 2.750    0.8960
 2.749    0.8811
 2.747    0.8745
 2.746    0.8874
 2.744    0.8940
 2.743    0.8767
 2.741    0.8784
 2.740    0.8899
 2.739    0.8767
 2.737    0.8623
 2.736    0.8525
 2.734    0.8511
 2.733    0.8528
 2.731    0.8547
 2.730    0.8501
 2.729    0.8430
 2.727    0.8413
 2.726    0.8394
 2.724    0.8494
 2.723    0.8499
 2.721    0.8267
 2.720    0.8186
 2.718    0.8269
 2.717    0.8210
 2.716    0.8027
 2.714    0.7920
 2.713    0.7883
 2.711    0.7756
 2.710    0.7720
 2.709    0.7859
 2.707    0.7849
 2.706    0.7954
 2.704    0.8215
 2.703    0.8159
 2.701    0.8420
 2.700    0.9072
 2.699    0.9746
 2.697    1.0452
 2.696    1.1150
 2.694    1.1956
 2.693    1.3047
 2.692    1.4394
 2.690    1.5867
 2.689    1.7615
 2.687    1.9770
 2.686    2.2261
 2.685    2.4997
 2.683    2.7954
 2.682    3.0923
 2.681    3.3591
 2.679    3.5976
 2.678    3.8232
 2.676    4.0037
 2.675    4.1621
 2.674    4.3020
 2.672    4.4297
 2.671    4.5290
 2.669    4.6228
 2.668    4.6970
 2.667    4.7417
 2.665    4.7986
 2.664    4.8559
 2.663    4.9084
 2.661    4.9451
 2.660    4.9951
 2.659    5.0427
 2.657    5.0901
 2.656    5.1562
 2.654    5.2329
 2.653    5.3049
 2.652    5.3872
 2.650    5.4729
 2.649    5.5315
 2.648    5.6030
 2.646    5.6726
 2.645    5.7302
 2.644    5.7810
 2.642    5.8174
 2.641    5.8476
 2.640    5.8833
 2.638    5.9079
 2.637    5.9299
 2.636    5.9502
 2.634    5.9629
 2.633    5.9692
 2.632    5.9675
 2.630    5.9556
 2.629    5.9556
 2.628    5.9387
 2.626    5.9316
 2.625    5.9455
 2.624    5.9375
 2.622    5.9202
 2.621    5.8933
 2.620    5.8840
 2.618    5.8755
 2.617    5.8467
 2.616    5.8279
 2.614    5.8130
 2.613    5.8008
 2.612    5.7744
 2.610    5.7546
 2.609    5.7456
 2.608    5.7385
 2.606    5.6980
 2.605    5.6531
 2.604    5.6374
 2.602    5.6047
 2.601    5.5537
 2.600    5.5281
 2.599    5.5034
 2.597    5.4704
 2.596    5.4255
 2.595    5.3708
 2.593    5.3494
 2.592    5.3369
 2.591    5.3005
 2.589    5.2615
 2.588    5.2253
 2.587    5.1709
 2.586    5.1501
 2.584    5.1152
 2.583    5.0683
 2.582    5.0376
 2.580    4.9980
 2.579    4.9582
 2.578    4.9336
 2.577    4.8857
 2.575    4.8218
 2.574    4.7932
 2.573    4.7722
 2.572    4.7500
 2.570    4.7139
 2.569    4.7007
 2.568    4.6894
 2.566    4.6836
 2.565    4.6968
 2.564    4.6999
 2.563    4.7046
 2.561    4.7258
 2.560    4.7532
 2.559    4.7737
 2.558    4.7969
 2.556    4.8220
 2.555    4.8411
 2.554    4.8572
 2.553    4.8628
 2.551    4.8755
 2.550    4.8821
 2.549    4.8772
 2.547    4.8945
 2.546    4.9346
 2.545    4.9475
 2.544    4.9394
 2.542    4.9145
 2.541    4.9079
 2.540    4.9216
 2.539    4.9150
 2.538    4.8804
 2.536    4.8579
 2.535    4.8135
 2.534    4.7724
 2.533    4.7317
 2.531    4.6672
 2.530    4.6172
 2.529    4.5559
 2.528    4.5215
 2.526    4.4814
 2.525    4.4187
 2.524    4.3740
 2.523    4.3545
 2.521    4.3369
 2.520    4.3237
 2.519    4.3027
 2.518    4.2905
 2.517    4.2842
 2.515    4.2964
 2.514    4.3296
 2.513    4.3393
 2.512    4.3433
 2.510    4.3711
 2.509    4.4070
 2.508    4.4226
 2.507    4.4346
 2.506    4.4614
 2.504    4.4675
 2.503    4.4880
 2.502    4.5144
 2.501    4.5391
 2.500    4.5317
 2.498    4.5342
 2.497    4.5806
 2.496    4.6011
 2.495    4.6111
 2.494    4.6401
 2.492    4.6619
 2.491    4.6738
 2.490    4.6982
 2.489    4.7400
 2.488    4.7829
 2.486    4.8120
 2.485    4.8579
 2.484    4.9209
 2.483    4.9592
 2.482    5.0054
 2.480    5.0693
 2.479    5.1138
 2.478    5.1445
 2.477    5.1797
 2.476    5.2085
 2.475    5.2471
 2.473    5.2593
 2.472    5.2485
 2.471    5.2629
 2.470    5.2803
 2.469    5.2842
 2.467    5.2734
 2.466    5.2524
 2.465    5.2165
 2.464    5.1792
 2.463    5.1435
 2.462    5.1001
 2.460    5.0591
 2.459    5.0273
 2.458    4.9636
 2.457    4.9001
 2.456    4.8652
 2.455    4.8584
 2.453    4.8371
 2.452    4.8008
 2.451    4.7803
 2.450    4.7764
 2.449    4.7978
 2.448    4.8100
 2.447    4.8193
 2.445    4.8540
 2.444    4.8887
 2.443    4.9304
 2.442    4.9700
 2.441    5.0005
 2.440    5.0154
 2.438    5.0625
 2.437    5.0996
 2.436    5.1059
 2.435    5.1130
 2.434    5.1240
 2.433    5.1304
 2.432    5.1465
 2.430    5.1260
 2.429    5.1011
 2.428    5.1245
 2.427    5.1316
 2.426    5.1106
 2.425    5.1045
 2.424    5.1206
 2.423    5.1299
 2.421    5.1374
 2.420    5.1743
 2.419    5.2143
 2.418    5.2358
 2.417    5.2327
 2.416    5.2617
 2.415    5.2973
 2.413    5.3223
 2.412    5.3454
 2.411    5.3642
 2.410    5.3887
 2.409    5.4209
 2.408    5.4441
 2.407    5.4556
 2.406    5.5005
 2.405    5.5332
 2.403    5.5381
 2.402    5.5703
 2.401    5.6030
 2.400    5.6250
 2.399    5.6181
 2.398    5.6181
 2.397    5.6348
 2.396    5.6452
 2.395    5.6443
 2.393    5.6543
 2.392    5.6677
 2.391    5.6792
 2.390    5.6719
 2.389    5.6455
 2.388    5.6299
 2.387    5.6157
 2.386    5.5627
 2.385    5.5200
 2.384    5.5185
 2.382    5.5220
 2.381    5.5259
 2.380    5.5430
 2.379    5.5947
 2.378    5.6494
 2.377    5.6909
 2.376    5.7646
 2.375    5.8432
 2.374    5.9316
 2.373    6.0029
 2.372    6.0654
 2.370    6.1294
 2.369    6.1992
 2.368    6.2375
 2.367    6.2514
 2.366    6.2734
 2.365    6.2634
 2.364    6.2583
 2.363    6.2602
 2.362    6.2485
 2.361    6.2544
 2.360    6.2329
 2.359    6.1802
 2.358    6.1269
 2.356    6.0771
 2.355    6.0268
 2.354    5.9785
 2.353    5.9194
 2.352    5.8359
 2.351    5.7436
 2.350    5.6377
 2.349    5.5327
 2.348    5.3867
 2.347    5.2378
 2.346    5.1035
 2.345    4.9580
 2.344    4.8052
 2.343    4.6533
 2.342    4.5039
 2.340    4.3843
 2.339    4.2690
 2.338    4.1411
 2.337    4.0361
 2.336    3.9424
 2.335    3.8476
 2.334    3.7729
 2.333    3.7168
 2.332    3.6641
 2.331    3.5801
 2.330    3.5381
 2.329    3.5146
 2.328    3.4590
 2.327    3.4177
 2.326    3.4043
 2.325    3.4094
 2.324    3.4165
 2.323    3.4431
 2.322    3.4932
 2.321    3.5454
 2.320    3.5835
 2.318    3.6323
 2.317    3.6992
 2.316    3.7749
 2.315    3.8418
 2.314    3.9141
 2.313    4.0249
 2.312    4.1006
 2.311    4.1689
 2.310    4.2505
 2.309    4.3481
 2.308    4.4404
 2.307    4.5405
 2.306    4.6079
 2.305    4.6382
 2.304    4.6875
 2.303    4.7720
 2.302    4.8369
 2.301    4.8757
 2.300    4.9233
 2.299    4.9768
 2.298    5.0132
 2.297    5.0571
 2.296    5.0967
 2.295    5.1445
 2.294    5.1977
 2.293    5.2436
 2.292    5.2973
 2.291    5.3425
 2.290    5.3747
 2.289    5.4277
 2.288    5.4929
 2.287    5.5329
 2.286    5.5906
 2.285    5.6550
 2.284    5.7046
 2.283    5.7246
 2.282    5.7668
 2.281    5.8015
 2.280    5.8359
 2.279    5.8620
 2.278    5.8723
 2.277    5.8867
 2.276    5.9167
 2.275    5.9590
 2.274    6.0010
 2.273    6.0473
 2.272    6.1003
 2.271    6.1335
 2.270    6.2046
 2.269    6.3179
 2.268    6.3952
 2.267    6.4607
 2.266    6.5359
 2.265    6.6030
 2.264    6.6853
 2.263    6.7812
 2.262    6.8271
 2.261    6.8628
 2.260    6.9170
 2.259    6.9497
 2.258    6.9638
 2.257    6.9726
 2.256    6.9844
 2.255    7.0017
 2.254    7.0156
 2.253    7.0156
 2.252    7.0334
 2.251    7.0481
 2.250    7.0466
 2.249    7.0925
 2.248    7.1504
 2.247    7.1604
 2.246    7.1775
 2.245    7.2292
 2.244    7.2485
 2.243    7.2851
 2.242    7.3440
 2.241    7.3860
 2.240    7.4416
 2.239    7.5412
 2.238    7.6184
 2.237    7.6501
 2.236    7.7309
 2.236    7.8376
 2.235    7.9316
 2.234    7.9973
 2.233    8.0757
 2.232    8.2204
 2.231    8.3037
 2.230    8.3464
 2.229    8.4150
 2.228    8.5041
 2.227    8.5595
 2.226    8.6257
 2.225    8.7114
 2.224    8.7463
 2.223    8.7754
 2.222    8.7903
 2.221    8.8359
 2.220    8.9128
 2.219    8.9385
 2.218    8.9519
 2.217    8.9785
 2.216    9.0080
 2.215    9.0307
 2.215    9.0627
 2.214    9.0786
 2.213    9.0959
 2.212    9.0649
 2.211    9.0705
 2.210    9.0991
 2.209    9.1157
 2.208    9.1365
 2.207    9.1277
 2.206    9.1301
 2.205    9.1594
 2.204    9.1609
 2.203    9.1284
 2.202    9.1352
 2.201    9.1706
 2.200    9.1872
 2.199    9.1889
 2.199    9.1787
 2.198    9.1589
 2.197    9.1692
 2.196    9.1977
 2.195    9.2134
 2.194    9.1943
 2.193    9.1916
 2.192    9.2173
 2.191    9.2261
 2.190    9.2304
 2.189    9.2085
 2.188    9.1782
 2.187    9.1889
 2.186    9.2199
 2.186    9.2173
 2.185    9.2239
 2.184    9.2248
 2.183    9.2580
 2.182    9.2549
 2.181    9.2256
 2.180    9.2248
 2.179    9.2385
 2.178    9.2549
 2.177    9.2524
 2.176    9.2317
 2.175    9.2641
 2.175    9.2656
 2.174    9.2705
 2.173    9.2710
 2.172    9.2583
 2.171    9.2534
 2.170    9.2512
 2.169    9.2446
 2.168    9.2138
 2.167    9.2082
 2.166    9.2082
 2.165    9.2090
 2.165    9.2082
 2.164    9.2024
 2.163    9.1767
 2.162    9.1733
 2.161    9.1675
 2.160    9.1367
 2.159    9.1313
 2.158    9.1047
 2.157    9.0825
 2.156    9.0786
 2.156    9.0608
 2.155    9.0549
 2.154    9.0254
 2.153    9.0080
 2.152    8.9826
 2.151    8.9797
 2.150    8.9516
 2.149    8.9043
 2.148    8.8811
 2.148    8.8789
 2.147    8.8996
 2.146    8.8974
 2.145    8.8606
 2.144    8.8481
 2.143    8.8169
 2.142    8.8030
 2.141    8.7768
 2.140    8.7578
 2.140    8.7324
 2.139    8.7649
 2.138    8.7766
 2.137    8.7463
 2.136    8.7178
 2.135    8.7173
 2.134    8.6948
 2.133    8.6692
 2.133    8.6968
 2.132    8.7051
 2.131    8.7004
 2.130    8.7090
 2.129    8.7392
 2.128    8.7365
 2.127    8.7475
 2.126    8.7444
 2.126    8.7798
 2.125    8.8183
 2.124    8.8164
 2.123    8.8154
 2.122    8.8301
 2.121    8.8293
 2.120    8.7934
 2.119    8.7510
 2.119    8.7817
 2.118    8.7873
 2.117    8.7500
 2.116    8.7261
 2.115    8.7344
 2.114    8.7610
 2.113    8.7629
 2.113    8.7275
 2.112    8.7002
 2.111    8.7131
 2.110    8.7178
 2.109    8.7041
 2.108    8.7160
 2.107    8.7363
 2.107    8.7180
 2.106    8.6792
 2.105    8.6880
 2.104    8.6919
 2.103    8.7121
 2.102    8.7480
 2.101    8.7280
 2.101    8.7229
 2.100    8.7424
 2.099    8.7903
 2.098    8.7951
 2.097    8.7873
 2.096    8.7993
 2.095    8.8254
 2.095    8.8359
 2.094    8.8554
 2.093    8.8371
 2.092    8.8564
 2.091    8.8960
 2.090    8.9082
 2.090    8.8999
 2.089    8.9182
 2.088    8.9785
 2.087    9.0129
 2.086    9.0322
 2.085    9.0608
 2.085    9.0757
 2.084    9.1008
 2.083    9.1499
 2.082    9.1965
 2.081    9.2102
 2.080    9.1963
 2.079    9.2217
