Name: Dolomitic Marble 
Type:  Rocks
Class:  Metamorphic 
Subclass:  Marble 
Particle Size:  0-75 Micrometer
File Name:  marble1.doc
Owner:  JHU
Wavelength Range:  All
Origin:  Sample No. 459, The Hunt and Salisbury Collection at the U.S. 
Geological Survey, Denver, Co.
Description: A medium-grained rock containing anhedral and some euhedral 
dolomite.  There are scattered anhedra and subhedra of monticellite, subhedral 
phlogopite and some rounded quartz grains present.  These latter minerals often 
contain opaque inclusions; opaques (some at least of which are pyrite) are also 
disseminated throughout the entire sample. 

Measurement:  Directional (10 Degree) Hemispherical Reflectance
First Column:  X
Second Column:  Y  
X Units:  Wavelength (micrometers)
Y Units:  Reflectance (percent)
First X Value:  14.9831
Last X Value:  0.4
Number of X Values:  2868
Additional Information:  None
14.983   28.5190
14.940   29.1240
14.897   29.7130
14.854   29.9950
14.812   30.0980
14.770   30.1980
14.728   30.4160
14.686   30.4690
14.645   30.2860
14.603   30.0800
14.562   29.7650
14.521   29.2830
14.481   28.6270
14.441   27.8440
14.400   26.8970
14.361   25.5040
14.321   23.5630
14.281   21.0920
14.242   18.0240
14.203   14.4800
14.164   10.7810
14.126    7.3207
14.087    4.4836
14.049    2.4977
14.011    1.5180
13.973    1.7643
13.936    3.2816
13.899    5.6502
13.861    8.1152
13.824   10.1410
13.788   11.5960
13.751   12.7220
13.715   14.0050
13.679   15.9050
13.643   18.6210
13.607   21.8980
13.571   25.1460
13.536   27.9080
13.500   30.0780
13.465   31.7370
13.430   32.9660
13.396   33.8380
13.361   34.4560
13.327   34.8790
13.293   35.1320
13.259   35.2380
13.225   35.1960
13.191   34.9990
13.158   34.6540
13.124   34.1890
13.091   33.6380
13.058   33.0360
13.026   32.4630
12.993   31.9830
12.960   31.6280
12.928   31.4150
12.896   31.3220
12.864   31.3060
12.832   31.3280
12.800   31.3830
12.769   31.5050
12.737   31.7240
12.706   32.0320
12.675   32.3960
12.644   32.7660
12.614   33.1000
12.583   33.3730
12.552   33.6030
12.522   33.8160
12.492   34.0500
12.462   34.2970
12.432   34.5230
12.402   34.7010
12.373   34.8120
12.343   34.8680
12.314   34.9390
12.285   35.0730
12.256   35.2890
12.227   35.5730
12.198   35.8970
12.169   36.1950
12.141   36.4250
12.113   36.5660
12.084   36.6240
12.056   36.5790
12.028   36.4200
12.000   36.1420
11.973   35.7800
11.945   35.3510
11.918   34.6240
11.890   32.3350
11.863   27.9740
11.836   23.2710
11.809   19.6140
11.782   17.6290
11.755   17.6520
11.729   19.3730
11.702   21.6370
11.676   22.4380
11.650   21.1800
11.624   19.1190
11.598   16.6630
11.572   13.8890
11.546   11.0970
11.520    8.5045
11.495    6.3516
11.469    4.8455
11.444    4.0687
11.419    3.9039
11.394    4.0458
11.369    4.2466
11.344    4.7415
11.319    5.9794
11.294    8.1019
11.270   11.0740
11.245   14.6850
11.221   18.4950
11.197   21.9310
11.173   24.6130
11.149   26.6130
11.125   28.1240
11.101   29.1850
11.077   29.9340
11.054   30.5310
11.030   31.0690
11.007   31.5640
10.983   32.0110
10.960   32.3860
10.937   32.6400
10.914   32.7320
10.891   32.6710
10.868   32.4530
10.846   32.0900
10.823   31.6160
10.800   31.0800
10.778   30.5190
10.755   29.9710
10.733   29.4910
10.711   29.1420
10.689   28.9330
10.667   28.8560
10.645   28.8690
10.623   28.9160
10.602   28.9490
10.580   28.9730
10.558   29.0260
10.537   29.1530
10.516   29.3870
10.494   29.7280
10.473   30.1320
10.452   30.5490
10.431   30.9030
10.410   31.1570
10.389   31.2990
10.368   31.3370
10.348   31.2910
10.327   31.1540
10.306   30.8940
10.286   30.4950
10.266   30.0010
10.245   29.5110
10.225   29.1080
10.205   28.8560
10.185   28.7700
10.165   28.7670
10.145   28.7030
10.125   28.4990
10.106   28.1740
10.086   27.7960
10.066   27.4220
10.047   27.0990
10.027   26.8570
10.008   26.6820
 9.989   26.5320
 9.970   26.3750
 9.950   26.1860
 9.931   25.9610
 9.912   25.7050
 9.893   25.4610
 9.875   25.2900
 9.856   25.2300
 9.837   25.2750
 9.819   25.3780
 9.800   25.4970
 9.781   25.6180
 9.763   25.7580
 9.745   25.9870
 9.726   26.3520
 9.708   26.8500
 9.690   27.4410
 9.672   28.0530
 9.654   28.6030
 9.636   29.0410
 9.618   29.3620
 9.600   29.6190
 9.582   29.8850
 9.565   30.1920
 9.547   30.5490
 9.530   30.9310
 9.512   31.2770
 9.495   31.5490
 9.477   31.7200
 9.460   31.7860
 9.443   31.7360
 9.426   31.5350
 9.409   31.2150
 9.392   30.8580
 9.375   30.5460
 9.358   30.3520
 9.341   30.3320
 9.324   30.4880
 9.307   30.6940
 9.291   30.4990
 9.274   29.5720
 9.257   28.0900
 9.241   26.5450
 9.225   25.5530
 9.208   25.5290
 9.192   26.5220
 9.175   28.1830
 9.159   29.7720
 9.143   30.7250
 9.127   31.0340
 9.111   30.9860
 9.095   30.9490
 9.079   31.0910
 9.063   31.3660
 9.047   31.6640
 9.032   31.8800
 9.016   31.9400
 9.000   31.8850
 8.985   31.7620
 8.969   31.6060
 8.954   31.4390
 8.938   31.2580
 8.923   31.0660
 8.908   30.8700
 8.892   30.6710
 8.877   30.4940
 8.862   30.3290
 8.847   30.1490
 8.832   29.9390
 8.817   29.6610
 8.802   29.2870
 8.787   28.8200
 8.772   28.2520
 8.757   27.5840
 8.742   26.8580
 8.727   26.1150
 8.713   25.3760
 8.698   24.6300
 8.684   23.8630
 8.669   23.0520
 8.655   22.1660
 8.640   21.2150
 8.626   20.2710
 8.612   19.4320
 8.597   18.7810
 8.583   18.3670
 8.569   18.1680
 8.555   18.0860
 8.541   18.0280
 8.527   17.9270
 8.513   17.7590
 8.499   17.5580
 8.485   17.3800
 8.471   17.2850
 8.457   17.2830
 8.443   17.3490
 8.430   17.4630
 8.416   17.6130
 8.402   17.8090
 8.389   18.0660
 8.375   18.3810
 8.361   18.7420
 8.348   19.1150
 8.335   19.4560
 8.321   19.7400
 8.308   19.9720
 8.295   20.1600
 8.281   20.3220
 8.268   20.4620
 8.255   20.5770
 8.242   20.6690
 8.229   20.7220
 8.216   20.7120
 8.203   20.6320
 8.190   20.4810
 8.177   20.2800
 8.164   20.0600
 8.151   19.8380
 8.138   19.6450
 8.126   19.4790
 8.113   19.3040
 8.100   19.1040
 8.088   18.8900
 8.075   18.7110
 8.062   18.6070
 8.050   18.5790
 8.037   18.6300
 8.025   18.7350
 8.013   18.8430
 8.000   18.9020
 7.988   18.8970
 7.976   18.8400
 7.963   18.7200
 7.951   18.5210
 7.939   18.2670
 7.927   17.9910
 7.915   17.7330
 7.903   17.5150
 7.891   17.3680
 7.879   17.3000
 7.867   17.2670
 7.855   17.2190
 7.843   17.1170
 7.831   16.9450
 7.819   16.7150
 7.808   16.4560
 7.796   16.2160
 7.784   16.0240
 7.772   15.8720
 7.761   15.7420
 7.749   15.6030
 7.737   15.4230
 7.726   15.1920
 7.715   14.9190
 7.703   14.6080
 7.692   14.2620
 7.680   13.8940
 7.669   13.5190
 7.657   13.1390
 7.646   12.7590
 7.635   12.3930
 7.624   12.0610
 7.613   11.7660
 7.601   11.5060
 7.590   11.2860
 7.579   11.1090
 7.568   10.9690
 7.557   10.8480
 7.546   10.7290
 7.535   10.6180
 7.524   10.5000
 7.513   10.3590
 7.502   10.1950
 7.492   10.0170
 7.481    9.8331
 7.470    9.6363
 7.459    9.4333
 7.449    9.2363
 7.438    9.0393
 7.427    8.8418
 7.417    8.6466
 7.406    8.4501
 7.395    8.2478
 7.385    8.0300
 7.374    7.7920
 7.364    7.5326
 7.353    7.2515
 7.343    6.9621
 7.333    6.6699
 7.322    6.3817
 7.312    6.1087
 7.302    5.8508
 7.291    5.6158
 7.281    5.4072
 7.271    5.2253
 7.261    5.0671
 7.251    4.9184
 7.240    4.7811
 7.230    4.6575
 7.220    4.5476
 7.210    4.4592
 7.200    4.3901
 7.190    4.3486
 7.180    4.3307
 7.170    4.3302
 7.160    4.3555
 7.151    4.4005
 7.141    4.4765
 7.131    4.5940
 7.121    4.7411
 7.111    4.9028
 7.102    5.0527
 7.092    5.1768
 7.082    5.2673
 7.072    5.3070
 7.063    5.3208
 7.053    5.3378
 7.044    5.3589
 7.034    5.3620
 7.025    5.3492
 7.015    5.3366
 7.006    5.3231
 6.996    5.2992
 6.987    5.2718
 6.977    5.2509
 6.968    5.2391
 6.959    5.2232
 6.949    5.2109
 6.940    5.2062
 6.931    5.2185
 6.921    5.2452
 6.912    5.2779
 6.903    5.3227
 6.894    5.3790
 6.885    5.4323
 6.875    5.4839
 6.866    5.5301
 6.857    5.5803
 6.848    5.6410
 6.839    5.7011
 6.830    5.7570
 6.821    5.8091
 6.812    5.8458
 6.803    5.8849
 6.794    5.9275
 6.785    5.9765
 6.777    6.0376
 6.768    6.1077
 6.759    6.1847
 6.750    6.2695
 6.741    6.3505
 6.733    6.4331
 6.724    6.5193
 6.715    6.6112
 6.707    6.7137
 6.698    6.8357
 6.689    6.9721
 6.681    7.1139
 6.672    7.2494
 6.663    7.3692
 6.655    7.4850
 6.646    7.6122
 6.638    7.7560
 6.629    7.9179
 6.621    8.0960
 6.612    8.2954
 6.604    8.5055
 6.596    8.7096
 6.587    8.9152
 6.579    9.1240
 6.571    9.3310
 6.562    9.5333
 6.554    9.7336
 6.546    9.9380
 6.537   10.1460
 6.529   10.3480
 6.521   10.5450
 6.513   10.7440
 6.505   10.9520
 6.496   11.1810
 6.488   11.4250
 6.480   11.6780
 6.472   11.9380
 6.464   12.1870
 6.456   12.3670
 6.448   12.4230
 6.440   12.3210
 6.432   12.0660
 6.424   11.6860
 6.416   11.2330
 6.408   10.7710
 6.400   10.3350
 6.392    9.9278
 6.384    9.5342
 6.377    9.1328
 6.369    8.6966
 6.361    8.2038
 6.353    7.6489
 6.345    7.0531
 6.338    6.4523
 6.330    5.8896
 6.322    5.4018
 6.314    4.9959
 6.307    4.6662
 6.299    4.4128
 6.291    4.2279
 6.284    4.1014
 6.276    4.0188
 6.269    3.9607
 6.261    3.9032
 6.253    3.8269
 6.246    3.7287
 6.239    3.6313
 6.231    3.5421
 6.223    3.4613
 6.216    3.3926
 6.209    3.3296
 6.201    3.2766
 6.194    3.2342
 6.186    3.1866
 6.179    3.1504
 6.172    3.1317
 6.164    3.1321
 6.157    3.1440
 6.150    3.1605
 6.142    3.1942
 6.135    3.2330
 6.128    3.2659
 6.121    3.3116
 6.113    3.3654
 6.106    3.4163
 6.099    3.4682
 6.092    3.5338
 6.085    3.6242
 6.078    3.7201
 6.070    3.8168
 6.063    3.9394
 6.056    4.0801
 6.049    4.2262
 6.042    4.3894
 6.035    4.5665
 6.028    4.7619
 6.021    4.9549
 6.014    5.1325
 6.007    5.3139
 6.000    5.4991
 5.993    5.6819
 5.986    5.8475
 5.979    5.9966
 5.973    6.1518
 5.966    6.3078
 5.959    6.4620
 5.952    6.6323
 5.945    6.8231
 5.938    7.0232
 5.931    7.2193
 5.925    7.4130
 5.918    7.6020
 5.911    7.7794
 5.904    7.9447
 5.898    8.0939
 5.891    8.2296
 5.884    8.3589
 5.878    8.4792
 5.871    8.5850
 5.864    8.6767
 5.858    8.7529
 5.851    8.8067
 5.845    8.8332
 5.838    8.8477
 5.831    8.8583
 5.825    8.8631
 5.818    8.8728
 5.812    8.8894
 5.805    8.9066
 5.799    8.9182
 5.792    8.9194
 5.786    8.9038
 5.779    8.8789
 5.773    8.8557
 5.767    8.8510
 5.760    8.8725
 5.754    8.9289
 5.747    9.0385
 5.741    9.2020
 5.735    9.3983
 5.728    9.6195
 5.722    9.8563
 5.716   10.0960
 5.709   10.3280
 5.703   10.5440
 5.697   10.7650
 5.691   11.0120
 5.684   11.2880
 5.678   11.5960
 5.672   11.9500
 5.666   12.3470
 5.660   12.7470
 5.653   13.0900
 5.647   13.3330
 5.641   13.4340
 5.635   13.3340
 5.629   12.9660
 5.623   12.2880
 5.617   11.3100
 5.611   10.0450
 5.604    8.5315
 5.598    6.8913
 5.592    5.3132
 5.586    3.9799
 5.580    2.9808
 5.574    2.3172
 5.568    1.9769
 5.562    1.9435
 5.556    2.2190
 5.551    2.8669
 5.545    3.9619
 5.539    5.4792
 5.533    7.2610
 5.527    9.0859
 5.521   10.7520
 5.515   12.1600
 5.509   13.3100
 5.503   14.2790
 5.497   15.1630
 5.492   16.0420
 5.486   16.9770
 5.480   18.0090
 5.474   19.1590
 5.468   20.4160
 5.463   21.7400
 5.457   23.0850
 5.451   24.3910
 5.446   25.6220
 5.440   26.7590
 5.434   27.8130
 5.428   28.8030
 5.423   29.7310
 5.417   30.6020
 5.411   31.4220
 5.406   32.1960
 5.400   32.9190
 5.394   33.5980
 5.389   34.2520
 5.383   34.8800
 5.378   35.4760
 5.372   36.0460
 5.367   36.5890
 5.361   37.1100
 5.356   37.6120
 5.350   38.1040
 5.345   38.5860
 5.339   39.0530
 5.333   39.4980
 5.328   39.9220
 5.322   40.3260
 5.317   40.7170
 5.312   41.0970
 5.306   41.4630
 5.301   41.8200
 5.295   42.1650
 5.290   42.4940
 5.285   42.8100
 5.279   43.1230
 5.274   43.4360
 5.268   43.7340
 5.263   44.0220
 5.258   44.3150
 5.252   44.6030
 5.247   44.8850
 5.242   45.1590
 5.237   45.4270
 5.231   45.6820
 5.226   45.9130
 5.221   46.1300
 5.215   46.3400
 5.210   46.5450
 5.205   46.7490
 5.200   46.9520
 5.194   47.1530
 5.189   47.3390
 5.184   47.5020
 5.179   47.6550
 5.174   47.8020
 5.169   47.9470
 5.164   48.0920
 5.158   48.2320
 5.153   48.3670
 5.148   48.4940
 5.143   48.6150
 5.138   48.7250
 5.133   48.8140
 5.128   48.8360
 5.123   48.6550
 5.118   48.0680
 5.113   47.0370
 5.107   45.9150
 5.103   45.1730
 5.098   45.0780
 5.093   45.6780
 5.088   46.7950
 5.082   48.0470
 5.077   48.9930
 5.073   49.4410
 5.068   49.5900
 5.063   49.6870
 5.058   49.8220
 5.053   50.0020
 5.048   50.2060
 5.043   50.3900
 5.038   50.5310
 5.033   50.6320
 5.028   50.7060
 5.023   50.7620
 5.019   50.8060
 5.014   50.8430
 5.009   50.8810
 5.004   50.9110
 4.999   50.9350
 4.994   50.9580
 4.990   50.9790
 4.985   50.9930
 4.980   51.0020
 4.975   51.0140
 4.970   51.0230
 4.966   51.0300
 4.961   51.0400
 4.956   51.0560
 4.951   51.0760
 4.947   51.0920
 4.942   51.1070
 4.937   51.1360
 4.933   51.1730
 4.928   51.2110
 4.923   51.2530
 4.919   51.2960
 4.914   51.3410
 4.909   51.3820
 4.905   51.4150
 4.900   51.4540
 4.895   51.5070
 4.891   51.5610
 4.886   51.6100
 4.882   51.6530
 4.877   51.6970
 4.872   51.7370
 4.868   51.7650
 4.863   51.7880
 4.859   51.8190
 4.854   51.8510
 4.849   51.8880
 4.845   51.9280
 4.840   51.9670
 4.836   51.9980
 4.832   52.0200
 4.827   52.0370
 4.822   52.0510
 4.818   52.0640
 4.814   52.0780
 4.809   52.0860
 4.805   52.0900
 4.800   52.0940
 4.796   52.0960
 4.791   52.0940
 4.787   52.0770
 4.782   52.0370
 4.778   51.9650
 4.774   51.8570
 4.769   51.7080
 4.765   51.5280
 4.761   51.3220
 4.756   51.0880
 4.752   50.8170
 4.747   50.4920
 4.743   50.1060
 4.739   49.6550
 4.734   49.1110
 4.730   48.4550
 4.726   47.6740
 4.721   46.7540
 4.717   45.7030
 4.713   44.5430
 4.709   43.3220
 4.704   42.1000
 4.700   40.9310
 4.696   39.8730
 4.691   38.9600
 4.687   38.2060
 4.683   37.6190
 4.679   37.1880
 4.675   36.8940
 4.670   36.7200
 4.666   36.6780
 4.662   36.8040
 4.658   37.1120
 4.654   37.6120
 4.649   38.2990
 4.645   39.1480
 4.641   40.0900
 4.637   41.0360
 4.633   41.9160
 4.629   42.7040
 4.625   43.3940
 4.620   43.9910
 4.616   44.5060
 4.612   44.9540
 4.608   45.3530
 4.604   45.7020
 4.600   45.9990
 4.596   46.2680
 4.592   46.5160
 4.588   46.7410
 4.584   46.9310
 4.580   47.0900
 4.576   47.2280
 4.572   47.3400
 4.567   47.4420
 4.564   47.5360
 4.559   47.6120
 4.556   47.6780
 4.551   47.7410
 4.548   47.8040
 4.543   47.8550
 4.540   47.8950
 4.536   47.9400
 4.532   47.9860
 4.528   48.0280
 4.524   48.0730
 4.520   48.1410
 4.516   48.2250
 4.512   48.3190
 4.508   48.4270
 4.504   48.5570
 4.500   48.7130
 4.496   48.8940
 4.492   49.0990
 4.488   49.3330
 4.485   49.5780
 4.481   49.8280
 4.477   50.0720
 4.473   50.2970
 4.469   50.5020
 4.465   50.6900
 4.461   50.8580
 4.458   51.0040
 4.454   51.1430
 4.450   51.2930
 4.446   51.4620
 4.442   51.6500
 4.439   51.8490
 4.435   52.0510
 4.431   52.2490
 4.427   52.4300
 4.423   52.5980
 4.420   52.7600
 4.416   52.9130
 4.412   53.0620
 4.408   53.1970
 4.404   53.3100
 4.401   53.4060
 4.397   53.4850
 4.393   53.5560
 4.390   53.6190
 4.386   53.6730
 4.382   53.7270
 4.378   53.7670
 4.375   53.7820
 4.371   53.7700
 4.367   53.7200
 4.364   53.6270
 4.360   53.4970
 4.356   53.3370
 4.353   53.1690
 4.349   53.0010
 4.346   52.8460
 4.342   52.7220
 4.338   52.6240
 4.335   52.5540
 4.331   52.5100
 4.327   52.4820
 4.324   52.4650
 4.320   52.4460
 4.316   52.4330
 4.313   52.4330
 4.309   52.4510
 4.306   52.4940
 4.302   52.5600
 4.299   52.6330
 4.295   52.6940
 4.292   52.7310
 4.288   52.7560
 4.284   52.7700
 4.281   52.7780
 4.277   52.7840
 4.274   52.7900
 4.270   52.7860
 4.267   52.7720
 4.263   52.7480
 4.260   52.7200
 4.256   52.6860
 4.253   52.6440
 4.249   52.5930
 4.246   52.5390
 4.242   52.4830
 4.239   52.4270
 4.235   52.3670
 4.232   52.3030
 4.229   52.2350
 4.225   52.1700
 4.222   52.1120
 4.218   52.0650
 4.215   52.0260
 4.211   51.9910
 4.208   51.9510
 4.205   51.8890
 4.201   51.8070
 4.198   51.7110
 4.194   51.6010
 4.191   51.4730
 4.188   51.3360
 4.184   51.1970
 4.181   51.0490
 4.177   50.8900
 4.174   50.7340
 4.171   50.5810
 4.167   50.4170
 4.164   50.2340
 4.161   50.0320
 4.157   49.8160
 4.154   49.5790
 4.151   49.3310
 4.147   49.0820
 4.144   48.8200
 4.141   48.5380
 4.137   48.2330
 4.134   47.9060
 4.131   47.5710
 4.128   47.2250
 4.124   46.8590
 4.121   46.4810
 4.118   46.0900
 4.114   45.6860
 4.111   45.2700
 4.108   44.8540
 4.105   44.4410
 4.101   44.0280
 4.098   43.5910
 4.095   43.1250
 4.092   42.6260
 4.088   42.0800
 4.085   41.4910
 4.082   40.8620
 4.079   40.1860
 4.076   39.4690
 4.072   38.7160
 4.069   37.9350
 4.066   37.1290
 4.063   36.2890
 4.060   35.3990
 4.056   34.4250
 4.053   33.3110
 4.050   32.0200
 4.047   30.5360
 4.044   28.8810
 4.041   27.1080
 4.037   25.2920
 4.034   23.5110
 4.031   21.8110
 4.028   20.2120
 4.025   18.7260
 4.022   17.3520
 4.019   16.0620
 4.016   14.8330
 4.013   13.6610
 4.009   12.5300
 4.006   11.4300
 4.003   10.3630
 4.000    9.3554
 3.997    8.4489
 3.994    7.6489
 3.991    6.9669
 3.988    6.4220
 3.985    6.0234
 3.982    5.7537
 3.979    5.5836
 3.976    5.5031
 3.973    5.4963
 3.970    5.5441
 3.966    5.6518
 3.963    5.8368
 3.960    6.1212
 3.957    6.5094
 3.954    7.0045
 3.951    7.6148
 3.948    8.3388
 3.945    9.1733
 3.942   10.0670
 3.939   10.9220
 3.936   11.6530
 3.933   12.2200
 3.930   12.6280
 3.927   12.9250
 3.924   13.1770
 3.921   13.4450
 3.918   13.7370
 3.916   14.0260
 3.913   14.2900
 3.910   14.5320
 3.907   14.7600
 3.904   14.9720
 3.901   15.1680
 3.898   15.3440
 3.895   15.4940
 3.892   15.6230
 3.889   15.7400
 3.886   15.8470
 3.883   15.9440
 3.880   16.0330
 3.877   16.1210
 3.875   16.2100
 3.872   16.3020
 3.869   16.4050
 3.866   16.5250
 3.863   16.6770
 3.860   16.8650
 3.857   17.0780
 3.854   17.3070
 3.852   17.5610
 3.849   17.8390
 3.846   18.1350
 3.843   18.4720
 3.840   18.8830
 3.837   19.3880
 3.834   19.9890
 3.832   20.6810
 3.829   21.4430
 3.826   22.2440
 3.823   23.0580
 3.820   23.8730
 3.817   24.6880
 3.815   25.5210
 3.812   26.4160
 3.809   27.4150
 3.806   28.5480
 3.804   29.8450
 3.801   31.3110
 3.798   32.9240
 3.795   34.6260
 3.792   36.3240
 3.790   37.9310
 3.787   39.3860
 3.784   40.6590
 3.781   41.7520
 3.779   42.6840
 3.776   43.5080
 3.773   44.2660
 3.770   44.9640
 3.768   45.6190
 3.765   46.2350
 3.762   46.8090
 3.759   47.3500
 3.757   47.8510
 3.754   48.3210
 3.751   48.7770
 3.748   49.2210
 3.746   49.6460
 3.743   50.0450
 3.740   50.4170
 3.738   50.7650
 3.735   51.0720
 3.732   51.3430
 3.730   51.5900
 3.727   51.8050
 3.724   51.9780
 3.722   52.1270
 3.719   52.2670
 3.716   52.3980
 3.714   52.5070
 3.711   52.6070
 3.708   52.7040
 3.706   52.7970
 3.703   52.8910
 3.700   52.9780
 3.698   53.0580
 3.695   53.1300
 3.692   53.1910
 3.690   53.2440
 3.687   53.2910
 3.684   53.3310
 3.682   53.3580
 3.679   53.3650
 3.677   53.3640
 3.674   53.3490
 3.672   53.3350
 3.669   53.3280
 3.666   53.3230
 3.664   53.3120
 3.661   53.2830
 3.659   53.2410
 3.656   53.1920
 3.653   53.1280
 3.651   53.0540
 3.648   52.9830
 3.646   52.9210
 3.643   52.8630
 3.641   52.7950
 3.638   52.7090
 3.636   52.6180
 3.633   52.5300
 3.630   52.4320
 3.628   52.3230
 3.625   52.2120
 3.623   52.0970
 3.620   51.9730
 3.618   51.8360
 3.615   51.6860
 3.613   51.5290
 3.610   51.3530
 3.608   51.1390
 3.605   50.9000
 3.603   50.6290
 3.600   50.3370
 3.598   50.0190
 3.595   49.6510
 3.593   49.2290
 3.590   48.7450
 3.588   48.1940
 3.585   47.5790
 3.583   46.8850
 3.580   46.1390
 3.578   45.3870
 3.575   44.6780
 3.573   44.0910
 3.570   43.6630
 3.568   43.3840
 3.565   43.1880
 3.563   42.9820
 3.561   42.6900
 3.558   42.2720
 3.556   41.7280
 3.553   41.0950
 3.551   40.4000
 3.548   39.6450
 3.546   38.8200
 3.543   37.9080
 3.541   36.8960
 3.539   35.7650
 3.536   34.5070
 3.534   33.1270
 3.531   31.6160
 3.529   29.9790
 3.527   28.2410
 3.524   26.4420
 3.522   24.6780
 3.519   23.0400
 3.517   21.6040
 3.515   20.3980
 3.512   19.3920
 3.510   18.5540
 3.507   17.8260
 3.505   17.1570
 3.503   16.5320
 3.500   15.9470
 3.498   15.3870
 3.496   14.8280
 3.493   14.2660
 3.491   13.7280
 3.489   13.2240
 3.486   12.7510
 3.484   12.3310
 3.482   12.0000
 3.479   11.7840
 3.477   11.7140
 3.475   11.8490
 3.472   12.2480
 3.470   12.9150
 3.468   13.7730
 3.465   14.7340
 3.463   15.6930
 3.461   16.5350
 3.458   17.2000
 3.456   17.6890
 3.454   18.0420
 3.451   18.3240
 3.449   18.5640
 3.447   18.7850
 3.445   18.9920
 3.442   19.1780
 3.440   19.3480
 3.438   19.5050
 3.436   19.6520
 3.433   19.7960
 3.431   19.9230
 3.429   20.0250
 3.426   20.1040
 3.424   20.1550
 3.422   20.1870
 3.420   20.1950
 3.417   20.1870
 3.415   20.1800
 3.413   20.1590
 3.411   20.1200
 3.408   20.0630
 3.406   19.9990
 3.404   19.9380
 3.402   19.8570
 3.399   19.7670
 3.397   19.6960
 3.395   19.6280
 3.393   19.5440
 3.391   19.4480
 3.388   19.3580
 3.386   19.2700
 3.384   19.1760
 3.382   19.0860
 3.380   19.0190
 3.377   18.9530
 3.375   18.8790
 3.373   18.8150
 3.371   18.7330
 3.369   18.6000
 3.366   18.4060
 3.364   18.1200
 3.362   17.7310
 3.360   17.2510
 3.358   16.7330
 3.355   16.2490
 3.353   15.8480
 3.351   15.6430
 3.349   15.7710
 3.347   16.3380
 3.345   17.4220
 3.342   19.0430
 3.340   21.1180
 3.338   23.4460
 3.336   25.7930
 3.334   27.9850
 3.332   29.9010
 3.330   31.4810
 3.327   32.7380
 3.325   33.7480
 3.323   34.5610
 3.321   35.1950
 3.319   35.6900
 3.317   36.1030
 3.315   36.4630
 3.313   36.8010
 3.310   37.1690
 3.308   37.6160
 3.306   38.1670
 3.304   38.8360
 3.302   39.6420
 3.300   40.5760
 3.298   41.5920
 3.296   42.6130
 3.294   43.5700
 3.292   44.4060
 3.289   45.0900
 3.287   45.6360
 3.285   46.0920
 3.283   46.4940
 3.281   46.8550
 3.279   47.1870
 3.277   47.4960
 3.275   47.7900
 3.273   48.0530
 3.271   48.2950
 3.269   48.5210
 3.267   48.7240
 3.265   48.9060
 3.263   49.0800
 3.261   49.2600
 3.258   49.4480
 3.256   49.6230
 3.254   49.7840
 3.252   49.9380
 3.250   50.0870
 3.248   50.2280
 3.246   50.3550
 3.244   50.4720
 3.242   50.5860
 3.240   50.6940
 3.238   50.7980
 3.236   50.9120
 3.234   51.0230
 3.232   51.1250
 3.230   51.2220
 3.228   51.3160
 3.226   51.4100
 3.224   51.5070
 3.222   51.5990
 3.220   51.6870
 3.218   51.7780
 3.216   51.8730
 3.214   51.9640
 3.212   52.0580
 3.210   52.1370
 3.208   52.2080
 3.206   52.2580
 3.204   52.2950
 3.202   52.3410
 3.200   52.3860
 3.198   52.4100
 3.196   52.4400
 3.194   52.4850
 3.192   52.5420
 3.190   52.5790
 3.188   52.5830
 3.186   52.5840
 3.184   52.5680
 3.182   52.5130
 3.180   52.4610
 3.179   52.4320
 3.177   52.3920
 3.175   52.3170
 3.173   52.2180
 3.171   52.1250
 3.169   52.0140
 3.167   51.8560
 3.165   51.6670
 3.163   51.4550
 3.161   51.2110
 3.159   50.9540
 3.157   50.7230
 3.155   50.5650
 3.153   50.4650
 3.152   50.3870
 3.150   50.3390
 3.148   50.3270
 3.146   50.3330
 3.144   50.3650
 3.142   50.4350
 3.140   50.5350
 3.138   50.6230
 3.136   50.6910
 3.134   50.7670
 3.132   50.8310
 3.131   50.8690
 3.129   50.9080
 3.127   50.9230
 3.125   50.8740
 3.123   50.7680
 3.121   50.6470
 3.119   50.5050
 3.117   50.3350
 3.115   50.1550
 3.114   50.0030
 3.112   49.8770
 3.110   49.7770
 3.108   49.7450
 3.106   49.7850
 3.104   49.8710
 3.102   49.9840
 3.101   50.1080
 3.099   50.2460
 3.097   50.4070
 3.095   50.5670
 3.093   50.7320
 3.091   50.9080
 3.090   51.0920
 3.088   51.2670
 3.086   51.4260
 3.084   51.5700
 3.082   51.7160
 3.080   51.8440
 3.079   51.9500
 3.077   52.0610
 3.075   52.1700
 3.073   52.2730
 3.071   52.3520
 3.069   52.4030
 3.067   52.4630
 3.066   52.5230
 3.064   52.5790
 3.062   52.6590
 3.060   52.7590
 3.059   52.8540
 3.057   52.9120
 3.055   52.9660
 3.053   53.0450
 3.051   53.1240
 3.050   53.1910
 3.048   53.2550
 3.046   53.3090
 3.044   53.3580
 3.042   53.3900
 3.041   53.4150
 3.039   53.4560
 3.037   53.5090
 3.035   53.5550
 3.033   53.5900
 3.032   53.6230
 3.030   53.6750
 3.028   53.7340
 3.026   53.8040
 3.025   53.8670
 3.023   53.9090
 3.021   53.9330
 3.019   53.9510
 3.018   53.9700
 3.016   54.0040
 3.014   54.0490
 3.012   54.1180
 3.011   54.1710
 3.009   54.1760
 3.007   54.1780
 3.005   54.1930
 3.004   54.2210
 3.002   54.2630
 3.000   54.2890
 2.998   54.3030
 2.997   54.3160
 2.995   54.3130
 2.993   54.3210
 2.991   54.3390
 2.990   54.3640
 2.988   54.4020
 2.986   54.4310
 2.985   54.4290
 2.983   54.4220
 2.981   54.4290
 2.979   54.4320
 2.978   54.4320
 2.976   54.4390
 2.974   54.4610
 2.973   54.4810
 2.971   54.4640
 2.969   54.4310
 2.967   54.4100
 2.966   54.3990
 2.964   54.3960
 2.962   54.4160
 2.961   54.4400
 2.959   54.4600
 2.957   54.4870
 2.956   54.5060
 2.954   54.5060
 2.952   54.4960
 2.951   54.4810
 2.949   54.4660
 2.947   54.4230
 2.946   54.4010
 2.944   54.4300
 2.942   54.4670
 2.941   54.4860
 2.939   54.4910
 2.937   54.4950
 2.936   54.4950
 2.934   54.4980
 2.932   54.5200
 2.931   54.5520
 2.929   54.5860
 2.927   54.6140
 2.926   54.6060
 2.924   54.5900
 2.922   54.5990
 2.921   54.6450
 2.919   54.6810
 2.917   54.7050
 2.916   54.7390
 2.914   54.7850
 2.912   54.8050
 2.911   54.8070
 2.909   54.8230
 2.908   54.8600
 2.906   54.8840
 2.904   54.8980
 2.903   54.9130
 2.901   54.9490
 2.899   54.9770
 2.898   54.9850
 2.896   54.9940
 2.895   55.0400
 2.893   55.1020
 2.891   55.1560
 2.890   55.2020
 2.888   55.2390
 2.886   55.2610
 2.885   55.2740
 2.883   55.2920
 2.882   55.3290
 2.880   55.3720
 2.878   55.4140
 2.877   55.4600
 2.875   55.4890
 2.874   55.5010
 2.872   55.5150
 2.870   55.5420
 2.869   55.5770
 2.867   55.6210
 2.866   55.6800
 2.864   55.7540
 2.863   55.8200
 2.861   55.8540
 2.859   55.8590
 2.858   55.8650
 2.856   55.8720
 2.855   55.8680
 2.853   55.8610
 2.852   55.8840
 2.850   55.9140
 2.848   55.9200
 2.847   55.9280
 2.845   55.9630
 2.844   56.0010
 2.842   56.0200
 2.841   56.0220
 2.839   56.0430
 2.837   56.0590
 2.836   56.0390
 2.834   56.0080
 2.833   55.9820
 2.831   55.9370
 2.830   55.8750
 2.828   55.8070
 2.827   55.7610
 2.825   55.7280
 2.824   55.6790
 2.822   55.6270
 2.821   55.5780
 2.819   55.5140
 2.817   55.4450
 2.816   55.3760
 2.814   55.2980
 2.813   55.2010
 2.811   55.0830
 2.810   54.9480
 2.808   54.7720
 2.807   54.5690
 2.805   54.3760
 2.804   54.1890
 2.802   53.9980
 2.801   53.8070
 2.799   53.5990
 2.798   53.3540
 2.796   53.0600
 2.795   52.7490
 2.793   52.4400
 2.792   52.1210
 2.790   51.8360
 2.789   51.6440
 2.787   51.5610
 2.786   51.6040
 2.784   51.7770
 2.783   52.0670
 2.781   52.4150
 2.780   52.7700
 2.778   53.1300
 2.777   53.4920
 2.775   53.8400
 2.774   54.1850
 2.772   54.5170
 2.771   54.8600
 2.769   55.2290
 2.768   55.5910
 2.766   55.9240
 2.765   56.2350
 2.763   56.5210
 2.762   56.7840
 2.761   56.9820
 2.759   57.1450
 2.757   57.3150
 2.756   57.4590
 2.755   57.5680
 2.753   57.6910
 2.752   57.8490
 2.750   58.0220
 2.749   58.1730
 2.747   58.3010
 2.746   58.4050
 2.744   58.4500
 2.743   58.4510
 2.741   58.4790
 2.740   58.5350
 2.739   58.5980
 2.737   58.6910
 2.736   58.7960
 2.734   58.8840
 2.733   58.9350
 2.731   58.9680
 2.730   58.9940
 2.728   58.9560
 2.727   58.9050
 2.726   58.8960
 2.724   58.9080
 2.723   59.0110
 2.721   59.2360
 2.720   59.5390
 2.719   59.8490
 2.717   60.1000
 2.716   60.2850
 2.714   60.3830
 2.713   60.4110
 2.711   60.4550
 2.710   60.5620
 2.708   60.7080
 2.707   60.8680
 2.706   61.0290
 2.704   61.1500
 2.703   61.2350
 2.701   61.3220
 2.700   61.4030
 2.699   61.4700
 2.697   61.5270
 2.696   61.5980
 2.695   61.6760
 2.693   61.7650
 2.692   61.8710
 2.690   61.9890
 2.689   62.0920
 2.688   62.1670
 2.686   62.2400
 2.685   62.3250
 2.683   62.3750
 2.682   62.4080
 2.680   62.4200
 2.679   62.4190
 2.678   62.4320
 2.676   62.4740
 2.675   62.5050
 2.674   62.5170
 2.672   62.5320
 2.671   62.5360
 2.670   62.5100
 2.668   62.4900
 2.667   62.5340
 2.665   62.5970
 2.664   62.6380
 2.663   62.6860
 2.661   62.7830
 2.660   62.8670
 2.659   62.9100
 2.657   62.9210
 2.656   62.9330
 2.655   62.9270
 2.653   62.9290
 2.652   62.9400
 2.650   62.9630
 2.649   62.9900
 2.648   63.0120
 2.646   63.0050
 2.645   63.0000
 2.644   63.0130
 2.642   63.0200
 2.641   63.0210
 2.640   63.0270
 2.638   63.0260
 2.637   63.0230
 2.636   62.9920
 2.634   62.9400
 2.633   62.9110
 2.632   62.8860
 2.630   62.8650
 2.629   62.8720
 2.627   62.8820
 2.626   62.9180
 2.625   62.9260
 2.624   62.8730
 2.622   62.8550
 2.621   62.8310
 2.620   62.7930
 2.618   62.7850
 2.617   62.8010
 2.616   62.8610
 2.614   62.9250
 2.613   62.9530
 2.612   62.9920
 2.610   62.9770
 2.609   62.9080
 2.608   62.8420
 2.606   62.7940
 2.605   62.7780
 2.604   62.7970
 2.603   62.8290
 2.601   62.8760
 2.600   62.8650
 2.599   62.7180
 2.597   62.5490
 2.596   62.4490
 2.595   62.3980
 2.593   62.3940
 2.592   62.4420
 2.591   62.5110
 2.590   62.5460
 2.588   62.4580
 2.587   62.3410
 2.586   62.2820
 2.584   62.2290
 2.583   62.1890
 2.582   62.1780
 2.580   62.1610
 2.579   62.1410
 2.578   62.0610
 2.577   61.9470
 2.575   61.8720
 2.574   61.7840
 2.573   61.7010
 2.571   61.6530
 2.570   61.6130
 2.569   61.5490
 2.568   61.4410
 2.566   61.2970
 2.565   61.1370
 2.564   60.9250
 2.563   60.7150
 2.561   60.5400
 2.560   60.3500
 2.559   60.1300
 2.558   59.8850
 2.556   59.5820
 2.555   59.2120
 2.554   58.8070
 2.553   58.4080
 2.551   58.0060
 2.550   57.6000
 2.549   57.2010
 2.547   56.8000
 2.546   56.3840
 2.545   55.9580
 2.544   55.5390
 2.543   55.1420
 2.541   54.7690
 2.540   54.4470
 2.539   54.1830
 2.538   53.9950
 2.536   53.8930
 2.535   53.8790
 2.534   53.9350
 2.533   54.0360
 2.531   54.1530
 2.530   54.2990
 2.529   54.4770
 2.528   54.6760
 2.526   54.8910
 2.525   55.1270
 2.524   55.3500
 2.523   55.5520
 2.522   55.7420
 2.520   55.9270
 2.519   56.1100
 2.518   56.2780
 2.517   56.4340
 2.515   56.5810
 2.514   56.7100
 2.513   56.8200
 2.512   56.9120
 2.511   56.9970
 2.509   57.0780
 2.508   57.1340
 2.507   57.1770
 2.506   57.2180
 2.504   57.2730
 2.503   57.3370
 2.502   57.3860
 2.501   57.4440
 2.500   57.4990
 2.498   57.5370
 2.497   57.5830
 2.496   57.6440
 2.495   57.7160
 2.494   57.8010
 2.492   57.8810
 2.491   57.9620
 2.490   58.0400
 2.489   58.1200
 2.488   58.2100
 2.486   58.3050
 2.485   58.3930
 2.484   58.4850
 2.483   58.5940
 2.482   58.7160
 2.481   58.8510
 2.479   58.9870
 2.478   59.1170
 2.477   59.2500
 2.476   59.3840
 2.474   59.5050
 2.473   59.6200
 2.472   59.7320
 2.471   59.8710
 2.470   60.0320
 2.469   60.1780
 2.467   60.3070
 2.466   60.4500
 2.465   60.5900
 2.464   60.6930
 2.463   60.7770
 2.462   60.8790
 2.460   60.9880
 2.459   61.0860
 2.458   61.1780
 2.457   61.2780
 2.456   61.3800
 2.455   61.4760
 2.454   61.5750
 2.452   61.6760
 2.451   61.7450
 2.450   61.8190
 2.449   61.8940
 2.448   61.9520
 2.446   62.0070
 2.445   62.0640
 2.444   62.1340
 2.443   62.2170
 2.442   62.2620
 2.441   62.3050
 2.440   62.3650
 2.438   62.4180
 2.437   62.4590
 2.436   62.4910
 2.435   62.5470
 2.434   62.5950
 2.433   62.6150
 2.432   62.6640
 2.430   62.7280
 2.429   62.7700
 2.428   62.8060
 2.427   62.8640
 2.426   62.9460
 2.425   62.9960
 2.424   63.0150
 2.422   63.0560
 2.421   63.1040
 2.420   63.1240
 2.419   63.1310
 2.418   63.1470
 2.417   63.1810
 2.416   63.2150
 2.415   63.2280
 2.414   63.2520
 2.412   63.2870
 2.411   63.3070
 2.410   63.3160
 2.409   63.3200
 2.408   63.3280
 2.407   63.3310
 2.406   63.3140
 2.405   63.2870
 2.403   63.2650
 2.402   63.2810
 2.401   63.3070
 2.400   63.2970
 2.399   63.2840
 2.398   63.2740
 2.397   63.2580
 2.396   63.2460
 2.394   63.2560
 2.393   63.2980
 2.392   63.3220
 2.391   63.3270
 2.390   63.3470
 2.389   63.3740
 2.388   63.3870
 2.387   63.3920
 2.386   63.4050
 2.385   63.4140
 2.384   63.3900
 2.382   63.3550
 2.381   63.3180
 2.380   63.2680
 2.379   63.1970
 2.378   63.1460
 2.377   63.1440
 2.376   63.1500
 2.375   63.1330
 2.374   63.0910
 2.373   63.0400
 2.372   62.9770
 2.370   62.8830
 2.369   62.7940
 2.368   62.7100
 2.367   62.6200
 2.366   62.5530
 2.365   62.4720
 2.364   62.3700
 2.363   62.2800
 2.362   62.1710
 2.361   62.0380
 2.360   61.8670
 2.359   61.6860
 2.357   61.5320
 2.356   61.3630
 2.355   61.1610
 2.354   60.9730
 2.353   60.7990
 2.352   60.6320
 2.351   60.4570
 2.350   60.2920
 2.349   60.1470
 2.348   59.9920
 2.347   59.8290
 2.346   59.6840
 2.345   59.5690
 2.344   59.4800
 2.343   59.4070
 2.341   59.3480
 2.341   59.3230
 2.339   59.3150
 2.338   59.3220
 2.337   59.3340
 2.336   59.3530
 2.335   59.3870
 2.334   59.4060
 2.333   59.4210
 2.332   59.4840
 2.331   59.5700
 2.330   59.6330
 2.329   59.6760
 2.328   59.7550
 2.327   59.8650
 2.326   59.9680
 2.325   60.0540
 2.324   60.1340
 2.323   60.2240
 2.322   60.2940
 2.321   60.3340
 2.320   60.3950
 2.318   60.4710
 2.317   60.5410
 2.316   60.5720
 2.315   60.5900
 2.314   60.6620
 2.313   60.7500
 2.312   60.8200
 2.311   60.8740
 2.310   60.9120
 2.309   60.9370
 2.308   60.9390
 2.307   60.9410
 2.306   60.9540
 2.305   60.9770
 2.304   61.0160
 2.303   61.0390
 2.302   61.0470
 2.301   61.0750
 2.300   61.1120
 2.299   61.1470
 2.298   61.2050
 2.297   61.2900
 2.296   61.3840
 2.295   61.4640
 2.294   61.5160
 2.293   61.5460
 2.292   61.5600
 2.291   61.5780
 2.290   61.5980
 2.289   61.6230
 2.288   61.6550
 2.287   61.7240
 2.286   61.8200
 2.285   61.8890
 2.284   61.9360
 2.283   62.0050
 2.282   62.0550
 2.281   62.0820
 2.280   62.1350
 2.279   62.2370
 2.278   62.3410
 2.277   62.4100
 2.276   62.4540
 2.275   62.5160
 2.274   62.5670
 2.273   62.5950
 2.272   62.6440
 2.271   62.7140
 2.270   62.7490
 2.269   62.7600
 2.268   62.7640
 2.267   62.7770
 2.266   62.8000
 2.265   62.8500
 2.264   62.9230
 2.263   62.9980
 2.262   63.0550
 2.261   63.0930
 2.260   63.1220
 2.259   63.1600
 2.258   63.1850
 2.257   63.2130
 2.256   63.2420
 2.255   63.2680
 2.254   63.3060
 2.253   63.3580
 2.252   63.4330
 2.251   63.5010
 2.250   63.5150
 2.249   63.5280
 2.248   63.5430
 2.247   63.5500
 2.246   63.5510
 2.245   63.5510
 2.244   63.5570
 2.243   63.5400
 2.242   63.5380
 2.241   63.5800
 2.240   63.6150
 2.239   63.6570
 2.238   63.6980
 2.237   63.7040
 2.236   63.6950
 2.236   63.6980
 2.235   63.7480
 2.234   63.8250
 2.233   63.8930
 2.232   63.9310
 2.231   63.9460
 2.230   63.9340
 2.229   63.9020
 2.228   63.8810
 2.227   63.8830
 2.226   63.9110
 2.225   63.9400
 2.224   63.9280
 2.223   63.9190
 2.222   63.9520
 2.221   63.9730
 2.220   63.9830
 2.219   63.9920
 2.218   63.9940
 2.217   63.9850
 2.216   63.9610
 2.216   63.9350
 2.215   63.9210
 2.214   63.9140
 2.213   63.9420
 2.212   63.9740
 2.211   64.0070
 2.210   64.0530
 2.209   64.1100
 2.208   64.1390
 2.207   64.1500
 2.206   64.1520
 2.205   64.1690
 2.204   64.1580
 2.203   64.1380
 2.202   64.1410
 2.201   64.1710
 2.200   64.1940
 2.200   64.1860
 2.199   64.1570
 2.198   64.1630
 2.197   64.1710
 2.196   64.1580
 2.195   64.1490
 2.194   64.1570
 2.193   64.1630
 2.192   64.1460
 2.191   64.1480
 2.190   64.1850
 2.189   64.2190
 2.188   64.2350
 2.187   64.2210
 2.187   64.2040
 2.186   64.1880
 2.185   64.1720
 2.184   64.1550
 2.183   64.1680
 2.182   64.1980
 2.181   64.2160
 2.180   64.2290
 2.179   64.2610
 2.178   64.3030
 2.177   64.3420
 2.176   64.3540
 2.176   64.3360
 2.175   64.2990
 2.174   64.2610
 2.173   64.2250
 2.172   64.2070
 2.171   64.2160
 2.170   64.2230
 2.169   64.2200
 2.168   64.1960
 2.167   64.1830
 2.166   64.1940
 2.166   64.1610
 2.165   64.1170
 2.164   64.0790
 2.163   64.0390
 2.162   64.0540
 2.161   64.0970
 2.160   64.1540
 2.159   64.2200
 2.158   64.2460
 2.157   64.2440
 2.156   64.2190
 2.156   64.1980
 2.155   64.1920
 2.154   64.1640
 2.153   64.1590
 2.152   64.1740
 2.151   64.1590
 2.150   64.1460
 2.149   64.1790
 2.148   64.2190
 2.148   64.2600
 2.147   64.2800
 2.146   64.2770
 2.145   64.2470
 2.144   64.1810
 2.143   64.1540
 2.142   64.1660
 2.141   64.1770
 2.140   64.2580
 2.140   64.3540
 2.139   64.3970
 2.138   64.4090
 2.137   64.4440
 2.136   64.4830
 2.135   64.4770
 2.134   64.4550
 2.133   64.4450
 2.132   64.4080
 2.132   64.3700
 2.131   64.3500
 2.130   64.3710
 2.129   64.4120
 2.128   64.4270
 2.127   64.4310
 2.126   64.4330
 2.126   64.4250
 2.125   64.4250
 2.124   64.4430
 2.123   64.4510
 2.122   64.4480
 2.121   64.4320
 2.120   64.4210
 2.119   64.4350
 2.119   64.4680
 2.118   64.4910
 2.117   64.5110
 2.116   64.5340
 2.115   64.5400
 2.114   64.5450
 2.113   64.5610
 2.112   64.5680
 2.112   64.5610
 2.111   64.5450
 2.110   64.5000
 2.109   64.4620
 2.108   64.4620
 2.107   64.4540
 2.107   64.4230
 2.106   64.4090
 2.105   64.4190
 2.104   64.4430
 2.103   64.4430
 2.102   64.4410
 2.101   64.4780
 2.100   64.5180
 2.100   64.5310
 2.099   64.5360
 2.098   64.5580
 2.097   64.5810
 2.096   64.5850
 2.095   64.6070
 2.095   64.6310
 2.094   64.6360
 2.093   64.5740
 2.092   64.4500
 2.091   64.3660
 2.090   64.3240
 2.090   64.3370
 2.089   64.4300
 2.088   64.5460
 2.087   64.6340
 2.086   64.6670
 2.085   64.6850
 2.084   64.7180
 2.084   64.7210
 2.083   64.7250
 2.082   64.7970
 2.081   64.6680
 2.080   64.7040
 2.079   64.6380
 2.076   64.6380
 2.072   64.6380
 2.068   64.5830
 2.064   64.8670
 2.060   65.0950
 2.056   65.1510
 2.052   64.9060
 2.048   64.7400
 2.044   64.6840
 2.040   64.7230
 2.036   64.4640
 2.032   64.1910
 2.028   64.2150
 2.024   64.4560
 2.020   64.5660
 2.016   64.2300
 2.012   63.8810
 2.008   63.8670
 2.004   63.6670
 2.000   63.6130
 1.996   63.6390
 1.992   63.6920
 1.988   63.5850
 1.984   63.4000
 1.980   63.2940
 1.976   63.2280
 1.972   63.1760
 1.968   63.2150
 1.964   63.2020
 1.960   63.3600
 1.956   63.4120
 1.952   63.5440
 1.948   63.4910
 1.944   63.4910
 1.940   63.3600
 1.936   63.2940
 1.932   63.2220
 1.928   63.2150
 1.924   63.0960
 1.920   63.0020
 1.916   62.7630
 1.912   62.9490
 1.908   62.9490
 1.904   62.8510
 1.900   62.9920
 1.896   63.1100
 1.892   63.4870
 1.888   63.2490
 1.884   63.0420
 1.880   63.3440
 1.876   63.5020
 1.872   63.4930
 1.868   63.1360
 1.864   62.8850
 1.860   62.8740
 1.856   62.8900
 1.852   63.1490
 1.848   63.2100
 1.844   63.4440
 1.840   63.6040
 1.836   63.7630
 1.832   63.7350
 1.828   63.5610
 1.824   63.2360
 1.820   63.3250
 1.816   63.5430
 1.812   63.1200
 1.808   63.2480
 1.804   63.4920
 1.800   63.4020
 1.796   62.9670
 1.792   63.2480
 1.788   63.6580
 1.784   63.5680
 1.780   63.2230
 1.776   62.6720
 1.772   62.3920
 1.768   62.3320
 1.764   62.3320
 1.760   62.2520
 1.756   62.2910
 1.752   62.3190
 1.748   62.4860
 1.744   62.7260
 1.740   62.8270
 1.736   63.3770
 1.732   63.7120
 1.728   63.8160
 1.724   63.9070
 1.720   63.8930
 1.716   63.8130
 1.712   63.8650
 1.708   63.8600
 1.704   63.5170
 1.700   63.0920
 1.696   63.4240
 1.692   63.1810
 1.688   63.2830
 1.684   63.1940
 1.680   63.7710
 1.676   63.4650
 1.672   63.7430
 1.668   63.5510
 1.664   63.3340
 1.660   63.6540
 1.656   62.7470
 1.652   62.4960
 1.648   62.9140
 1.644   63.5530
 1.640   63.5260
 1.636   63.7050
 1.632   63.5010
 1.628   63.0400
 1.624   63.2060
 1.620   63.1050
 1.616   62.9020
 1.612   63.0290
 1.608   63.4240
 1.604   63.8600
 1.600   63.6420
 1.596   63.5770
 1.592   64.0020
 1.588   63.9500
 1.584   63.6420
 1.580   63.6690
 1.576   63.5840
 1.572   63.7500
 1.568   63.6340
 1.564   63.0100
 1.560   62.7590
 1.556   62.6590
 1.552   62.6820
 1.548   62.5270
 1.544   62.6540
 1.540   62.6700
 1.536   63.3920
 1.532   63.6340
 1.528   63.6860
 1.524   63.8890
 1.520   63.3280
 1.516   63.2270
 1.512   63.1110
 1.508   63.2120
 1.504   63.1590
 1.500   63.1300
 1.496   63.2340
 1.492   62.3730
 1.488   62.2620
 1.484   62.4300
 1.480   62.2300
 1.476   62.1300
 1.472   62.1700
 1.468   62.8610
 1.464   63.1550
 1.460   63.1310
 1.456   63.2590
 1.452   63.2860
 1.448   63.1330
 1.444   63.2470
 1.440   63.2420
 1.436   63.3440
 1.432   63.5370
 1.428   63.4350
 1.424   63.3710
 1.420   63.4100
 1.416   63.4100
 1.412   63.3960
 1.408   63.2950
 1.404   63.2810
 1.400   63.0160
 1.396   62.9760
 1.392   62.4980
 1.388   62.1940
 1.384   62.0530
 1.380   62.8450
 1.376   63.5620
 1.372   63.3270
 1.368   63.5980
 1.364   63.6880
 1.360   63.5830
 1.356   63.2060
 1.352   63.3410
 1.348   63.2880
 1.344   63.3650
 1.340   62.9370
 1.336   63.1250
 1.332   63.0710
 1.328   63.0820
 1.324   62.7850
 1.320   62.9150
 1.316   62.9630
 1.312   63.0030
 1.308   63.0920
 1.304   62.9910
 1.300   63.0800
 1.296   62.9910
 1.292   63.0530
 1.288   63.0640
 1.284   62.9580
 1.280   62.9520
 1.276   63.0760
 1.272   62.9850
 1.268   62.9570
 1.264   63.3410
 1.260   63.7060
 1.256   63.6940
 1.252   63.7850
 1.248   63.6420
 1.244   63.2430
 1.240   62.8890
 1.236   63.2120
 1.232   63.2630
 1.228   63.3770
 1.224   62.9910
 1.220   62.9400
 1.216   62.9510
 1.212   62.7080
 1.208   62.4160
 1.204   62.4160
 1.200   62.4160
 1.196   62.3750
 1.192   62.3160
 1.188   62.1040
 1.184   62.1450
 1.180   62.2750
 1.176   62.2160
 1.172   62.2070
 1.168   62.2070
 1.164   62.0380
 1.160   62.1760
 1.156   62.1540
 1.152   62.0900
 1.148   62.8750
 1.144   62.7440
 1.140   62.7040
 1.136   63.0140
 1.132   62.7730
 1.128   62.7320
 1.124   62.5210
 1.120   62.2570
 1.116   63.1240
 1.112   63.6110
 1.108   63.3780
 1.104   62.9930
 1.100   62.9240
 1.096   63.5090
 1.092   62.9320
 1.088   62.9020
 1.084   63.2060
 1.080   62.7410
 1.076   63.0730
 1.072   62.9710
 1.068   62.2930
 1.064   62.0820
 1.060   62.3700
 1.056   62.4230
 1.052   62.3250
 1.048   62.6800
 1.044   62.9010
 1.040   63.0610
 1.036   63.2230
 1.032   62.9510
 1.028   63.2020
 1.024   63.1220
 1.020   63.2120
 1.016   63.1720
 1.012   62.6400
 1.008   63.0210
 1.004   63.2120
 1.000   62.5100
 0.996   62.7710
 0.992   62.7900
 0.988   62.7510
 0.984   62.3520
 0.980   63.2740
 0.976   63.1320
 0.972   62.7000
 0.968   62.8210
 0.964   62.8410
 0.960   63.0920
 0.956   63.1430
 0.952   62.9020
 0.948   62.9920
 0.944   62.9920
 0.940   62.9810
 0.936   62.8810
 0.932   63.0210
 0.928   62.9900
 0.924   63.1200
 0.920   62.7220
 0.916   63.1100
 0.912   63.0600
 0.908   63.1600
 0.904   62.8810
 0.900   63.0700
 0.896   62.9310
 0.892   62.7520
 0.888   62.9810
 0.884   62.8120
 0.880   62.8030
 0.876   62.6840
 0.872   62.9450
 0.868   62.6630
 0.864   62.7240
 0.860   62.7170
 0.856   62.6130
 0.852   62.5720
 0.848   62.4750
 0.844   62.2680
 0.840   62.2680
 0.836   62.6120
 0.832   62.0270
 0.828   62.2500
 0.824   62.3710
 0.820   62.8550
 0.816   62.4110
 0.812   62.1630
 0.808   62.8030
 0.804   62.6130
 0.800   62.4630
 0.799   61.7710
 0.798   61.7710
 0.797   61.9090
 0.796   62.3150
 0.795   62.3150
 0.794   62.6440
 0.793   62.2980
 0.792   62.2580
 0.791   62.1980
 0.790   62.3120
 0.789   62.3550
 0.788   62.0470
 0.787   61.9090
 0.786   62.1280
 0.785   62.3550
 0.784   62.5470
 0.783   62.6440
 0.782   62.0710
 0.781   61.9710
 0.780   62.3520
 0.779   62.6220
 0.778   62.5070
 0.777   62.5870
 0.776   62.1280
 0.775   61.9150
 0.774   62.0120
 0.773   62.1080
 0.772   62.3380
 0.771   62.2450
 0.770   61.8860
 0.769   61.6740
 0.768   61.9520
 0.767   62.4870
 0.766   62.4870
 0.765   62.1050
 0.764   62.8340
 0.763   62.9150
 0.762   62.6090
 0.761   62.5210
 0.760   62.0650
 0.759   62.1850
 0.758   62.1850
 0.757   61.8950
 0.756   62.1220
 0.755   62.4470
 0.754   62.9860
 0.753   62.3380
 0.752   62.5890
 0.751   62.3950
 0.750   62.1850
 0.749   62.3160
 0.748   62.5090
 0.747   62.3160
 0.746   62.3950
 0.745   62.2190
 0.744   62.4460
 0.743   62.0720
 0.742   61.9050
 0.741   62.5330
 0.740   62.6330
 0.739   62.3500
 0.738   62.4470
 0.737   62.2190
 0.736   61.9450
 0.735   61.8310
 0.734   61.9610
 0.733   62.1900
 0.732   62.4970
 0.731   62.4430
 0.730   61.8890
 0.729   62.6180
 0.728   62.9860
 0.727   62.6370
 0.726   62.9080
 0.725   62.3220
 0.724   62.1900
 0.723   62.2870
 0.722   62.1130
 0.721   62.3450
 0.720   62.2460
 0.719   62.7860
 0.718   62.8450
 0.717   63.0800
 0.716   63.1390
 0.715   62.6920
 0.714   62.6920
 0.713   62.5170
 0.712   62.7660
 0.711   62.2970
 0.710   62.4310
 0.709   62.5510
 0.708   62.6680
 0.707   62.3200
 0.706   62.5330
 0.705   62.7870
 0.704   62.4710
 0.703   62.2950
 0.702   62.5890
 0.701   62.1040
 0.700   62.2930
 0.699   62.8190
 0.698   62.6330
 0.697   62.8750
 0.696   62.6370
 0.695   62.6550
 0.694   62.6550
 0.693   62.8960
 0.692   63.0170
 0.691   63.2560
 0.690   63.3960
 0.689   63.5770
 0.688   63.0560
 0.687   63.0560
 0.686   63.0560
 0.685   63.1760
 0.684   63.2560
 0.683   63.2560
 0.682   62.9960
 0.681   62.9960
 0.680   63.1760
 0.679   63.1360
 0.678   63.2760
 0.677   62.7550
 0.676   62.7550
 0.675   63.2360
 0.674   63.2360
 0.673   63.4370
 0.672   63.0960
 0.671   63.3570
 0.670   63.3980
 0.669   63.6590
 0.668   62.9950
 0.667   62.8940
 0.666   62.7340
 0.665   62.4740
 0.664   62.5960
 0.663   62.7370
 0.662   63.1750
 0.661   63.1750
 0.660   63.0550
 0.659   63.6620
 0.658   63.8640
 0.657   63.4380
 0.656   63.2370
 0.655   63.1960
 0.654   63.0760
 0.653   62.9560
 0.652   62.8560
 0.651   62.7360
 0.650   62.7170
 0.649   62.5400
 0.648   62.7390
 0.647   63.1960
 0.646   63.7630
 0.645   63.6610
 0.644   63.6620
 0.643   63.5400
 0.642   63.3370
 0.641   63.2760
 0.640   63.6010
 0.639   63.6820
 0.638   63.3980
 0.637   62.9960
 0.636   62.7170
 0.635   62.7960
 0.634   62.8560
 0.633   62.9960
 0.632   62.8360
 0.631   63.2360
 0.630   63.1560
 0.629   62.7360
 0.628   62.6770
 0.627   62.9760
 0.626   63.0360
 0.625   63.2370
 0.624   63.2770
 0.623   63.1960
 0.622   63.4750
 0.621   63.4150
 0.620   63.4980
 0.619   64.1280
 0.618   64.4390
 0.617   64.0490
 0.616   63.7630
 0.615   63.9440
 0.614   63.3980
 0.613   62.8560
 0.612   63.3380
 0.611   63.5610
 0.610   63.6010
 0.609   63.5400
 0.608   63.3780
 0.607   63.3770
 0.606   63.3970
 0.605   63.2360
 0.604   63.2360
 0.603   63.1570
 0.602   63.2380
 0.601   63.1350
 0.600   63.1960
 0.599   62.7640
 0.598   62.3330
 0.597   62.9480
 0.596   62.8230
 0.595   62.6860
 0.594   62.8660
 0.593   63.2580
 0.592   63.0330
 0.591   63.2820
 0.590   63.0710
 0.589   63.1990
 0.588   63.3440
 0.587   63.2200
 0.586   63.3440
 0.585   63.5490
 0.584   62.7440
 0.583   63.0750
 0.582   62.8660
 0.581   62.8050
 0.580   63.3020
 0.579   63.4260
 0.578   63.3640
 0.577   63.3220
 0.576   63.1160
 0.575   63.5890
 0.574   63.8760
 0.573   63.6040
 0.572   63.4600
 0.571   63.9080
 0.570   63.6620
 0.569   63.0950
 0.568   63.3990
 0.567   63.5410
 0.566   63.7050
 0.565   63.6440
 0.564   63.2170
 0.563   63.3600
 0.562   63.4010
 0.561   63.2990
 0.560   63.3440
 0.559   63.1780
 0.558   63.1780
 0.557   63.3570
 0.556   63.3420
 0.555   63.0300
 0.554   63.1440
 0.553   63.2420
 0.552   63.1190
 0.551   62.9940
 0.550   62.6710
 0.549   63.3160
 0.548   62.7690
 0.547   62.9110
 0.546   63.3000
 0.545   63.3160
 0.544   63.0840
 0.543   63.6340
 0.542   63.5930
 0.541   63.3910
 0.540   63.3920
 0.539   63.4000
 0.538   63.8650
 0.537   63.6860
 0.536   63.2820
 0.535   63.3240
 0.534   63.6440
 0.533   63.2580
 0.532   62.8530
 0.531   62.7960
 0.530   62.7120
 0.529   62.6000
 0.528   62.7450
 0.527   62.5870
 0.526   62.7880
 0.525   63.0890
 0.524   62.9040
 0.523   63.2320
 0.522   63.4920
 0.521   63.3330
 0.520   63.4820
 0.519   63.3220
 0.518   63.1470
 0.517   63.2060
 0.516   62.7450
 0.515   62.6170
 0.514   62.8450
 0.513   62.9030
 0.512   62.5580
 0.511   62.3010
 0.510   62.6300
 0.509   62.4150
 0.508   62.8030
 0.507   62.9490
 0.506   62.9910
 0.505   62.4140
 0.504   62.9330
 0.503   63.3260
 0.502   63.0930
 0.501   63.5320
 0.500   63.2850
 0.499   62.3000
 0.498   62.8170
 0.497   62.6730
 0.496   62.4430
 0.495   62.7160
 0.494   62.0980
 0.493   62.4710
 0.492   62.7600
 0.491   62.8480
 0.490   63.0640
 0.489   62.8600
 0.488   63.0180
 0.487   62.5710
 0.486   62.1800
 0.485   62.0450
 0.484   62.5540
 0.483   62.9320
 0.482   62.6420
 0.481   62.1360
 0.480   62.1400
 0.479   62.6640
 0.478   62.9420
 0.477   62.3050
 0.476   62.5350
 0.475   62.1140
 0.474   62.7670
 0.473   62.4440
 0.472   62.5330
 0.471   62.5640
 0.470   62.6650
 0.469   61.8610
 0.468   62.2020
 0.467   61.8720
 0.466   62.2320
 0.465   61.8150
 0.464   62.2570
 0.463   62.0090
 0.462   62.4860
 0.461   61.9950
 0.460   61.8120
 0.459   63.8480
 0.458   63.8960
 0.457   63.6610
 0.456   63.6760
 0.455   63.3970
 0.454   63.5410
 0.453   63.2080
 0.452   62.9250
 0.451   63.0010
 0.450   63.3940
 0.449   63.6730
 0.448   63.3910
 0.447   63.3470
 0.446   63.4880
 0.445   63.0710
 0.444   63.0740
 0.443   63.0640
 0.442   63.1880
 0.441   63.4530
 0.440   63.3420
 0.439   63.0420
 0.438   63.1720
 0.437   62.9000
 0.436   63.2170
 0.435   63.3350
 0.434   63.2250
 0.433   63.0580
 0.432   63.2210
 0.431   63.1860
 0.430   62.9880
 0.429   63.2640
 0.428   62.7730
 0.427   62.6820
 0.426   62.9720
 0.425   62.6360
 0.424   62.7520
 0.423   63.2640
 0.422   62.8410
 0.421   62.6340
 0.420   63.4760
 0.419   62.8560
 0.418   62.5180
 0.417   62.2770
 0.416   62.5880
 0.415   62.7460
 0.414   62.7660
 0.413   62.2150
 0.412   62.2770
 0.411   62.2040
 0.410   61.8840
 0.409   62.1640
 0.408   62.5460
 0.407   62.6030
 0.406   62.0750
 0.405   62.0670
 0.404   62.2380
 0.403   62.0250
 0.402   62.2950
 0.401   62.2460
 0.400   62.2530
