Name: Andalusite Al2SiO5
Type:  Mineral 
Class: Silicates
Subclass: Nesosilicates  (Isolated tetrahedra) (Al2SiO5 Group)
Particle Size:  Fine (less than 2 Micrometers)
Sample No:  andalusite.1
Owner:  JHU
Wavelength Range:  IR
Origin: Sample from St. Theresa, Espirito Santo, Brazil via Smithsonian 
(sample no. NMNH R17898). 
Description:  Sample was composed of two crystals, one clear and one 
pale pink. Both appeared pure, both 1 cm x 1 cm x 5 cm. Examination 
under a petrographic microscope indicated pure and clean samples. 
Sample grains chosen for microprobe analysis were clear, but with 
poor polish in part.

Measurement:  Transmission
First Column:  X
Second Column:  Y  
X Units:  Wavelength (micrometers)
Y Units:  Transmittance (percent)
First X Value:  25.0442
Last X Value:  2.079
Number of X Values:  2287
Additional Information:  andalu1a.txt
25.044   79.6951
24.924   79.1014
24.805   78.5310
24.686   78.5467
24.569   78.6560
24.454   77.7537
24.339   76.6326
24.225   75.4256
24.112   74.2068
24.001   72.4373
23.890   70.3006
23.781   68.1365
23.672   66.4451
23.564   64.3319
23.458   61.7577
23.352   58.9217
23.247   56.0038
23.144   52.7030
23.041   49.0253
22.939   45.2206
22.838   41.6640
22.738   38.8358
22.638   36.7616
22.540   35.3847
22.442   34.9843
22.345   35.2831
22.250   35.4394
22.154   35.0038
22.060   33.4101
21.967   30.1249
21.874   27.7831
21.782   29.9960
21.691   36.3710
21.601   42.6347
21.511   46.6327
21.422   48.7772
21.334   49.3846
21.247   48.9296
21.160   47.8788
21.074   46.8788
20.988   45.9452
20.904   45.0175
20.820   44.2421
20.737   43.8847
20.654   43.7304
20.572   43.7069
20.491   44.0663
20.410   45.0897
20.330   46.7264
20.251   48.8866
20.172   51.7967
20.094   55.2420
20.016   58.5487
19.939   61.6873
19.863   64.3241
19.787   66.1541
19.712   67.2908
19.637   67.5877
19.563   66.4891
19.489   63.9100
19.416   59.0985
19.344   52.2743
19.272   46.1405
19.201   43.6405
19.130   43.8954
19.059   44.9374
18.990   46.3954
18.920   48.5409
18.851   51.1600
18.783   53.9413
18.715   56.6561
18.648   59.1639
18.581   61.3602
18.515   63.3202
18.449   65.0037
18.384   66.2498
18.319   67.1844
18.254   67.8289
18.190   68.0018
18.126   67.9617
18.063   67.7322
18.001   67.0448
17.938   65.9002
17.876   64.3006
17.815   62.9373
17.754   62.4696
17.693   62.6327
17.633   62.5672
17.573   61.9813
17.514   60.8993
17.455   59.5682
17.396   57.9334
17.338   55.9501
17.280   53.9227
17.223   51.8788
17.166   49.8007
17.109   47.6024
17.053   45.4335
16.997   43.3358
16.942   41.1962
16.886   39.1327
16.832   37.1532
16.777   35.5038
16.723   34.3866
16.669   33.5683
16.616   32.5409
16.563   31.3759
16.510   30.3915
16.458   29.5605
16.406   29.0282
16.354   28.9247
16.302   29.0741
16.251   29.4101
16.200   30.0195
16.150   30.8632
16.100   31.8368
16.050   33.0058
16.000   34.3095
15.951   35.7675
15.902   37.3261
15.854   38.9022
15.805   40.4374
15.757   41.8524
15.710   43.2577
15.662   44.4618
15.615   45.5272
15.568   46.5223
15.521   47.3094
15.475   47.8485
15.429   48.1259
15.383   48.1259
15.338   47.9823
15.292   47.6913
15.248   47.3261
15.203   46.9686
15.158   46.9149
15.114   47.1210
15.070   47.1259
15.027   46.3866
14.983   45.1102
14.940   43.5331
14.897   41.8065
14.854   40.3407
14.812   39.5360
14.770   39.0214
14.728   38.4091
14.686   37.6454
14.645   36.7792
14.603   35.9140
14.562   35.2450
14.521   34.7880
14.481   34.5126
14.441   34.5058
14.400   34.7812
14.361   35.3163
14.321   36.1093
14.281   37.1220
14.242   38.4208
14.203   39.9657
14.164   41.5653
14.126   43.3212
14.087   45.1679
14.049   47.0145
14.011   48.7635
13.973   50.3700
13.936   51.9286
13.899   53.4198
13.861   54.6512
13.824   55.6112
13.788   56.0980
13.751   56.1991
13.715   55.7889
13.679   54.8417
13.643   53.4374
13.607   51.9217
13.571   50.5941
13.536   50.0414
13.500   50.6605
13.465   52.6390
13.430   55.5843
13.396   58.8670
13.361   62.1473
13.327   64.9881
13.293   67.2811
13.259   69.1468
13.225   70.5784
13.191   71.4627
13.158   72.1878
13.124   72.6541
13.091   72.8338
13.058   72.6463
13.026   71.8651
12.993   70.3167
12.960   68.1658
12.928   65.8206
12.896   64.1253
12.864   64.2342
12.832   66.1873
12.800   69.0369
12.769   71.6546
12.737   73.8226
12.706   75.2425
12.675   76.1077
12.644   76.7527
12.614   77.2815
12.583   77.7444
12.552   78.1761
12.522   78.6463
12.492   79.0882
12.462   79.4109
12.432   79.6546
12.402   79.8733
12.373   79.9178
12.343   79.8460
12.314   79.8601
12.285   79.8660
12.256   79.7796
12.227   79.7444
12.198   79.7405
12.169   79.6116
12.141   79.2498
12.113   78.9676
12.084   78.6351
12.056   78.2088
12.028   77.8890
12.000   77.3113
11.973   76.7581
11.945   76.1468
11.918   75.4983
11.890   74.8104
11.863   74.0159
11.836   73.1434
11.809   72.0667
11.782   70.9217
11.755   69.6815
11.729   68.2757
11.702   66.6698
11.676   64.9320
11.650   63.0296
11.624   60.9549
11.598   58.8304
11.572   56.5614
11.546   54.2518
11.520   51.8988
11.495   49.5668
11.469   47.3617
11.444   45.2186
11.419   43.1063
11.394   40.9418
11.369   38.8876
11.344   36.9882
11.319   35.2055
11.294   33.6776
11.270   32.3207
11.245   31.2387
11.221   30.5165
11.197   30.0859
11.173   29.9340
11.149   30.2153
11.125   30.9008
11.101   31.8427
11.077   33.1112
11.054   34.6601
11.030   36.2694
11.007   37.7499
10.983   39.0961
10.960   40.1503
10.937   40.6757
10.914   40.5351
10.891   39.6269
10.868   37.9398
10.846   35.5536
10.823   32.5673
10.800   29.2929
10.778   26.2626
10.755   23.9081
10.733   22.2617
10.711   21.2402
10.689   20.5942
10.667   20.4062
10.645   20.1528
10.623   19.7861
10.602   19.5166
10.580   19.2875
10.558   19.2089
10.537   19.3247
10.516   19.6650
10.494   20.1914
10.473   20.9340
10.452   21.8930
10.431   22.9746
10.410   24.0800
10.389   24.9072
10.368   25.3349
10.348   25.1738
10.327   24.3495
10.306   23.2504
10.286   22.4418
10.266   22.2075
10.245   22.4145
10.225   22.8754
10.205   23.3808
10.185   23.8613
10.165   24.2490
10.145   24.5898
10.125   24.8964
10.106   25.0507
10.086   25.1371
10.066   25.1992
10.047   25.2270
10.027   25.2172
10.008   25.2070
 9.989   25.2387
 9.970   25.3305
 9.950   25.4848
 9.931   25.6996
 9.912   26.0273
 9.893   26.4911
 9.875   27.1200
 9.856   27.8100
 9.837   28.5649
 9.818   29.4716
 9.800   30.4286
 9.781   31.4711
 9.763   32.6610
 9.745   33.9003
 9.726   35.1747
 9.708   36.4672
 9.690   37.8075
 9.672   39.2011
 9.654   40.6337
 9.636   42.0297
 9.618   43.4276
 9.600   44.8129
 9.583   46.1429
 9.565   47.4481
 9.547   48.7645
 9.530   50.0467
 9.512   51.2430
 9.495   52.2987
 9.477   53.2391
 9.460   54.1278
 9.443   54.8915
 9.426   55.6454
 9.409   56.3329
 9.392   56.8866
 9.375   57.3753
 9.358   57.8875
 9.341   58.3128
 9.324   58.6297
 9.307   59.0106
 9.291   59.3812
 9.274   59.6815
 9.257   59.9422
 9.241   60.2210
 9.224   60.3153
 9.208   60.3831
 9.192   60.5370
 9.175   60.7479
 9.159   60.9281
 9.143   61.1424
 9.127   61.4554
 9.111   61.7157
 9.095   61.9608
 9.079   62.2547
 9.063   62.5340
 9.047   62.7557
 9.032   63.0155
 9.016   63.2933
 9.000   63.5125
 8.985   63.7616
 8.969   64.0731
 8.954   64.3304
 8.938   64.5594
 8.923   64.8172
 8.907   65.0438
 8.892   65.2874
 8.877   65.5692
 8.862   65.8480
 8.847   66.1297
 8.832   66.4227
 8.817   66.7459
 8.802   67.0838
 8.787   67.4530
 8.772   67.8807
 8.757   68.3109
 8.742   68.7674
 8.728   69.2283
 8.713   69.7327
 8.698   70.2142
 8.684   70.7469
 8.669   71.2430
 8.655   71.7205
 8.640   72.2078
 8.626   72.6854
 8.612   73.1170
 8.597   73.6033
 8.583   74.1419
 8.569   74.5618
 8.555   74.9803
 8.541   75.4061
 8.527   75.8807
 8.513   76.3431
 8.499   76.8504
 8.485   77.4061
 8.471   77.9002
 8.457   78.3963
 8.443   78.8914
 8.430   79.3489
 8.416   79.8494
 8.402   80.3894
 8.389   80.8565
 8.375   81.3106
 8.362   81.8006
 8.348   82.2410
 8.335   82.6531
 8.321   83.0555
 8.308   83.4744
 8.295   83.8660
 8.281   84.2725
 8.268   84.6797
 8.255   85.0740
 8.242   85.4383
 8.229   85.7986
 8.216   86.1414
 8.203   86.4285
 8.190   86.7146
 8.177   87.0144
 8.164   87.2840
 8.151   87.5235
 8.138   87.8006
 8.126   88.0196
 8.113   88.2188
 8.100   88.4392
 8.088   88.6563
 8.075   88.8172
 8.062   88.9519
 8.050   89.1355
 8.037   89.2979
 8.025   89.4168
 8.013   89.5506
 8.000   89.6868
 7.988   89.7901
 7.976   89.9216
 7.963   90.0545
 7.951   90.1575
 7.939   90.2627
 7.927   90.3738
 7.915   90.4492
 7.903   90.5398
 7.891   90.6560
 7.879   90.7273
 7.867   90.8064
 7.855   90.9102
 7.843   90.9578
 7.831   91.0169
 7.819   91.1038
 7.807   91.2324
 7.796   91.2659
 7.784   91.2715
 7.772   91.3438
 7.761   91.4265
 7.749   91.5068
 7.738   91.6277
 7.726   91.7393
 7.715   91.7764
 7.703   91.8193
 7.692   91.8914
 7.680   91.9246
 7.669   91.9863
 7.658   92.0481
 7.646   92.1008
 7.635   92.1397
 7.624   92.1934
 7.613   92.2354
 7.601   92.2644
 7.590   92.3027
 7.579   92.3836
 7.568   92.4424
 7.557   92.4890
 7.546   92.5735
 7.535   92.6328
 7.524   92.6592
 7.513   92.6951
 7.502   92.7607
 7.492   92.7688
 7.481   92.8203
 7.470   92.8933
 7.459   92.9255
 7.448   92.9426
 7.438   93.0107
 7.427   93.0752
 7.417   93.1013
 7.406   93.1502
 7.395   93.2170
 7.385   93.2673
 7.374   93.2703
 7.364   93.3562
 7.353   93.4131
 7.343   93.4580
 7.333   93.5164
 7.322   93.5186
 7.312   93.5381
 7.302   93.6055
 7.291   93.6218
 7.281   93.6055
 7.271   93.5938
 7.261   93.6218
 7.251   93.6270
 7.240   93.6455
 7.230   93.7009
 7.220   93.7268
 7.210   93.7424
 7.200   93.7507
 7.190   93.7529
 7.180   93.7371
 7.170   93.7205
 7.160   93.7048
 7.151   93.6624
 7.141   93.6660
 7.131   93.6814
 7.121   93.7471
 7.111   93.8142
 7.102   93.8884
 7.092   93.9353
 7.082   94.0105
 7.073   94.0918
 7.063   94.1301
 7.053   94.2068
 7.044   94.2293
 7.034   94.2666
 7.025   94.3123
 7.015   94.3291
 7.006   94.3230
 6.996   94.3474
 6.987   94.3513
 6.977   94.2927
 6.968   94.2715
 6.959   94.2832
 6.949   94.2229
 6.940   94.2041
 6.931   94.2185
 6.921   94.2686
 6.912   94.2881
 6.903   94.2839
 6.894   94.2559
 6.885   94.2429
 6.876   94.2334
 6.866   94.3098
 6.857   94.3718
 6.848   94.4001
 6.839   94.4463
 6.830   94.4980
 6.821   94.5242
 6.812   94.5349
 6.803   94.6084
 6.794   94.7002
 6.786   94.7627
 6.777   94.8132
 6.768   94.8643
 6.759   94.8721
 6.750   94.9023
 6.741   94.9324
 6.733   94.9695
 6.724   95.0283
 6.715   95.0544
 6.707   95.0752
 6.698   95.0945
 6.689   95.0974
 6.681   95.1160
 6.672   95.0896
 6.663   95.0488
 6.655   95.0313
 6.646   95.0342
 6.638   95.0574
 6.629   95.0623
 6.621   95.0632
 6.612   95.1077
 6.604   95.1091
 6.596   95.1221
 6.587   95.1248
 6.579   95.1165
 6.571   95.1121
 6.562   95.0957
 6.554   95.0828
 6.546   95.0781
 6.537   95.1052
 6.529   95.1121
 6.521   95.1052
 6.513   95.0488
 6.505   95.0381
 6.496   95.0469
 6.488   95.0488
 6.480   95.0320
 6.472   95.0310
 6.464   94.9954
 6.456   95.0276
 6.448   95.0247
 6.440   94.9678
 6.432   94.9590
 6.424   94.9568
 6.416   94.9587
 6.408   94.9001
 6.400   94.8340
 6.392   94.8103
 6.384   94.8154
 6.377   94.8213
 6.369   94.7820
 6.361   94.6797
 6.353   94.6338
 6.345   94.6233
 6.338   94.5320
 6.330   94.4297
 6.322   94.4014
 6.314   94.3669
 6.307   94.2920
 6.299   94.2207
 6.291   94.1511
 6.284   94.0508
 6.276   93.9207
 6.269   93.8191
 6.261   93.6572
 6.254   93.4978
 6.246   93.3689
 6.238   93.1953
 6.231   93.0254
 6.223   92.9004
 6.216   92.7637
 6.209   92.5803
 6.201   92.3916
 6.194   92.2139
 6.186   92.0625
 6.179   91.9392
 6.172   91.8887
 6.164   91.8936
 6.157   91.9229
 6.150   92.0115
 6.142   92.0593
 6.135   92.0046
 6.128   91.9619
 6.121   92.0049
 6.113   92.0684
 6.106   92.0850
 6.099   92.1260
 6.092   92.1912
 6.085   92.2815
 6.078   92.4502
 6.070   92.6218
 6.063   92.7224
 6.056   92.8972
 6.049   93.1575
 6.042   93.3057
 6.035   93.4602
 6.028   93.6726
 6.021   93.7849
 6.014   93.8018
 6.007   93.8528
 6.000   93.9089
 5.993   94.0000
 5.986   94.1270
 5.979   94.2500
 5.973   94.3994
 5.966   94.5486
 5.959   94.6904
 5.952   94.8464
 5.945   94.9905
 5.938   95.1934
 5.932   95.3357
 5.925   95.3762
 5.918   95.4893
 5.911   95.5828
 5.905   95.6484
 5.898   95.7810
 5.891   95.8320
 5.884   95.9080
 5.878   95.9893
 5.871   95.9988
 5.864   96.0322
 5.858   96.0459
 5.851   96.0876
 5.845   96.1033
 5.838   96.1252
 5.831   96.1741
 5.825   96.2468
 5.818   96.2891
 5.812   96.2568
 5.805   96.2852
 5.799   96.3262
 5.792   96.3171
 5.786   96.3093
 5.779   96.3398
 5.773   96.3894
 5.767   96.4590
 5.760   96.4658
 5.754   96.4658
 5.747   96.5051
 5.741   96.5813
 5.735   96.6338
 5.728   96.6667
 5.722   96.7080
 5.716   96.7734
 5.709   96.8259
 5.703   96.8289
 5.697   96.8193
 5.691   96.8513
 5.684   96.8699
 5.678   96.8926
 5.672   96.9114
 5.666   96.9050
 5.660   96.9519
 5.653   97.0066
 5.647   96.9988
 5.641   97.0247
 5.635   97.0117
 5.629   97.0107
 5.623   97.0232
 5.617   97.0076
 5.611   97.0088
 5.604   96.9827
 5.598   96.9482
 5.592   96.9199
 5.586   96.9180
 5.580   96.9355
 5.574   96.9529
 5.568   96.9521
 5.562   96.9617
 5.556   96.9558
 5.550   96.9509
 5.545   96.9482
 5.539   96.9424
 5.533   96.8945
 5.527   96.8809
 5.521   96.8789
 5.515   96.8992
 5.509   96.8894
 5.503   96.8992
 5.498   96.8865
 5.492   96.9026
 5.486   96.8992
 5.480   96.9082
 5.474   96.9590
 5.469   97.0049
 5.463   97.0518
 5.457   97.0349
 5.451   97.0244
 5.446   97.0312
 5.440   97.0234
 5.434   97.0134
 5.428   96.9851
 5.423   96.9875
 5.417   96.9763
 5.411   96.9377
 5.406   96.9023
 5.400   96.9123
 5.395   96.9502
 5.389   96.9490
 5.383   96.9304
 5.378   96.9385
 5.372   96.9607
 5.367   96.9680
 5.361   96.9841
 5.356   97.0159
 5.350   97.0466
 5.344   97.0840
 5.339   97.1208
 5.333   97.1721
 5.328   97.2217
 5.323   97.2305
 5.317   97.2322
 5.312   97.1931
 5.306   97.1941
 5.301   97.2012
 5.295   97.1990
 5.290   97.2031
 5.285   97.2253
 5.279   97.2566
 5.274   97.2519
 5.268   97.2566
 5.263   97.2703
 5.258   97.2725
 5.252   97.2644
 5.247   97.2556
 5.242   97.2292
 5.237   97.2148
 5.231   97.2773
 5.226   97.3135
 5.221   97.3242
 5.215   97.3643
 5.210   97.3769
 5.205   97.4004
 5.200   97.4707
 5.195   97.4812
 5.189   97.4873
 5.184   97.5251
 5.179   97.5547
 5.174   97.5603
 5.169   97.5283
 5.163   97.5554
 5.158   97.5535
 5.153   97.5273
 5.148   97.5349
 5.143   97.5496
 5.138   97.5476
 5.133   97.5478
 5.128   97.5349
 5.123   97.5144
 5.118   97.5124
 5.113   97.5066
 5.108   97.4951
 5.103   97.4727
 5.097   97.4824
 5.092   97.5352
 5.087   97.5691
 5.083   97.5654
 5.078   97.5674
 5.073   97.5742
 5.068   97.5691
 5.063   97.5749
 5.058   97.5701
 5.053   97.5583
 5.048   97.5520
 5.043   97.5476
 5.038   97.5393
 5.033   97.5515
 5.028   97.5759
 5.023   97.5940
 5.019   97.6121
 5.014   97.5989
 5.009   97.6096
 5.004   97.5823
 4.999   97.5583
 4.994   97.5344
 4.990   97.5159
 4.985   97.5207
 4.980   97.5461
 4.975   97.5500
 4.970   97.5403
 4.966   97.5266
 4.961   97.5017
 4.956   97.4905
 4.951   97.4905
 4.947   97.5100
 4.942   97.5120
 4.937   97.5500
 4.933   97.5740
 4.928   97.5530
 4.923   97.5466
 4.919   97.5955
 4.914   97.6262
 4.909   97.6487
 4.905   97.6863
 4.900   97.6741
 4.895   97.6697
 4.891   97.6663
 4.886   97.6741
 4.882   97.6985
 4.877   97.7224
 4.872   97.7522
 4.868   97.7761
 4.863   97.7908
 4.859   97.7898
 4.854   97.8122
 4.850   97.8152
 4.845   97.8206
 4.840   97.8303
 4.836   97.8181
 4.831   97.8274
 4.827   97.8445
 4.822   97.8811
 4.818   97.8767
 4.814   97.8865
 4.809   97.8630
 4.805   97.8083
 4.800   97.8166
 4.796   97.8645
 4.791   97.8879
 4.787   97.9080
 4.782   97.9246
 4.778   97.9089
 4.774   97.9206
 4.769   97.9065
 4.765   97.9001
 4.760   97.9255
 4.756   97.9397
 4.752   97.9407
 4.747   97.9607
 4.743   97.9690
 4.739   97.9690
 4.734   97.9539
 4.730   97.9382
 4.726   97.9285
 4.721   97.9490
 4.717   97.9597
 4.713   97.9695
 4.709   97.9788
 4.704   98.0061
 4.700   97.9963
 4.696   98.0090
 4.692   98.0188
 4.687   98.0266
 4.683   98.0378
 4.679   98.0579
 4.675   98.0769
 4.670   98.0662
 4.666   98.0476
 4.662   98.0574
 4.658   98.0403
 4.654   98.0437
 4.649   98.0784
 4.645   98.1106
 4.641   98.1130
 4.637   98.0862
 4.633   98.0618
 4.629   98.0784
 4.625   98.1096
 4.620   98.1140
 4.616   98.0725
 4.612   98.0740
 4.608   98.0842
 4.604   98.1047
 4.600   98.1233
 4.596   98.1199
 4.592   98.1223
 4.588   98.1370
 4.584   98.1330
 4.580   98.1081
 4.576   98.1277
 4.572   98.1457
 4.568   98.1667
 4.564   98.1843
 4.560   98.1897
 4.555   98.1912
 4.551   98.1506
 4.548   98.1164
 4.544   98.1345
 4.540   98.1257
 4.536   98.1243
 4.532   98.1316
 4.528   98.1638
 4.524   98.1423
 4.520   98.1780
 4.516   98.1755
 4.512   98.1609
 4.508   98.1570
 4.504   98.1599
 4.500   98.1506
 4.496   98.1545
 4.492   98.1697
 4.488   98.2039
 4.485   98.2053
 4.481   98.1682
 4.477   98.1819
 4.473   98.2082
 4.469   98.1736
 4.465   98.1448
 4.461   98.1628
 4.458   98.1897
 4.454   98.1785
 4.450   98.1531
 4.446   98.1423
 4.442   98.1394
 4.438   98.1433
 4.435   98.1550
 4.431   98.1785
 4.427   98.2009
 4.423   98.2102
 4.420   98.2122
 4.416   98.2463
 4.412   98.2458
 4.408   98.2717
 4.405   98.2600
 4.401   98.2839
 4.397   98.2747
 4.393   98.2859
 4.390   98.2878
 4.386   98.2839
 4.382   98.2869
 4.379   98.2761
 4.375   98.2839
 4.371   98.2883
 4.367   98.3093
 4.364   98.3274
 4.360   98.3210
 4.356   98.3132
 4.353   98.2683
 4.349   98.2659
 4.345   98.2761
 4.342   98.2639
 4.338   98.2722
 4.335   98.2810
 4.331   98.3015
 4.327   98.3455
 4.324   98.3518
 4.320   98.3288
 4.317   98.3435
 4.313   98.3088
 4.309   98.2839
 4.306   98.2834
 4.302   98.2947
 4.299   98.3425
 4.295   98.3464
 4.292   98.2971
 4.288   98.3083
 4.284   98.3342
 4.281   98.3220
 4.277   98.3264
 4.274   98.3201
 4.270   98.2830
 4.267   98.2751
 4.263   98.2790
 4.260   98.2869
 4.256   98.2971
 4.253   98.2712
 4.249   98.2659
 4.246   98.3127
 4.242   98.3132
 4.239   98.3069
 4.235   98.3166
 4.232   98.3342
 4.229   98.3420
 4.225   98.3464
 4.222   98.3245
 4.218   98.2966
 4.215   98.3083
 4.211   98.3162
 4.208   98.3337
 4.205   98.3196
 4.201   98.3049
 4.198   98.3210
 4.194   98.3127
 4.191   98.3103
 4.188   98.3186
 4.184   98.3415
 4.181   98.3538
 4.177   98.3581
 4.174   98.3596
 4.171   98.3704
 4.167   98.3455
 4.164   98.3166
 4.161   98.3191
 4.157   98.3240
 4.154   98.3196
 4.151   98.2996
 4.147   98.2913
 4.144   98.3039
 4.141   98.3318
 4.137   98.3298
 4.134   98.3342
 4.131   98.3381
 4.128   98.3420
 4.124   98.3396
 4.121   98.3591
 4.118   98.3962
 4.114   98.3757
 4.111   98.3669
 4.108   98.3708
 4.105   98.3757
 4.101   98.3581
 4.098   98.3630
 4.095   98.3093
 4.092   98.2956
 4.088   98.3621
 4.085   98.3503
 4.082   98.3030
 4.079   98.2913
 4.076   98.3220
 4.072   98.3113
 4.069   98.2937
 4.066   98.3044
 4.063   98.3074
 4.060   98.3122
 4.056   98.3455
 4.053   98.3733
 4.050   98.3591
 4.047   98.3777
 4.044   98.4260
 4.041   98.3738
 4.038   98.3337
 4.034   98.3479
 4.031   98.3913
 4.028   98.3796
 4.025   98.3699
 4.022   98.3870
 4.019   98.4084
 4.016   98.3948
 4.013   98.4021
 4.009   98.3850
 4.006   98.4187
 4.003   98.4275
 4.000   98.4416
 3.997   98.4045
 3.994   98.3953
 3.991   98.3445
 3.988   98.3445
 3.985   98.3811
 3.982   98.3850
 3.979   98.4021
 3.976   98.3894
 3.973   98.4060
 3.969   98.4167
 3.966   98.4333
 3.963   98.4216
 3.960   98.4324
 3.957   98.4612
 3.954   98.4670
 3.951   98.4534
 3.948   98.4045
 3.945   98.4285
 3.942   98.4685
 3.939   98.4480
 3.936   98.4636
 3.933   98.4983
 3.930   98.5261
 3.927   98.5290
 3.924   98.5393
 3.921   98.5788
 3.918   98.5808
 3.916   98.5471
 3.913   98.5354
 3.910   98.5359
 3.907   98.5554
 3.904   98.5505
 3.901   98.5867
 3.898   98.5510
 3.895   98.5154
 3.892   98.4924
 3.889   98.4685
 3.886   98.4377
 3.883   98.4455
 3.880   98.4358
 3.877   98.4182
 3.875   98.4294
 3.872   98.4509
 3.869   98.4651
 3.866   98.4885
 3.863   98.4939
 3.860   98.4690
 3.857   98.5354
 3.854   98.5554
 3.852   98.5452
 3.849   98.5261
 3.846   98.5124
 3.843   98.5300
 3.840   98.5373
 3.837   98.5212
 3.834   98.5002
 3.832   98.5139
 3.829   98.5432
 3.826   98.5447
 3.823   98.5276
 3.820   98.5530
 3.817   98.5613
 3.815   98.5212
 3.812   98.5432
 3.809   98.5535
 3.806   98.5466
 3.803   98.5437
 3.801   98.5530
 3.798   98.5779
 3.795   98.5701
 3.792   98.5525
 3.790   98.5515
 3.787   98.5486
 3.784   98.5535
 3.781   98.5569
 3.779   98.5178
 3.776   98.5295
 3.773   98.5979
 3.770   98.5842
 3.768   98.5359
 3.765   98.5061
 3.762   98.5178
 3.759   98.5076
 3.757   98.4978
 3.754   98.4924
 3.751   98.4792
 3.748   98.4714
 3.746   98.4866
 3.743   98.4788
 3.740   98.4822
 3.738   98.4768
 3.735   98.4538
 3.732   98.4475
 3.730   98.4695
 3.727   98.4216
 3.724   98.4138
 3.722   98.4416
 3.719   98.4275
 3.716   98.4148
 3.714   98.3992
 3.711   98.4104
 3.708   98.4050
 3.706   98.3987
 3.703   98.3581
 3.700   98.3650
 3.698   98.3962
 3.695   98.3772
 3.692   98.3518
 3.690   98.3577
 3.687   98.3523
 3.685   98.3791
 3.682   98.3655
 3.679   98.3425
 3.677   98.3127
 3.674   98.3103
 3.671   98.3152
 3.669   98.3088
 3.666   98.3538
 3.664   98.3440
 3.661   98.3552
 3.659   98.3640
 3.656   98.3381
 3.653   98.3142
 3.651   98.3015
 3.648   98.3513
 3.646   98.3455
 3.643   98.2991
 3.641   98.2664
 3.638   98.2424
 3.635   98.2937
 3.633   98.2751
 3.630   98.2097
 3.628   98.1970
 3.625   98.2019
 3.623   98.1765
 3.620   98.1213
 3.618   98.1077
 3.615   98.1365
 3.613   98.1326
 3.610   98.1208
 3.608   98.1174
 3.605   98.1247
 3.603   98.1330
 3.600   98.1042
 3.598   98.0896
 3.595   98.0955
 3.593   98.0666
 3.590   98.1091
 3.588   98.1272
 3.585   98.0842
 3.583   98.0740
 3.580   98.0549
 3.578   98.0173
 3.575   98.0159
 3.573   98.0139
 3.570   98.0037
 3.568   97.9802
 3.565   97.9675
 3.563   97.9773
 3.561   97.9499
 3.558   97.9997
 3.556   98.0017
 3.553   97.9592
 3.551   97.9763
 3.548   97.9377
 3.546   97.9060
 3.544   97.8713
 3.541   97.8249
 3.539   97.8308
 3.536   97.8415
 3.534   97.8440
 3.531   97.8220
 3.529   97.8337
 3.527   97.7790
 3.524   97.7576
 3.522   97.6990
 3.519   97.6296
 3.517   97.5935
 3.515   97.5198
 3.512   97.4983
 3.510   97.4529
 3.508   97.3420
 3.505   97.2624
 3.503   97.2449
 3.500   97.2361
 3.498   97.2908
 3.496   97.3298
 3.493   97.3982
 3.491   97.4241
 3.489   97.5017
 3.486   97.4665
 3.484   97.4080
 3.482   97.3850
 3.479   97.3279
 3.477   97.3357
 3.475   97.3479
 3.472   97.3264
 3.470   97.3147
 3.468   97.2659
 3.465   97.2380
 3.463   97.1628
 3.461   97.1331
 3.458   97.0642
 3.456   97.0261
 3.454   97.0413
 3.452   97.0369
 3.449   97.0720
 3.447   97.0295
 3.445   97.0027
 3.442   96.9763
 3.440   96.8889
 3.438   96.8318
 3.435   96.7717
 3.433   96.6931
 3.431   96.6540
 3.429   96.5686
 3.426   96.4924
 3.424   96.4299
 3.422   96.4104
 3.420   96.3577
 3.417   96.3166
 3.415   96.3342
 3.413   96.3850
 3.411   96.4143
 3.408   96.4612
 3.406   96.4827
 3.404   96.4861
 3.402   96.5432
 3.399   96.5759
 3.397   96.5896
 3.395   96.6189
 3.393   96.6453
 3.391   96.6033
 3.388   96.5173
 3.386   96.4807
 3.384   96.4080
 3.382   96.3635
 3.380   96.3713
 3.377   96.3806
 3.375   96.4099
 3.373   96.4529
 3.371   96.5154
 3.369   96.5041
 3.366   96.4822
 3.364   96.5061
 3.362   96.4846
 3.360   96.4568
 3.358   96.4431
 3.355   96.5002
 3.353   96.5330
 3.351   96.5447
 3.349   96.5681
 3.347   96.5920
 3.345   96.5915
 3.342   96.5315
 3.340   96.5320
 3.338   96.5276
 3.336   96.5222
 3.334   96.4705
 3.332   96.4412
 3.330   96.4749
 3.327   96.4807
 3.325   96.4197
 3.323   96.3962
 3.321   96.4182
 3.319   96.3870
 3.317   96.3650
 3.315   96.3596
 3.313   96.3855
 3.310   96.3611
 3.308   96.3396
 3.306   96.3455
 3.304   96.3044
 3.302   96.2717
 3.300   96.2659
 3.298   96.2263
 3.296   96.2288
 3.294   96.2307
 3.292   96.2498
 3.289   96.2107
 3.287   96.1858
 3.285   96.1482
 3.283   96.1194
 3.281   96.1448
 3.279   96.1545
 3.277   96.1252
 3.275   96.0569
 3.273   96.0569
 3.271   96.0920
 3.269   96.0100
 3.267   95.9734
 3.265   95.9607
 3.263   95.9763
 3.260   95.9050
 3.258   95.8689
 3.256   95.8699
 3.254   95.8611
 3.252   95.8279
 3.250   95.7791
 3.248   95.7332
 3.246   95.7517
 3.244   95.7283
 3.242   95.6853
 3.240   95.6238
 3.238   95.6208
 3.236   95.5808
 3.234   95.5330
 3.232   95.5105
 3.230   95.5417
 3.228   95.4197
 3.226   95.3650
 3.224   95.3347
 3.222   95.3259
 3.220   95.2947
 3.218   95.2781
 3.216   95.2488
 3.214   95.2009
 3.212   95.1794
 3.210   95.2097
 3.208   95.1736
 3.206   95.0945
 3.204   95.0720
 3.202   95.0574
 3.200   95.0154
 3.198   94.9744
 3.196   94.9656
 3.194   94.9314
 3.192   94.9158
 3.190   94.9314
 3.188   94.8992
 3.186   94.8718
 3.184   94.8455
 3.182   94.7771
 3.180   94.7742
 3.179   94.7839
 3.177   94.7683
 3.175   94.6960
 3.173   94.5994
 3.171   94.5857
 3.169   94.5769
 3.167   94.5164
 3.165   94.5134
 3.163   94.5212
 3.161   94.4626
 3.159   94.3757
 3.157   94.3337
 3.155   94.2322
 3.153   94.1814
 3.151   94.1853
 3.150   94.1199
 3.148   94.0437
 3.146   94.0203
 3.144   93.9246
 3.142   93.9021
 3.140   93.8357
 3.138   93.7976
 3.136   93.7761
 3.134   93.7400
 3.132   93.6970
 3.131   93.6726
 3.129   93.6609
 3.127   93.6873
 3.125   93.6765
 3.123   93.5818
 3.121   93.5173
 3.119   93.4451
 3.117   93.3923
 3.115   93.3640
 3.114   93.3572
 3.112   93.3308
 3.110   93.2673
 3.108   93.2664
 3.106   93.1336
 3.104   93.0593
 3.102   93.0427
 3.101   93.0525
 3.099   93.0291
 3.097   92.9724
 3.095   92.9500
 3.093   92.9216
 3.091   92.8562
 3.089   92.8582
 3.088   92.8386
 3.086   92.7947
 3.084   92.7234
 3.082   92.6961
 3.080   92.6795
 3.078   92.6755
 3.077   92.6384
 3.075   92.6199
 3.073   92.5671
 3.071   92.5437
 3.069   92.5046
 3.068   92.4070
 3.066   92.2986
 3.064   92.2576
 3.062   92.2400
 3.060   92.2312
 3.058   92.2127
 3.057   92.1765
 3.055   92.1658
 3.053   92.0818
 3.051   92.0740
 3.050   92.0671
 3.048   92.0789
 3.046   92.0418
 3.044   91.9685
 3.042   91.9236
 3.041   91.9099
 3.039   91.8533
 3.037   91.7820
 3.035   91.7400
 3.033   91.6638
 3.032   91.5593
 3.030   91.5398
 3.028   91.4959
 3.026   91.3836
 3.025   91.3250
 3.023   91.1990
 3.021   91.1130
 3.019   90.9568
 3.018   90.8767
 3.016   90.7380
 3.014   90.6384
 3.012   90.5593
 3.011   90.4656
 3.009   90.3523
 3.007   90.3142
 3.005   90.2459
 3.004   90.1453
 3.002   90.0398
 3.000   89.9304
 2.998   89.7927
 2.997   89.7088
 2.995   89.5877
 2.993   89.5662
 2.991   89.4148
 2.990   89.2224
 2.988   89.1365
 2.986   88.9968
 2.985   88.8357
 2.983   88.6961
 2.981   88.5711
 2.979   88.4666
 2.978   88.3396
 2.976   88.1023
 2.974   87.8806
 2.973   87.7224
 2.971   87.5281
 2.969   87.3318
 2.967   87.1414
 2.966   87.0408
 2.964   86.8709
 2.962   86.6775
 2.961   86.4539
 2.959   86.2498
 2.957   86.1131
 2.956   86.0174
 2.954   85.9021
 2.952   85.8338
 2.951   85.7459
 2.949   85.6502
 2.947   85.5711
 2.946   85.4802
 2.944   85.4002
 2.942   85.2654
 2.941   85.1541
 2.939   85.1150
 2.937   85.0242
 2.936   84.9080
 2.934   84.7742
 2.932   84.7322
 2.931   84.7029
 2.929   84.6267
 2.927   84.5506
 2.926   84.5125
 2.924   84.4851
 2.922   84.5008
 2.921   84.4392
 2.919   84.3533
 2.917   84.3679
 2.916   84.3787
 2.914   84.3357
 2.912   84.3494
 2.911   84.4217
 2.909   84.4539
 2.908   84.4187
 2.906   84.4822
 2.904   84.5672
 2.903   84.5916
 2.901   84.7088
 2.899   84.7146
 2.898   84.7439
 2.896   84.8767
 2.895   84.9461
 2.893   85.0818
 2.891   85.2068
 2.890   85.2459
 2.888   85.3797
 2.887   85.4304
 2.885   85.5291
 2.883   85.6804
 2.882   85.8435
 2.880   85.9265
 2.878   86.0310
 2.877   86.1326
 2.875   86.2615
 2.874   86.3885
 2.872   86.5047
 2.871   86.6531
 2.869   86.7351
 2.867   86.8523
 2.866   87.0701
 2.864   87.2908
 2.863   87.4138
 2.861   87.5369
 2.859   87.6052
 2.858   87.7166
 2.856   87.7732
 2.855   87.8093
 2.853   87.9881
 2.852   88.1648
 2.850   88.2898
 2.848   88.3875
 2.847   88.4812
 2.845   88.5623
 2.844   88.5857
 2.842   88.6521
 2.841   88.7156
 2.839   88.8357
 2.838   88.9939
 2.836   89.0662
 2.834   89.1404
 2.833   89.2224
 2.831   89.3757
 2.830   89.4724
 2.828   89.6052
 2.827   89.6502
 2.825   89.7615
 2.824   89.9265
 2.822   90.0086
 2.821   90.0740
 2.819   90.2039
 2.817   90.3338
 2.816   90.4080
 2.814   90.6257
 2.813   90.7234
 2.811   90.8250
 2.810   90.9304
 2.808   91.0125
 2.807   91.1541
 2.805   91.3211
 2.804   91.5115
 2.802   91.6521
 2.801   91.8250
 2.799   91.9841
 2.798   92.1492
 2.796   92.2810
 2.795   92.4617
 2.793   92.6384
 2.792   92.7586
 2.790   92.8630
 2.789   93.0671
 2.787   93.3367
 2.786   93.5085
 2.784   93.7146
 2.783   93.9334
 2.781   94.0115
 2.780   94.0984
 2.778   94.3875
 2.777   94.6375
 2.775   94.7585
 2.774   94.9060
 2.772   95.0896
 2.771   95.2322
 2.769   95.3865
 2.768   95.5164
 2.766   95.6609
 2.765   95.7927
 2.763   95.9890
 2.762   96.0906
 2.760   96.2693
 2.759   96.4294
 2.758   96.6248
 2.756   96.7156
 2.755   96.8367
 2.753   96.9470
 2.752   97.1404
 2.750   97.3210
 2.749   97.4802
 2.747   97.6326
 2.746   97.7068
 2.744   97.8289
 2.743   97.9851
 2.741   98.1169
 2.740   98.3083
 2.739   98.3591
 2.737   98.4099
 2.736   98.4656
 2.734   98.5867
 2.733   98.6599
 2.731   98.8093
 2.730   98.9421
 2.729   98.9861
 2.727   99.1062
 2.726   99.1560
 2.724   99.3093
 2.723   99.3796
 2.721   99.5046
 2.720   99.6492
 2.718   99.7312
 2.717   99.8015
 2.716   99.7068
 2.714   99.6013
 2.713   99.6101
 2.711   99.6804
 2.710   99.6296
 2.709   99.7117
 2.707   99.7458
 2.706   99.7663
 2.704   99.8826
 2.703   99.9372
 2.701  100.1140
 2.700  100.1716
 2.699  100.1843
 2.697  100.2781
 2.696  100.3142
 2.694  100.3494
 2.693  100.3904
 2.692  100.4265
 2.690  100.2898
 2.689  100.3591
 2.687  100.4138
 2.686  100.5583
 2.685  100.5681
 2.683  100.6052
 2.682  100.6286
 2.681  100.5583
 2.679  100.5115
 2.678  100.5242
 2.676  100.5163
 2.675  100.5788
 2.674  100.5818
 2.672  100.6326
 2.671  100.7117
 2.669  100.7585
 2.668  100.6726
 2.667  100.6794
 2.665  100.6872
 2.664  100.7117
 2.663  100.6453
 2.661  100.6140
 2.660  100.6443
 2.659  100.6101
 2.657  100.6101
 2.656  100.5779
 2.654  100.5583
 2.653  100.5203
 2.652  100.5788
 2.650  100.6453
 2.649  100.6999
 2.648  100.6843
 2.646  100.7146
 2.645  100.7117
 2.644  100.7312
 2.642  100.7380
 2.641  100.7673
 2.640  100.7810
 2.638  100.7204
 2.637  100.7126
 2.636  100.6404
 2.634  100.6384
 2.633  100.6306
 2.632  100.6267
 2.630  100.6521
 2.629  100.7829
 2.628  100.7751
 2.626  100.8181
 2.625  100.7634
 2.624  100.8552
 2.622  100.8415
 2.621  100.8669
 2.620  100.9372
 2.618  100.9509
 2.617  100.9997
 2.616  101.0271
 2.614  100.9880
 2.613  100.9372
 2.612  100.8923
 2.610  100.8376
 2.609  100.7869
 2.608  100.8747
 2.606  100.8826
 2.605  100.8767
 2.604  100.9158
 2.602  100.8845
 2.601  100.9021
 2.600  100.8318
 2.599  100.8513
 2.597  100.8826
 2.596  100.8474
 2.595  100.9431
 2.593  101.0466
 2.592  101.0193
 2.591  101.0603
 2.589  101.1482
 2.588  101.1208
 2.587  101.1052
 2.586  101.1091
 2.584  101.1208
 2.583  101.0603
 2.582  101.0857
 2.580  100.9685
 2.579  100.8982
 2.578  100.9236
 2.577  100.8669
 2.575  100.8513
 2.574  100.9490
 2.573  101.0681
 2.572  101.0857
 2.570  101.0329
 2.569  100.8786
 2.568  100.8376
 2.566  100.8396
 2.565  100.9021
 2.564  100.9704
 2.563  100.9490
 2.561  100.9763
 2.560  101.0251
 2.559  101.0466
 2.558  101.0095
 2.556  100.9451
 2.555  101.0661
 2.554  101.1384
 2.553  101.0369
 2.551  101.0095
 2.550  101.0583
 2.549  100.9880
 2.547  100.8806
 2.546  100.8396
 2.545  100.8923
 2.544  101.0408
 2.542  101.0544
 2.541  101.1423
 2.540  101.2615
 2.539  101.2829
 2.538  101.3513
 2.536  101.3298
 2.535  101.2556
 2.534  101.2517
 2.533  101.1990
 2.531  101.1814
 2.530  101.0837
 2.529  100.9744
 2.528  100.9197
 2.526  100.9470
 2.525  101.0408
 2.524  100.9939
 2.523  101.0486
 2.521  101.0544
 2.520  100.9626
 2.519  101.0740
 2.518  101.1814
 2.517  101.0954
 2.515  101.1052
 2.514  101.1951
 2.513  101.2146
 2.512  101.2497
 2.510  101.1833
 2.509  101.2576
 2.508  101.1716
 2.507  101.3318
 2.506  101.2810
 2.504  101.1892
 2.503  101.2263
 2.502  101.2380
 2.501  101.1579
 2.500  101.1091
 2.498  101.2263
 2.497  101.2263
 2.496  101.1404
 2.495  101.2497
 2.494  101.3201
 2.492  101.4138
 2.491  101.3435
 2.490  101.3591
 2.489  101.2829
 2.488  101.2751
 2.486  101.3845
 2.485  101.2732
 2.484  101.2107
 2.483  101.2615
 2.482  101.3201
 2.480  101.3923
 2.479  101.5388
 2.478  101.4079
 2.477  101.3552
 2.476  101.5271
 2.475  101.5251
 2.473  101.4646
 2.472  101.4704
 2.471  101.4763
 2.470  101.3865
 2.469  101.3396
 2.467  101.3376
 2.466  101.3044
 2.465  101.3747
 2.464  101.2458
 2.463  101.2615
 2.462  101.3201
 2.460  101.3552
 2.459  101.4314
 2.458  101.4392
 2.457  101.4411
 2.456  101.4939
 2.455  101.4490
 2.453  101.5564
 2.452  101.5779
 2.451  101.5720
 2.450  101.5798
 2.449  101.5876
 2.448  101.5329
 2.447  101.3786
 2.445  101.4392
 2.444  101.3923
 2.443  101.2849
 2.442  101.4392
 2.441  101.5036
 2.440  101.5857
 2.438  101.7185
 2.437  101.7517
 2.436  101.7263
 2.435  101.5642
 2.434  101.4372
 2.433  101.5388
 2.432  101.5466
 2.430  101.4783
 2.429  101.3611
 2.428  101.3279
 2.427  101.4021
 2.426  101.4997
 2.425  101.4958
 2.424  101.5544
 2.423  101.5486
 2.421  101.7771
 2.420  101.7126
 2.419  101.6247
 2.418  101.7204
 2.417  101.7361
 2.416  101.6716
 2.415  101.6052
 2.413  101.7536
 2.412  101.8611
 2.411  101.8376
 2.410  101.8142
 2.409  101.8161
 2.408  101.7302
 2.407  101.7263
 2.406  101.6970
 2.405  101.6091
 2.403  101.5036
 2.402  101.6111
 2.401  101.7029
 2.400  101.7048
 2.399  101.6872
 2.398  101.6658
 2.397  101.7771
 2.396  101.8298
 2.395  101.5896
 2.393  101.4919
 2.392  101.6267
 2.391  101.8240
 2.390  101.7732
 2.389  101.8376
 2.388  101.9490
 2.387  101.8396
 2.386  101.9158
 2.385  101.9568
 2.384  101.9861
 2.382  101.9470
 2.381  101.9704
 2.380  101.8747
 2.379  102.0408
 2.378  102.0720
 2.377  102.0876
 2.376  102.0388
 2.375  101.9646
 2.374  101.9216
 2.373  102.0232
 2.372  102.0251
 2.370  101.9880
 2.369  102.0583
 2.368  102.1560
 2.367  102.1716
 2.366  102.1482
 2.365  102.0701
 2.364  102.1404
 2.363  102.0408
 2.362  101.8747
 2.361  101.9138
 2.360  101.9470
 2.359  101.9372
 2.358  101.9392
 2.356  101.8982
 2.355  101.9607
 2.354  101.9763
 2.353  102.0486
 2.352  101.9470
 2.351  101.9919
 2.350  102.0974
 2.349  102.1033
 2.348  102.2986
 2.347  102.3611
 2.346  102.2048
 2.345  102.1814
 2.344  102.2068
 2.343  102.1169
 2.342  102.1169
 2.340  102.0779
 2.339  102.1111
 2.338  102.0935
 2.337  102.1501
 2.336  102.2966
 2.335  102.4138
 2.334  102.4802
 2.333  102.3083
 2.332  102.3630
 2.331  102.3122
 2.330  102.1716
 2.329  101.9470
 2.328  101.8435
 2.327  101.9919
 2.326  102.0935
 2.325  102.2283
 2.324  102.2185
 2.323  102.3161
 2.322  102.2966
 2.321  102.3376
 2.320  102.4079
 2.318  102.3357
 2.317  102.2654
 2.316  102.3357
 2.315  102.4001
 2.314  102.4724
 2.313  102.5173
 2.312  102.5700
 2.311  102.4861
 2.310  102.4685
 2.309  102.5408
 2.308  102.3533
 2.307  102.4685
 2.306  102.3982
 2.305  102.4763
 2.304  102.3279
 2.303  102.4372
 2.302  102.5564
 2.301  102.4861
 2.300  102.6033
 2.299  102.4529
 2.298  102.5427
 2.297  102.4372
 2.296  102.3044
 2.295  102.3376
 2.294  102.4372
 2.293  102.3747
 2.292  102.4158
 2.291  102.7263
 2.290  102.8064
 2.289  102.8454
 2.288  102.9314
 2.287  102.7654
 2.286  102.7908
 2.285  102.6560
 2.284  102.6169
 2.283  102.6501
 2.282  102.5310
 2.281  102.6286
 2.280  102.6560
 2.279  102.2829
 2.278  102.3826
 2.277  102.4783
 2.276  102.3357
 2.275  102.4529
 2.274  102.6814
 2.273  102.8122
 2.272  102.6325
 2.271  102.5857
 2.270  102.4529
 2.269  102.2888
 2.268  102.3943
 2.267  102.4216
 2.266  102.5583
 2.265  102.6169
 2.264  102.9529
 2.263  103.0661
 2.262  103.0779
 2.261  103.0505
 2.260  103.0388
 2.259  102.8786
 2.258  102.7927
 2.257  102.8357
 2.256  102.9177
 2.255  103.1638
 2.254  102.9841
 2.253  103.0075
 2.252  102.9450
 2.251  102.9724
 2.250  102.9919
 2.249  103.0036
 2.248  103.0622
 2.247  103.0974
 2.246  103.1990
 2.245  103.2068
 2.244  103.0857
 2.243  103.0466
 2.242  102.9958
 2.241  103.0075
 2.240  102.8865
 2.239  103.0974
 2.238  103.0466
 2.237  103.0310
 2.236  102.9763
 2.236  103.0388
 2.235  102.9607
 2.234  102.8435
 2.233  102.8943
 2.232  102.9685
 2.231  103.2224
 2.230  103.2029
 2.229  103.1716
 2.228  103.1677
 2.227  103.0427
 2.226  102.7966
 2.225  103.0036
 2.224  102.9763
 2.223  102.9490
 2.222  103.0700
 2.221  103.2966
 2.220  103.2068
 2.219  103.2693
 2.218  103.2029
 2.217  103.0740
 2.216  103.0818
 2.215  103.2732
 2.215  103.2185
 2.214  103.0935
 2.213  102.9607
 2.212  102.8943
 2.211  102.9216
 2.210  103.0544
 2.209  102.9997
 2.208  102.8083
 2.207  103.0388
 2.206  103.1560
 2.205  103.3161
 2.204  103.4138
 2.203  103.3747
 2.202  103.4997
 2.201  103.4919
 2.200  103.4060
 2.199  103.3708
 2.199  103.3904
 2.198  103.2458
 2.197  103.3005
 2.196  103.4607
 2.195  103.4255
 2.194  103.4763
 2.193  103.4763
 2.192  103.5779
 2.191  103.6833
 2.190  103.5193
 2.189  103.5505
 2.188  103.6677
 2.187  103.7263
 2.186  103.5779
 2.186  103.4138
 2.185  103.3513
 2.184  103.4490
 2.183  103.5154
 2.182  103.2419
 2.181  103.2458
 2.180  103.4490
 2.179  103.3747
 2.178  103.3669
 2.177  103.2068
 2.176  103.3591
 2.175  103.4021
 2.175  103.5154
 2.174  103.6950
 2.173  103.4958
 2.172  103.6755
 2.171  103.5466
 2.170  103.5779
 2.169  103.6755
 2.168  103.6443
 2.167  103.5779
 2.166  103.7810
 2.165  103.7575
 2.165  103.7536
 2.164  103.8318
 2.163  103.8904
 2.162  103.9802
 2.161  103.7654
 2.160  103.7380
 2.159  103.7654
 2.158  103.6794
 2.157  103.5232
 2.156  103.5505
 2.156  103.7615
 2.155  103.8200
 2.154  103.8044
 2.153  103.7419
 2.152  104.0505
 2.151  104.0544
 2.150  103.9997
 2.149  103.9802
 2.148  103.7029
 2.148  103.6130
 2.147  104.0740
 2.146  104.0232
 2.145  103.9880
 2.144  103.7536
 2.143  103.7966
 2.142  103.8005
 2.141  103.6872
 2.140  103.8122
 2.140  103.6755
 2.139  103.5466
 2.138  103.4919
 2.137  103.8161
 2.136  104.1872
 2.135  104.2849
 2.134  104.2419
 2.133  103.9997
 2.133  103.9880
 2.132  104.0661
 2.131  103.9450
 2.130  103.9060
 2.129  104.0388
 2.128  104.0154
 2.127  104.2966
 2.126  104.0388
 2.126  104.0310
 2.125  104.0661
 2.124  104.1130
 2.123  104.0700
 2.122  104.1755
 2.121  104.3747
 2.120  104.4060
 2.119  104.4529
 2.119  104.3943
 2.118  104.1286
 2.117  104.0388
 2.116  104.0622
 2.115  104.3279
 2.114  104.5388
 2.113  104.3161
 2.113  104.0935
 2.112  104.1716
 2.111  104.2029
 2.110  103.9880
 2.109  103.8513
 2.108  103.8669
 2.107  103.9724
 2.107  104.0661
 2.106  103.9841
 2.105  104.1443
 2.104  104.2966
 2.103  104.2732
 2.102  104.3630
 2.101  104.4255
 2.101  104.3318
 2.100  104.3904
 2.099  104.2380
 2.098  104.3474
 2.097  104.3279
 2.096  104.5036
 2.095  104.7419
 2.095  104.7224
 2.094  104.3943
 2.093  104.5388
 2.092  104.7497
 2.091  104.4841
 2.090  104.6638
 2.090  104.7107
 2.089  104.4880
 2.088  104.5935
 2.087  104.7654
 2.086  104.6638
 2.085  104.6950
 2.085  104.8786
 2.084  104.5974
 2.083  104.4568
 2.082  104.6325
 2.081  104.4216
 2.080  104.2341
 2.079  104.3474
