Name: 68501.609
Type: Soil
Class: Lunar
Subclass: Highlands
Particle Size: Fine
Sample No.: 68501.609
Owner: JHU
Wavelength range: IR
Origin: Apollo 16 landing site via the NASA Lunar Sample Repository at Johnson 
Space Center, Houston, TX.
Description:  This sample is one of a suite of relatively less aluminous soils 
at the Apollo 16 site, and has the oldest exposure age of the three soils of that suite 
(Is/FeO=85).



Measurement:  Directional (10 degree) hemispherical reflectance
First Column:  X
Second Column:  Y
X Units:  Wavelength (micrometers)
Y Units:  Reflectance (percent)
First X Value:  14.011
Last X Value:  2.079
Number of X Values:  2124
Additional information:  None
14.011    0.6579
13.973    0.7192
13.936    0.8119
13.899    0.8227
13.861    0.7859
13.824    0.8040
13.788    0.8536
13.751    0.8649
13.715    0.8643
13.679    0.8807
13.643    0.9083
13.607    0.8829
13.571    0.8628
13.536    0.9164
13.500    0.9718
13.465    0.9734
13.430    0.9947
13.396    1.0354
13.361    1.0581
13.327    1.0690
13.293    1.0680
13.259    1.0774
13.225    1.0653
13.191    1.0509
13.158    1.0775
13.124    1.0990
13.091    1.0806
13.058    1.0665
13.026    1.0963
12.993    1.1538
12.960    1.1702
12.928    1.1764
12.896    1.2175
12.864    1.2360
12.832    1.2826
12.800    1.3552
12.769    1.4006
12.737    1.4793
12.706    1.5728
12.675    1.6328
12.644    1.7083
12.614    1.7926
12.583    1.8474
12.552    1.9014
12.522    1.9780
12.492    2.0428
12.462    2.0763
12.432    2.1242
12.402    2.1754
12.373    2.2066
12.343    2.2309
12.314    2.2704
12.285    2.3069
12.256    2.3208
12.227    2.3086
12.198    2.2966
12.169    2.3002
12.141    2.3068
12.113    2.2881
12.084    2.2688
12.056    2.2372
12.028    2.2147
12.000    2.2027
11.973    2.1863
11.945    2.1593
11.918    2.1426
11.890    2.1511
11.863    2.1581
11.836    2.1605
11.809    2.1498
11.782    2.1404
11.755    2.1537
11.729    2.1635
11.702    2.1605
11.676    2.1491
11.650    2.1475
11.624    2.1472
11.598    2.1623
11.572    2.1745
11.546    2.1549
11.520    2.1489
11.495    2.1736
11.469    2.1766
11.444    2.1775
11.419    2.1820
11.394    2.1834
11.369    2.1877
11.344    2.1784
11.319    2.1691
11.294    2.1736
11.270    2.1640
11.245    2.1749
11.221    2.1757
11.197    2.1583
11.173    2.1504
11.149    2.1435
11.125    2.1367
11.101    2.1396
11.077    2.1637
11.054    2.1832
11.030    2.1657
11.007    2.1578
10.983    2.1858
10.960    2.2085
10.937    2.2039
10.914    2.2104
10.891    2.2319
10.868    2.2512
10.846    2.2472
10.823    2.2501
10.800    2.2484
10.778    2.2392
10.755    2.2297
10.733    2.2062
10.711    2.1834
10.689    2.1620
10.667    2.1475
10.645    2.1494
10.623    2.1345
10.602    2.1053
10.580    2.0806
10.558    2.0575
10.537    2.0335
10.516    2.0306
10.494    2.0250
10.473    1.9807
10.452    1.9430
10.431    1.9320
10.410    1.8864
10.389    1.8477
10.368    1.8220
10.348    1.7928
10.327    1.7600
10.306    1.7273
10.286    1.6850
10.266    1.6615
10.245    1.6406
10.225    1.6035
10.205    1.5719
10.185    1.5730
10.165    1.5666
10.145    1.5536
10.125    1.5365
10.106    1.5082
10.086    1.4975
10.066    1.4933
10.047    1.4845
10.027    1.4774
10.008    1.4479
 9.989    1.4233
 9.970    1.4225
 9.950    1.4142
 9.931    1.4089
 9.912    1.4058
 9.893    1.4042
 9.875    1.4055
 9.856    1.4054
 9.837    1.4059
 9.819    1.4053
 9.800    1.4106
 9.781    1.3883
 9.763    1.3882
 9.745    1.3856
 9.726    1.3754
 9.708    1.3728
 9.690    1.3535
 9.672    1.3291
 9.654    1.3379
 9.636    1.3222
 9.618    1.2934
 9.600    1.2703
 9.582    1.2503
 9.565    1.2386
 9.547    1.2218
 9.530    1.2041
 9.512    1.1960
 9.495    1.1998
 9.477    1.1865
 9.460    1.1722
 9.443    1.1546
 9.426    1.1300
 9.409    1.1261
 9.392    1.1363
 9.375    1.1198
 9.358    1.1056
 9.341    1.0998
 9.324    1.0907
 9.307    1.0687
 9.291    1.0959
 9.274    1.1274
 9.257    1.1165
 9.241    1.0897
 9.225    1.0897
 9.208    1.1214
 9.192    1.1262
 9.175    1.1187
 9.159    1.1146
 9.143    1.1324
 9.127    1.1561
 9.111    1.1646
 9.095    1.1672
 9.079    1.1567
 9.063    1.1524
 9.047    1.1526
 9.032    1.1465
 9.016    1.1339
 9.000    1.1211
 8.985    1.1180
 8.969    1.1172
 8.954    1.1098
 8.938    1.1300
 8.923    1.1224
 8.908    1.0899
 8.892    1.0741
 8.877    1.0761
 8.862    1.0790
 8.847    1.0902
 8.832    1.0961
 8.817    1.0819
 8.802    1.0802
 8.787    1.0843
 8.772    1.0682
 8.757    1.0702
 8.742    1.0820
 8.727    1.0807
 8.713    1.0795
 8.698    1.0710
 8.684    1.0594
 8.669    1.0401
 8.655    1.0380
 8.640    1.0415
 8.626    1.0248
 8.612    0.9868
 8.597    0.9573
 8.583    0.9579
 8.569    0.9538
 8.555    0.9363
 8.541    0.9044
 8.527    0.8706
 8.513    0.8484
 8.499    0.8296
 8.485    0.8132
 8.471    0.8039
 8.457    0.7793
 8.443    0.7398
 8.430    0.7134
 8.416    0.6919
 8.402    0.6692
 8.389    0.6379
 8.375    0.6080
 8.361    0.5972
 8.348    0.5594
 8.335    0.5206
 8.321    0.5155
 8.308    0.5056
 8.295    0.4804
 8.281    0.4620
 8.268    0.4590
 8.255    0.4423
 8.242    0.4361
 8.229    0.4374
 8.216    0.4245
 8.203    0.4284
 8.190    0.4401
 8.177    0.4520
 8.164    0.4605
 8.151    0.4684
 8.138    0.4845
 8.126    0.4985
 8.113    0.5324
 8.100    0.5563
 8.088    0.5761
 8.075    0.6184
 8.062    0.6451
 8.050    0.6816
 8.037    0.7171
 8.025    0.7685
 8.013    0.8192
 8.000    0.8516
 7.988    0.8853
 7.976    0.9538
 7.963    1.0209
 7.951    1.0761
 7.939    1.1381
 7.927    1.1999
 7.915    1.2668
 7.903    1.3512
 7.891    1.4326
 7.879    1.4882
 7.867    1.5496
 7.855    1.6399
 7.843    1.7324
 7.831    1.8034
 7.819    1.8858
 7.808    1.9655
 7.796    2.0423
 7.784    2.1254
 7.772    2.2051
 7.761    2.2904
 7.749    2.3860
 7.737    2.4789
 7.726    2.5702
 7.715    2.6734
 7.703    2.7671
 7.692    2.8527
 7.680    2.9485
 7.669    3.0462
 7.657    3.1447
 7.646    3.2338
 7.635    3.3194
 7.624    3.4106
 7.613    3.4905
 7.601    3.5762
 7.590    3.6771
 7.579    3.7868
 7.568    3.8652
 7.557    3.9393
 7.546    4.0331
 7.535    4.1448
 7.524    4.2324
 7.513    4.3186
 7.502    4.4180
 7.492    4.5099
 7.481    4.5930
 7.470    4.6823
 7.459    4.7821
 7.449    4.8828
 7.438    4.9757
 7.427    5.0583
 7.417    5.1506
 7.406    5.2541
 7.395    5.3363
 7.385    5.4153
 7.374    5.5136
 7.364    5.6086
 7.353    5.6910
 7.343    5.7706
 7.333    5.8689
 7.322    5.9610
 7.312    6.0409
 7.302    6.1260
 7.291    6.1960
 7.281    6.2763
 7.271    6.3591
 7.261    6.4434
 7.251    6.5308
 7.240    6.6079
 7.230    6.6767
 7.220    6.7458
 7.210    6.8237
 7.200    6.9106
 7.190    6.9921
 7.180    7.0668
 7.170    7.1494
 7.160    7.2236
 7.151    7.2729
 7.141    7.3379
 7.131    7.4127
 7.121    7.4748
 7.111    7.5356
 7.102    7.5980
 7.092    7.6686
 7.082    7.7267
 7.072    7.7770
 7.063    7.8370
 7.053    7.9116
 7.044    7.9734
 7.034    8.0542
 7.025    8.1266
 7.015    8.1867
 7.006    8.2376
 6.996    8.2818
 6.987    8.3462
 6.977    8.4184
 6.968    8.4684
 6.959    8.5227
 6.949    8.5824
 6.940    8.6351
 6.931    8.6802
 6.921    8.7135
 6.912    8.7486
 6.903    8.7953
 6.894    8.8316
 6.885    8.8690
 6.875    8.9018
 6.866    8.9354
 6.857    8.9698
 6.848    9.0074
 6.839    9.0473
 6.830    9.0845
 6.821    9.1143
 6.812    9.1605
 6.803    9.1890
 6.794    9.2206
 6.785    9.2621
 6.777    9.3018
 6.768    9.3372
 6.759    9.3749
 6.750    9.4115
 6.741    9.4459
 6.733    9.4681
 6.724    9.4918
 6.715    9.5142
 6.707    9.5474
 6.698    9.5683
 6.689    9.5884
 6.681    9.6094
 6.672    9.6306
 6.663    9.6493
 6.655    9.6630
 6.646    9.6820
 6.638    9.7163
 6.629    9.7422
 6.621    9.7729
 6.612    9.8106
 6.604    9.8455
 6.596    9.8788
 6.587    9.8980
 6.579    9.9350
 6.571    9.9751
 6.562   10.0090
 6.554   10.0460
 6.546   10.0940
 6.537   10.1250
 6.529   10.1470
 6.521   10.1880
 6.513   10.2390
 6.505   10.2700
 6.496   10.3000
 6.488   10.3340
 6.480   10.3770
 6.472   10.4170
 6.464   10.4330
 6.456   10.4590
 6.448   10.4840
 6.440   10.5160
 6.432   10.5530
 6.424   10.5890
 6.416   10.6140
 6.408   10.6230
 6.400   10.6280
 6.392   10.6250
 6.384   10.6180
 6.377   10.6240
 6.369   10.6390
 6.361   10.6430
 6.353   10.6440
 6.345   10.6290
 6.338   10.6310
 6.330   10.6560
 6.322   10.6670
 6.314   10.6650
 6.307   10.6930
 6.299   10.7220
 6.291   10.7330
 6.284   10.7460
 6.276   10.7890
 6.269   10.8200
 6.261   10.8350
 6.253   10.8360
 6.246   10.8460
 6.239   10.8690
 6.231   10.8870
 6.223   10.9050
 6.216   10.9140
 6.209   10.9260
 6.201   10.9540
 6.194   10.9790
 6.186   10.9810
 6.179   10.9860
 6.172   11.0070
 6.164   11.0470
 6.157   11.0610
 6.150   11.0800
 6.142   11.1180
 6.135   11.1420
 6.128   11.1520
 6.121   11.1890
 6.113   11.2250
 6.106   11.2440
 6.099   11.2620
 6.092   11.2720
 6.085   11.2710
 6.078   11.3040
 6.070   11.3350
 6.063   11.3490
 6.056   11.3770
 6.049   11.4090
 6.042   11.4290
 6.035   11.4560
 6.028   11.4800
 6.021   11.5240
 6.014   11.5810
 6.007   11.6380
 6.000   11.7100
 5.993   11.8000
 5.986   11.8870
 5.979   11.9520
 5.973   12.0220
 5.966   12.1230
 5.959   12.2340
 5.952   12.3320
 5.945   12.4190
 5.938   12.5190
 5.931   12.6030
 5.925   12.6940
 5.918   12.7900
 5.911   12.8800
 5.904   12.9730
 5.898   13.0780
 5.891   13.1660
 5.884   13.2520
 5.878   13.3380
 5.871   13.4200
 5.864   13.5130
 5.858   13.6050
 5.851   13.6930
 5.845   13.7920
 5.838   13.8880
 5.831   13.9730
 5.825   14.0570
 5.818   14.1320
 5.812   14.2230
 5.805   14.3230
 5.799   14.4130
 5.792   14.4930
 5.786   14.5580
 5.779   14.6370
 5.773   14.7290
 5.767   14.8230
 5.760   14.8780
 5.754   14.9360
 5.747   14.9970
 5.741   15.0600
 5.735   15.1150
 5.728   15.1640
 5.722   15.2050
 5.716   15.2400
 5.709   15.2870
 5.703   15.3380
 5.697   15.3780
 5.691   15.4080
 5.684   15.4360
 5.678   15.4560
 5.672   15.4880
 5.666   15.5460
 5.660   15.5990
 5.653   15.6320
 5.647   15.6730
 5.641   15.7390
 5.635   15.7870
 5.629   15.8280
 5.623   15.8850
 5.617   15.9550
 5.611   15.9990
 5.604   16.0430
 5.598   16.1020
 5.592   16.1510
 5.586   16.1960
 5.580   16.2330
 5.574   16.2650
 5.568   16.2930
 5.562   16.3110
 5.556   16.3320
 5.551   16.3460
 5.545   16.3450
 5.539   16.3420
 5.533   16.3510
 5.527   16.3650
 5.521   16.3600
 5.515   16.3510
 5.509   16.3450
 5.503   16.3490
 5.497   16.3450
 5.492   16.3420
 5.486   16.3480
 5.480   16.3570
 5.474   16.3560
 5.468   16.3690
 5.463   16.4000
 5.457   16.4140
 5.451   16.4200
 5.446   16.4360
 5.440   16.4810
 5.434   16.5270
 5.428   16.5710
 5.423   16.6230
 5.417   16.6800
 5.411   16.7330
 5.406   16.7780
 5.400   16.8420
 5.394   16.9120
 5.389   16.9880
 5.383   17.0620
 5.378   17.1160
 5.372   17.1870
 5.367   17.2620
 5.361   17.3100
 5.356   17.3690
 5.350   17.4400
 5.345   17.5000
 5.339   17.5620
 5.333   17.6090
 5.328   17.6500
 5.322   17.7060
 5.317   17.7410
 5.312   17.7880
 5.306   17.8430
 5.301   17.8940
 5.295   17.9520
 5.290   18.0100
 5.285   18.0650
 5.279   18.1260
 5.274   18.1950
 5.268   18.2550
 5.263   18.3220
 5.258   18.3920
 5.252   18.4520
 5.247   18.5070
 5.242   18.5790
 5.237   18.6510
 5.231   18.7230
 5.226   18.7850
 5.221   18.8470
 5.215   18.9150
 5.210   18.9870
 5.205   19.0580
 5.200   19.1140
 5.194   19.1700
 5.189   19.2390
 5.184   19.3010
 5.179   19.3720
 5.174   19.4590
 5.169   19.5410
 5.164   19.6120
 5.158   19.7070
 5.153   19.7970
 5.148   19.8650
 5.143   19.9450
 5.138   20.0500
 5.133   20.1440
 5.128   20.2320
 5.123   20.3160
 5.118   20.3820
 5.113   20.4570
 5.107   20.5430
 5.103   20.6300
 5.098   20.7070
 5.093   20.7870
 5.088   20.8640
 5.082   20.9310
 5.077   20.9990
 5.073   21.0810
 5.068   21.1520
 5.063   21.2130
 5.058   21.2890
 5.053   21.3680
 5.048   21.4480
 5.043   21.5220
 5.038   21.6140
 5.033   21.7000
 5.028   21.7660
 5.023   21.8360
 5.019   21.9180
 5.014   22.0050
 5.009   22.0870
 5.004   22.1700
 4.999   22.2490
 4.994   22.3380
 4.990   22.4170
 4.985   22.4820
 4.980   22.5640
 4.975   22.6490
 4.970   22.7280
 4.966   22.8120
 4.961   22.8850
 4.956   22.9560
 4.951   23.0370
 4.947   23.1260
 4.942   23.2140
 4.937   23.2900
 4.933   23.3690
 4.928   23.4540
 4.923   23.5290
 4.919   23.6060
 4.914   23.6770
 4.909   23.7490
 4.905   23.8300
 4.900   23.9000
 4.895   23.9760
 4.891   24.0620
 4.886   24.1210
 4.882   24.1860
 4.877   24.2700
 4.872   24.3400
 4.868   24.4000
 4.863   24.4800
 4.859   24.5590
 4.854   24.6320
 4.849   24.7050
 4.845   24.7690
 4.840   24.8370
 4.836   24.9120
 4.832   24.9790
 4.827   25.0380
 4.822   25.1030
 4.818   25.1650
 4.814   25.2340
 4.809   25.3060
 4.805   25.3630
 4.800   25.4190
 4.796   25.4810
 4.791   25.5380
 4.787   25.5980
 4.782   25.6520
 4.778   25.7010
 4.774   25.7540
 4.769   25.8130
 4.765   25.8720
 4.761   25.9430
 4.756   26.0080
 4.752   26.0580
 4.747   26.1140
 4.743   26.1740
 4.739   26.2450
 4.734   26.3010
 4.730   26.3610
 4.726   26.4270
 4.721   26.4910
 4.717   26.5580
 4.713   26.6290
 4.709   26.7050
 4.704   26.7780
 4.700   26.8470
 4.696   26.8960
 4.691   26.9490
 4.687   27.0090
 4.683   27.0730
 4.679   27.1520
 4.675   27.2150
 4.670   27.2620
 4.666   27.3140
 4.662   27.3680
 4.658   27.4280
 4.654   27.5080
 4.649   27.5600
 4.645   27.6090
 4.641   27.6800
 4.637   27.7640
 4.633   27.8390
 4.629   27.9190
 4.625   27.9960
 4.620   28.0750
 4.616   28.1480
 4.612   28.2130
 4.608   28.2820
 4.604   28.3630
 4.600   28.4370
 4.596   28.4940
 4.592   28.5540
 4.588   28.6130
 4.584   28.6780
 4.580   28.7460
 4.576   28.8000
 4.572   28.8560
 4.567   28.9130
 4.564   28.9690
 4.559   29.0160
 4.556   29.0640
 4.551   29.1080
 4.548   29.1650
 4.543   29.2130
 4.540   29.2410
 4.536   29.2720
 4.532   29.3190
 4.528   29.3800
 4.524   29.4240
 4.520   29.4570
 4.516   29.4840
 4.512   29.5180
 4.508   29.5520
 4.504   29.5880
 4.500   29.6370
 4.496   29.6660
 4.492   29.6850
 4.488   29.7180
 4.485   29.7450
 4.481   29.7600
 4.477   29.7710
 4.473   29.7990
 4.469   29.8260
 4.465   29.8390
 4.461   29.8550
 4.458   29.8890
 4.454   29.9020
 4.450   29.9130
 4.446   29.9250
 4.442   29.9250
 4.439   29.9340
 4.435   29.9620
 4.431   29.9970
 4.427   30.0110
 4.423   30.0030
 4.420   30.0070
 4.416   30.0180
 4.412   30.0350
 4.408   30.0570
 4.404   30.0710
 4.401   30.0800
 4.397   30.1000
 4.393   30.1150
 4.390   30.1370
 4.386   30.1680
 4.382   30.1800
 4.378   30.2020
 4.375   30.2280
 4.371   30.2590
 4.367   30.2760
 4.364   30.2970
 4.360   30.3270
 4.356   30.3460
 4.353   30.3730
 4.349   30.3980
 4.346   30.4280
 4.342   30.4570
 4.338   30.4850
 4.335   30.5080
 4.331   30.5400
 4.327   30.5630
 4.324   30.5930
 4.320   30.6220
 4.316   30.6290
 4.313   30.6460
 4.309   30.6880
 4.306   30.7230
 4.302   30.7510
 4.299   30.7780
 4.295   30.8040
 4.292   30.8430
 4.288   30.8810
 4.284   30.9150
 4.281   30.9360
 4.277   30.9490
 4.274   30.9810
 4.270   31.0120
 4.267   31.0270
 4.263   31.0420
 4.260   31.0460
 4.256   31.0670
 4.253   31.0940
 4.249   31.1140
 4.246   31.1310
 4.242   31.1430
 4.239   31.1620
 4.235   31.1880
 4.232   31.2090
 4.229   31.2190
 4.225   31.2080
 4.222   31.2080
 4.218   31.2140
 4.215   31.2210
 4.211   31.2320
 4.208   31.2440
 4.205   31.2380
 4.201   31.2470
 4.198   31.2640
 4.194   31.2690
 4.191   31.2610
 4.188   31.2710
 4.184   31.2770
 4.181   31.2840
 4.177   31.2990
 4.174   31.3060
 4.171   31.3080
 4.167   31.3050
 4.164   31.3170
 4.161   31.3290
 4.157   31.3200
 4.154   31.3150
 4.151   31.3130
 4.147   31.3260
 4.144   31.3410
 4.141   31.3500
 4.137   31.3470
 4.134   31.3470
 4.131   31.3550
 4.128   31.3370
 4.124   31.3350
 4.121   31.3620
 4.118   31.3610
 4.114   31.3570
 4.111   31.3690
 4.108   31.3740
 4.105   31.3750
 4.101   31.3820
 4.098   31.3860
 4.095   31.3760
 4.092   31.3700
 4.088   31.3780
 4.085   31.3870
 4.082   31.3930
 4.079   31.3870
 4.076   31.3830
 4.072   31.3960
 4.069   31.4040
 4.066   31.3920
 4.063   31.3920
 4.060   31.3960
 4.056   31.3980
 4.053   31.4070
 4.050   31.4080
 4.047   31.4110
 4.044   31.4090
 4.041   31.4080
 4.037   31.4030
 4.034   31.4000
 4.031   31.3970
 4.028   31.4090
 4.025   31.4200
 4.022   31.4050
 4.019   31.3920
 4.016   31.4060
 4.013   31.4140
 4.009   31.4080
 4.006   31.4150
 4.003   31.4200
 4.000   31.4140
 3.997   31.4270
 3.994   31.4400
 3.991   31.4340
 3.988   31.4330
 3.985   31.4410
 3.982   31.4380
 3.979   31.4460
 3.976   31.4440
 3.973   31.4410
 3.970   31.4250
 3.966   31.4220
 3.963   31.4340
 3.960   31.4460
 3.957   31.4440
 3.954   31.4260
 3.951   31.4120
 3.948   31.4020
 3.945   31.4070
 3.942   31.4100
 3.939   31.4060
 3.936   31.4020
 3.933   31.3960
 3.930   31.3870
 3.927   31.3980
 3.924   31.3880
 3.921   31.3700
 3.918   31.3820
 3.916   31.3920
 3.913   31.3820
 3.910   31.3700
 3.907   31.3710
 3.904   31.3730
 3.901   31.3680
 3.898   31.3640
 3.895   31.3470
 3.892   31.3360
 3.889   31.3380
 3.886   31.3400
 3.883   31.3420
 3.880   31.3460
 3.877   31.3260
 3.875   31.3030
 3.872   31.3090
 3.869   31.3180
 3.866   31.3130
 3.863   31.3060
 3.860   31.3000
 3.857   31.2940
 3.854   31.2780
 3.852   31.2790
 3.849   31.2720
 3.846   31.2710
 3.843   31.2740
 3.840   31.2790
 3.837   31.2600
 3.834   31.2530
 3.832   31.2520
 3.829   31.2350
 3.826   31.2200
 3.823   31.2050
 3.820   31.2080
 3.817   31.2150
 3.815   31.2230
 3.812   31.2210
 3.809   31.2070
 3.806   31.1970
 3.804   31.1870
 3.801   31.1750
 3.798   31.1580
 3.795   31.1420
 3.792   31.1330
 3.790   31.1360
 3.787   31.1350
 3.784   31.1260
 3.781   31.1000
 3.779   31.0840
 3.776   31.0870
 3.773   31.0850
 3.770   31.0670
 3.768   31.0570
 3.765   31.0640
 3.762   31.0550
 3.759   31.0450
 3.757   31.0290
 3.754   31.0320
 3.751   31.0280
 3.748   31.0050
 3.746   30.9910
 3.743   30.9680
 3.740   30.9600
 3.738   30.9590
 3.735   30.9550
 3.732   30.9560
 3.730   30.9430
 3.727   30.9270
 3.724   30.9120
 3.722   30.8900
 3.719   30.8820
 3.716   30.8730
 3.714   30.8600
 3.711   30.8560
 3.708   30.8450
 3.706   30.8290
 3.703   30.8230
 3.700   30.8270
 3.698   30.8120
 3.695   30.8080
 3.692   30.7910
 3.690   30.7570
 3.687   30.7510
 3.684   30.7460
 3.682   30.7320
 3.679   30.7180
 3.677   30.6980
 3.674   30.6910
 3.672   30.6800
 3.669   30.6710
 3.666   30.6740
 3.664   30.6660
 3.661   30.6480
 3.659   30.6420
 3.656   30.6330
 3.653   30.6170
 3.651   30.6120
 3.648   30.6150
 3.646   30.6150
 3.643   30.5860
 3.641   30.5620
 3.638   30.5480
 3.636   30.5470
 3.633   30.5430
 3.630   30.5250
 3.628   30.5010
 3.625   30.5040
 3.623   30.4920
 3.620   30.4730
 3.618   30.4750
 3.615   30.4590
 3.613   30.4340
 3.610   30.4280
 3.608   30.4180
 3.605   30.4100
 3.603   30.3910
 3.600   30.3640
 3.598   30.3730
 3.595   30.3730
 3.593   30.3520
 3.590   30.3460
 3.588   30.3360
 3.585   30.3390
 3.583   30.3200
 3.580   30.2960
 3.578   30.2760
 3.575   30.2620
 3.573   30.2610
 3.570   30.2450
 3.568   30.2300
 3.565   30.2320
 3.563   30.2230
 3.561   30.2150
 3.558   30.2050
 3.556   30.1900
 3.553   30.1740
 3.551   30.1700
 3.548   30.1520
 3.546   30.1280
 3.543   30.1300
 3.541   30.1320
 3.539   30.1230
 3.536   30.0950
 3.534   30.0750
 3.531   30.0750
 3.529   30.0660
 3.527   30.0460
 3.524   30.0470
 3.522   30.0700
 3.519   30.0730
 3.517   30.0690
 3.515   30.0630
 3.512   30.0490
 3.510   30.0440
 3.507   30.0360
 3.505   30.0380
 3.503   30.0230
 3.500   29.9960
 3.498   29.9910
 3.496   29.9840
 3.493   29.9660
 3.491   29.9530
 3.489   29.9400
 3.486   29.9180
 3.484   29.8750
 3.482   29.8620
 3.479   29.8740
 3.477   29.8680
 3.475   29.8480
 3.472   29.8360
 3.470   29.8190
 3.468   29.7990
 3.465   29.7910
 3.463   29.7860
 3.461   29.7820
 3.458   29.7700
 3.456   29.7580
 3.454   29.7630
 3.451   29.7620
 3.449   29.7520
 3.447   29.7350
 3.445   29.7300
 3.442   29.7250
 3.440   29.6980
 3.438   29.6950
 3.436   29.7010
 3.433   29.7020
 3.431   29.6960
 3.429   29.6930
 3.426   29.6910
 3.424   29.6870
 3.422   29.6650
 3.420   29.6570
 3.417   29.6310
 3.415   29.6300
 3.413   29.6160
 3.411   29.5850
 3.408   29.5670
 3.406   29.5350
 3.404   29.5030
 3.402   29.5010
 3.399   29.4910
 3.397   29.4640
 3.395   29.4480
 3.393   29.4370
 3.391   29.4200
 3.388   29.4110
 3.386   29.3980
 3.384   29.3710
 3.382   29.3480
 3.380   29.3330
 3.377   29.3300
 3.375   29.3100
 3.373   29.2900
 3.371   29.2740
 3.369   29.2390
 3.366   29.2160
 3.364   29.1920
 3.362   29.1790
 3.360   29.1860
 3.358   29.1740
 3.355   29.1470
 3.353   29.1310
 3.351   29.0940
 3.349   29.0890
 3.347   29.0670
 3.345   29.0280
 3.342   29.0000
 3.340   28.9780
 3.338   28.9670
 3.336   28.9610
 3.334   28.9410
 3.332   28.9210
 3.330   28.9100
 3.327   28.9000
 3.325   28.8790
 3.323   28.8640
 3.321   28.8330
 3.319   28.8160
 3.317   28.8160
 3.315   28.8230
 3.313   28.8000
 3.310   28.7720
 3.308   28.7780
 3.306   28.7790
 3.304   28.7450
 3.302   28.7350
 3.300   28.7220
 3.298   28.7070
 3.296   28.6880
 3.294   28.6800
 3.292   28.6690
 3.289   28.6360
 3.287   28.6110
 3.285   28.6250
 3.283   28.6260
 3.281   28.6050
 3.279   28.5810
 3.277   28.5470
 3.275   28.5310
 3.273   28.5320
 3.271   28.5360
 3.269   28.5150
 3.267   28.5020
 3.265   28.5070
 3.263   28.4790
 3.261   28.4400
 3.258   28.4340
 3.256   28.4260
 3.254   28.4110
 3.252   28.4060
 3.250   28.3950
 3.248   28.3560
 3.246   28.3360
 3.244   28.3360
 3.242   28.3240
 3.240   28.3430
 3.238   28.3270
 3.236   28.2890
 3.234   28.2710
 3.232   28.2670
 3.230   28.2560
 3.228   28.2140
 3.226   28.2010
 3.224   28.2090
 3.222   28.1860
 3.220   28.1590
 3.218   28.1530
 3.216   28.1330
 3.214   28.1020
 3.212   28.0850
 3.210   28.0740
 3.208   28.0650
 3.206   28.0460
 3.204   28.0390
 3.202   28.0280
 3.200   27.9970
 3.198   27.9670
 3.196   27.9760
 3.194   27.9700
 3.192   27.9490
 3.190   27.9390
 3.188   27.9360
 3.186   27.9080
 3.184   27.8900
 3.182   27.8930
 3.180   27.8910
 3.179   27.8700
 3.177   27.8580
 3.175   27.8300
 3.173   27.8170
 3.171   27.8110
 3.169   27.7980
 3.167   27.7780
 3.165   27.7450
 3.163   27.7350
 3.161   27.7200
 3.159   27.7130
 3.157   27.7180
 3.155   27.6980
 3.153   27.6510
 3.152   27.6370
 3.150   27.6340
 3.148   27.6340
 3.146   27.6360
 3.144   27.6260
 3.142   27.6020
 3.140   27.5850
 3.138   27.5590
 3.136   27.5550
 3.134   27.5710
 3.132   27.5500
 3.131   27.5200
 3.129   27.5020
 3.127   27.5040
 3.125   27.4930
 3.123   27.4520
 3.121   27.4320
 3.119   27.4430
 3.117   27.4180
 3.115   27.4040
 3.114   27.4050
 3.112   27.4050
 3.110   27.4020
 3.108   27.3730
 3.106   27.3420
 3.104   27.3310
 3.102   27.3460
 3.101   27.3370
 3.099   27.3300
 3.097   27.3180
 3.095   27.2850
 3.093   27.2610
 3.091   27.2550
 3.090   27.2440
 3.088   27.2270
 3.086   27.2150
 3.084   27.2220
 3.082   27.2200
 3.080   27.2170
 3.079   27.2050
 3.077   27.2040
 3.075   27.2090
 3.073   27.1940
 3.071   27.1600
 3.069   27.1570
 3.067   27.1560
 3.066   27.1190
 3.064   27.1050
 3.062   27.1220
 3.060   27.1160
 3.059   27.0950
 3.057   27.0750
 3.055   27.0920
 3.053   27.0980
 3.051   27.0640
 3.050   27.0610
 3.048   27.0710
 3.046   27.0480
 3.044   27.0280
 3.042   27.0230
 3.041   26.9850
 3.039   26.9960
 3.037   27.0150
 3.035   26.9860
 3.033   26.9630
 3.032   26.9490
 3.030   26.9450
 3.028   26.9540
 3.026   26.9270
 3.025   26.8970
 3.023   26.9140
 3.021   26.9130
 3.019   26.9030
 3.018   26.8780
 3.016   26.8390
 3.014   26.8590
 3.012   26.8730
 3.011   26.8550
 3.009   26.8300
 3.007   26.8300
 3.005   26.8100
 3.004   26.7750
 3.002   26.8070
 3.000   26.7990
 2.998   26.7570
 2.997   26.7360
 2.995   26.7110
 2.993   26.6840
 2.991   26.6980
 2.990   26.7110
 2.988   26.7040
 2.986   26.6790
 2.985   26.6530
 2.983   26.6580
 2.981   26.6640
 2.979   26.6640
 2.978   26.6420
 2.976   26.6320
 2.974   26.6270
 2.973   26.6000
 2.971   26.6010
 2.969   26.5840
 2.967   26.5780
 2.966   26.5800
 2.964   26.5650
 2.962   26.5680
 2.961   26.5840
 2.959   26.6050
 2.957   26.5910
 2.956   26.5540
 2.954   26.5270
 2.952   26.5080
 2.951   26.5060
 2.949   26.5020
 2.947   26.4830
 2.946   26.4780
 2.944   26.4850
 2.942   26.4920
 2.941   26.4770
 2.939   26.4940
 2.937   26.4880
 2.936   26.4700
 2.934   26.4590
 2.932   26.4840
 2.931   26.4730
 2.929   26.4550
 2.927   26.4460
 2.926   26.4470
 2.924   26.4490
 2.922   26.4160
 2.921   26.3980
 2.919   26.4200
 2.917   26.4190
 2.916   26.4080
 2.914   26.4260
 2.912   26.4460
 2.911   26.4170
 2.909   26.4090
 2.908   26.4080
 2.906   26.3720
 2.904   26.3600
 2.903   26.3730
 2.901   26.3870
 2.899   26.3850
 2.898   26.3540
 2.896   26.3430
 2.895   26.3500
 2.893   26.3500
 2.891   26.3610
 2.890   26.3510
 2.888   26.3490
 2.886   26.3770
 2.885   26.3560
 2.883   26.3410
 2.882   26.3570
 2.880   26.3510
 2.878   26.3370
 2.877   26.3260
 2.875   26.3370
 2.874   26.3660
 2.872   26.3690
 2.870   26.3430
 2.869   26.3180
 2.867   26.3080
 2.866   26.3050
 2.864   26.3090
 2.863   26.3460
 2.861   26.3580
 2.859   26.2960
 2.858   26.2950
 2.856   26.3100
 2.855   26.3030
 2.853   26.3000
 2.852   26.3020
 2.850   26.3040
 2.848   26.3080
 2.847   26.2990
 2.845   26.3400
 2.844   26.3260
 2.842   26.3070
 2.841   26.3110
 2.839   26.3050
 2.837   26.2970
 2.836   26.3160
 2.834   26.3250
 2.833   26.3140
 2.831   26.3220
 2.830   26.3270
 2.828   26.3260
 2.827   26.3150
 2.825   26.3170
 2.824   26.3360
 2.822   26.3240
 2.821   26.3220
 2.819   26.3590
 2.817   26.4030
 2.816   26.3860
 2.814   26.3900
 2.813   26.4190
 2.811   26.4460
 2.810   26.4550
 2.808   26.4660
 2.807   26.4610
 2.805   26.4580
 2.804   26.4880
 2.802   26.5230
 2.801   26.5570
 2.799   26.5570
 2.798   26.5740
 2.796   26.5880
 2.795   26.6000
 2.793   26.6060
 2.792   26.6400
 2.790   26.6780
 2.789   26.7170
 2.787   26.7490
 2.786   26.7640
 2.784   26.7800
 2.783   26.8180
 2.781   26.8560
 2.780   26.8720
 2.778   26.8940
 2.777   26.9300
 2.775   26.9480
 2.774   26.9850
 2.772   27.0370
 2.771   27.0670
 2.769   27.1070
 2.768   27.1260
 2.766   27.1490
 2.765   27.2240
 2.763   27.2850
 2.762   27.3120
 2.761   27.3480
 2.759   27.3930
 2.757   27.4260
 2.756   27.4560
 2.755   27.4820
 2.753   27.5060
 2.752   27.5340
 2.750   27.5800
 2.749   27.6510
 2.747   27.7000
 2.746   27.7250
 2.744   27.7440
 2.743   27.7880
 2.741   27.8400
 2.740   27.8640
 2.739   27.8920
 2.737   27.9340
 2.736   27.9590
 2.734   27.9760
 2.733   28.0150
 2.731   28.0410
 2.730   28.0740
 2.728   28.0960
 2.727   28.1110
 2.726   28.1240
 2.724   28.1590
 2.723   28.1820
 2.721   28.2090
 2.720   28.2410
 2.719   28.2260
 2.717   28.2200
 2.716   28.2290
 2.714   28.2820
 2.713   28.3040
 2.711   28.3070
 2.710   28.3030
 2.708   28.3140
 2.707   28.3100
 2.706   28.3150
 2.704   28.3220
 2.703   28.3380
 2.701   28.3570
 2.700   28.3410
 2.699   28.3380
 2.697   28.3300
 2.696   28.3210
 2.695   28.3010
 2.693   28.3000
 2.692   28.2940
 2.690   28.2990
 2.689   28.2970
 2.688   28.3110
 2.686   28.3200
 2.685   28.3170
 2.683   28.3150
 2.682   28.3220
 2.680   28.3290
 2.679   28.3310
 2.678   28.3180
 2.676   28.3120
 2.675   28.3130
 2.674   28.3140
 2.672   28.3410
 2.671   28.3820
 2.670   28.4080
 2.668   28.4310
 2.667   28.4540
 2.665   28.4410
 2.664   28.4190
 2.663   28.4170
 2.661   28.4240
 2.660   28.4230
 2.659   28.4000
 2.657   28.4130
 2.656   28.4320
 2.655   28.4260
 2.653   28.4200
 2.652   28.4160
 2.650   28.4120
 2.649   28.4060
 2.648   28.3990
 2.646   28.3670
 2.645   28.3700
 2.644   28.3740
 2.642   28.3850
 2.641   28.4030
 2.640   28.3980
 2.638   28.3890
 2.637   28.3760
 2.636   28.3570
 2.634   28.3460
 2.633   28.3280
 2.632   28.3020
 2.630   28.3100
 2.629   28.3200
 2.627   28.3050
 2.626   28.3080
 2.625   28.3220
 2.624   28.3120
 2.622   28.2970
 2.621   28.2860
 2.620   28.2580
 2.618   28.2380
 2.617   28.2630
 2.616   28.2770
 2.614   28.2510
 2.613   28.2340
 2.612   28.2280
 2.610   28.2200
 2.609   28.2110
 2.608   28.1970
 2.606   28.1860
 2.605   28.1870
 2.604   28.1860
 2.603   28.1770
 2.601   28.1690
 2.600   28.1740
 2.599   28.1760
 2.597   28.1780
 2.596   28.1750
 2.595   28.1830
 2.593   28.1570
 2.592   28.1520
 2.591   28.1410
 2.590   28.1170
 2.588   28.1020
 2.587   28.1010
 2.586   28.1110
 2.584   28.1050
 2.583   28.0830
 2.582   28.0590
 2.580   28.0750
 2.579   28.0790
 2.578   28.0550
 2.577   28.0540
 2.575   28.0590
 2.574   28.0630
 2.573   28.0450
 2.571   28.0290
 2.570   28.0320
 2.569   28.0000
 2.568   27.9670
 2.566   27.9520
 2.565   27.9520
 2.564   27.9680
 2.563   27.9720
 2.561   27.9670
 2.560   27.9440
 2.559   27.9420
 2.558   27.9550
 2.556   27.9400
 2.555   27.9160
 2.554   27.8980
 2.553   27.9070
 2.551   27.8930
 2.550   27.8720
 2.549   27.8740
 2.547   27.8860
 2.546   27.8880
 2.545   27.8620
 2.544   27.8400
 2.543   27.8340
 2.541   27.8130
 2.540   27.8080
 2.539   27.8300
 2.538   27.8380
 2.536   27.8140
 2.535   27.7750
 2.534   27.7710
 2.533   27.7860
 2.531   27.7960
 2.530   27.7590
 2.529   27.7510
 2.528   27.7580
 2.526   27.7380
 2.525   27.7310
 2.524   27.7380
 2.523   27.7240
 2.522   27.7120
 2.520   27.6930
 2.519   27.7040
 2.518   27.6880
 2.517   27.6700
 2.515   27.6790
 2.514   27.6630
 2.513   27.6800
 2.512   27.6730
 2.511   27.6500
 2.509   27.6440
 2.508   27.6100
 2.507   27.6010
 2.506   27.6250
 2.504   27.6370
 2.503   27.6170
 2.502   27.5960
 2.501   27.5850
 2.500   27.5820
 2.498   27.5830
 2.497   27.5730
 2.496   27.5400
 2.495   27.5310
 2.494   27.5120
 2.492   27.5160
 2.491   27.5230
 2.490   27.5020
 2.489   27.4740
 2.488   27.4550
 2.486   27.4650
 2.485   27.4830
 2.484   27.4800
 2.483   27.4710
 2.482   27.4670
 2.481   27.4390
 2.479   27.4130
 2.478   27.4080
 2.477   27.3970
 2.476   27.4000
 2.474   27.4200
 2.473   27.4070
 2.472   27.3890
 2.471   27.3830
 2.470   27.3770
 2.469   27.3810
 2.467   27.3660
 2.466   27.3530
 2.465   27.3280
 2.464   27.3110
 2.463   27.3370
 2.462   27.3410
 2.460   27.2970
 2.459   27.2830
 2.458   27.2920
 2.457   27.2820
 2.456   27.2930
 2.455   27.3150
 2.454   27.2690
 2.452   27.2320
 2.451   27.2570
 2.450   27.2730
 2.449   27.2720
 2.448   27.2670
 2.446   27.2540
 2.445   27.2330
 2.444   27.2100
 2.443   27.2140
 2.442   27.2270
 2.441   27.2080
 2.440   27.1750
 2.438   27.1690
 2.437   27.1790
 2.436   27.1840
 2.435   27.1540
 2.434   27.1330
 2.433   27.1670
 2.432   27.1650
 2.430   27.1350
 2.429   27.1300
 2.428   27.1170
 2.427   27.1040
 2.426   27.0980
 2.425   27.0870
 2.424   27.0830
 2.422   27.0780
 2.421   27.0660
 2.420   27.0570
 2.419   27.0560
 2.418   27.0630
 2.417   27.0500
 2.416   27.0450
 2.415   27.0290
 2.414   27.0080
 2.412   27.0050
 2.411   26.9870
 2.410   26.9760
 2.409   26.9860
 2.408   27.0000
 2.407   26.9860
 2.406   26.9580
 2.405   26.9370
 2.403   26.9240
 2.402   26.9120
 2.401   26.9250
 2.400   26.9320
 2.399   26.9200
 2.398   26.9060
 2.397   26.9010
 2.396   26.9180
 2.394   26.8960
 2.393   26.8800
 2.392   26.8820
 2.391   26.8810
 2.390   26.8820
 2.389   26.8660
 2.388   26.8470
 2.387   26.8280
 2.386   26.8160
 2.385   26.8100
 2.384   26.7960
 2.382   26.8030
 2.381   26.8140
 2.380   26.8010
 2.379   26.7960
 2.378   26.7670
 2.377   26.7550
 2.376   26.7560
 2.375   26.7300
 2.374   26.7070
 2.373   26.7110
 2.372   26.7350
 2.370   26.7080
 2.369   26.6930
 2.368   26.7070
 2.367   26.7060
 2.366   26.7010
 2.365   26.6900
 2.364   26.6790
 2.363   26.6730
 2.362   26.6720
 2.361   26.6510
 2.360   26.6260
 2.359   26.6150
 2.357   26.5990
 2.356   26.6000
 2.355   26.6120
 2.354   26.6030
 2.353   26.5910
 2.352   26.5890
 2.351   26.6010
 2.350   26.5900
 2.349   26.5620
 2.348   26.5470
 2.347   26.5460
 2.346   26.5300
 2.345   26.5170
 2.344   26.5470
 2.343   26.5520
 2.341   26.5150
 2.341   26.4970
 2.339   26.4960
 2.338   26.5050
 2.337   26.5000
 2.336   26.4670
 2.335   26.4470
 2.334   26.4490
 2.333   26.4460
 2.332   26.4330
 2.331   26.4440
 2.330   26.4430
 2.329   26.4100
 2.328   26.4060
 2.327   26.4200
 2.326   26.4120
 2.325   26.4020
 2.324   26.4140
 2.323   26.4160
 2.322   26.4030
 2.321   26.3810
 2.320   26.3790
 2.318   26.3760
 2.317   26.3460
 2.316   26.3210
 2.315   26.3320
 2.314   26.3590
 2.313   26.3280
 2.312   26.3120
 2.311   26.3080
 2.310   26.3050
 2.309   26.3220
 2.308   26.3050
 2.307   26.2520
 2.306   26.2770
 2.305   26.3060
 2.304   26.2950
 2.303   26.2940
 2.302   26.2910
 2.301   26.2400
 2.300   26.2130
 2.299   26.2280
 2.298   26.2370
 2.297   26.2300
 2.296   26.2250
 2.295   26.1910
 2.294   26.1770
 2.293   26.1760
 2.292   26.1640
 2.291   26.1810
 2.290   26.1830
 2.289   26.1420
 2.288   26.1160
 2.287   26.1040
 2.286   26.1210
 2.285   26.1180
 2.284   26.1040
 2.283   26.0800
 2.282   26.0740
 2.281   26.0850
 2.280   26.0580
 2.279   26.0420
 2.278   26.0500
 2.277   26.0850
 2.276   26.0810
 2.275   26.0730
 2.274   26.0420
 2.273   26.0040
 2.272   26.0010
 2.271   25.9980
 2.270   26.0000
 2.269   25.9980
 2.268   26.0190
 2.267   26.0040
 2.266   25.9930
 2.265   25.9840
 2.264   25.9440
 2.263   25.9250
 2.262   25.9460
 2.261   25.9490
 2.260   25.9060
 2.259   25.9100
 2.258   25.9280
 2.257   25.9120
 2.256   25.8950
 2.255   25.8740
 2.254   25.8750
 2.253   25.8860
 2.252   25.8520
 2.251   25.8570
 2.250   25.8780
 2.249   25.8420
 2.248   25.8070
 2.247   25.8340
 2.246   25.8550
 2.245   25.8470
 2.244   25.8440
 2.243   25.8260
 2.242   25.7810
 2.241   25.7810
 2.240   25.8100
 2.239   25.8010
 2.238   25.7630
 2.237   25.7540
 2.236   25.7740
 2.236   25.7590
 2.235   25.7390
 2.234   25.7540
 2.233   25.7460
 2.232   25.7160
 2.231   25.7170
 2.230   25.7010
 2.229   25.6880
 2.228   25.6730
 2.227   25.6600
 2.226   25.6830
 2.225   25.6960
 2.224   25.6860
 2.223   25.6450
 2.222   25.6240
 2.221   25.6700
 2.220   25.6400
 2.219   25.5860
 2.218   25.6120
 2.217   25.5940
 2.216   25.5900
 2.216   25.6070
 2.215   25.5710
 2.214   25.5610
 2.213   25.5830
 2.212   25.5640
 2.211   25.5680
 2.210   25.5850
 2.209   25.5820
 2.208   25.5540
 2.207   25.5520
 2.206   25.5580
 2.205   25.5480
 2.204   25.5260
 2.203   25.5160
 2.202   25.5100
 2.201   25.5000
 2.200   25.4820
 2.200   25.4800
 2.199   25.4830
 2.198   25.4800
 2.197   25.4400
 2.196   25.4390
 2.195   25.4910
 2.194   25.4840
 2.193   25.4310
 2.192   25.4240
 2.191   25.4070
 2.190   25.4040
 2.189   25.4140
 2.188   25.4260
 2.187   25.4210
 2.187   25.4060
 2.186   25.3890
 2.185   25.3900
 2.184   25.3700
 2.183   25.3600
 2.182   25.3700
 2.181   25.4000
 2.180   25.3570
 2.179   25.3390
 2.178   25.3450
 2.177   25.3380
 2.176   25.3160
 2.176   25.2710
 2.175   25.2890
 2.174   25.2970
 2.173   25.2680
 2.172   25.2900
 2.171   25.3400
 2.170   25.3050
 2.169   25.2840
 2.168   25.2430
 2.167   25.1970
 2.166   25.2110
 2.166   25.2180
 2.165   25.2100
 2.164   25.2770
 2.163   25.2720
 2.162   25.2130
 2.161   25.2040
 2.160   25.2130
 2.159   25.2110
 2.158   25.2050
 2.157   25.1780
 2.156   25.1520
 2.156   25.1620
 2.155   25.1650
 2.154   25.1410
 2.153   25.1190
 2.152   25.1320
 2.151   25.1300
 2.150   25.1340
 2.149   25.1280
 2.148   25.1200
 2.148   25.1080
 2.147   25.0690
 2.146   25.0490
 2.145   25.0620
 2.144   25.0710
 2.143   25.0840
 2.142   25.0840
 2.141   25.0660
 2.140   25.0420
 2.140   25.0260
 2.139   25.0300
 2.138   25.0370
 2.137   25.0260
 2.136   25.0270
 2.135   25.0100
 2.134   25.0030
 2.133   25.0090
 2.132   25.0010
 2.132   24.9960
 2.131   24.9840
 2.130   24.9500
 2.129   24.9370
 2.128   24.9350
 2.127   24.9380
 2.126   24.9380
 2.126   24.8990
 2.125   24.8850
 2.124   24.8750
 2.123   24.8990
 2.122   24.9150
 2.121   24.9320
 2.120   24.9370
 2.119   24.9120
 2.119   24.8890
 2.118   24.8740
 2.117   24.9110
 2.116   24.9150
 2.115   24.8910
 2.114   24.9020
 2.113   24.8910
 2.112   24.8180
 2.112   24.7880
 2.111   24.7790
 2.110   24.8080
 2.109   24.8160
 2.108   24.7980
 2.107   24.7860
 2.107   24.7800
 2.106   24.8070
 2.105   24.8130
 2.104   24.8100
 2.103   24.7780
 2.102   24.7500
 2.101   24.7450
 2.100   24.7360
 2.100   24.7230
 2.099   24.7520
 2.098   24.7720
 2.097   24.7130
 2.096   24.6830
 2.095   24.6820
 2.095   24.6920
 2.094   24.6750
 2.093   24.6520
 2.092   24.6640
 2.091   24.7150
 2.090   24.6970
 2.090   24.6660
 2.089   24.6420
 2.088   24.6400
 2.087   24.6570
 2.086   24.6620
 2.085   24.5990
 2.084   24.6250
 2.084   24.6120
 2.083   24.6140
 2.082   24.6340
 2.081   24.6190
 2.080   24.5770
 2.079   24.5720
