Name: Ferruginous Sandstone
Type:  Rocks
Class:  Sedimentary
Subclass: Sandstone 
Particle Size:  0 - 75 Micrometers
Sample No.:  sandstone.4
Owner:  JHU
Wavelength Range:  All
Origin:  Sample No. 452,  The Hunt and Salisbury Collection at the U.S. 
Geological Survey, Denver, Co.
Description: Poorly sorted, low porosity sandstone containing 
medium-grained, well-rounded to subrounded quartz grains coated 
with ferruginous material (clay) and some carbonate. Sample 
displays quartz redeposition and pressure solution of the quartz, 
recrystallization of carbonate as scattered large anhedra, and silica 
recrystallization; also, some microcline and carbonaceous material.
Measurement:  Directional (10 Degree) Hemispherical Reflectance
First Column:  X
Second Column:  Y  
X Units:  Wavelength (micrometers)
Y Units:  Reflectance (percent)
First X Value: 14.0112
Last X Value:  0.4
Number of X Values: 2844
Additional Information:  None
14.983   11.1170
14.940   11.6930
14.897   11.9810
14.854   11.9700
14.812   11.1490
14.770   10.5940
14.728   10.2640
14.686    9.6735
14.645    9.1544
14.603    8.6296
14.562    7.9125
14.521    6.8478
14.481    5.9043
14.441    4.9570
14.400    4.4180
14.361    4.3347
14.321    4.3849
14.281    4.8936
14.242    5.6968
14.203    6.3509
14.164    6.6086
14.126    6.1823
14.087    5.3227
14.049    4.2437
14.011    3.9217
13.973    4.7988
13.936    6.4878
13.899    8.1967
13.861    9.3627
13.824   10.1670
13.788   10.7770
13.751   11.2590
13.715   11.5050
13.679   11.6670
13.643   11.7210
13.607   11.7260
13.571   11.6640
13.536   11.6100
13.500   11.6460
13.465   11.6090
13.430   11.4910
13.396   11.3990
13.361   11.2090
13.327   10.9200
13.293   10.5610
13.259   10.2440
13.225    9.9257
13.191    9.4890
13.158    8.8903
13.124    8.3551
13.091    7.8192
13.058    7.3228
13.026    6.8366
12.993    6.3782
12.960    6.0435
12.928    5.7802
12.896    5.6163
12.864    5.5763
12.832    5.5540
12.800    5.5121
12.769    5.4065
12.737    5.2571
12.706    5.0982
12.675    4.9078
12.644    4.7204
12.614    4.6719
12.583    4.7235
12.552    4.7235
12.522    4.7022
12.492    4.6989
12.462    4.7444
12.432    4.7572
12.402    4.7126
12.373    4.6492
12.343    4.7186
12.314    4.9423
12.285    5.2737
12.256    5.6883
12.227    6.1797
12.198    6.7433
12.169    7.3477
12.141    7.8625
12.113    8.3911
12.084    9.0075
12.056    9.5413
12.028    9.9879
12.000   10.5110
11.973   10.9870
11.945   11.3880
11.918   11.7100
11.890   11.9750
11.863   12.1700
11.836   11.7970
11.809   10.4460
11.782   10.0930
11.755   11.7450
11.729   13.0300
11.702   13.3720
11.676   13.3490
11.650   13.2150
11.624   12.9410
11.598   12.4560
11.572   11.6660
11.546   10.6380
11.520    9.2510
11.495    7.5760
11.469    6.3950
11.444    5.9630
11.419    5.8655
11.394    5.9938
11.369    6.3836
11.344    6.9709
11.319    7.7751
11.294    9.4814
11.270   11.7600
11.245   13.1080
11.221   13.3930
11.197   13.4300
11.173   13.4660
11.149   13.5460
11.125   13.5880
11.101   13.5730
11.077   13.4900
11.054   13.4860
11.030   13.4770
11.007   13.4130
10.983   13.3720
10.960   13.3760
10.937   13.3680
10.914   13.3530
10.891   13.3810
10.868   13.3260
10.846   13.2170
10.823   13.1800
10.800   13.1270
10.778   13.0050
10.755   12.8600
10.733   12.7930
10.711   12.7140
10.689   12.6150
10.667   12.5030
10.645   12.3170
10.623   12.1610
10.602   12.0660
10.580   11.9570
10.558   11.8620
10.537   11.7330
10.516   11.6250
10.494   11.5550
10.473   11.4220
10.452   11.2230
10.431   11.0610
10.410   10.8910
10.389   10.6340
10.368   10.3260
10.348   10.1120
10.327    9.9752
10.306    9.8392
10.286    9.6711
10.266    9.5314
10.245    9.3604
10.225    9.1544
10.205    8.9654
10.185    8.7205
10.165    8.4922
10.145    8.3217
10.125    8.1398
10.106    7.9518
10.086    7.7737
10.066    7.5767
10.047    7.4280
10.027    7.3366
10.008    7.2366
 9.989    7.1642
 9.970    7.1206
 9.950    7.0768
 9.931    7.0600
 9.912    7.0178
 9.893    6.9906
 9.875    6.9413
 9.856    6.8317
 9.837    6.7445
 9.819    6.6718
 9.800    6.5603
 9.781    6.5023
 9.763    6.4241
 9.745    6.3507
 9.726    6.3005
 9.708    6.1863
 9.690    6.1170
 9.672    6.0952
 9.654    6.0111
 9.636    5.8749
 9.618    5.8138
 9.600    5.7740
 9.582    5.7800
 9.565    5.8856
 9.547    5.9829
 9.530    6.0270
 9.512    6.1110
 9.495    6.2446
 9.477    6.3902
 9.460    6.5956
 9.443    6.8795
 9.426    7.2371
 9.409    7.7758
 9.392    8.4190
 9.375    9.0755
 9.358    9.6794
 9.341   10.2470
 9.324   10.7250
 9.307   11.0410
 9.291   11.1550
 9.274   11.1660
 9.257   11.1270
 9.241   11.1180
 9.225   11.0520
 9.208   10.9910
 9.192   10.9930
 9.175   10.9090
 9.159   10.7600
 9.143   10.6150
 9.127   10.5540
 9.111   10.4960
 9.095   10.4590
 9.079   10.4460
 9.063   10.4520
 9.047   10.4820
 9.032   10.4910
 9.016   10.5130
 9.000   10.5410
 8.985   10.5160
 8.969   10.5100
 8.954   10.6130
 8.938   10.7190
 8.923   10.7310
 8.908   10.7380
 8.892   10.7580
 8.877   10.7570
 8.862   10.7170
 8.847   10.6840
 8.832   10.6500
 8.817   10.6100
 8.802   10.5570
 8.787   10.4380
 8.772   10.3520
 8.757   10.3060
 8.742   10.2340
 8.727   10.1010
 8.713    9.9612
 8.698    9.7990
 8.684    9.5498
 8.669    9.1681
 8.655    8.5514
 8.640    7.9352
 8.626    7.6605
 8.612    7.8803
 8.597    8.4250
 8.583    8.9796
 8.569    9.4286
 8.555    9.7658
 8.541   10.0030
 8.527   10.1580
 8.513   10.2390
 8.499   10.2780
 8.485   10.2810
 8.471   10.3120
 8.457   10.3730
 8.443   10.4080
 8.430   10.4920
 8.416   10.5660
 8.402   10.6220
 8.389   10.7470
 8.375   10.9010
 8.361   11.0160
 8.348   11.1320
 8.335   11.3480
 8.321   11.6220
 8.308   11.8670
 8.295   12.1540
 8.281   12.4970
 8.268   12.9250
 8.255   13.4100
 8.242   13.9180
 8.229   14.4460
 8.216   15.0100
 8.203   15.5030
 8.190   15.9020
 8.177   16.2580
 8.164   16.4740
 8.151   16.5190
 8.138   16.4430
 8.126   16.2300
 8.113   16.0420
 8.100   15.8330
 8.088   15.5500
 8.075   15.3250
 8.062   15.1240
 8.050   14.9900
 8.037   14.9220
 8.025   14.9070
 8.013   14.9240
 8.000   14.9160
 7.988   14.8790
 7.976   14.8230
 7.963   14.7270
 7.951   14.5330
 7.939   14.3030
 7.927   14.0510
 7.915   13.7850
 7.903   13.5470
 7.891   13.3570
 7.879   13.2790
 7.867   13.2410
 7.855   13.1810
 7.843   13.1330
 7.831   13.0490
 7.819   12.9350
 7.808   12.8630
 7.796   12.9300
 7.784   13.0620
 7.772   13.1950
 7.761   13.3270
 7.749   13.4620
 7.737   13.5490
 7.726   13.5600
 7.715   13.5380
 7.703   13.4760
 7.692   13.3740
 7.680   13.2630
 7.669   13.1480
 7.657   12.9860
 7.646   12.7360
 7.635   12.5150
 7.624   12.3020
 7.613   12.1210
 7.601   11.9890
 7.590   11.9000
 7.579   11.8740
 7.568   11.8510
 7.557   11.8430
 7.546   11.8750
 7.535   11.8510
 7.524   11.8120
 7.513   11.7620
 7.502   11.6870
 7.492   11.6070
 7.481   11.4710
 7.470   11.2910
 7.459   11.1500
 7.449   11.0160
 7.438   10.8130
 7.427   10.6320
 7.417   10.4770
 7.406   10.3130
 7.395   10.1330
 7.385    9.9079
 7.374    9.6408
 7.364    9.3291
 7.353    9.0004
 7.343    8.6258
 7.333    8.2523
 7.322    7.8689
 7.312    7.5056
 7.302    7.1215
 7.291    6.7322
 7.281    6.4191
 7.271    6.1700
 7.261    5.9107
 7.251    5.6689
 7.240    5.4577
 7.230    5.2810
 7.220    5.1034
 7.210    4.9225
 7.200    4.7868
 7.190    4.7003
 7.180    4.6118
 7.170    4.5933
 7.160    4.6205
 7.151    4.6515
 7.141    4.6899
 7.131    4.7306
 7.121    4.8789
 7.111    5.0520
 7.102    5.2009
 7.092    5.2791
 7.082    5.2874
 7.072    5.2729
 7.063    5.2729
 7.053    5.2147
 7.044    5.1117
 7.034    5.0702
 7.025    5.0544
 7.015    5.0132
 7.006    4.9608
 6.996    4.9338
 6.987    4.8834
 6.977    4.8533
 6.968    4.8464
 6.959    4.8244
 6.949    4.8033
 6.940    4.8173
 6.931    4.8443
 6.921    4.8256
 6.912    4.8107
 6.903    4.8358
 6.894    4.8403
 6.885    4.8429
 6.875    4.8656
 6.866    4.8476
 6.857    4.8159
 6.848    4.8263
 6.839    4.8325
 6.830    4.8533
 6.821    4.8784
 6.812    4.8796
 6.803    4.9035
 6.794    4.9201
 6.785    4.9139
 6.777    4.9196
 6.768    4.9528
 6.759    4.9746
 6.750    4.9608
 6.741    4.9779
 6.733    5.0191
 6.724    5.0603
 6.715    5.1465
 6.707    5.2052
 6.698    5.2384
 6.689    5.3407
 6.681    5.4411
 6.672    5.5183
 6.663    5.6348
 6.655    5.7660
 6.646    5.8853
 6.638    5.9725
 6.629    6.0819
 6.621    6.2401
 6.612    6.4130
 6.604    6.5304
 6.596    6.6891
 6.587    6.8506
 6.579    6.9749
 6.571    7.1019
 6.562    7.2300
 6.554    7.3678
 6.546    7.5298
 6.537    7.7060
 6.529    7.9312
 6.521    8.1607
 6.513    8.4117
 6.505    8.6978
 6.496    9.0104
 6.488    9.3310
 6.480    9.6943
 6.472   10.0980
 6.464   10.5130
 6.456   10.8630
 6.448   11.1440
 6.440   11.3130
 6.432   11.3410
 6.424   11.1920
 6.416   10.9510
 6.408   10.7310
 6.400   10.4730
 6.392   10.1550
 6.384    9.8482
 6.377    9.5243
 6.369    9.1733
 6.361    8.8337
 6.353    8.4628
 6.345    8.0198
 6.338    7.6004
 6.330    7.2046
 6.322    6.8473
 6.314    6.5508
 6.307    6.2690
 6.299    6.0040
 6.291    5.8077
 6.284    5.7115
 6.276    5.6069
 6.269    5.4574
 6.261    5.2933
 6.253    5.1344
 6.246    5.0295
 6.239    4.9336
 6.231    4.8457
 6.223    4.8069
 6.216    4.7474
 6.209    4.6800
 6.201    4.6615
 6.194    4.7292
 6.186    4.8486
 6.179    5.0191
 6.172    5.2237
 6.164    5.4584
 6.157    5.7186
 6.150    6.0116
 6.142    6.3159
 6.135    6.6455
 6.128    6.9124
 6.121    7.1696
 6.113    7.4782
 6.106    7.7273
 6.099    7.9279
 6.092    8.1782
 6.085    8.3814
 6.078    8.5254
 6.070    8.6736
 6.063    8.7598
 6.056    8.8278
 6.049    8.9024
 6.042    9.0236
 6.035    9.1432
 6.028    9.2422
 6.021    9.3106
 6.014    9.3817
 6.007    9.4314
 6.000    9.3947
 5.993    9.2848
 5.986    9.1553
 5.979    9.0423
 5.973    8.9213
 5.966    8.7747
 5.959    8.6646
 5.952    8.6045
 5.945    8.5803
 5.938    8.5663
 5.931    8.6765
 5.925    8.9066
 5.918    9.1674
 5.911    9.4587
 5.904    9.7748
 5.898   10.0870
 5.891   10.4280
 5.884   10.7650
 5.878   11.0930
 5.871   11.4470
 5.864   11.7600
 5.858   12.0150
 5.851   12.2800
 5.845   12.5600
 5.838   12.7990
 5.831   13.0210
 5.825   13.1940
 5.818   13.3900
 5.812   13.6110
 5.805   13.7980
 5.799   13.9670
 5.792   14.1330
 5.786   14.3140
 5.779   14.4500
 5.773   14.5330
 5.767   14.6230
 5.760   14.7730
 5.754   14.9630
 5.747   15.1700
 5.741   15.3790
 5.735   15.6090
 5.728   15.8270
 5.722   16.0040
 5.716   16.1380
 5.709   16.2980
 5.703   16.4280
 5.697   16.4810
 5.691   16.4550
 5.684   16.3550
 5.678   16.2570
 5.672   16.1160
 5.666   15.8810
 5.660   15.5570
 5.653   15.1860
 5.647   14.7430
 5.641   14.2520
 5.635   13.7710
 5.629   13.2440
 5.623   12.7360
 5.617   12.1820
 5.611   11.4860
 5.604   10.6650
 5.598    9.6877
 5.592    8.5254
 5.586    7.1997
 5.580    6.0712
 5.574    5.5488
 5.568    5.4624
 5.562    5.4922
 5.556    5.8441
 5.551    6.8165
 5.545    8.3075
 5.539    9.9662
 5.533   11.4440
 5.527   12.6060
 5.521   13.5680
 5.515   14.4110
 5.509   15.1500
 5.503   15.7790
 5.497   16.4110
 5.492   16.9940
 5.486   17.5330
 5.480   18.0360
 5.474   18.4720
 5.468   18.8680
 5.463   19.2250
 5.457   19.5010
 5.451   19.6510
 5.446   19.6820
 5.440   19.6070
 5.434   19.4080
 5.428   19.0110
 5.423   18.4610
 5.417   17.8520
 5.411   17.1530
 5.406   16.3760
 5.400   15.5510
 5.394   14.7170
 5.389   13.8770
 5.383   13.1170
 5.378   12.5230
 5.372   12.0380
 5.367   11.6700
 5.361   11.3900
 5.356   11.2060
 5.350   11.1370
 5.345   11.1420
 5.339   11.2010
 5.333   11.3160
 5.328   11.4310
 5.322   11.5360
 5.317   11.6540
 5.312   11.8230
 5.306   12.0240
 5.301   12.2160
 5.295   12.4580
 5.290   12.7520
 5.285   13.1110
 5.279   13.4790
 5.274   13.8910
 5.268   14.3900
 5.263   14.9540
 5.258   15.5380
 5.252   16.1800
 5.247   16.8780
 5.242   17.6490
 5.237   18.5180
 5.231   19.3870
 5.226   20.1940
 5.221   20.9620
 5.215   21.6330
 5.210   22.1750
 5.205   22.5640
 5.200   22.7950
 5.194   22.9450
 5.189   22.9920
 5.184   22.9460
 5.179   22.8920
 5.174   22.8420
 5.169   22.8120
 5.164   22.7770
 5.158   22.6890
 5.153   22.5790
 5.148   22.4800
 5.143   22.4160
 5.138   22.3540
 5.133   22.3090
 5.128   22.2930
 5.123   22.2830
 5.118   22.2660
 5.113   22.2140
 5.107   22.0290
 5.103   21.7480
 5.098   21.5130
 5.093   21.3670
 5.088   21.2110
 5.082   20.9950
 5.077   20.7660
 5.073   20.5670
 5.068   20.4330
 5.063   20.3320
 5.058   20.2680
 5.053   20.2310
 5.048   20.1860
 5.043   20.1500
 5.038   20.1000
 5.033   20.0450
 5.028   19.9330
 5.023   19.7990
 5.019   19.7260
 5.014   19.6690
 5.009   19.6780
 5.004   19.8040
 4.999   19.9960
 4.994   20.1980
 4.990   20.4690
 4.985   20.8020
 4.980   21.2300
 4.975   21.7950
 4.970   22.4440
 4.966   23.1640
 4.961   23.8800
 4.956   24.5440
 4.951   25.0730
 4.947   25.4790
 4.942   25.8020
 4.937   26.0740
 4.933   26.3990
 4.928   26.7860
 4.923   27.2850
 4.919   27.9620
 4.914   28.7740
 4.909   29.7530
 4.905   30.8390
 4.900   31.9890
 4.895   33.1520
 4.891   34.2370
 4.886   35.2040
 4.882   36.0620
 4.877   36.7970
 4.872   37.4130
 4.868   37.9720
 4.863   38.5320
 4.859   39.0410
 4.854   39.4700
 4.849   39.8210
 4.845   40.1400
 4.840   40.4100
 4.836   40.6270
 4.832   40.8310
 4.827   41.0300
 4.822   41.2180
 4.818   41.3740
 4.814   41.5250
 4.809   41.6320
 4.805   41.7350
 4.800   41.8960
 4.796   42.0890
 4.791   42.2730
 4.787   42.4350
 4.782   42.5980
 4.778   42.7420
 4.774   42.9130
 4.769   43.0610
 4.765   43.1430
 4.761   43.2080
 4.756   43.2850
 4.752   43.3250
 4.747   43.3260
 4.743   43.3250
 4.739   43.2710
 4.734   43.1770
 4.730   43.0500
 4.726   42.8560
 4.721   42.5480
 4.717   42.1580
 4.713   41.6850
 4.709   41.1360
 4.704   40.5580
 4.700   39.9600
 4.696   39.3850
 4.691   38.8420
 4.687   38.4020
 4.683   38.1110
 4.679   38.0210
 4.675   38.0600
 4.670   38.1770
 4.666   38.3960
 4.662   38.6690
 4.658   39.0090
 4.654   39.4420
 4.649   39.9660
 4.645   40.5780
 4.641   41.1500
 4.637   41.7050
 4.633   42.2700
 4.629   42.7440
 4.625   43.0910
 4.620   43.4040
 4.616   43.7370
 4.612   44.0270
 4.608   44.2390
 4.604   44.4320
 4.600   44.6010
 4.596   44.7530
 4.592   44.8650
 4.588   44.9050
 4.584   44.9710
 4.580   45.0380
 4.576   45.0750
 4.572   45.0790
 4.567   45.0630
 4.564   45.0520
 4.559   45.0420
 4.556   45.0010
 4.551   44.9010
 4.548   44.8150
 4.543   44.7300
 4.540   44.5980
 4.536   44.4200
 4.532   44.2320
 4.528   44.0400
 4.524   43.8220
 4.520   43.6060
 4.516   43.3630
 4.512   43.0700
 4.508   42.7770
 4.504   42.5010
 4.500   42.2920
 4.496   42.1480
 4.492   42.0320
 4.488   41.9390
 4.485   41.9020
 4.481   41.8810
 4.477   41.8450
 4.473   41.8160
 4.469   41.8230
 4.465   41.9110
 4.461   42.0640
 4.458   42.2250
 4.454   42.4390
 4.450   42.7070
 4.446   42.9230
 4.442   43.0900
 4.439   43.2430
 4.435   43.3880
 4.431   43.5530
 4.427   43.7070
 4.423   43.8610
 4.420   44.0160
 4.416   44.1850
 4.412   44.3350
 4.408   44.5020
 4.404   44.6950
 4.401   44.8470
 4.397   44.9990
 4.393   45.2060
 4.390   45.3920
 4.386   45.5620
 4.382   45.7630
 4.378   45.9320
 4.375   46.0890
 4.371   46.2280
 4.367   46.3570
 4.364   46.4850
 4.360   46.5600
 4.356   46.6100
 4.353   46.6730
 4.349   46.7220
 4.346   46.7370
 4.342   46.7510
 4.338   46.8400
 4.335   46.8880
 4.331   46.8690
 4.327   46.8620
 4.324   46.8600
 4.320   46.8290
 4.316   46.7800
 4.313   46.7410
 4.309   46.6920
 4.306   46.6580
 4.302   46.6000
 4.299   46.5300
 4.295   46.4980
 4.292   46.4190
 4.288   46.3330
 4.284   46.2850
 4.281   46.2010
 4.277   46.1230
 4.274   46.0580
 4.270   46.0290
 4.267   46.0480
 4.263   46.0950
 4.260   46.1670
 4.256   46.2620
 4.253   46.3470
 4.249   46.4370
 4.246   46.5010
 4.242   46.5290
 4.239   46.5660
 4.235   46.6150
 4.232   46.6360
 4.229   46.6610
 4.225   46.7130
 4.222   46.7660
 4.218   46.7780
 4.215   46.7780
 4.211   46.7960
 4.208   46.7760
 4.205   46.7400
 4.201   46.7100
 4.198   46.6960
 4.194   46.7020
 4.191   46.6950
 4.188   46.7030
 4.184   46.7060
 4.181   46.6980
 4.177   46.6800
 4.174   46.6260
 4.171   46.6090
 4.167   46.6000
 4.164   46.5870
 4.161   46.5570
 4.157   46.4820
 4.154   46.4410
 4.151   46.4030
 4.147   46.3430
 4.144   46.2570
 4.141   46.1780
 4.137   46.0930
 4.134   45.9980
 4.131   45.8730
 4.128   45.7530
 4.124   45.6500
 4.121   45.5290
 4.118   45.4140
 4.114   45.2900
 4.111   45.1430
 4.108   45.0090
 4.105   44.8860
 4.101   44.7160
 4.098   44.5410
 4.095   44.3810
 4.092   44.1950
 4.088   43.9730
 4.085   43.7120
 4.082   43.4320
 4.079   43.1530
 4.076   42.8650
 4.072   42.4920
 4.069   42.0820
 4.066   41.7080
 4.063   41.3080
 4.060   40.8630
 4.056   40.3540
 4.053   39.7370
 4.050   38.9830
 4.047   38.0390
 4.044   36.9420
 4.041   35.7280
 4.037   34.4420
 4.034   33.1620
 4.031   31.9690
 4.028   30.8320
 4.025   29.7020
 4.022   28.6500
 4.019   27.6870
 4.016   26.7260
 4.013   25.6670
 4.009   24.4850
 4.006   23.2040
 4.003   21.8710
 4.000   20.5910
 3.997   19.4080
 3.994   18.3390
 3.991   17.4430
 3.988   16.7080
 3.985   16.1640
 3.982   15.8750
 3.979   15.8160
 3.976   15.8820
 3.973   16.0120
 3.970   16.2250
 3.966   16.5290
 3.963   16.9400
 3.960   17.5140
 3.957   18.2360
 3.954   19.0860
 3.951   20.1000
 3.948   21.2060
 3.945   22.3690
 3.942   23.6580
 3.939   24.8950
 3.936   25.8090
 3.933   26.2830
 3.930   26.4770
 3.927   26.6730
 3.924   26.9820
 3.921   27.2700
 3.918   27.5170
 3.916   27.7510
 3.913   27.9260
 3.910   28.0520
 3.907   28.1600
 3.904   28.2700
 3.901   28.3800
 3.898   28.4610
 3.895   28.5470
 3.892   28.6420
 3.889   28.7280
 3.886   28.8280
 3.883   28.9090
 3.880   28.9660
 3.877   29.0140
 3.875   29.0760
 3.872   29.1430
 3.869   29.1660
 3.866   29.2050
 3.863   29.2820
 3.860   29.3870
 3.857   29.4970
 3.854   29.6120
 3.852   29.7720
 3.849   29.9330
 3.846   30.1340
 3.843   30.4040
 3.840   30.7470
 3.837   31.2080
 3.834   31.8020
 3.832   32.4820
 3.829   33.2120
 3.826   33.9440
 3.823   34.6380
 3.820   35.3360
 3.817   36.0650
 3.815   36.8220
 3.812   37.5400
 3.809   38.2910
 3.806   39.1480
 3.804   40.0230
 3.801   40.8740
 3.798   41.7230
 3.795   42.5810
 3.792   43.3660
 3.790   44.0240
 3.787   44.5130
 3.784   44.8800
 3.781   45.1800
 3.779   45.3810
 3.776   45.5430
 3.773   45.7050
 3.770   45.7740
 3.768   45.8230
 3.765   45.9320
 3.762   46.0260
 3.759   46.0730
 3.757   46.1050
 3.754   46.1310
 3.751   46.1480
 3.748   46.1430
 3.746   46.1900
 3.743   46.2490
 3.740   46.2690
 3.738   46.3400
 3.735   46.4070
 3.732   46.4410
 3.730   46.4730
 3.727   46.5030
 3.724   46.5540
 3.722   46.5720
 3.719   46.5870
 3.716   46.6320
 3.714   46.6610
 3.711   46.6750
 3.708   46.6840
 3.706   46.6950
 3.703   46.7040
 3.700   46.7320
 3.698   46.7750
 3.695   46.7500
 3.692   46.7940
 3.690   46.8420
 3.687   46.8240
 3.684   46.8170
 3.682   46.7950
 3.679   46.7670
 3.677   46.7910
 3.674   46.8130
 3.672   46.7940
 3.669   46.7490
 3.666   46.7100
 3.664   46.7200
 3.661   46.7140
 3.659   46.6510
 3.656   46.5930
 3.653   46.5690
 3.651   46.5450
 3.648   46.5210
 3.646   46.5020
 3.643   46.4800
 3.641   46.3980
 3.638   46.3470
 3.636   46.3420
 3.633   46.2860
 3.630   46.2300
 3.628   46.1800
 3.625   46.1280
 3.623   46.0850
 3.620   46.0480
 3.618   45.9880
 3.615   45.8940
 3.613   45.8360
 3.610   45.7680
 3.608   45.6800
 3.605   45.5690
 3.603   45.4970
 3.600   45.4000
 3.598   45.2580
 3.595   45.0860
 3.593   44.9330
 3.590   44.7530
 3.588   44.5520
 3.585   44.3060
 3.583   44.0560
 3.580   43.7940
 3.578   43.4940
 3.575   43.1660
 3.573   42.8950
 3.570   42.7710
 3.568   42.7110
 3.565   42.6060
 3.563   42.4910
 3.561   42.3540
 3.558   42.1770
 3.556   41.9780
 3.553   41.7270
 3.551   41.4190
 3.548   41.0720
 3.546   40.7200
 3.543   40.3080
 3.541   39.8400
 3.539   39.3660
 3.536   38.7930
 3.534   38.0910
 3.531   37.3110
 3.529   36.4200
 3.527   35.3630
 3.524   34.1890
 3.522   33.0090
 3.519   31.8860
 3.517   30.9020
 3.515   30.0690
 3.512   29.3570
 3.510   28.7500
 3.507   28.2660
 3.505   27.8460
 3.503   27.4210
 3.500   26.9520
 3.498   26.5290
 3.496   26.1280
 3.493   25.6810
 3.491   25.1920
 3.489   24.7130
 3.486   24.3390
 3.484   23.9830
 3.482   23.6470
 3.479   23.3940
 3.477   23.3680
 3.475   23.6300
 3.472   24.2020
 3.470   25.0890
 3.468   26.1870
 3.465   27.2720
 3.463   28.2100
 3.461   28.9400
 3.458   29.4640
 3.456   29.8090
 3.454   30.0730
 3.451   30.2490
 3.449   30.3340
 3.447   30.4100
 3.445   30.5140
 3.442   30.6340
 3.440   30.7070
 3.438   30.7520
 3.436   30.8130
 3.433   30.8640
 3.431   30.9030
 3.429   30.8670
 3.426   30.8460
 3.424   30.8480
 3.422   30.8110
 3.420   30.7300
 3.417   30.7140
 3.415   30.7020
 3.413   30.6300
 3.411   30.5890
 3.408   30.5630
 3.406   30.4480
 3.404   30.3370
 3.402   30.2730
 3.399   30.2000
 3.397   30.1480
 3.395   30.0710
 3.393   29.9830
 3.391   29.9160
 3.388   29.8170
 3.386   29.6950
 3.384   29.5460
 3.382   29.4230
 3.380   29.3450
 3.377   29.2590
 3.375   29.1900
 3.373   29.1470
 3.371   29.0870
 3.369   29.0040
 3.366   28.8590
 3.364   28.6220
 3.362   28.3090
 3.360   27.9250
 3.358   27.4780
 3.355   27.0840
 3.353   26.8480
 3.351   26.7910
 3.349   26.9780
 3.347   27.5730
 3.345   28.7140
 3.342   30.3180
 3.340   32.1850
 3.338   33.9740
 3.336   35.4450
 3.334   36.6300
 3.332   37.5420
 3.330   38.2060
 3.327   38.7190
 3.325   39.1250
 3.323   39.4860
 3.321   39.8250
 3.319   40.0740
 3.317   40.2700
 3.315   40.4480
 3.313   40.5630
 3.310   40.7310
 3.308   40.8350
 3.306   40.8950
 3.304   40.9770
 3.302   41.1080
 3.300   41.1930
 3.298   41.2090
 3.296   41.2590
 3.294   41.3280
 3.292   41.3800
 3.289   41.4250
 3.287   41.4570
 3.285   41.4670
 3.283   41.4440
 3.281   41.4460
 3.279   41.4610
 3.277   41.4840
 3.275   41.5370
 3.273   41.5840
 3.271   41.5650
 3.269   41.5420
 3.267   41.5320
 3.265   41.5330
 3.263   41.5140
 3.261   41.5290
 3.258   41.5390
 3.256   41.5010
 3.254   41.5100
 3.252   41.4870
 3.250   41.4290
 3.248   41.4290
 3.246   41.4210
 3.244   41.3620
 3.242   41.3290
 3.240   41.3460
 3.238   41.3390
 3.236   41.2950
 3.234   41.2610
 3.232   41.2390
 3.230   41.1930
 3.228   41.1790
 3.226   41.1590
 3.224   41.0980
 3.222   41.1030
 3.220   41.0690
 3.218   40.9570
 3.216   40.9330
 3.214   40.9130
 3.212   40.8820
 3.210   40.8480
 3.208   40.8010
 3.206   40.7450
 3.204   40.6620
 3.202   40.6480
 3.200   40.6030
 3.198   40.5430
 3.196   40.5240
 3.194   40.4580
 3.192   40.4120
 3.190   40.3960
 3.188   40.3450
 3.186   40.2690
 3.184   40.2290
 3.182   40.1750
 3.180   40.1140
 3.179   40.0390
 3.177   39.9770
 3.175   39.9490
 3.173   39.8770
 3.171   39.7810
 3.169   39.7190
 3.167   39.6270
 3.165   39.5150
 3.163   39.4270
 3.161   39.3130
 3.159   39.1940
 3.157   39.0940
 3.155   39.0600
 3.153   39.0140
 3.152   38.9010
 3.150   38.8230
 3.148   38.8540
 3.146   38.7920
 3.144   38.6700
 3.142   38.6510
 3.140   38.6580
 3.138   38.5900
 3.136   38.5460
 3.134   38.5620
 3.132   38.4970
 3.131   38.4480
 3.129   38.4020
 3.127   38.3160
 3.125   38.2650
 3.123   38.1690
 3.121   38.1200
 3.119   38.1000
 3.117   38.0040
 3.115   37.8700
 3.114   37.7750
 3.112   37.7010
 3.110   37.6740
 3.108   37.6060
 3.106   37.5550
 3.104   37.5030
 3.102   37.4930
 3.101   37.5140
 3.099   37.4910
 3.097   37.4620
 3.095   37.4630
 3.093   37.4430
 3.091   37.4250
 3.090   37.3680
 3.088   37.3320
 3.086   37.3750
 3.084   37.4190
 3.082   37.3710
 3.080   37.3190
 3.079   37.2900
 3.077   37.2760
 3.075   37.2710
 3.073   37.2750
 3.071   37.2460
 3.069   37.1970
 3.067   37.1950
 3.066   37.1300
 3.064   37.0430
 3.062   37.0060
 3.060   36.9710
 3.059   36.9960
 3.057   36.9720
 3.055   36.8800
 3.053   36.8600
 3.051   36.8900
 3.050   36.8500
 3.048   36.7880
 3.046   36.7290
 3.044   36.6940
 3.042   36.7020
 3.041   36.6720
 3.039   36.6240
 3.037   36.5920
 3.035   36.5870
 3.033   36.5260
 3.032   36.4920
 3.030   36.5170
 3.028   36.4800
 3.026   36.3950
 3.025   36.3440
 3.023   36.3360
 3.021   36.3580
 3.019   36.3280
 3.018   36.2430
 3.016   36.1940
 3.014   36.2010
 3.012   36.1640
 3.011   36.1250
 3.009   36.1610
 3.007   36.1680
 3.005   36.1000
 3.004   36.1000
 3.002   36.0920
 3.000   35.9950
 2.998   36.0090
 2.997   36.0610
 2.995   36.0280
 2.993   36.0000
 2.991   35.9910
 2.990   35.9920
 2.988   35.9740
 2.986   35.9580
 2.985   35.8610
 2.983   35.7920
 2.981   35.7840
 2.979   35.7550
 2.978   35.6890
 2.976   35.6350
 2.974   35.6350
 2.973   35.6140
 2.971   35.5560
 2.969   35.4300
 2.967   35.3550
 2.966   35.3000
 2.964   35.2360
 2.962   35.1840
 2.961   35.1330
 2.959   35.0650
 2.957   35.1030
 2.956   35.1330
 2.954   35.1310
 2.952   35.2480
 2.951   35.3300
 2.949   35.2790
 2.947   35.2880
 2.946   35.3280
 2.944   35.3300
 2.942   35.3540
 2.941   35.3940
 2.939   35.4200
 2.937   35.4440
 2.936   35.4200
 2.934   35.3770
 2.932   35.3810
 2.931   35.4230
 2.929   35.4460
 2.927   35.4160
 2.926   35.4200
 2.924   35.4030
 2.922   35.3820
 2.921   35.4650
 2.919   35.5290
 2.917   35.4800
 2.916   35.5080
 2.914   35.5440
 2.912   35.5580
 2.911   35.5660
 2.909   35.5910
 2.908   35.6280
 2.906   35.6430
 2.904   35.6050
 2.903   35.6280
 2.901   35.7220
 2.899   35.8070
 2.898   35.8150
 2.896   35.8290
 2.895   35.8890
 2.893   35.9050
 2.891   35.9050
 2.890   35.9170
 2.888   35.9980
 2.886   36.0500
 2.885   36.0350
 2.883   36.0280
 2.882   36.0160
 2.880   35.9990
 2.878   36.0230
 2.877   36.0290
 2.875   36.0530
 2.874   36.0540
 2.872   36.0670
 2.870   36.0960
 2.869   36.1080
 2.867   36.1040
 2.866   36.0820
 2.864   36.1120
 2.863   36.1600
 2.861   36.1310
 2.859   36.1640
 2.858   36.2500
 2.856   36.2390
 2.855   36.1920
 2.853   36.2160
 2.852   36.1940
 2.850   36.2040
 2.848   36.2390
 2.847   36.1620
 2.845   36.1260
 2.844   36.1180
 2.842   36.1060
 2.841   36.0990
 2.839   36.0310
 2.837   36.0100
 2.836   36.0270
 2.834   36.0010
 2.833   35.9270
 2.831   35.8810
 2.830   35.8630
 2.828   35.8170
 2.827   35.7150
 2.825   35.6870
 2.824   35.7110
 2.822   35.6820
 2.821   35.6090
 2.819   35.5660
 2.817   35.5280
 2.816   35.4410
 2.814   35.3750
 2.813   35.2840
 2.811   35.2200
 2.810   35.1930
 2.808   35.1620
 2.807   35.0810
 2.805   34.9400
 2.804   34.8050
 2.802   34.7390
 2.801   34.6520
 2.799   34.4950
 2.798   34.3720
 2.796   34.2470
 2.795   34.0620
 2.793   33.8870
 2.792   33.6670
 2.790   33.4390
 2.789   33.2690
 2.787   33.0870
 2.786   32.8970
 2.784   32.7750
 2.783   32.6350
 2.781   32.4640
 2.780   32.2810
 2.778   32.1240
 2.777   31.9640
 2.775   31.7850
 2.774   31.6200
 2.772   31.4820
 2.771   31.3450
 2.769   31.3170
 2.768   31.2590
 2.766   31.1710
 2.765   31.1330
 2.763   31.0860
 2.762   31.0310
 2.761   31.1110
 2.759   31.3030
 2.757   31.4670
 2.756   31.5290
 2.755   31.7420
 2.753   32.0570
 2.752   32.3540
 2.750   32.6420
 2.749   32.8840
 2.747   33.1780
 2.746   33.5380
 2.744   33.8430
 2.743   34.1060
 2.741   34.3610
 2.740   34.6600
 2.739   35.0530
 2.737   35.4650
 2.736   35.8320
 2.734   36.2740
 2.733   36.7740
 2.731   37.2390
 2.730   37.6720
 2.728   38.1280
 2.727   38.6460
 2.726   39.0250
 2.724   39.4230
 2.723   39.9580
 2.721   40.4170
 2.720   40.8400
 2.719   41.3250
 2.717   41.7080
 2.716   42.0820
 2.714   42.4090
 2.713   42.6370
 2.711   42.7230
 2.710   42.8920
 2.708   43.1260
 2.707   43.3280
 2.706   43.4760
 2.704   43.6280
 2.703   43.8380
 2.701   44.0740
 2.700   44.3110
 2.699   44.4760
 2.697   44.5680
 2.696   44.6230
 2.695   44.6720
 2.693   44.7910
 2.692   44.9070
 2.690   44.9820
 2.689   45.0630
 2.688   45.1070
 2.686   45.1070
 2.685   45.1210
 2.683   45.1750
 2.682   45.2540
 2.680   45.2340
 2.679   45.1680
 2.678   45.2030
 2.676   45.2120
 2.675   45.2350
 2.674   45.2550
 2.672   45.2350
 2.671   45.1000
 2.670   45.1360
 2.668   45.2350
 2.667   45.1660
 2.665   45.1330
 2.664   45.2170
 2.663   45.3400
 2.661   45.3570
 2.660   45.3070
 2.659   45.3280
 2.657   45.3310
 2.656   45.2750
 2.655   45.3170
 2.653   45.2820
 2.652   45.2220
 2.650   45.2580
 2.649   45.3080
 2.648   45.3090
 2.646   45.2410
 2.645   45.2330
 2.644   45.3040
 2.642   45.2850
 2.641   45.2160
 2.640   45.2370
 2.638   45.2610
 2.637   45.2450
 2.636   45.1910
 2.634   45.1330
 2.633   45.1690
 2.632   45.1360
 2.630   45.0540
 2.629   45.1170
 2.627   45.1460
 2.626   45.1080
 2.625   45.1540
 2.624   45.1510
 2.622   45.1050
 2.621   45.0500
 2.620   45.0290
 2.618   45.0430
 2.617   45.0140
 2.616   45.0410
 2.614   45.0760
 2.613   45.0840
 2.612   45.0520
 2.610   44.9430
 2.609   44.9020
 2.608   44.9200
 2.606   44.8740
 2.605   44.7660
 2.604   44.8360
 2.603   44.9470
 2.601   44.9630
 2.600   44.9600
 2.599   44.9700
 2.597   44.8750
 2.596   44.6800
 2.595   44.5350
 2.593   44.6470
 2.592   44.8520
 2.591   44.8820
 2.590   44.8280
 2.588   44.8010
 2.587   44.7710
 2.586   44.7390
 2.584   44.7060
 2.583   44.7270
 2.582   44.7760
 2.580   44.7380
 2.579   44.6980
 2.578   44.6470
 2.577   44.6290
 2.575   44.6620
 2.574   44.6170
 2.573   44.5600
 2.571   44.5840
 2.570   44.5570
 2.569   44.5540
 2.568   44.5750
 2.566   44.5290
 2.565   44.4570
 2.564   44.4190
 2.563   44.2910
 2.561   44.2680
 2.560   44.2850
 2.559   44.2560
 2.558   44.2070
 2.556   44.2120
 2.555   44.1380
 2.554   43.9960
 2.553   43.9090
 2.551   43.8380
 2.550   43.7710
 2.549   43.6940
 2.547   43.5670
 2.546   43.4870
 2.545   43.4290
 2.544   43.3590
 2.543   43.2560
 2.541   43.1930
 2.540   43.1270
 2.539   43.0630
 2.538   43.0300
 2.536   42.9820
 2.535   42.9570
 2.534   43.0120
 2.533   43.0660
 2.531   43.0800
 2.530   43.1020
 2.529   43.1320
 2.528   43.1610
 2.526   43.1960
 2.525   43.2330
 2.524   43.2550
 2.523   43.3350
 2.522   43.3730
 2.520   43.3890
 2.519   43.4630
 2.518   43.4580
 2.517   43.4380
 2.515   43.4470
 2.514   43.4950
 2.513   43.4990
 2.512   43.4930
 2.511   43.5310
 2.509   43.5070
 2.508   43.5050
 2.507   43.5150
 2.506   43.5400
 2.504   43.5660
 2.503   43.5080
 2.502   43.4550
 2.501   43.4570
 2.500   43.4600
 2.498   43.4740
 2.497   43.4940
 2.496   43.5010
 2.495   43.4610
 2.494   43.4670
 2.492   43.5300
 2.491   43.5470
 2.490   43.4820
 2.489   43.4730
 2.488   43.5250
 2.486   43.5130
 2.485   43.5050
 2.484   43.4990
 2.483   43.4770
 2.482   43.4810
 2.481   43.5360
 2.479   43.5840
 2.478   43.5960
 2.477   43.5780
 2.476   43.5680
 2.474   43.5840
 2.473   43.5980
 2.472   43.6310
 2.471   43.6160
 2.470   43.6190
 2.469   43.6570
 2.467   43.6830
 2.466   43.6380
 2.465   43.6340
 2.464   43.6660
 2.463   43.6840
 2.462   43.7440
 2.460   43.7880
 2.459   43.8000
 2.458   43.7480
 2.457   43.6750
 2.456   43.6920
 2.455   43.7920
 2.454   43.8360
 2.452   43.7760
 2.451   43.7570
 2.450   43.7340
 2.449   43.7430
 2.448   43.7570
 2.446   43.7770
 2.445   43.7480
 2.444   43.7260
 2.443   43.7110
 2.442   43.6780
 2.441   43.7170
 2.440   43.7570
 2.438   43.7610
 2.437   43.7200
 2.436   43.7330
 2.435   43.7480
 2.434   43.6770
 2.433   43.6570
 2.432   43.7270
 2.430   43.7190
 2.429   43.6830
 2.428   43.7090
 2.427   43.7400
 2.426   43.7240
 2.425   43.6840
 2.424   43.6830
 2.422   43.6900
 2.421   43.6740
 2.420   43.6720
 2.419   43.6990
 2.418   43.7570
 2.417   43.7380
 2.416   43.6600
 2.415   43.6720
 2.414   43.6550
 2.412   43.6410
 2.411   43.6470
 2.410   43.6290
 2.409   43.6750
 2.408   43.6540
 2.407   43.6300
 2.406   43.6170
 2.405   43.5880
 2.403   43.5700
 2.402   43.5710
 2.401   43.5550
 2.400   43.5160
 2.399   43.5210
 2.398   43.5490
 2.397   43.5390
 2.396   43.5250
 2.394   43.5560
 2.393   43.5570
 2.392   43.4650
 2.391   43.4090
 2.390   43.4530
 2.389   43.4840
 2.388   43.4160
 2.387   43.3930
 2.386   43.4100
 2.385   43.4310
 2.384   43.4380
 2.382   43.3990
 2.381   43.4200
 2.380   43.4250
 2.379   43.3610
 2.378   43.3330
 2.377   43.3200
 2.376   43.3430
 2.375   43.3040
 2.374   43.3140
 2.373   43.3470
 2.372   43.2990
 2.370   43.2360
 2.369   43.2150
 2.368   43.2370
 2.367   43.2350
 2.366   43.2080
 2.365   43.1670
 2.364   43.0780
 2.363   43.0050
 2.362   43.0190
 2.361   43.0090
 2.360   43.0010
 2.359   42.9610
 2.357   42.9240
 2.356   42.9240
 2.355   42.8950
 2.354   42.8300
 2.353   42.7940
 2.352   42.7680
 2.351   42.7390
 2.350   42.7250
 2.349   42.6800
 2.348   42.6570
 2.347   42.6600
 2.346   42.6550
 2.345   42.6150
 2.344   42.5560
 2.343   42.5670
 2.341   42.5520
 2.341   42.5100
 2.339   42.4730
 2.338   42.4810
 2.337   42.5000
 2.336   42.5090
 2.335   42.5240
 2.334   42.5580
 2.333   42.5700
 2.332   42.5520
 2.331   42.5310
 2.330   42.5430
 2.329   42.5780
 2.328   42.5980
 2.327   42.5720
 2.326   42.5440
 2.325   42.5710
 2.324   42.5540
 2.323   42.5650
 2.322   42.5830
 2.321   42.6250
 2.320   42.6360
 2.318   42.6100
 2.317   42.6200
 2.316   42.6340
 2.315   42.6330
 2.314   42.6500
 2.313   42.6820
 2.312   42.6230
 2.311   42.5950
 2.310   42.6360
 2.309   42.7020
 2.308   42.7300
 2.307   42.6740
 2.306   42.6440
 2.305   42.6050
 2.304   42.5650
 2.303   42.5760
 2.302   42.6030
 2.301   42.5930
 2.300   42.5660
 2.299   42.5810
 2.298   42.6410
 2.297   42.5800
 2.296   42.4700
 2.295   42.4160
 2.294   42.5200
 2.293   42.6350
 2.292   42.6210
 2.291   42.6030
 2.290   42.5630
 2.289   42.5270
 2.288   42.4970
 2.287   42.4910
 2.286   42.4850
 2.285   42.5230
 2.284   42.5650
 2.283   42.5420
 2.282   42.5620
 2.281   42.5380
 2.280   42.5040
 2.279   42.5300
 2.278   42.5660
 2.277   42.5540
 2.276   42.5340
 2.275   42.5370
 2.274   42.5290
 2.273   42.5260
 2.272   42.5310
 2.271   42.4990
 2.270   42.5200
 2.269   42.4930
 2.268   42.4790
 2.267   42.4730
 2.266   42.4510
 2.265   42.4570
 2.264   42.4250
 2.263   42.4200
 2.262   42.4020
 2.261   42.4070
 2.260   42.4270
 2.259   42.3830
 2.258   42.3670
 2.257   42.4630
 2.256   42.4460
 2.255   42.3840
 2.254   42.4120
 2.253   42.4230
 2.252   42.4360
 2.251   42.4010
 2.250   42.4040
 2.249   42.3980
 2.248   42.3670
 2.247   42.3320
 2.246   42.3870
 2.245   42.4050
 2.244   42.3790
 2.243   42.3250
 2.242   42.2450
 2.241   42.3420
 2.240   42.3920
 2.239   42.2930
 2.238   42.2880
 2.237   42.3550
 2.236   42.3070
 2.236   42.2040
 2.235   42.1680
 2.234   42.2170
 2.233   42.2420
 2.232   42.2960
 2.231   42.2660
 2.230   42.2330
 2.229   42.3070
 2.228   42.3000
 2.227   42.2530
 2.226   42.2590
 2.225   42.2570
 2.224   42.1960
 2.223   42.1860
 2.222   42.1560
 2.221   42.1710
 2.220   42.1860
 2.219   42.1210
 2.218   42.1120
 2.217   42.1660
 2.216   42.1540
 2.216   42.1670
 2.215   42.1600
 2.214   42.0560
 2.213   42.0590
 2.212   42.0750
 2.211   42.1040
 2.210   42.1430
 2.209   42.1600
 2.208   42.1010
 2.207   42.1000
 2.206   42.1360
 2.205   42.1180
 2.204   42.0980
 2.203   42.0730
 2.202   42.0200
 2.201   42.0430
 2.200   42.0720
 2.200   42.0520
 2.199   42.0370
 2.198   42.0440
 2.197   41.9980
 2.196   41.9960
 2.195   42.0300
 2.194   42.0310
 2.193   42.0160
 2.192   42.0330
 2.191   42.0280
 2.190   42.0230
 2.189   41.9910
 2.188   41.9580
 2.187   41.9640
 2.187   42.0630
 2.186   42.0660
 2.185   41.9470
 2.184   41.8530
 2.183   41.8840
 2.182   41.8630
 2.181   41.7770
 2.180   41.8590
 2.179   41.8740
 2.178   41.8700
 2.177   41.9430
 2.176   41.9790
 2.176   41.9480
 2.175   41.9200
 2.174   41.9500
 2.173   41.9800
 2.172   41.9730
 2.171   41.9660
 2.170   41.8990
 2.169   41.8370
 2.168   41.8670
 2.167   41.9480
 2.166   41.9240
 2.166   41.8530
 2.165   41.7830
 2.164   41.8000
 2.163   41.8610
 2.162   41.8480
 2.161   41.8270
 2.160   41.7710
 2.159   41.7590
 2.158   41.7920
 2.157   41.8190
 2.156   41.8100
 2.156   41.8050
 2.155   41.8300
 2.154   41.7950
 2.153   41.6960
 2.152   41.6890
 2.151   41.7450
 2.150   41.6900
 2.149   41.6650
 2.148   41.7410
 2.148   41.7610
 2.147   41.7840
 2.146   41.7340
 2.145   41.6400
 2.144   41.6220
 2.143   41.7500
 2.142   41.7910
 2.141   41.6980
 2.140   41.6680
 2.140   41.6670
 2.139   41.6230
 2.138   41.6150
 2.137   41.6500
 2.136   41.7100
 2.135   41.7070
 2.134   41.6340
 2.133   41.6420
 2.132   41.6550
 2.132   41.6730
 2.131   41.6680
 2.130   41.5950
 2.129   41.5530
 2.128   41.5700
 2.127   41.5880
 2.126   41.5630
 2.126   41.4930
 2.125   41.4810
 2.124   41.5450
 2.123   41.5610
 2.122   41.6020
 2.121   41.5690
 2.120   41.4600
 2.119   41.4930
 2.119   41.5780
 2.118   41.5790
 2.117   41.5800
 2.116   41.5550
 2.115   41.5070
 2.114   41.5310
 2.113   41.5960
 2.112   41.6450
 2.112   41.6280
 2.111   41.5240
 2.110   41.4910
 2.109   41.4820
 2.108   41.4260
 2.107   41.3860
 2.107   41.4290
 2.106   41.4480
 2.105   41.4720
 2.104   41.4550
 2.103   41.3680
 2.102   41.3400
 2.101   41.4460
 2.100   41.4850
 2.100   41.4010
 2.099   41.4120
 2.098   41.4720
 2.097   41.4900
 2.096   41.4390
 2.095   41.3400
 2.095   41.4050
 2.094   41.4500
 2.093   41.3350
 2.092   41.2930
 2.091   41.4010
 2.090   41.3340
 2.090   41.3520
 2.089   41.4060
 2.088   41.3740
 2.087   41.3380
 2.086   41.3100
 2.085   41.2350
 2.084   41.1860
 2.084   41.2750
 2.083   41.2810
 2.082   41.2900
 2.081   41.3620
 2.080   41.2820
 2.079   41.1890
 2.076   41.1890
 2.072   41.2810
 2.068   41.4870
 2.064   41.4670
 2.060   41.2080
 2.056   41.1390
 2.052   41.0760
 2.048   41.1890
 2.044   40.9110
 2.040   40.7280
 2.036   40.6920
 2.032   40.5080
 2.028   40.3640
 2.024   40.4030
 2.020   40.4200
 2.016   40.2360
 2.012   40.3280
 2.008   40.1490
 2.004   39.9870
 2.000   40.0430
 1.996   40.0050
 1.992   39.8670
 1.988   39.5740
 1.984   39.2670
 1.980   39.0600
 1.976   39.1290
 1.972   39.1850
 1.968   39.1510
 1.964   39.1850
 1.960   39.0820
 1.956   38.7440
 1.952   39.0510
 1.948   38.9600
 1.944   38.8350
 1.940   38.7450
 1.936   38.5070
 1.932   38.4040
 1.928   38.4260
 1.924   38.7010
 1.920   38.6780
 1.916   38.6780
 1.912   38.3900
 1.908   38.3770
 1.904   38.5850
 1.900   38.9420
 1.896   39.1270
 1.892   39.1200
 1.888   39.0820
 1.884   38.6200
 1.880   38.2100
 1.876   38.0980
 1.872   37.8640
 1.868   38.1040
 1.864   38.1340
 1.860   38.1490
 1.856   38.1930
 1.852   38.1930
 1.848   38.1930
 1.844   38.1940
 1.840   37.9300
 1.836   37.9820
 1.832   38.3970
 1.828   38.6200
 1.824   38.5060
 1.820   38.1180
 1.816   38.0100
 1.812   37.7820
 1.808   37.7590
 1.804   37.8890
 1.800   37.7590
 1.796   37.6700
 1.792   37.3740
 1.788   37.3020
 1.784   37.5740
 1.780   37.6380
 1.776   37.6700
 1.772   37.4700
 1.768   37.3810
 1.764   37.1970
 1.760   37.1650
 1.756   37.1340
 1.752   37.1340
 1.748   36.9510
 1.744   36.9820
 1.740   37.1410
 1.736   37.1650
 1.732   37.3170
 1.728   37.4130
 1.724   37.4460
 1.720   37.5100
 1.716   37.6640
 1.712   37.5990
 1.708   37.3170
 1.704   37.2930
 1.700   37.1090
 1.696   37.1650
 1.692   37.1970
 1.688   37.1970
 1.684   37.2070
 1.680   37.1970
 1.676   37.0770
 1.672   36.8690
 1.668   36.8060
 1.664   36.7920
 1.660   36.9490
 1.656   36.7920
 1.652   36.8230
 1.648   36.7290
 1.644   36.6410
 1.640   36.7980
 1.636   36.8230
 1.632   36.7040
 1.628   36.8920
 1.624   36.8860
 1.620   36.7040
 1.616   36.7290
 1.612   36.7040
 1.608   36.6150
 1.604   36.5270
 1.600   36.4650
 1.596   36.4650
 1.592   36.6840
 1.588   36.8350
 1.584   36.8040
 1.580   36.8610
 1.576   36.8610
 1.572   36.6780
 1.568   36.7660
 1.564   36.8860
 1.560   36.6360
 1.556   36.7290
 1.552   36.8440
 1.548   36.6780
 1.544   36.4910
 1.540   36.4550
 1.536   36.3630
 1.532   36.6570
 1.528   36.6260
 1.524   36.5030
 1.520   36.4820
 1.516   36.8130
 1.512   36.6880
 1.508   36.5640
 1.504   36.2360
 1.500   36.0430
 1.496   36.1080
 1.492   36.1340
 1.488   36.1370
 1.484   36.3340
 1.480   36.4440
 1.476   36.4910
 1.472   36.4600
 1.468   36.3980
 1.464   36.4090
 1.460   36.5740
 1.456   36.4660
 1.452   36.4050
 1.448   36.4350
 1.444   36.3130
 1.440   36.0880
 1.436   36.0880
 1.432   36.2250
 1.428   36.3580
 1.424   36.6220
 1.420   36.5910
 1.416   36.5750
 1.412   36.2520
 1.408   36.0470
 1.404   36.1110
 1.400   36.2780
 1.396   36.4730
 1.392   36.9300
 1.388   37.1150
 1.384   36.9930
 1.380   37.0320
 1.376   37.0770
 1.372   37.1510
 1.368   37.1460
 1.364   37.4380
 1.360   37.4310
 1.356   37.3330
 1.352   37.1420
 1.348   37.0470
 1.344   37.1470
 1.340   37.0510
 1.336   37.1080
 1.332   36.9680
 1.328   36.8810
 1.324   36.8600
 1.320   37.2200
 1.316   37.3700
 1.312   37.3040
 1.308   37.2110
 1.304   37.2370
 1.300   37.1750
 1.296   37.1750
 1.292   37.2680
 1.288   37.3300
 1.284   37.1550
 1.280   37.1910
 1.276   37.3470
 1.272   37.5930
 1.268   37.6890
 1.264   37.9130
 1.260   37.9290
 1.256   38.1970
 1.252   38.3610
 1.248   38.6390
 1.244   38.7300
 1.240   38.7960
 1.236   38.8620
 1.232   38.8630
 1.228   38.8240
 1.224   38.9470
 1.220   38.9280
 1.216   39.0370
 1.212   38.8150
 1.208   38.8530
 1.204   38.8720
 1.200   38.9290
 1.196   39.1060
 1.192   39.1190
 1.188   39.1420
 1.184   39.1320
 1.180   39.2430
 1.176   39.3530
 1.172   39.3750
 1.168   39.2770
 1.164   39.2120
 1.160   39.3650
 1.156   39.0380
 1.152   39.1900
 1.148   39.3190
 1.144   39.4380
 1.140   39.7900
 1.136   40.4390
 1.132   40.1900
 1.128   40.1930
 1.124   40.0460
 1.120   40.5170
 1.116   40.5290
 1.112   40.0120
 1.108   40.5130
 1.104   40.6560
 1.100   40.6900
 1.096   40.7250
 1.092   41.3080
 1.088   41.1800
 1.084   41.2340
 1.080   41.4860
 1.076   41.5900
 1.072   41.4860
 1.068   41.6250
 1.064   41.4520
 1.060   41.5350
 1.056   41.8890
 1.052   41.9670
 1.048   42.0370
 1.044   41.9080
 1.040   41.9960
 1.036   42.0660
 1.032   42.4620
 1.028   42.3210
 1.024   42.3560
 1.020   42.4900
 1.016   42.7390
 1.012   42.8890
 1.008   42.8520
 1.004   42.5340
 1.000   42.6750
 0.996   42.8520
 0.992   43.1360
 0.988   42.9760
 0.984   42.7810
 0.980   42.6220
 0.976   42.7980
 0.972   42.8340
 0.968   42.7810
 0.964   42.4810
 0.960   42.7810
 0.956   42.8520
 0.952   42.5940
 0.948   42.4880
 0.944   42.4880
 0.940   42.5060
 0.936   42.4170
 0.932   42.4170
 0.928   42.0480
 0.924   42.2420
 0.920   41.9600
 0.916   41.9940
 0.912   41.7910
 0.908   41.7220
 0.904   41.6310
 0.900   41.6660
 0.896   41.3320
 0.892   41.1900
 0.888   41.1900
 0.884   41.3800
 0.880   41.3770
 0.876   41.1650
 0.872   41.1990
 0.868   41.1950
 0.864   41.1560
 0.860   41.1810
 0.856   41.1460
 0.852   40.9820
 0.848   40.7980
 0.844   40.8780
 0.840   40.8670
 0.836   40.9270
 0.832   40.9020
 0.828   40.9910
 0.824   41.1460
 0.820   40.8290
 0.816   41.0810
 0.812   41.3470
 0.808   41.1310
 0.804   40.9790
 0.800   40.9640
 0.799   40.9640
 0.798   40.9640
 0.797   41.1570
 0.796   40.9800
 0.795   40.8680
 0.794   40.8300
 0.793   40.6030
 0.792   40.6610
 0.791   40.6610
 0.790   41.0640
 0.789   40.9640
 0.788   40.6580
 0.787   40.5580
 0.786   40.7900
 0.785   40.8870
 0.784   40.8870
 0.783   40.8280
 0.782   40.5580
 0.781   40.5750
 0.780   40.6900
 0.779   40.9220
 0.778   40.8280
 0.777   40.5580
 0.776   40.2900
 0.775   40.4920
 0.774   40.4410
 0.773   40.4620
 0.772   40.5930
 0.771   40.5970
 0.770   40.7900
 0.769   40.5930
 0.768   40.3830
 0.767   40.4970
 0.766   40.4900
 0.765   40.1100
 0.764   40.1480
 0.763   40.1100
 0.762   39.8630
 0.761   39.9150
 0.760   39.8790
 0.759   39.9540
 0.758   39.9920
 0.757   39.7390
 0.756   39.4710
 0.755   39.5300
 0.754   39.6640
 0.753   39.7010
 0.752   39.5300
 0.751   39.3000
 0.750   39.2400
 0.749   39.3370
 0.748   39.2260
 0.747   39.5020
 0.746   39.4260
 0.745   39.4270
 0.744   39.3080
 0.743   39.0400
 0.742   38.8330
 0.741   39.2260
 0.740   39.1660
 0.739   38.9440
 0.738   39.1370
 0.737   38.9800
 0.736   39.0400
 0.735   38.7500
 0.734   38.4060
 0.733   38.5330
 0.732   38.4250
 0.731   38.2540
 0.730   38.2790
 0.729   38.3880
 0.728   38.0660
 0.727   38.0850
 0.726   37.6480
 0.725   38.0850
 0.724   38.0850
 0.723   37.7730
 0.722   37.4840
 0.721   37.4680
 0.720   37.1770
 0.719   37.1770
 0.718   37.3190
 0.717   37.0890
 0.716   36.8930
 0.715   36.9920
 0.714   37.2390
 0.713   37.1060
 0.712   36.8650
 0.711   36.3960
 0.710   36.2990
 0.709   36.1630
 0.708   36.0610
 0.707   36.3400
 0.706   36.6350
 0.705   36.4830
 0.704   36.4830
 0.703   36.1150
 0.702   36.0240
 0.701   35.7920
 0.700   35.5630
 0.699   35.6310
 0.698   36.2970
 0.697   36.2810
 0.696   36.2610
 0.695   36.0530
 0.694   35.4810
 0.693   34.9740
 0.692   35.0730
 0.691   35.1760
 0.690   35.2420
 0.689   35.2140
 0.688   35.4110
 0.687   35.0760
 0.686   35.0760
 0.685   34.9790
 0.684   35.0110
 0.683   34.6780
 0.682   34.7810
 0.681   34.6120
 0.680   34.4100
 0.679   34.2090
 0.678   34.0100
 0.677   34.2450
 0.676   34.1770
 0.675   34.1770
 0.674   34.0100
 0.673   33.8760
 0.672   33.7100
 0.671   33.9100
 0.670   33.5750
 0.669   33.3760
 0.668   33.6410
 0.667   33.3020
 0.666   33.2370
 0.665   33.3750
 0.664   33.2090
 0.663   33.1380
 0.662   33.3710
 0.661   33.2370
 0.660   32.8370
 0.659   32.9340
 0.658   33.0330
 0.657   33.1320
 0.656   33.0660
 0.655   32.6330
 0.654   32.8630
 0.653   32.8310
 0.652   32.7250
 0.651   32.5540
 0.650   32.4570
 0.649   32.4310
 0.648   32.2290
 0.647   32.1230
 0.646   32.1550
 0.645   32.1230
 0.644   32.0280
 0.643   31.8260
 0.642   31.6870
 0.641   31.9530
 0.640   32.0540
 0.639   31.7500
 0.638   31.5460
 0.637   31.4850
 0.636   31.5550
 0.635   31.5240
 0.634   31.4540
 0.633   31.5550
 0.632   31.6870
 0.631   31.4230
 0.630   31.5090
 0.629   31.5090
 0.628   31.2050
 0.627   31.0110
 0.626   30.9100
 0.625   30.8090
 0.624   30.6370
 0.623   30.6570
 0.622   30.6570
 0.621   30.5250
 0.620   30.4540
 0.619   30.6570
 0.618   30.4840
 0.617   30.4240
 0.616   30.1910
 0.615   30.0290
 0.614   30.0290
 0.613   29.9700
 0.612   29.8990
 0.611   29.8990
 0.610   29.7970
 0.609   29.7970
 0.608   29.4940
 0.607   29.5230
 0.606   29.5820
 0.605   29.4090
 0.604   29.3070
 0.603   29.2620
 0.602   29.1770
 0.601   29.1920
 0.600   28.8990
 0.599   28.8700
 0.598   28.7810
 0.597   28.7370
 0.596   28.5430
 0.595   28.6300
 0.594   28.3660
 0.593   28.3950
 0.592   28.2340
 0.591   28.3370
 0.590   27.9430
 0.589   27.8490
 0.588   28.0840
 0.587   27.5120
 0.586   27.5120
 0.585   27.4280
 0.584   27.2020
 0.583   27.0780
 0.582   26.9140
 0.581   26.9470
 0.580   26.8930
 0.579   26.7400
 0.578   26.3770
 0.577   26.2740
 0.576   26.0670
 0.575   26.2740
 0.574   26.0880
 0.573   26.0870
 0.572   25.5760
 0.571   25.5260
 0.570   25.3730
 0.569   25.1450
 0.568   24.9170
 0.567   24.8160
 0.566   24.4340
 0.565   24.0280
 0.564   23.9270
 0.563   23.7000
 0.562   23.3960
 0.561   23.3410
 0.560   23.2070
 0.559   21.9880
 0.558   23.0030
 0.557   22.7440
 0.556   22.5170
 0.555   22.4330
 0.554   22.1420
 0.553   21.9690
 0.552   21.7580
 0.551   21.7870
 0.550   21.9110
 0.549   21.8260
 0.548   22.0240
 0.547   21.5800
 0.546   21.5070
 0.545   21.3410
 0.544   20.9290
 0.543   21.0290
 0.542   20.9500
 0.541   21.0720
 0.540   20.8310
 0.539   20.7910
 0.538   20.5740
 0.537   20.6350
 0.536   20.6540
 0.535   20.4550
 0.534   20.2160
 0.533   20.1380
 0.532   20.0600
 0.531   20.0790
 0.530   20.1370
 0.529   20.1570
 0.528   20.1770
 0.527   19.9200
 0.526   19.8630
 0.525   19.8400
 0.524   19.9360
 0.523   19.8440
 0.522   19.7260
 0.521   19.7640
 0.520   19.8600
 0.519   19.7560
 0.518   19.6850
 0.517   19.5670
 0.516   19.5610
 0.515   19.6270
 0.514   19.2590
 0.513   19.6270
 0.512   19.6420
 0.511   19.5300
 0.510   19.2460
 0.509   19.4810
 0.508   19.1370
 0.507   19.1370
 0.506   19.2260
 0.505   19.0380
 0.504   18.9930
 0.503   19.0800
 0.502   19.2320
 0.501   19.0380
 0.500   18.9580
 0.499   18.9930
 0.498   18.8230
 0.497   18.9930
 0.496   18.9230
 0.495   18.9770
 0.494   18.9670
 0.493   18.6320
 0.492   18.7530
 0.491   18.7260
 0.490   18.5810
 0.489   18.6910
 0.488   18.6730
 0.487   18.6390
 0.486   18.3630
 0.485   18.2650
 0.484   18.3610
 0.483   18.6290
 0.482   18.5520
 0.481   18.6810
 0.480   18.4310
 0.479   18.1850
 0.478   18.0570
 0.477   18.1560
 0.476   18.1890
 0.475   18.1730
 0.474   18.1560
 0.473   18.0080
 0.472   18.1060
 0.471   18.0420
 0.470   18.2060
 0.469   17.8640
 0.468   17.7660
 0.467   17.8960
 0.466   17.8640
 0.465   18.1080
 0.464   18.0120
 0.463   18.0580
 0.462   17.7010
 0.461   17.7170
 0.460   17.6870
 0.459   17.8540
 0.458   18.0700
 0.457   17.8290
 0.456   17.8230
 0.455   17.3810
 0.454   17.5010
 0.453   17.3910
 0.452   17.6240
 0.451   17.6010
 0.450   17.5750
 0.449   17.5590
 0.448   17.2520
 0.447   17.2700
 0.446   17.2800
 0.445   17.1010
 0.444   16.8920
 0.443   17.2490
 0.442   17.5480
 0.441   17.0700
 0.440   17.1300
 0.439   16.8300
 0.438   17.0220
 0.437   17.0970
 0.436   16.9340
 0.435   16.9300
 0.434   16.8560
 0.433   16.7810
 0.432   16.6450
 0.431   16.8560
 0.430   16.6740
 0.429   16.8650
 0.428   16.5380
 0.427   16.7130
 0.426   16.6840
 0.425   16.4280
 0.424   16.3610
 0.423   16.4330
 0.422   16.3650
 0.421   16.4150
 0.420   16.6220
 0.419   16.4150
 0.418   16.2670
 0.417   16.2670
 0.416   16.2670
 0.415   16.3700
 0.414   16.4840
 0.413   16.2020
 0.412   16.4030
 0.411   16.3580
 0.410   15.9700
 0.409   16.0450
 0.408   16.0950
 0.407   16.1340
 0.406   16.1340
 0.405   16.1420
 0.404   16.0470
 0.403   16.1550
 0.402   16.1460
 0.401   16.0260
 0.400   16.1800
 0.000    0.0000
