Name:  Dark yellowish brown micaceous loam
Type:  Soils
Class:  Inceptisol
Subclass:  Dystrochrept
Particle Size:  see additional information
Sample No.:  88P2535
Owner:  JHU
Wavelength range:  All
Origin: Howard Co., Md. via USDA Soil Conservation service.

Description:  The parent material is schist and phyllite.  Dark 
yellowish brown micaceous loam (coarse-loamy, micaceous, mesic typic), 
from piedmonts.



Measurement:  Directional (10 degree) hemispherical reflectance
First Column:  X
Second Column:  Y
X Units:  Wavelength (micrometers)
Y Units:  Reflectance (percent)
First X Value:  14.0112
Last X Value:  0.4000
Number of X Values:  2844
Additional information:  88P2535a.txt
14.011    1.6401
13.973    1.6606
13.936    1.6929
13.899    1.7112
13.861    1.7312
13.824    1.7722
13.788    1.8201
13.751    1.8376
13.715    1.8447
13.679    1.8662
13.643    1.8831
13.607    1.8752
13.571    1.8701
13.536    1.8706
13.500    1.8562
13.465    1.8425
13.430    1.8442
13.396    1.8567
13.361    1.8538
13.327    1.8457
13.293    1.8603
13.259    1.8599
13.225    1.8433
13.191    1.8469
13.158    1.8789
13.124    1.9111
13.091    1.9319
13.058    1.9582
13.025    1.9929
12.993    2.0181
12.960    2.0637
12.928    2.1472
12.896    2.2402
12.864    2.3076
12.832    2.3391
12.800    2.3240
12.769    2.2627
12.738    2.1692
12.706    2.0867
12.675    2.0435
12.644    2.0334
12.614    2.0579
12.583    2.1006
12.552    2.1394
12.522    2.1594
12.492    2.1379
12.462    2.0759
12.432    1.9687
12.402    1.8462
12.373    1.7327
12.343    1.6477
12.314    1.6057
12.285    1.6211
12.256    1.6802
12.227    1.7617
12.198    1.8474
12.169    1.9338
12.141    2.0002
12.113    2.0447
12.084    2.0803
12.056    2.1289
12.028    2.1819
12.000    2.2419
11.973    2.3098
11.945    2.3718
11.918    2.4204
11.890    2.4670
11.863    2.5242
11.836    2.5906
11.809    2.6623
11.782    2.7427
11.756    2.8210
11.729    2.8862
11.702    2.9355
11.676    2.9585
11.650    2.9629
11.624    2.9700
11.598    2.9961
11.572    3.0295
11.546    3.0598
11.520    3.0810
11.495    3.0896
11.469    3.0813
11.444    3.0627
11.419    3.0613
11.394    3.0669
11.369    3.0740
11.344    3.0872
11.319    3.0945
11.294    3.0998
11.270    3.1179
11.246    3.1413
11.221    3.1672
11.197    3.1797
11.173    3.1736
11.149    3.1606
11.125    3.1409
11.101    3.1235
11.077    3.1155
11.054    3.1111
11.030    3.1064
11.007    3.0869
10.983    3.0525
10.960    3.0171
10.937    2.9822
10.914    2.9419
10.891    2.9016
10.868    2.8745
10.845    2.8616
10.823    2.8491
10.800    2.8318
10.778    2.8184
10.756    2.8186
10.733    2.8281
10.711    2.8520
10.689    2.8928
10.667    2.9299
10.645    2.9497
10.623    2.9553
10.602    2.9560
10.580    2.9836
10.558    3.0366
10.537    3.1072
10.515    3.1885
10.494    3.2693
10.473    3.3430
10.452    3.4075
10.431    3.4604
10.410    3.5229
10.389    3.5847
10.368    3.6433
10.348    3.7019
10.327    3.7602
10.307    3.8091
10.286    3.8594
10.266    3.9116
10.245    3.9614
10.225    4.0117
10.205    4.0705
10.185    4.1301
10.165    4.1902
10.145    4.2353
10.125    4.2854
10.106    4.3367
10.086    4.3982
10.066    4.4817
10.047    4.5867
10.027    4.7080
10.008    4.8393
 9.989    4.9668
 9.970    5.0945
 9.950    5.2082
 9.931    5.2993
 9.912    5.3608
 9.893    5.4001
 9.875    5.4119
 9.856    5.3972
 9.837    5.3777
 9.819    5.3830
 9.800    5.4236
 9.781    5.5029
 9.763    5.6316
 9.745    5.8130
 9.726    6.0320
 9.708    6.2641
 9.690    6.4873
 9.672    6.6938
 9.654    6.8662
 9.636    6.9953
 9.618    7.0835
 9.600    7.1406
 9.582    7.1814
 9.565    7.2002
 9.547    7.1943
 9.530    7.1721
 9.512    7.1401
 9.495    7.1118
 9.477    7.0981
 9.460    7.1184
 9.443    7.1848
 9.426    7.2920
 9.409    7.4336
 9.392    7.6067
 9.375    7.7825
 9.358    7.9367
 9.341    8.0591
 9.324    8.1470
 9.307    8.2004
 9.291    8.2141
 9.274    8.1860
 9.257    8.1238
 9.241    8.0478
 9.225    7.9599
 9.208    7.8594
 9.192    7.7522
 9.175    7.6321
 9.159    7.5051
 9.143    7.3594
 9.127    7.1858
 9.111    7.0073
 9.095    6.8247
 9.079    6.6250
 9.063    6.4031
 9.047    6.1721
 9.032    5.9636
 9.016    5.7981
 9.000    5.7065
 8.985    5.7038
 8.969    5.7761
 8.954    5.8918
 8.938    6.0315
 8.923    6.1645
 8.908    6.2619
 8.892    6.3364
 8.877    6.4043
 8.862    6.4414
 8.847    6.4275
 8.832    6.3703
 8.817    6.3098
 8.802    6.2424
 8.787    6.1460
 8.772    6.0371
 8.757    5.9299
 8.742    5.8149
 8.727    5.6853
 8.713    5.5405
 8.698    5.3909
 8.684    5.1973
 8.669    4.9307
 8.655    4.6421
 8.640    4.4297
 8.626    4.3459
 8.612    4.4055
 8.597    4.5918
 8.583    4.8503
 8.569    5.0806
 8.555    5.2280
 8.541    5.2944
 8.527    5.3269
 8.513    5.3454
 8.499    5.3569
 8.485    5.3650
 8.471    5.3794
 8.457    5.3950
 8.443    5.4167
 8.430    5.4377
 8.416    5.4668
 8.402    5.5080
 8.389    5.5517
 8.375    5.5915
 8.361    5.6396
 8.348    5.7043
 8.335    5.7766
 8.321    5.8428
 8.308    5.9121
 8.295    5.9963
 8.281    6.0947
 8.268    6.1907
 8.255    6.2756
 8.242    6.3452
 8.229    6.3882
 8.216    6.3918
 8.203    6.3769
 8.190    6.3401
 8.177    6.2585
 8.164    6.1255
 8.151    5.9560
 8.138    5.7500
 8.126    5.5232
 8.113    5.3005
 8.100    5.0947
 8.088    4.8970
 8.075    4.6990
 8.062    4.5083
 8.050    4.3291
 8.037    4.1558
 8.025    3.9944
 8.013    3.8484
 8.000    3.7017
 7.988    3.5569
 7.976    3.4224
 7.963    3.2966
 7.951    3.1789
 7.939    3.0720
 7.927    2.9768
 7.915    2.8818
 7.903    2.7847
 7.891    2.6990
 7.879    2.6345
 7.867    2.5776
 7.855    2.5176
 7.843    2.4575
 7.831    2.4089
 7.819    2.3738
 7.808    2.3518
 7.796    2.3467
 7.784    2.3498
 7.772    2.3472
 7.761    2.3445
 7.749    2.3430
 7.737    2.3332
 7.726    2.3259
 7.715    2.3227
 7.703    2.3110
 7.692    2.2900
 7.680    2.2703
 7.669    2.2683
 7.657    2.2681
 7.646    2.2568
 7.635    2.2510
 7.624    2.2517
 7.613    2.2427
 7.601    2.2280
 7.590    2.2109
 7.579    2.2024
 7.568    2.1977
 7.557    2.1995
 7.546    2.2163
 7.535    2.2302
 7.524    2.2256
 7.513    2.2224
 7.502    2.2207
 7.492    2.2234
 7.481    2.2307
 7.470    2.2439
 7.459    2.2649
 7.449    2.2749
 7.438    2.2644
 7.427    2.2600
 7.417    2.2676
 7.406    2.2815
 7.395    2.2922
 7.385    2.2986
 7.374    2.3054
 7.364    2.3074
 7.353    2.2991
 7.343    2.2952
 7.333    2.2983
 7.322    2.3037
 7.312    2.3088
 7.302    2.3162
 7.291    2.3259
 7.281    2.3437
 7.271    2.3689
 7.261    2.3916
 7.251    2.4119
 7.240    2.4287
 7.230    2.4346
 7.220    2.4363
 7.210    2.4409
 7.200    2.4514
 7.190    2.4634
 7.180    2.4768
 7.170    2.5017
 7.160    2.5288
 7.151    2.5425
 7.141    2.5588
 7.131    2.5791
 7.121    2.6013
 7.111    2.6155
 7.102    2.6306
 7.092    2.6499
 7.082    2.6614
 7.072    2.6636
 7.063    2.6648
 7.053    2.6619
 7.044    2.6667
 7.034    2.6731
 7.025    2.6855
 7.015    2.7136
 7.006    2.7419
 6.996    2.7703
 6.987    2.8042
 6.977    2.8408
 6.968    2.8833
 6.959    2.9224
 6.949    2.9607
 6.940    3.0010
 6.931    3.0300
 6.921    3.0544
 6.912    3.0796
 6.903    3.1106
 6.894    3.1355
 6.885    3.1472
 6.875    3.1643
 6.866    3.1868
 6.857    3.2170
 6.848    3.2600
 6.839    3.3022
 6.830    3.3459
 6.821    3.3789
 6.812    3.3987
 6.803    3.4267
 6.794    3.4626
 6.785    3.5078
 6.777    3.5583
 6.768    3.6047
 6.759    3.6418
 6.750    3.6716
 6.741    3.6816
 6.733    3.6831
 6.724    3.6897
 6.715    3.7009
 6.707    3.7073
 6.698    3.7148
 6.689    3.7219
 6.681    3.7317
 6.672    3.7344
 6.663    3.7234
 6.655    3.7124
 6.646    3.7126
 6.638    3.7126
 6.629    3.7078
 6.621    3.6933
 6.612    3.6831
 6.604    3.6711
 6.596    3.6406
 6.587    3.6099
 6.579    3.5974
 6.571    3.5918
 6.562    3.5871
 6.554    3.5928
 6.546    3.6116
 6.537    3.6330
 6.529    3.6538
 6.521    3.6680
 6.513    3.6631
 6.505    3.6550
 6.496    3.6628
 6.488    3.6868
 6.480    3.7161
 6.472    3.7595
 6.464    3.8100
 6.456    3.8396
 6.448    3.8481
 6.440    3.8364
 6.432    3.8074
 6.424    3.7737
 6.416    3.7441
 6.408    3.7290
 6.400    3.7217
 6.392    3.7178
 6.384    3.7229
 6.377    3.7117
 6.369    3.6777
 6.361    3.6392
 6.353    3.5981
 6.345    3.5586
 6.338    3.5295
 6.330    3.5029
 6.322    3.4717
 6.314    3.4343
 6.307    3.3828
 6.299    3.3230
 6.291    3.2651
 6.284    3.2192
 6.276    3.1902
 6.269    3.1577
 6.261    3.1199
 6.253    3.0820
 6.246    3.0398
 6.239    2.9863
 6.231    2.9346
 6.223    2.9021
 6.216    2.8760
 6.209    2.8428
 6.201    2.8093
 6.194    2.7827
 6.186    2.7541
 6.179    2.7200
 6.172    2.6990
 6.164    2.6826
 6.157    2.6543
 6.150    2.6274
 6.142    2.6145
 6.135    2.6057
 6.128    2.5991
 6.121    2.6011
 6.113    2.6160
 6.106    2.6233
 6.099    2.6240
 6.092    2.6299
 6.085    2.6409
 6.078    2.6426
 6.070    2.6370
 6.063    2.6357
 6.056    2.6492
 6.049    2.6709
 6.042    2.6975
 6.035    2.7261
 6.028    2.7607
 6.021    2.7964
 6.014    2.8279
 6.007    2.8603
 6.000    2.8957
 5.993    2.9289
 5.986    2.9622
 5.979    3.0005
 5.973    3.0403
 5.966    3.0879
 5.959    3.1370
 5.952    3.1843
 5.945    3.2339
 5.938    3.2817
 5.931    3.3411
 5.925    3.4187
 5.918    3.4951
 5.911    3.5793
 5.904    3.6628
 5.898    3.7397
 5.891    3.8220
 5.884    3.9126
 5.878    4.0271
 5.871    4.1504
 5.864    4.2690
 5.858    4.3974
 5.851    4.5190
 5.845    4.6081
 5.838    4.6777
 5.831    4.7527
 5.825    4.8423
 5.818    4.9358
 5.812    5.0344
 5.805    5.1470
 5.799    5.2615
 5.792    5.3557
 5.786    5.4258
 5.779    5.4985
 5.773    5.5793
 5.767    5.6579
 5.760    5.7329
 5.754    5.8147
 5.747    5.9106
 5.741    6.0100
 5.735    6.0989
 5.728    6.1772
 5.722    6.2502
 5.716    6.3154
 5.709    6.3681
 5.703    6.4143
 5.697    6.4614
 5.691    6.5093
 5.684    6.5447
 5.678    6.5515
 5.672    6.5476
 5.666    6.5364
 5.660    6.4939
 5.653    6.4370
 5.647    6.3879
 5.641    6.3533
 5.635    6.3257
 5.629    6.3093
 5.623    6.3149
 5.617    6.3276
 5.611    6.3281
 5.604    6.3266
 5.598    6.3191
 5.592    6.3093
 5.586    6.3074
 5.580    6.3208
 5.574    6.3401
 5.568    6.3630
 5.562    6.3896
 5.556    6.4184
 5.551    6.4431
 5.545    6.4729
 5.539    6.5173
 5.533    6.5603
 5.527    6.5972
 5.521    6.6372
 5.515    6.6750
 5.509    6.7063
 5.503    6.7353
 5.497    6.7693
 5.492    6.8056
 5.486    6.8401
 5.480    6.8833
 5.474    6.9492
 5.468    7.0244
 5.463    7.0962
 5.457    7.1640
 5.451    7.2202
 5.446    7.2597
 5.440    7.2739
 5.434    7.2676
 5.428    7.2507
 5.423    7.2190
 5.417    7.1697
 5.411    7.1120
 5.406    7.0442
 5.400    6.9587
 5.394    6.8545
 5.389    6.7488
 5.383    6.6499
 5.378    6.5613
 5.372    6.4924
 5.367    6.4397
 5.361    6.3984
 5.356    6.3689
 5.350    6.3640
 5.345    6.3816
 5.339    6.4153
 5.333    6.4707
 5.328    6.5405
 5.322    6.6040
 5.317    6.6575
 5.312    6.7129
 5.306    6.7724
 5.301    6.8291
 5.295    6.8899
 5.290    6.9656
 5.285    7.0544
 5.279    7.1528
 5.274    7.2539
 5.268    7.3618
 5.263    7.4812
 5.258    7.6091
 5.252    7.7400
 5.247    7.8774
 5.242    8.0315
 5.237    8.1997
 5.231    8.3520
 5.226    8.4868
 5.221    8.6196
 5.215    8.7368
 5.210    8.8249
 5.205    8.8899
 5.200    8.9529
 5.194    9.0180
 5.189    9.0578
 5.184    9.0840
 5.179    9.1186
 5.174    9.1455
 5.169    9.1618
 5.164    9.1762
 5.158    9.1960
 5.153    9.2275
 5.148    9.2566
 5.143    9.2895
 5.138    9.3266
 5.133    9.3586
 5.128    9.4016
 5.123    9.4536
 5.118    9.4990
 5.113    9.5432
 5.107    9.5852
 5.103    9.6247
 5.098    9.6494
 5.093    9.6511
 5.088    9.6438
 5.082    9.6421
 5.077    9.6333
 5.073    9.6250
 5.068    9.6394
 5.063    9.6726
 5.058    9.7129
 5.053    9.7485
 5.048    9.7871
 5.043    9.8337
 5.038    9.8696
 5.033    9.8911
 5.028    9.9096
 5.023    9.9277
 5.019    9.9455
 5.014    9.9677
 5.009    9.9995
 5.004   10.0434
 4.999   10.0957
 4.994   10.1589
 4.990   10.2436
 4.985   10.3423
 4.980   10.4521
 4.975   10.5825
 4.970   10.7280
 4.966   10.8823
 4.961   11.0322
 4.956   11.1753
 4.951   11.3076
 4.947   11.4104
 4.942   11.4887
 4.937   11.5608
 4.933   11.6328
 4.928   11.7170
 4.923   11.8244
 4.919   11.9682
 4.914   12.1545
 4.909   12.3674
 4.905   12.5935
 4.900   12.8288
 4.895   13.0683
 4.891   13.2976
 4.886   13.5090
 4.882   13.7116
 4.877   13.9028
 4.872   14.0720
 4.868   14.2170
 4.863   14.3454
 4.859   14.4675
 4.854   14.5815
 4.849   14.6911
 4.845   14.7968
 4.840   14.8967
 4.836   14.9980
 4.832   15.0908
 4.827   15.1718
 4.822   15.2534
 4.818   15.3335
 4.814   15.4077
 4.809   15.4809
 4.805   15.5542
 4.800   15.6316
 4.796   15.7060
 4.791   15.7744
 4.787   15.8400
 4.782   15.9043
 4.778   15.9707
 4.774   16.0429
 4.769   16.1081
 4.765   16.1628
 4.761   16.2180
 4.756   16.2766
 4.752   16.3293
 4.747   16.3772
 4.743   16.4253
 4.739   16.4724
 4.734   16.5092
 4.730   16.5341
 4.726   16.5590
 4.721   16.5961
 4.717   16.6337
 4.713   16.6508
 4.709   16.6511
 4.704   16.6469
 4.700   16.6267
 4.696   16.5900
 4.691   16.5581
 4.687   16.5463
 4.683   16.5610
 4.679   16.5986
 4.675   16.6638
 4.670   16.7553
 4.666   16.8562
 4.662   16.9604
 4.658   17.0705
 4.654   17.1767
 4.649   17.2844
 4.645   17.3945
 4.641   17.5046
 4.637   17.6120
 4.633   17.7116
 4.629   17.8066
 4.625   17.8960
 4.620   17.9785
 4.616   18.0647
 4.612   18.1408
 4.608   18.2063
 4.604   18.2719
 4.600   18.3317
 4.596   18.3864
 4.592   18.4348
 4.588   18.4887
 4.584   18.5517
 4.580   18.6025
 4.576   18.6450
 4.572   18.6940
 4.567   18.7343
 4.564   18.7653
 4.559   18.7883
 4.556   18.8078
 4.551   18.8212
 4.548   18.8210
 4.543   18.8117
 4.540   18.8032
 4.536   18.7893
 4.532   18.7648
 4.528   18.7275
 4.524   18.6835
 4.520   18.6352
 4.516   18.5688
 4.512   18.4946
 4.508   18.4218
 4.504   18.3532
 4.500   18.2978
 4.496   18.2634
 4.492   18.2500
 4.488   18.2463
 4.485   18.2434
 4.481   18.2399
 4.477   18.2348
 4.473   18.2375
 4.469   18.2622
 4.465   18.2980
 4.461   18.3454
 4.458   18.4094
 4.454   18.4799
 4.450   18.5505
 4.446   18.6220
 4.442   18.6975
 4.439   18.7736
 4.435   18.8310
 4.431   18.8779
 4.427   18.9257
 4.423   18.9760
 4.420   19.0336
 4.416   19.0937
 4.412   19.1560
 4.408   19.2233
 4.404   19.2836
 4.401   19.3374
 4.397   19.3898
 4.393   19.4536
 4.390   19.5312
 4.386   19.6105
 4.382   19.6904
 4.378   19.7756
 4.375   19.8535
 4.371   19.9133
 4.367   19.9606
 4.364   20.0017
 4.360   20.0436
 4.356   20.0881
 4.353   20.1367
 4.349   20.1826
 4.346   20.2189
 4.342   20.2480
 4.338   20.2788
 4.335   20.3002
 4.331   20.3190
 4.327   20.3444
 4.324   20.3723
 4.320   20.3901
 4.316   20.4025
 4.313   20.4055
 4.309   20.3981
 4.306   20.3737
 4.302   20.3439
 4.299   20.3203
 4.295   20.3117
 4.292   20.3139
 4.288   20.3073
 4.284   20.2941
 4.281   20.2812
 4.277   20.2707
 4.274   20.2758
 4.270   20.3059
 4.267   20.3681
 4.263   20.4506
 4.260   20.5114
 4.256   20.5502
 4.253   20.5566
 4.249   20.5378
 4.246   20.5078
 4.242   20.4873
 4.239   20.4873
 4.235   20.5036
 4.232   20.5214
 4.229   20.5397
 4.225   20.5666
 4.222   20.6003
 4.218   20.6193
 4.215   20.6301
 4.211   20.6491
 4.208   20.6708
 4.205   20.6833
 4.201   20.6906
 4.198   20.7106
 4.194   20.7258
 4.191   20.7231
 4.188   20.7192
 4.184   20.7285
 4.181   20.7421
 4.177   20.7524
 4.174   20.7697
 4.171   20.7871
 4.167   20.8012
 4.164   20.8078
 4.161   20.8017
 4.157   20.7949
 4.154   20.7866
 4.151   20.7871
 4.147   20.8017
 4.144   20.8110
 4.141   20.8188
 4.137   20.8183
 4.134   20.8073
 4.131   20.8105
 4.128   20.8195
 4.124   20.8164
 4.121   20.8029
 4.118   20.7949
 4.114   20.7954
 4.111   20.7951
 4.108   20.7985
 4.105   20.8100
 4.101   20.8203
 4.098   20.8195
 4.095   20.8120
 4.092   20.8132
 4.088   20.8144
 4.085   20.8012
 4.082   20.7858
 4.079   20.7663
 4.076   20.7507
 4.072   20.7499
 4.069   20.7497
 4.066   20.7521
 4.063   20.7592
 4.060   20.7568
 4.056   20.7453
 4.053   20.7255
 4.050   20.7031
 4.047   20.6826
 4.044   20.6594
 4.041   20.6396
 4.037   20.6264
 4.034   20.6115
 4.031   20.5959
 4.028   20.5834
 4.025   20.5688
 4.022   20.5590
 4.019   20.5400
 4.016   20.5168
 4.013   20.4973
 4.009   20.4777
 4.006   20.4567
 4.003   20.4379
 4.000   20.4186
 3.997   20.4011
 3.994   20.3771
 3.991   20.3610
 3.988   20.3442
 3.985   20.3266
 3.982   20.3049
 3.979   20.2832
 3.976   20.2661
 3.973   20.2543
 3.970   20.2478
 3.966   20.2446
 3.963   20.2431
 3.960   20.2404
 3.957   20.2348
 3.954   20.2192
 3.951   20.1936
 3.948   20.1657
 3.945   20.1271
 3.942   20.0849
 3.939   20.0559
 3.936   20.0339
 3.933   20.0178
 3.930   19.9968
 3.927   19.9802
 3.924   19.9628
 3.921   19.9335
 3.918   19.9040
 3.916   19.8779
 3.913   19.8488
 3.910   19.8129
 3.907   19.7873
 3.904   19.7705
 3.901   19.7470
 3.898   19.7126
 3.895   19.6787
 3.892   19.6484
 3.889   19.6032
 3.886   19.5532
 3.883   19.5200
 3.880   19.4865
 3.877   19.4519
 3.875   19.4152
 3.872   19.3759
 3.869   19.3320
 3.866   19.2817
 3.863   19.2263
 3.860   19.1572
 3.857   19.0898
 3.854   19.0483
 3.852   19.0266
 3.849   19.0097
 3.846   18.9938
 3.843   18.9719
 3.840   18.9321
 3.837   18.8635
 3.834   18.7968
 3.832   18.7543
 3.829   18.7255
 3.826   18.6948
 3.823   18.6582
 3.820   18.6118
 3.817   18.5554
 3.815   18.5024
 3.812   18.4484
 3.809   18.3903
 3.806   18.3320
 3.804   18.2761
 3.801   18.2272
 3.798   18.1811
 3.795   18.1306
 3.792   18.0803
 3.790   18.0268
 3.787   17.9638
 3.784   17.9060
 3.781   17.8515
 3.779   17.7939
 3.776   17.7448
 3.773   17.6960
 3.770   17.6386
 3.768   17.5837
 3.765   17.5244
 3.762   17.4697
 3.759   17.4101
 3.757   17.3422
 3.754   17.2746
 3.751   17.2124
 3.748   17.1513
 3.746   17.0839
 3.743   17.0092
 3.740   16.9379
 3.738   16.8828
 3.735   16.8313
 3.732   16.7751
 3.730   16.7299
 3.727   16.6862
 3.724   16.6320
 3.722   16.5732
 3.719   16.5051
 3.716   16.4360
 3.714   16.3784
 3.711   16.3288
 3.708   16.2824
 3.706   16.2307
 3.703   16.1735
 3.700   16.1066
 3.698   16.0207
 3.695   15.9355
 3.692   15.8833
 3.690   15.8557
 3.687   15.8271
 3.684   15.7985
 3.682   15.7773
 3.679   15.7419
 3.677   15.6897
 3.674   15.6374
 3.672   15.5776
 3.669   15.5068
 3.666   15.4228
 3.664   15.3400
 3.661   15.2785
 3.659   15.2260
 3.656   15.1772
 3.653   15.1421
 3.651   15.1042
 3.648   15.0605
 3.646   15.0075
 3.643   14.9492
 3.641   14.9011
 3.638   14.8530
 3.636   14.7961
 3.633   14.7351
 3.630   14.6762
 3.628   14.6245
 3.625   14.5681
 3.623   14.5095
 3.620   14.4526
 3.618   14.3960
 3.615   14.3335
 3.613   14.2712
 3.610   14.2199
 3.608   14.1750
 3.605   14.1201
 3.603   14.0610
 3.600   14.0000
 3.598   13.9338
 3.595   13.8650
 3.593   13.7949
 3.590   13.7258
 3.588   13.6643
 3.585   13.6086
 3.583   13.5637
 3.580   13.5161
 3.578   13.4589
 3.575   13.3991
 3.573   13.3359
 3.570   13.2810
 3.568   13.2314
 3.565   13.1787
 3.563   13.1225
 3.561   13.0549
 3.558   12.9780
 3.556   12.9057
 3.553   12.8442
 3.551   12.7971
 3.548   12.7514
 3.546   12.7026
 3.543   12.6489
 3.541   12.5832
 3.539   12.4995
 3.536   12.4082
 3.534   12.3100
 3.531   12.2221
 3.529   12.1552
 3.527   12.0898
 3.524   12.0163
 3.522   11.9384
 3.519   11.8476
 3.517   11.7404
 3.515   11.6259
 3.512   11.5212
 3.510   11.4248
 3.507   11.3261
 3.505   11.2480
 3.503   11.1911
 3.500   11.1408
 3.498   11.1018
 3.496   11.0771
 3.493   11.0539
 3.491   11.0173
 3.489   10.9809
 3.486   10.9543
 3.484   10.9209
 3.482   10.8740
 3.479   10.8261
 3.477   10.7800
 3.475   10.7295
 3.472   10.6706
 3.470   10.6167
 3.468   10.5715
 3.465   10.5385
 3.463   10.5093
 3.461   10.4724
 3.458   10.4333
 3.456   10.3818
 3.454   10.3098
 3.451   10.2199
 3.449   10.1316
 3.447   10.0542
 3.445    9.9861
 3.442    9.9172
 3.440    9.8567
 3.438    9.8066
 3.436    9.7641
 3.433    9.7116
 3.431    9.6418
 3.429    9.5571
 3.426    9.4592
 3.424    9.3608
 3.422    9.2693
 3.420    9.1931
 3.417    9.1426
 3.415    9.1020
 3.413    9.0681
 3.411    9.0451
 3.408    9.0329
 3.406    9.0322
 3.404    9.0324
 3.402    9.0198
 3.399    9.0046
 3.397    8.9934
 3.395    8.9836
 3.393    8.9753
 3.391    8.9707
 3.388    8.9477
 3.386    8.9082
 3.384    8.8684
 3.382    8.8352
 3.380    8.8076
 3.377    8.7737
 3.375    8.7402
 3.373    8.7143
 3.371    8.6902
 3.369    8.6762
 3.366    8.6736
 3.364    8.6689
 3.362    8.6504
 3.360    8.6213
 3.358    8.5888
 3.355    8.5581
 3.353    8.5383
 3.351    8.5232
 3.349    8.5007
 3.347    8.4709
 3.345    8.4409
 3.342    8.4155
 3.340    8.3906
 3.338    8.3674
 3.336    8.3379
 3.334    8.2986
 3.332    8.2519
 3.330    8.2004
 3.327    8.1526
 3.325    8.1128
 3.323    8.0866
 3.321    8.0679
 3.319    8.0278
 3.317    7.9804
 3.315    7.9421
 3.313    7.9089
 3.310    7.8645
 3.308    7.8135
 3.306    7.7707
 3.304    7.7302
 3.302    7.6782
 3.300    7.6267
 3.298    7.5859
 3.296    7.5537
 3.294    7.5137
 3.292    7.4656
 3.289    7.4238
 3.287    7.3918
 3.285    7.3581
 3.283    7.3181
 3.281    7.2700
 3.279    7.2224
 3.277    7.1711
 3.275    7.1186
 3.273    7.0742
 3.271    7.0351
 3.269    6.9958
 3.267    6.9592
 3.265    6.9201
 3.263    6.8896
 3.261    6.8572
 3.258    6.8176
 3.256    6.7839
 3.254    6.7539
 3.252    6.7251
 3.250    6.6889
 3.248    6.6477
 3.246    6.6167
 3.244    6.5788
 3.242    6.5307
 3.240    6.4875
 3.238    6.4570
 3.236    6.4289
 3.234    6.4016
 3.232    6.3782
 3.230    6.3520
 3.228    6.3266
 3.226    6.3103
 3.224    6.2817
 3.222    6.2471
 3.220    6.2034
 3.218    6.1628
 3.216    6.1181
 3.214    6.0720
 3.212    6.0444
 3.210    6.0317
 3.208    6.0149
 3.206    5.9966
 3.204    5.9746
 3.202    5.9573
 3.200    5.9365
 3.198    5.9204
 3.196    5.8994
 3.194    5.8735
 3.192    5.8425
 3.190    5.8083
 3.188    5.7795
 3.186    5.7702
 3.184    5.7568
 3.182    5.7351
 3.180    5.7056
 3.179    5.6650
 3.177    5.6211
 3.175    5.5954
 3.173    5.5779
 3.171    5.5666
 3.169    5.5471
 3.167    5.5254
 3.165    5.5044
 3.163    5.4780
 3.161    5.4575
 3.159    5.4556
 3.157    5.4451
 3.155    5.4248
 3.153    5.4111
 3.152    5.3909
 3.150    5.3472
 3.148    5.3081
 3.146    5.2829
 3.144    5.2637
 3.142    5.2517
 3.140    5.2419
 3.138    5.2324
 3.136    5.2119
 3.134    5.1831
 3.132    5.1711
 3.131    5.1726
 3.129    5.1706
 3.127    5.1675
 3.125    5.1531
 3.123    5.1211
 3.121    5.0957
 3.119    5.0903
 3.117    5.0818
 3.115    5.0705
 3.114    5.0637
 3.112    5.0559
 3.110    5.0393
 3.108    5.0173
 3.106    5.0051
 3.104    4.9995
 3.102    4.9795
 3.101    4.9634
 3.099    4.9602
 3.097    4.9617
 3.095    4.9551
 3.093    4.9431
 3.091    4.9353
 3.090    4.9133
 3.088    4.8826
 3.086    4.8696
 3.084    4.8826
 3.082    4.9045
 3.080    4.9197
 3.079    4.9255
 3.077    4.9275
 3.075    4.9143
 3.073    4.8943
 3.071    4.8843
 3.069    4.8882
 3.067    4.8891
 3.066    4.8767
 3.064    4.8674
 3.062    4.8677
 3.060    4.8547
 3.059    4.8454
 3.057    4.8445
 3.055    4.8476
 3.053    4.8511
 3.051    4.8525
 3.050    4.8579
 3.048    4.8655
 3.046    4.8533
 3.044    4.8476
 3.042    4.8386
 3.041    4.8328
 3.039    4.8369
 3.037    4.8450
 3.035    4.8425
 3.033    4.8262
 3.032    4.8008
 3.030    4.7720
 3.028    4.7429
 3.026    4.7414
 3.025    4.7541
 3.023    4.7646
 3.021    4.7786
 3.019    4.7869
 3.018    4.7839
 3.016    4.7663
 3.014    4.7600
 3.012    4.7781
 3.011    4.8015
 3.009    4.8279
 3.007    4.8428
 3.005    4.8186
 3.004    4.7695
 3.002    4.7244
 3.000    4.6936
 2.998    4.6782
 2.997    4.6890
 2.995    4.7112
 2.993    4.7131
 2.991    4.6965
 2.990    4.6904
 2.988    4.7090
 2.986    4.7124
 2.985    4.6948
 2.983    4.6833
 2.981    4.6706
 2.979    4.6531
 2.978    4.6374
 2.976    4.6221
 2.974    4.6138
 2.973    4.5991
 2.971    4.5918
 2.969    4.6013
 2.967    4.5962
 2.966    4.5676
 2.964    4.5488
 2.962    4.5447
 2.961    4.5430
 2.959    4.5498
 2.957    4.5613
 2.956    4.5742
 2.954    4.5683
 2.952    4.5452
 2.951    4.5361
 2.949    4.5388
 2.947    4.5430
 2.946    4.5513
 2.944    4.5571
 2.942    4.5867
 2.941    4.6186
 2.939    4.6301
 2.937    4.6130
 2.936    4.5723
 2.934    4.5337
 2.932    4.4953
 2.931    4.4809
 2.929    4.5019
 2.927    4.5261
 2.926    4.5430
 2.924    4.5635
 2.922    4.5837
 2.921    4.5935
 2.919    4.5818
 2.917    4.5701
 2.916    4.5393
 2.914    4.4861
 2.912    4.4451
 2.911    4.4363
 2.909    4.4541
 2.908    4.4639
 2.906    4.4634
 2.904    4.4614
 2.903    4.4485
 2.901    4.4228
 2.899    4.4006
 2.898    4.3887
 2.896    4.3867
 2.895    4.3852
 2.893    4.3984
 2.891    4.4353
 2.890    4.4756
 2.888    4.5139
 2.886    4.5522
 2.885    4.5679
 2.883    4.5503
 2.882    4.5183
 2.880    4.4988
 2.878    4.4975
 2.877    4.5110
 2.875    4.5474
 2.874    4.5925
 2.872    4.6225
 2.870    4.6272
 2.869    4.6223
 2.867    4.6357
 2.866    4.6518
 2.864    4.6807
 2.863    4.7161
 2.861    4.7373
 2.859    4.7388
 2.858    4.7190
 2.856    4.6953
 2.855    4.6816
 2.853    4.6750
 2.852    4.6843
 2.850    4.6958
 2.848    4.6909
 2.847    4.6692
 2.845    4.6421
 2.844    4.6238
 2.842    4.6169
 2.841    4.6055
 2.839    4.5791
 2.837    4.5505
 2.836    4.5393
 2.834    4.5456
 2.833    4.5522
 2.831    4.5796
 2.830    4.6147
 2.828    4.6238
 2.827    4.6113
 2.825    4.6084
 2.824    4.6094
 2.822    4.5871
 2.821    4.5508
 2.819    4.5351
 2.817    4.5400
 2.816    4.5618
 2.814    4.5810
 2.813    4.6059
 2.811    4.6047
 2.810    4.5676
 2.808    4.5369
 2.807    4.5054
 2.805    4.4739
 2.804    4.4700
 2.802    4.4714
 2.801    4.4726
 2.799    4.4499
 2.798    4.4182
 2.796    4.4089
 2.795    4.3857
 2.793    4.3425
 2.792    4.3171
 2.790    4.3015
 2.789    4.2712
 2.787    4.2014
 2.786    4.1138
 2.784    4.0400
 2.783    3.9487
 2.781    3.8301
 2.780    3.7270
 2.778    3.6667
 2.777    3.6323
 2.775    3.5996
 2.774    3.5674
 2.772    3.5310
 2.771    3.4512
 2.769    3.3247
 2.768    3.1699
 2.766    2.9888
 2.765    2.7878
 2.763    2.6013
 2.762    2.4690
 2.761    2.3845
 2.759    2.3533
 2.757    2.3867
 2.756    2.4687
 2.755    2.5686
 2.753    2.6689
 2.752    2.7649
 2.750    2.8511
 2.749    2.8960
 2.747    2.9170
 2.746    2.9468
 2.744    2.9734
 2.743    2.9783
 2.741    2.9817
 2.740    2.9978
 2.739    3.0163
 2.737    3.0212
 2.736    3.0315
 2.734    3.0647
 2.733    3.0918
 2.731    3.1184
 2.730    3.1741
 2.728    3.2356
 2.727    3.3052
 2.726    3.3799
 2.724    3.4717
 2.723    3.5798
 2.721    3.7082
 2.720    3.8545
 2.719    3.9834
 2.717    4.0613
 2.716    4.1042
 2.714    4.0998
 2.713    4.0635
 2.711    3.9968
 2.710    3.9026
 2.708    3.7871
 2.707    3.6782
 2.706    3.5976
 2.704    3.5803
 2.703    3.6604
 2.701    3.8511
 2.700    4.1540
 2.699    4.5488
 2.697    5.0261
 2.696    5.5925
 2.695    6.2407
 2.693    6.9924
 2.692    7.8359
 2.690    8.7341
 2.689    9.6675
 2.688   10.5952
 2.686   11.4968
 2.685   12.3684
 2.683   13.1826
 2.682   13.9472
 2.680   14.6540
 2.679   15.3164
 2.678   15.9336
 2.676   16.5441
 2.675   17.1210
 2.674   17.6272
 2.672   18.0832
 2.671   18.4909
 2.670   18.8437
 2.668   19.1877
 2.667   19.5800
 2.665   20.0390
 2.664   20.4973
 2.663   20.9416
 2.661   21.4067
 2.660   21.7983
 2.659   22.1115
 2.657   22.3715
 2.656   22.6125
 2.655   22.8588
 2.653   23.0942
 2.652   23.3312
 2.650   23.5930
 2.649   23.8212
 2.648   24.0407
 2.646   24.2433
 2.645   24.4286
 2.644   24.6264
 2.642   24.8024
 2.641   24.9753
 2.640   25.1772
 2.638   25.3593
 2.637   25.5431
 2.636   25.7097
 2.634   25.7829
 2.633   25.8347
 2.632   25.9164
 2.630   26.0136
 2.629   26.1464
 2.627   26.2983
 2.626   26.4992
 2.625   26.6606
 2.624   26.7192
 2.622   26.7956
 2.621   26.8652
 2.620   26.9054
 2.618   26.9826
 2.617   27.0954
 2.616   27.2399
 2.614   27.3642
 2.613   27.4667
 2.612   27.5822
 2.610   27.6467
 2.609   27.6581
 2.608   27.6733
 2.606   27.6987
 2.605   27.7372
 2.604   27.8134
 2.603   27.9491
 2.601   28.1357
 2.600   28.2870
 2.599   28.2736
 2.597   28.1872
 2.596   28.1506
 2.595   28.1547
 2.593   28.2111
 2.592   28.3251
 2.591   28.4726
 2.590   28.6178
 2.588   28.6628
 2.587   28.6642
 2.586   28.7226
 2.584   28.7997
 2.583   28.9008
 2.582   29.0021
 2.580   29.0759
 2.579   29.1545
 2.578   29.2165
 2.577   29.2153
 2.575   29.2111
 2.574   29.2223
 2.573   29.2548
 2.571   29.2978
 2.570   29.3537
 2.569   29.4428
 2.568   29.5190
 2.566   29.5468
 2.565   29.5741
 2.564   29.6117
 2.563   29.6425
 2.561   29.7089
 2.560   29.8412
 2.559   29.9938
 2.558   30.0942
 2.556   30.1362
 2.555   30.1476
 2.554   30.1513
 2.553   30.1532
 2.551   30.1877
 2.550   30.2448
 2.549   30.3073
 2.547   30.3634
 2.546   30.3976
 2.545   30.4262
 2.544   30.4662
 2.543   30.5002
 2.541   30.5282
 2.540   30.5629
 2.539   30.6081
 2.538   30.6432
 2.536   30.6711
 2.535   30.6989
 2.534   30.7267
 2.533   30.7409
 2.531   30.7677
 2.530   30.8434
 2.529   30.9340
 2.528   31.0026
 2.526   31.0580
 2.525   31.0922
 2.524   31.0927
 2.523   31.0881
 2.522   31.1027
 2.520   31.1230
 2.519   31.1259
 2.518   31.1296
 2.517   31.1449
 2.515   31.1723
 2.514   31.2277
 2.513   31.2956
 2.512   31.3415
 2.511   31.3715
 2.509   31.3822
 2.508   31.3925
 2.507   31.4198
 2.506   31.4716
 2.504   31.5339
 2.503   31.5761
 2.502   31.5861
 2.501   31.5922
 2.500   31.5937
 2.498   31.5998
 2.497   31.6198
 2.496   31.6657
 2.495   31.7082
 2.494   31.7497
 2.492   31.7834
 2.491   31.7756
 2.490   31.7590
 2.489   31.7619
 2.488   31.7878
 2.486   31.8549
 2.485   31.9235
 2.484   31.9721
 2.483   32.0212
 2.482   32.0763
 2.481   32.1291
 2.479   32.1896
 2.478   32.2763
 2.477   32.3818
 2.476   32.4672
 2.474   32.5011
 2.473   32.5270
 2.472   32.5900
 2.471   32.6335
 2.470   32.6498
 2.469   32.6613
 2.467   32.6838
 2.466   32.7143
 2.465   32.7277
 2.464   32.7389
 2.463   32.7712
 2.462   32.8012
 2.460   32.8312
 2.459   32.8671
 2.458   32.9128
 2.457   32.9569
 2.456   33.0024
 2.455   33.0402
 2.454   33.0807
 2.452   33.1144
 2.451   33.1256
 2.450   33.1335
 2.449   33.1513
 2.448   33.1747
 2.446   33.2111
 2.445   33.2543
 2.444   33.3156
 2.443   33.3561
 2.442   33.3583
 2.441   33.3610
 2.440   33.3822
 2.438   33.4338
 2.437   33.5263
 2.436   33.6308
 2.435   33.7348
 2.434   33.8300
 2.433   33.9211
 2.432   34.0058
 2.430   34.0878
 2.429   34.1784
 2.428   34.2841
 2.427   34.3705
 2.426   34.4455
 2.425   34.5319
 2.424   34.6310
 2.422   34.7311
 2.421   34.7980
 2.420   34.8456
 2.419   34.9071
 2.418   34.9535
 2.417   35.0028
 2.416   35.0583
 2.415   35.1293
 2.414   35.1930
 2.412   35.2438
 2.411   35.3212
 2.410   35.4149
 2.409   35.4643
 2.408   35.4860
 2.407   35.4940
 2.406   35.5150
 2.405   35.5309
 2.403   35.5544
 2.402   35.5780
 2.401   35.6103
 2.400   35.6349
 2.399   35.6442
 2.398   35.6403
 2.397   35.6339
 2.396   35.5851
 2.394   35.5190
 2.393   35.4579
 2.392   35.4267
 2.391   35.4435
 2.390   35.4943
 2.389   35.5421
 2.388   35.5629
 2.387   35.5324
 2.386   35.5065
 2.385   35.4862
 2.384   35.4538
 2.382   35.4748
 2.381   35.5482
 2.380   35.6322
 2.379   35.7235
 2.378   35.8244
 2.377   35.9403
 2.376   36.0441
 2.375   36.1230
 2.374   36.2045
 2.373   36.2626
 2.372   36.3078
 2.370   36.3527
 2.369   36.4025
 2.368   36.4516
 2.367   36.4767
 2.366   36.5050
 2.365   36.5551
 2.364   36.5951
 2.363   36.6173
 2.362   36.6100
 2.361   36.5917
 2.360   36.5780
 2.359   36.5583
 2.357   36.5688
 2.356   36.6090
 2.355   36.6479
 2.354   36.6581
 2.353   36.6557
 2.352   36.6652
 2.351   36.6842
 2.350   36.7270
 2.349   36.8007
 2.348   36.8607
 2.347   36.9186
 2.346   36.9801
 2.345   37.0407
 2.344   37.1015
 2.343   37.1747
 2.341   37.2787
 2.341   37.3773
 2.339   37.4279
 2.338   37.4721
 2.337   37.5241
 2.336   37.5600
 2.335   37.5817
 2.334   37.6234
 2.333   37.7033
 2.332   37.7699
 2.331   37.7868
 2.330   37.8009
 2.329   37.8288
 2.328   37.8603
 2.327   37.8786
 2.326   37.9152
 2.325   38.0153
 2.324   38.1374
 2.323   38.2226
 2.322   38.2736
 2.321   38.2870
 2.320   38.3280
 2.318   38.3644
 2.317   38.3971
 2.316   38.4655
 2.315   38.5373
 2.314   38.5856
 2.313   38.6227
 2.312   38.6532
 2.311   38.7575
 2.310   38.8698
 2.309   38.9445
 2.308   39.0280
 2.307   39.1073
 2.306   39.1615
 2.305   39.2145
 2.304   39.2438
 2.303   39.2875
 2.302   39.3515
 2.301   39.3930
 2.300   39.4499
 2.299   39.5321
 2.298   39.5956
 2.297   39.6422
 2.296   39.6762
 2.295   39.7633
 2.294   39.8712
 2.293   39.9445
 2.292   40.0119
 2.291   40.0963
 2.290   40.1698
 2.289   40.2138
 2.288   40.2602
 2.287   40.3197
 2.286   40.3449
 2.285   40.3644
 2.284   40.4039
 2.283   40.4740
 2.282   40.5573
 2.281   40.6317
 2.280   40.6967
 2.279   40.7387
 2.278   40.7746
 2.277   40.8161
 2.276   40.8383
 2.275   40.8673
 2.274   40.8810
 2.273   40.8742
 2.272   40.8988
 2.271   40.9747
 2.270   41.0871
 2.269   41.1840
 2.268   41.2287
 2.267   41.2418
 2.266   41.2453
 2.265   41.2533
 2.264   41.3043
 2.263   41.3656
 2.262   41.4069
 2.261   41.4144
 2.260   41.4130
 2.259   41.4203
 2.258   41.4628
 2.257   41.5226
 2.256   41.5553
 2.255   41.5458
 2.254   41.4975
 2.253   41.4591
 2.252   41.4494
 2.251   41.4660
 2.250   41.4884
 2.249   41.5065
 2.248   41.5087
 2.247   41.4862
 2.246   41.4559
 2.245   41.4606
 2.244   41.4396
 2.243   41.4052
 2.242   41.3871
 2.241   41.3986
 2.240   41.4254
 2.239   41.4469
 2.238   41.4769
 2.237   41.5226
 2.236   41.5326
 2.236   41.5187
 2.235   41.5255
 2.234   41.5663
 2.233   41.6112
 2.232   41.6303
 2.231   41.6298
 2.230   41.6188
 2.229   41.5961
 2.228   41.5382
 2.227   41.4701
 2.226   41.4320
 2.225   41.3810
 2.224   41.2875
 2.223   41.1791
 2.222   41.0465
 2.221   40.8280
 2.220   40.5675
 2.219   40.2936
 2.218   40.0004
 2.217   39.6857
 2.216   39.3681
 2.216   39.0324
 2.215   38.6254
 2.214   38.0800
 2.213   37.4657
 2.212   36.8124
 2.211   36.1615
 2.210   35.6413
 2.209   35.3415
 2.208   35.2541
 2.207   35.3693
 2.206   35.6483
 2.205   36.0094
 2.204   36.3830
 2.203   36.7272
 2.202   37.0329
 2.201   37.2797
 2.200   37.4438
 2.200   37.5819
 2.199   37.7240
 2.198   37.8178
 2.197   37.8529
 2.196   37.8847
 2.195   37.9494
 2.194   38.0746
 2.193   38.2377
 2.192   38.4484
 2.191   38.7074
 2.190   38.9367
 2.189   39.1100
 2.188   39.2365
 2.187   39.3686
 2.187   39.5270
 2.186   39.6413
 2.185   39.7753
 2.184   39.9762
 2.183   40.1288
 2.182   40.2487
 2.181   40.3578
 2.180   40.4704
 2.179   40.5668
 2.178   40.6139
 2.177   40.7001
 2.176   40.8046
 2.176   40.8478
 2.175   40.9069
 2.174   40.9862
 2.173   41.0460
 2.172   41.0934
 2.171   41.1330
 2.170   41.1593
 2.169   41.1408
 2.168   41.1247
 2.167   41.1449
 2.166   41.1852
 2.166   41.2533
 2.165   41.3368
 2.164   41.4313
 2.163   41.5377
 2.162   41.6120
 2.161   41.7038
 2.160   41.7843
 2.159   41.8622
 2.158   41.9569
 2.157   42.0582
 2.156   42.2037
 2.156   42.3454
 2.155   42.4601
 2.154   42.6002
 2.153   42.7460
 2.152   42.9264
 2.151   43.1178
 2.150   43.3063
 2.149   43.4943
 2.148   43.6369
 2.148   43.7592
 2.147   43.8864
 2.146   44.0145
 2.145   44.1510
 2.144   44.2980
 2.143   44.4244
 2.142   44.4972
 2.141   44.5458
 2.140   44.6276
 2.140   44.7362
 2.139   44.8375
 2.138   44.9301
 2.137   45.0375
 2.136   45.0946
 2.135   45.0773
 2.134   45.0299
 2.133   45.0538
 2.132   45.1254
 2.132   45.1879
 2.131   45.2211
 2.130   45.2216
 2.129   45.2318
 2.128   45.2645
 2.127   45.2843
 2.126   45.3185
 2.126   45.3597
 2.125   45.3512
 2.124   45.2987
 2.123   45.2699
 2.122   45.3080
 2.121   45.3546
 2.120   45.3656
 2.119   45.3851
 2.119   45.4266
 2.118   45.4335
 2.117   45.4135
 2.116   45.4471
 2.115   45.5189
 2.114   45.5326
 2.113   45.4935
 2.112   45.4745
 2.112   45.4730
 2.111   45.4481
 2.110   45.4493
 2.109   45.5221
 2.108   45.6278
 2.107   45.6808
 2.107   45.7138
 2.106   45.7587
 2.105   45.8038
 2.104   45.8436
 2.103   45.8739
 2.102   45.8951
 2.101   45.9012
 2.100   45.8949
 2.100   45.9042
 2.099   45.9362
 2.098   45.9401
 2.097   45.9054
 2.096   45.8607
 2.095   45.8651
 2.095   45.8798
 2.094   45.8571
 2.093   45.8573
 2.092   45.9354
 2.091   46.0241
 2.090   46.1036
 2.090   46.2006
 2.089   46.2760
 2.088   46.2601
 2.087   46.2120
 2.086   46.1884
 2.085   46.1954
 2.084   46.1823
 2.084   46.1517
 2.083   46.1505
 2.082   46.0062
 2.081   46.1981
 2.080   46.5038
 2.079   46.6417
 2.076   46.8025
 2.072   46.7519
 2.068   47.3620
 2.064   47.1625
 2.060   46.9939
 2.056   46.7912
 2.052   46.7634
 2.048   46.8354
 2.044   47.1322
 2.040   46.7835
 2.036   46.8317
 2.032   46.4596
 2.028   46.7282
 2.024   46.6241
 2.020   46.7731
 2.016   46.6650
 2.012   46.5640
 2.008   46.5318
 2.004   46.3733
 2.000   45.8141
 1.996   46.0734
 1.992   45.9961
 1.988   45.0051
 1.984   44.9911
 1.980   44.5835
 1.976   44.1906
 1.972   43.8274
 1.968   44.0058
 1.964   43.8001
 1.960   43.1600
 1.956   42.4405
 1.952   42.1997
 1.948   41.9583
 1.944   41.7969
 1.940   41.5766
 1.936   41.3634
 1.932   41.1110
 1.928   40.6390
 1.924   40.3520
 1.920   39.8700
 1.916   40.0690
 1.912   40.0412
 1.908   40.1688
 1.904   40.5964
 1.900   41.0881
 1.896   42.2729
 1.892   43.1154
 1.888   44.4337
 1.884   45.5063
 1.880   46.7542
 1.876   47.4075
 1.872   47.9937
 1.868   48.7385
 1.864   49.0793
 1.860   49.4614
 1.856   49.7652
 1.852   50.2593
 1.848   50.6880
 1.844   50.5080
 1.840   50.6808
 1.836   50.9546
 1.832   50.7858
 1.828   50.8461
 1.824   50.7493
 1.820   50.7954
 1.816   50.1469
 1.812   50.3558
 1.808   50.4355
 1.804   50.6690
 1.800   51.2252
 1.796   51.6672
 1.792   51.2894
 1.788   50.9523
 1.784   51.1487
 1.780   50.8148
 1.776   50.7065
 1.772   50.7065
 1.768   51.0816
 1.764   51.0318
 1.760   51.1957
 1.756   51.2232
 1.752   51.1361
 1.748   51.1536
 1.744   51.0686
 1.740   51.1771
 1.736   51.3721
 1.732   51.1088
 1.728   51.4711
 1.724   51.1724
 1.720   51.0859
 1.716   51.2540
 1.712   51.1410
 1.708   51.1095
 1.704   51.2796
 1.700   51.2847
 1.696   50.8837
 1.692   50.6259
 1.688   50.6796
 1.684   50.4180
 1.680   50.6610
 1.676   50.5789
 1.672   50.2930
 1.668   50.2690
 1.664   50.0046
 1.660   50.1087
 1.656   50.3226
 1.652   50.4033
 1.648   50.4572
 1.644   50.4272
 1.640   50.5350
 1.636   50.5080
 1.632   50.5382
 1.628   50.7518
 1.624   50.8336
 1.620   50.6955
 1.616   50.8297
 1.612   50.7518
 1.608   50.6229
 1.604   50.5288
 1.600   50.5991
 1.596   50.5513
 1.592   50.4968
 1.588   50.4425
 1.584   50.5150
 1.580   50.0426
 1.576   49.9600
 1.572   49.8303
 1.568   49.5951
 1.564   49.6499
 1.560   49.8358
 1.556   49.8877
 1.552   49.9069
 1.548   49.6429
 1.544   49.8090
 1.540   49.9435
 1.536   49.6975
 1.532   49.5919
 1.528   49.3061
 1.524   49.5711
 1.520   49.7018
 1.516   49.4332
 1.512   49.2552
 1.508   49.0172
 1.504   48.8585
 1.500   48.4772
 1.496   48.0819
 1.492   47.8888
 1.488   47.9526
 1.484   47.8675
 1.480   47.5772
 1.476   47.4484
 1.472   47.5349
 1.468   47.4452
 1.464   47.4420
 1.460   47.3134
 1.456   46.7574
 1.452   46.6163
 1.448   46.7644
 1.444   46.6959
 1.440   46.6170
 1.436   46.5351
 1.432   46.2100
 1.428   46.0837
 1.424   45.9765
 1.420   46.0347
 1.416   45.4831
 1.412   44.4722
 1.408   43.2012
 1.404   43.0522
 1.400   42.9683
 1.396   43.1984
 1.392   43.6349
 1.388   44.2505
 1.384   44.5568
 1.380   45.1191
 1.376   45.9352
 1.372   46.5214
 1.368   46.6425
 1.364   47.1862
 1.360   47.5236
 1.356   47.7094
 1.352   47.6106
 1.348   47.7458
 1.344   47.8034
 1.340   47.8482
 1.336   48.0019
 1.332   47.8917
 1.328   47.6944
 1.324   47.5950
 1.320   47.5429
 1.316   47.3756
 1.312   47.4015
 1.308   47.4791
 1.304   47.6471
 1.300   47.6993
 1.296   48.0530
 1.292   47.8800
 1.288   47.8770
 1.284   47.7585
 1.280   47.6687
 1.276   47.3348
 1.272   47.2467
 1.268   46.9565
 1.264   46.8404
 1.260   46.5605
 1.256   46.3648
 1.252   46.4094
 1.248   46.4235
 1.244   46.5019
 1.240   46.4693
 1.236   46.2992
 1.232   46.0694
 1.228   45.9913
 1.224   45.9319
 1.220   45.7428
 1.216   45.7844
 1.212   45.5984
 1.208   46.0078
 1.204   45.9484
 1.200   45.9741
 1.196   45.7007
 1.192   45.4758
 1.188   45.7687
 1.184   45.2640
 1.180   45.2251
 1.176   44.9178
 1.172   44.6724
 1.168   44.4771
 1.164   44.4656
 1.160   44.3683
 1.156   44.3319
 1.152   44.0729
 1.148   43.7500
 1.144   43.2502
 1.140   43.3097
 1.136   43.0851
 1.132   42.9472
 1.128   43.2701
 1.124   42.8193
 1.120   42.4407
 1.116   42.3369
 1.112   42.1054
 1.108   41.7043
 1.104   41.6922
 1.100   41.5088
 1.096   41.3962
 1.092   41.2180
 1.088   41.3826
 1.084   41.1417
 1.080   41.2695
 1.076   40.7973
 1.072   40.4319
 1.068   40.0774
 1.064   40.3943
 1.060   40.3732
 1.056   40.0110
 1.052   40.1848
 1.048   39.7849
 1.044   39.5584
 1.040   39.6717
 1.036   39.9155
 1.032   39.5807
 1.028   39.4670
 1.024   39.0568
 1.020   39.0792
 1.016   38.7179
 1.012   38.9673
 1.008   38.9408
 1.004   38.8043
 1.000   38.4808
 0.996   38.7063
 0.992   38.6368
 0.988   37.7713
 0.984   37.9121
 0.980   38.0835
 0.976   38.1056
 0.972   38.1891
 0.968   37.7127
 0.964   37.8400
 0.960   37.5266
 0.956   37.4334
 0.952   37.2619
 0.948   37.2799
 0.944   36.8937
 0.940   36.9586
 0.936   36.9620
 0.932   36.9837
 0.928   37.0556
 0.924   36.5090
 0.920   36.8035
 0.916   36.7022
 0.912   36.5866
 0.908   36.4925
 0.904   36.4198
 0.900   36.5704
 0.896   36.6136
 0.892   36.7054
 0.888   36.6249
 0.884   36.8465
 0.880   36.8244
 0.876   36.8622
 0.872   36.9225
 0.868   36.9225
 0.864   37.1457
 0.860   36.9832
 0.856   37.2362
 0.852   37.0894
 0.848   37.3500
 0.844   37.3449
 0.840   37.1743
 0.836   37.4644
 0.832   37.3860
 0.828   37.2943
 0.824   37.3449
 0.820   37.5100
 0.816   37.5103
 0.812   37.7259
 0.808   37.5147
 0.804   37.5904
 0.800   37.4004
 0.799   37.9986
 0.798   37.9970
 0.797   37.8610
 0.796   37.9100
 0.795   37.7415
 0.794   37.4082
 0.793   37.7170
 0.792   37.5506
 0.791   37.7364
 0.790   37.8063
 0.789   37.8839
 0.788   37.7609
 0.787   37.8385
 0.786   38.1025
 0.785   37.7609
 0.784   37.7400
 0.783   37.8385
 0.782   37.4985
 0.781   37.4055
 0.780   37.6710
 0.779   37.5229
 0.778   37.4065
 0.777   37.3334
 0.776   37.5229
 0.775   37.5515
 0.774   37.2882
 0.773   37.2640
 0.772   37.3577
 0.771   37.2385
 0.770   37.2385
 0.769   37.0213
 0.768   36.9760
 0.767   36.9060
 0.766   36.9301
 0.765   37.1453
 0.764   37.1210
 0.763   37.0242
 0.762   36.7137
 0.761   36.7856
 0.760   36.9060
 0.759   36.8596
 0.758   36.5231
 0.757   36.4992
 0.756   36.3787
 0.755   36.3787
 0.754   36.4513
 0.753   36.4511
 0.752   36.0908
 0.751   36.1878
 0.750   36.2832
 0.749   36.2824
 0.748   36.2110
 0.747   35.8274
 0.746   35.8510
 0.745   36.2351
 0.744   35.6839
 0.743   35.5405
 0.742   35.8025
 0.741   35.6796
 0.740   35.7033
 0.739   35.5354
 0.738   35.5354
 0.737   35.5354
 0.736   35.3689
 0.735   35.2486
 0.734   35.1484
 0.733   35.2190
 0.732   35.0005
 0.731   34.7166
 0.730   34.3663
 0.729   34.3947
 0.728   34.8224
 0.727   34.8171
 0.726   34.6919
 0.725   34.5198
 0.724   34.5165
 0.723   34.1597
 0.722   34.2514
 0.721   34.1076
 0.720   34.4184
 0.719   34.1241
 0.718   34.0096
 0.717   33.6016
 0.716   33.8204
 0.715   33.9342
 0.714   33.7602
 0.713   33.5936
 0.712   33.3737
 0.711   33.4102
 0.710   33.3876
 0.709   33.1443
 0.708   33.1667
 0.707   33.1348
 0.706   32.8684
 0.705   32.8461
 0.704   32.8786
 0.703   32.6464
 0.702   32.6023
 0.701   32.3382
 0.700   32.5468
 0.699   32.5355
 0.698   32.1684
 0.697   32.0916
 0.696   31.8916
 0.695   31.8034
 0.694   31.7235
 0.693   31.6140
 0.692   31.4470
 0.691   31.3236
 0.690   31.4470
 0.689   31.4539
 0.688   31.3886
 0.687   31.3236
 0.686   31.3020
 0.685   31.1141
 0.684   30.6854
 0.683   30.6430
 0.682   30.6430
 0.681   30.4988
 0.680   30.4356
 0.679   30.4633
 0.678   30.5269
 0.677   30.3423
 0.676   30.2367
 0.675   30.2788
 0.674   30.0499
 0.673   29.9456
 0.672   29.9456
 0.671   30.3133
 0.670   29.9848
 0.669   30.0270
 0.668   30.1116
 0.667   29.8243
 0.666   30.0270
 0.665   29.7793
 0.664   29.7583
 0.663   29.6540
 0.662   29.6973
 0.661   29.4701
 0.660   28.9570
 0.659   28.9137
 0.658   28.8528
 0.657   28.9329
 0.656   28.6862
 0.655   28.7873
 0.654   28.8278
 0.653   28.4776
 0.652   28.4805
 0.651   28.4805
 0.650   28.5034
 0.649   28.1576
 0.648   27.9167
 0.647   28.0347
 0.646   28.1735
 0.645   28.1934
 0.644   28.0501
 0.643   27.8822
 0.642   27.8822
 0.641   28.1097
 0.640   27.7192
 0.639   27.6800
 0.638   27.7530
 0.637   27.3027
 0.636   27.1306
 0.635   27.0550
 0.634   27.0743
 0.633   27.0743
 0.632   27.1518
 0.631   27.0469
 0.630   26.9033
 0.629   27.0857
 0.628   27.1818
 0.627   26.8265
 0.626   26.2181
 0.625   26.0761
 0.624   26.5035
 0.623   26.5799
 0.622   26.3498
 0.621   26.0761
 0.620   25.9257
 0.619   25.8145
 0.618   26.0939
 0.617   26.0526
 0.616   26.0526
 0.615   25.8599
 0.614   25.8599
 0.613   25.5924
 0.612   25.4170
 0.611   25.4170
 0.610   25.1492
 0.609   25.1310
 0.608   24.9702
 0.607   24.9307
 0.606   24.8969
 0.605   24.9334
 0.604   24.7418
 0.603   24.6523
 0.602   24.3646
 0.601   24.3642
 0.600   24.4546
 0.599   24.4533
 0.598   24.2346
 0.597   24.3633
 0.596   24.1438
 0.595   24.0500
 0.594   23.7985
 0.593   23.7420
 0.592   23.6318
 0.591   23.6318
 0.590   23.5575
 0.589   23.2424
 0.588   23.1548
 0.587   23.2248
 0.586   23.1139
 0.585   23.0572
 0.584   22.6250
 0.583   22.4548
 0.582   22.2170
 0.581   22.2675
 0.580   22.2577
 0.579   21.9870
 0.578   21.8758
 0.577   21.5822
 0.576   20.8481
 0.575   20.6604
 0.574   20.4413
 0.573   20.3659
 0.572   20.3366
 0.571   20.4590
 0.570   20.3332
 0.569   19.8980
 0.568   19.4948
 0.567   19.2313
 0.566   19.0925
 0.565   18.9538
 0.564   18.6487
 0.563   18.5544
 0.562   18.4871
 0.561   18.1816
 0.560   17.8348
 0.559   17.6669
 0.558   17.6710
 0.557   17.5496
 0.556   17.3997
 0.555   16.8501
 0.554   16.7710
 0.553   16.3575
 0.552   16.2059
 0.551   16.1579
 0.550   15.9853
 0.549   15.8114
 0.548   15.3467
 0.547   14.9352
 0.546   14.8999
 0.545   14.5463
 0.544   14.7778
 0.543   14.3319
 0.542   14.0032
 0.541   14.1667
 0.540   13.9515
 0.539   13.7692
 0.538   13.5075
 0.537   13.5968
 0.536   13.3934
 0.535   13.0826
 0.534   12.9785
 0.533   12.6100
 0.532   11.9576
 0.531   12.1426
 0.530   11.9240
 0.529   11.6947
 0.528   11.6947
 0.527   11.5996
 0.526   11.1528
 0.525   11.0654
 0.524   11.0748
 0.523   11.0320
 0.522   10.6284
 0.521   10.3949
 0.520   10.4602
 0.519   10.0637
 0.518   10.1977
 0.517    9.7874
 0.516    9.5628
 0.515    9.9386
 0.514    9.3541
 0.513    9.0947
 0.512    9.1440
 0.511    8.9936
 0.510    8.7901
 0.509    8.5298
 0.508    8.4749
 0.507    8.3338
 0.506    8.2313
 0.505    7.9725
 0.504    7.9875
 0.503    7.8469
 0.502    7.7507
 0.501    7.4450
 0.500    7.3873
 0.499    7.4376
 0.498    7.2400
 0.497    7.1002
 0.496    6.8434
 0.495    6.8367
 0.494    6.7641
 0.493    6.4849
 0.492    6.1683
 0.491    6.3139
 0.490    6.0547
 0.489    6.2324
 0.488    6.1440
 0.487    5.8844
 0.486    5.5916
 0.485    5.5449
 0.484    5.4420
 0.483    5.3271
 0.482    5.3499
 0.481    5.3785
 0.480    5.2288
 0.479    5.2119
 0.478    4.9807
 0.477    5.2458
 0.476    4.9862
 0.475    4.8676
 0.474    4.8516
 0.473    4.7190
 0.472    4.7190
 0.471    4.7190
 0.470    4.4145
 0.469    4.2679
 0.468    4.2774
 0.467    4.2821
 0.466    4.3759
 0.465    4.2679
 0.464    4.3012
 0.463    4.1332
 0.462    4.1150
 0.461    4.1104
 0.460    4.1332
 0.459    3.9768
 0.458    3.8673
 0.457    3.9135
 0.456    3.9219
 0.455    3.7553
 0.454    3.6397
 0.453    3.7353
 0.452    3.7553
 0.451    3.4523
 0.450    3.5765
 0.449    3.5433
 0.448    3.3922
 0.447    3.4450
 0.446    3.1441
 0.445    3.1474
 0.444    3.0263
 0.443    3.0361
 0.442    2.8571
 0.441    2.8875
 0.440    2.6221
 0.439    2.4996
 0.438    2.3531
 0.437    2.3583
 0.436    2.3479
 0.435    2.2066
 0.434    1.8836
 0.433    1.8899
 0.432    1.7692
 0.431    1.5934
 0.430    1.4664
 0.429    1.3050
 0.428    0.8826
 0.427    1.0550
 0.426    0.9292
 0.425    0.7545
 0.424    0.7924
 0.423    0.6309
 0.422    0.4668
 0.421    0.3384
 0.420    0.3365
 0.419    0.3339
 0.418    0.0000
 0.417    0.0000
 0.416    0.0000
 0.415    0.0000
 0.414    0.0000
 0.413    0.0000
 0.412    0.0000
 0.411    0.0000
 0.410    0.0000
 0.409    0.0000
 0.408    0.0000
 0.407    0.0000
 0.406    0.0000
 0.405    0.0000
 0.404    0.0000
 0.403    0.0000
 0.402    0.0000
 0.401    0.0000
 0.400    0.0000
