Name: Cordierite Mg2Al4Si5O18
Type:  Mineral
Class:   Silicates 
Subclass:   Cyclosilicates (Ring Silicates)
Particle Size:  Fine  (less than 2 Micrometers)
Sample No.:  cordier.2
Owner:  JHU
Wavelength Range:  IR
Origin:  Sample from Orijarvi, Finland via the Smithsonian  (sample 
no. NMNH 78228). 
Description: The sample consists of three pieces, each about 2 cm x 4 
cm x 1 cm.  There are some heterogeneities in color, but the samples 
are predominantly blue-gray.  They appear fairly pure, but do have 
a few veins with discoloration along them.  Under the petrographic 
microscope all samples appear to be cordierite, but grains have a 
small amount of alteration and some microcrystalline inclusions.
Measurement:  Transmission 
First Column:  X
Second Column:  Y  
X Units:  Wavelength (micrometers)
Y Units:  Transmittance (percent)
First X Value:  25.0442
Last X Value:  2.079
Number of X Values:  2287
Additional Information: cordie2a.txt
25.044   54.3436
24.924   56.5467
24.805   58.5233
24.686   60.4530
24.569   61.3123
24.454   60.4452
24.339   59.7186
24.225   58.3670
24.112   56.6600
24.001   53.7069
23.890   50.3905
23.781   46.7382
23.672   45.1171
23.564   45.4179
23.458   47.3085
23.352   49.1288
23.247   49.6014
23.144   48.0858
23.041   45.4374
22.939   42.2499
22.838   39.3300
22.738   37.5937
22.638   36.8280
22.540   37.0624
22.442   38.0487
22.345   39.0331
22.250   39.5272
22.154   39.8847
22.060   39.9921
21.967   39.7206
21.874   39.4999
21.782   39.6659
21.691   39.9472
21.601   40.4159
21.511   41.2362
21.422   42.6640
21.334   44.0253
21.247   45.1874
21.160   46.2069
21.074   46.6522
20.988   46.8788
20.904   46.4725
20.820   45.6600
20.737   44.2362
20.654   42.7030
20.572   41.3847
20.491   40.9081
20.410   41.4647
20.330   43.1796
20.251   45.9471
20.172   49.7499
20.094   54.0467
20.016   57.7694
19.939   60.9823
19.863   63.5662
19.787   65.5252
19.712   66.8143
19.637   67.9432
19.563   68.2615
19.489   68.5037
19.416   68.5399
19.344   68.6287
19.272   68.6170
19.201   68.8328
19.130   69.1092
19.059   69.5740
18.990   69.7381
18.920   70.1287
18.851   70.5555
18.783   71.1678
18.715   71.3826
18.648   71.7225
18.581   72.0477
18.515   72.5311
18.449   72.8445
18.384   73.1658
18.319   73.2283
18.254   73.3094
18.190   73.2889
18.126   73.1815
18.063   72.7772
18.001   72.1229
17.938   71.2283
17.876   69.8719
17.815   68.2196
17.754   66.4696
17.693   65.2030
17.633   64.9100
17.573   65.4032
17.514   65.7938
17.455   65.5389
17.396   63.9823
17.338   61.2967
17.280   57.9881
17.223   55.5682
17.166   55.4042
17.109   57.5252
17.053   60.5916
16.997   63.3514
16.942   65.1229
16.886   66.2196
16.832   66.7518
16.777   67.3475
16.723   67.8797
16.669   68.3563
16.616   68.3250
16.563   68.1209
16.510   67.5672
16.458   66.7772
16.406   65.8436
16.354   64.7664
16.302   63.4305
16.251   62.3866
16.200   61.7479
16.150   61.8241
16.100   62.6268
16.050   63.9471
16.000   65.5096
15.951   67.1893
15.902   68.6727
15.854   69.9178
15.805   70.9822
15.757   71.8377
15.710   72.6922
15.662   73.1951
15.615   73.5477
15.568   73.7820
15.521   73.9412
15.475   73.7107
15.429   73.6258
15.383   73.4695
15.338   73.4344
15.292   73.2391
15.248   73.0506
15.203   72.9295
15.158   73.0125
15.114   72.7352
15.070   72.4373
15.027   71.8592
14.983   70.9861
14.940   69.7625
14.897   68.3992
14.854   67.0877
14.812   66.2655
14.770   66.2821
14.728   67.2283
14.686   68.3797
14.645   69.3143
14.603   70.0701
14.562   70.6658
14.521   71.1902
14.481   71.3719
14.441   71.4080
14.400   71.3182
14.361   71.4119
14.321   71.2928
14.281   71.1522
14.242   71.0701
14.203   71.2801
14.164   71.4070
14.126   71.8748
14.087   72.1531
14.049   72.4256
14.011   72.6102
13.973   72.6727
13.936   72.5926
13.899   72.6492
13.861   72.4471
13.824   72.2576
13.788   71.9959
13.751   71.6463
13.715   71.1697
13.679   70.6229
13.643   69.9022
13.607   68.9217
13.571   67.8221
13.536   66.5159
13.500   64.8690
13.465   62.9300
13.430   60.9574
13.396   59.1253
13.361   58.1698
13.327   57.9178
13.293   57.9002
13.259   57.2381
13.225   55.5545
13.191   52.8187
13.158   49.4217
13.124   45.4769
13.091   41.5341
13.058   38.0707
13.026   35.5468
12.993   34.1874
12.960   33.9067
12.928   34.6938
12.896   36.6034
12.864   39.4789
12.832   43.1190
12.800   47.2303
12.769   51.5101
12.737   55.6429
12.706   59.1234
12.675   62.0941
12.644   64.3944
12.614   66.1209
12.583   67.1937
12.552   67.9124
12.522   68.4735
12.492   69.3201
12.462   70.3436
12.432   71.6214
12.402   72.7449
12.373   73.6761
12.343   74.3401
12.314   74.8709
12.285   75.2562
12.256   75.4866
12.227   75.8611
12.198   76.1697
12.169   76.2654
12.141   76.2190
12.113   76.3577
12.084   76.4988
12.056   76.7469
12.028   77.0062
12.000   77.1683
11.973   77.1839
11.945   77.2518
11.918   77.1312
11.890   77.1092
11.863   76.9378
11.836   76.8104
11.809   76.3650
11.782   76.2229
11.755   75.9061
11.729   75.6390
11.702   75.2190
11.676   74.8211
11.650   74.3065
11.624   73.6800
11.598   73.0721
11.572   72.3504
11.546   71.5858
11.520   70.9002
11.495   70.2459
11.469   69.3382
11.444   68.3475
11.419   67.4178
11.394   66.4300
11.369   65.2723
11.344   64.1429
11.319   62.7860
11.294   61.2562
11.270   59.4300
11.245   57.5604
11.221   55.4007
11.197   52.9676
11.173   50.2303
11.149   47.3690
11.125   44.2538
11.101   40.9911
11.077   37.7987
11.054   34.8300
11.030   32.3652
11.007   30.7582
10.983   30.0331
10.960   29.9628
10.937   30.3427
10.914   31.2177
10.891   33.0663
10.868   36.0575
10.846   39.6688
10.823   42.5609
10.800   43.8617
10.778   43.2040
10.755   40.9530
10.733   37.6366
10.711   33.8749
10.689   30.1196
10.667   26.7216
10.645   23.5058
10.623   20.7167
10.602   18.5332
10.580   16.7968
10.558   15.4126
10.537   14.3222
10.516   13.4697
10.494   12.7700
10.473   12.1709
10.452   11.6494
10.431   11.2568
10.410   11.0146
10.389   11.0879
10.368   11.4404
10.348   12.0009
10.327   12.6591
10.306   13.3715
10.286   14.1821
10.266   15.0205
10.245   15.8496
10.225   16.6040
10.205   17.2539
10.185   17.9013
10.165   18.5903
10.145   19.3559
10.125   20.2797
10.106   21.4140
10.086   22.7875
10.066   24.2870
10.047   25.8867
10.027   27.3891
10.008   28.7089
 9.989   29.8168
 9.970   30.7890
 9.950   31.5009
 9.931   31.9569
 9.912   32.1879
 9.893   32.4477
 9.875   32.9169
 9.856   33.4374
 9.837   33.7953
 9.818   33.8505
 9.800   33.4145
 9.781   32.3593
 9.763   30.8969
 9.745   29.7236
 9.726   29.8012
 9.708   31.1835
 9.690   32.9941
 9.672   34.5233
 9.654   35.7079
 9.636   36.6215
 9.618   37.2958
 9.600   37.7948
 9.583   38.1981
 9.565   38.5336
 9.547   38.8285
 9.530   39.0770
 9.512   39.2899
 9.495   39.4765
 9.477   39.6366
 9.460   39.7186
 9.443   39.6503
 9.426   39.5253
 9.409   39.3661
 9.392   39.1703
 9.375   38.8739
 9.358   38.6508
 9.341   38.4716
 9.324   38.2118
 9.307   37.8593
 9.291   37.4535
 9.274   36.9706
 9.257   36.4608
 9.241   35.8969
 9.224   35.3300
 9.208   34.7099
 9.192   34.1391
 9.175   33.7001
 9.159   33.3935
 9.143   33.1855
 9.127   33.1640
 9.111   33.2646
 9.095   33.4242
 9.079   33.6523
 9.063   33.9110
 9.047   34.1249
 9.032   34.2406
 9.016   34.3964
 9.000   34.4340
 8.985   34.3876
 8.969   34.3520
 8.954   34.2270
 8.938   33.9926
 8.923   33.6757
 8.907   33.2011
 8.892   32.6454
 8.877   31.9833
 8.862   31.3573
 8.847   30.7602
 8.832   30.2070
 8.817   29.5400
 8.802   28.7035
 8.787   27.7465
 8.772   26.8989
 8.757   26.3881
 8.742   26.4028
 8.728   26.8930
 8.713   27.5146
 8.698   27.8569
 8.684   27.7905
 8.669   27.4081
 8.655   26.8559
 8.640   26.1357
 8.626   25.1943
 8.612   24.0683
 8.597   23.0214
 8.583   22.3217
 8.569   21.7050
 8.555   20.8032
 8.541   19.5834
 8.527   18.4775
 8.513   17.8232
 8.499   17.7573
 8.485   18.1879
 8.471   18.9575
 8.457   19.9262
 8.443   21.1245
 8.430   22.5576
 8.416   24.2358
 8.402   26.1398
 8.389   28.2314
 8.375   30.5910
 8.362   33.1581
 8.348   35.9132
 8.335   38.7460
 8.321   41.5966
 8.308   44.4464
 8.295   47.2726
 8.281   50.0460
 8.268   52.6815
 8.255   55.1612
 8.242   57.4686
 8.229   59.6778
 8.216   61.7081
 8.203   63.6805
 8.190   65.5675
 8.177   67.4200
 8.164   69.0567
 8.151   70.6277
 8.138   72.0137
 8.126   73.2501
 8.113   74.3377
 8.100   75.4083
 8.088   76.3660
 8.075   77.2217
 8.062   77.9856
 8.050   78.7308
 8.037   79.4217
 8.025   80.0769
 8.013   80.6983
 8.000   81.2576
 7.988   81.7989
 7.976   82.2898
 7.963   82.8269
 7.951   83.2571
 7.939   83.6804
 7.927   84.0174
 7.915   84.4012
 7.903   84.7491
 7.891   85.1260
 7.879   85.3780
 7.867   85.6892
 7.855   85.9610
 7.843   86.2578
 7.831   86.4656
 7.819   86.7315
 7.807   86.9951
 7.796   87.2842
 7.784   87.4495
 7.772   87.6377
 7.761   87.8504
 7.749   88.0271
 7.738   88.2393
 7.726   88.3653
 7.715   88.5213
 7.703   88.6631
 7.692   88.8806
 7.680   88.9885
 7.669   89.1482
 7.658   89.2324
 7.646   89.3870
 7.635   89.4734
 7.624   89.6221
 7.613   89.6907
 7.601   89.8223
 7.590   89.8738
 7.579   89.9688
 7.568   90.0574
 7.557   90.2547
 7.546   90.3936
 7.535   90.4822
 7.524   90.5325
 7.513   90.5899
 7.502   90.6602
 7.492   90.6834
 7.481   90.7852
 7.470   90.8533
 7.459   90.9424
 7.448   90.9815
 7.438   91.0847
 7.427   91.1006
 7.417   91.1882
 7.406   91.2131
 7.395   91.2800
 7.385   91.2864
 7.374   91.3692
 7.364   91.3967
 7.353   91.4570
 7.343   91.4473
 7.333   91.4529
 7.322   91.3975
 7.312   91.4229
 7.302   91.4805
 7.291   91.4551
 7.281   91.4216
 7.271   91.4053
 7.261   91.4461
 7.251   91.4480
 7.240   91.4187
 7.230   91.3174
 7.220   91.3045
 7.210   91.2959
 7.200   91.3206
 7.190   91.2410
 7.180   91.2029
 7.170   91.0820
 7.160   91.0027
 7.151   90.8894
 7.141   90.9014
 7.131   90.8865
 7.121   90.9627
 7.111   91.0588
 7.102   91.1741
 7.092   91.2371
 7.082   91.3447
 7.073   91.4534
 7.063   91.4861
 7.053   91.5733
 7.044   91.5964
 7.034   91.6602
 7.025   91.6533
 7.015   91.6973
 7.006   91.6553
 6.996   91.7317
 6.987   91.7871
 6.977   91.8623
 6.968   91.8438
 6.959   91.8621
 6.949   91.8242
 6.940   91.8787
 6.931   91.9024
 6.921   91.9697
 6.912   92.0232
 6.903   92.0459
 6.894   92.0371
 6.885   92.0369
 6.876   92.0466
 6.866   92.1013
 6.857   92.1712
 6.848   92.1934
 6.839   92.2695
 6.830   92.2927
 6.821   92.3731
 6.812   92.4197
 6.803   92.5525
 6.794   92.6580
 6.786   92.8005
 6.777   92.8926
 6.768   93.0046
 6.759   93.0720
 6.750   93.1912
 6.741   93.2537
 6.733   93.3425
 6.724   93.4414
 6.715   93.4941
 6.707   93.5779
 6.698   93.6453
 6.689   93.7109
 6.681   93.7600
 6.672   93.8318
 6.663   93.8298
 6.655   93.8731
 6.646   93.8650
 6.638   93.9404
 6.629   93.9268
 6.621   93.9766
 6.612   94.0251
 6.604   94.0674
 6.596   94.0730
 6.587   94.1133
 6.579   94.1133
 6.571   94.1482
 6.562   94.1855
 6.554   94.1934
 6.546   94.1758
 6.537   94.1707
 6.529   94.1904
 6.521   94.1931
 6.513   94.1992
 6.505   94.1299
 6.496   94.1182
 6.488   94.0588
 6.480   94.0388
 6.472   93.9377
 6.464   93.8792
 6.456   93.8057
 6.448   93.8018
 6.440   93.7227
 6.432   93.7051
 6.424   93.6482
 6.416   93.6003
 6.408   93.4627
 6.400   93.3379
 6.392   93.2402
 6.384   93.1211
 6.377   93.0496
 6.369   92.9893
 6.361   92.9304
 6.353   92.8347
 6.345   92.8206
 6.338   92.6834
 6.330   92.5645
 6.322   92.4534
 6.314   92.3704
 6.307   92.2302
 6.299   92.1514
 6.291   91.9695
 6.284   91.7966
 6.276   91.5654
 6.269   91.3318
 6.261   90.9724
 6.254   90.6502
 6.246   90.4229
 6.238   90.2576
 6.231   90.0969
 6.223   89.9160
 6.216   89.6697
 6.209   89.3455
 6.201   89.0862
 6.194   88.7761
 6.186   88.5362
 6.179   88.2608
 6.172   88.1221
 6.164   87.9893
 6.157   87.9138
 6.150   87.7996
 6.142   87.6946
 6.135   87.4402
 6.128   87.1873
 6.121   86.9229
 6.113   86.8445
 6.106   86.9607
 6.099   87.2722
 6.092   87.6153
 6.085   87.9434
 6.078   88.2598
 6.070   88.5215
 6.063   88.7654
 6.056   89.0047
 6.049   89.3369
 6.042   89.5759
 6.035   89.8904
 6.028   90.1492
 6.021   90.3584
 6.014   90.4216
 6.007   90.5994
 6.000   90.7410
 5.993   90.9729
 5.986   91.2227
 5.979   91.4863
 5.973   91.7774
 5.966   92.0964
 5.959   92.3367
 5.952   92.6179
 5.945   92.8416
 5.938   93.1013
 5.932   93.3145
 5.925   93.4548
 5.918   93.6550
 5.911   93.7969
 5.905   93.9492
 5.898   94.1279
 5.891   94.2783
 5.884   94.3767
 5.878   94.5479
 5.871   94.5908
 5.864   94.7295
 5.858   94.7930
 5.851   94.8997
 5.845   94.9238
 5.838   94.9766
 5.831   95.0750
 5.825   95.1924
 5.818   95.2686
 5.812   95.2969
 5.805   95.3877
 5.799   95.4590
 5.792   95.5076
 5.786   95.5271
 5.779   95.6221
 5.773   95.6768
 5.767   95.8035
 5.760   95.8203
 5.754   95.8955
 5.747   95.9480
 5.741   96.0459
 5.735   96.0801
 5.728   96.1709
 5.722   96.2275
 5.716   96.3005
 5.709   96.3389
 5.703   96.4092
 5.697   96.4817
 5.691   96.5144
 5.684   96.5320
 5.678   96.5293
 5.672   96.5625
 5.666   96.5518
 5.660   96.6272
 5.653   96.6670
 5.647   96.7070
 5.641   96.6982
 5.635   96.6943
 5.629   96.6580
 5.623   96.7195
 5.617   96.7178
 5.611   96.7666
 5.604   96.7783
 5.598   96.8125
 5.592   96.7761
 5.586   96.7842
 5.580   96.8047
 5.574   96.8181
 5.568   96.8332
 5.562   96.8591
 5.556   96.8828
 5.550   96.8672
 5.545   96.9219
 5.539   96.9082
 5.533   96.9277
 5.527   96.9297
 5.521   96.9753
 5.515   96.9531
 5.509   96.9778
 5.503   96.9453
 5.498   96.9685
 5.492   96.9717
 5.486   97.0154
 5.480   96.9939
 5.474   96.9968
 5.469   97.0164
 5.463   97.0566
 5.457   97.0505
 5.451   97.0535
 5.446   97.0791
 5.440   97.0476
 5.434   97.0771
 5.428   97.0437
 5.423   97.0872
 5.417   97.0564
 5.411   97.0615
 5.406   97.0039
 5.400   97.0124
 5.395   96.9934
 5.389   97.0007
 5.383   96.9597
 5.378   96.9744
 5.372   96.9216
 5.367   96.9373
 5.361   96.9297
 5.356   96.9314
 5.350   96.9343
 5.344   96.9482
 5.339   96.9668
 5.333   96.9929
 5.328   97.0290
 5.323   97.0203
 5.317   97.0205
 5.312   96.9880
 5.306   97.0469
 5.301   97.0271
 5.295   97.0732
 5.290   97.0918
 5.285   97.1269
 5.279   97.1240
 5.274   97.1570
 5.268   97.1533
 5.263   97.1748
 5.258   97.1689
 5.252   97.1838
 5.247   97.2039
 5.242   97.2415
 5.237   97.2773
 5.231   97.2615
 5.226   97.2744
 5.221   97.2734
 5.215   97.3027
 5.210   97.2795
 5.205   97.3396
 5.200   97.3643
 5.195   97.4131
 5.189   97.4160
 5.184   97.4697
 5.179   97.4353
 5.174   97.4766
 5.169   97.4756
 5.163   97.5303
 5.158   97.5664
 5.153   97.6328
 5.148   97.6589
 5.143   97.6514
 5.138   97.6484
 5.133   97.6279
 5.128   97.6404
 5.123   97.6189
 5.118   97.6697
 5.113   97.6570
 5.108   97.6892
 5.103   97.6836
 5.097   97.7187
 5.092   97.7100
 5.087   97.7432
 5.083   97.7283
 5.078   97.7527
 5.073   97.7244
 5.068   97.7507
 5.063   97.7566
 5.058   97.7903
 5.053   97.8000
 5.048   97.8044
 5.043   97.8054
 5.038   97.8039
 5.033   97.8601
 5.028   97.8513
 5.023   97.8704
 5.019   97.8850
 5.014   97.8997
 5.009   97.8679
 5.004   97.8948
 4.999   97.8791
 4.994   97.8938
 4.990   97.8235
 4.985   97.8572
 4.980   97.8494
 4.975   97.8708
 4.970   97.8884
 4.966   97.9299
 4.961   97.9543
 4.956   97.9958
 4.951   98.0588
 4.947   98.0183
 4.942   97.9846
 4.937   97.9968
 4.933   98.0183
 4.928   97.9812
 4.923   98.0217
 4.919   98.0188
 4.914   98.0403
 4.909   98.0349
 4.905   98.1179
 4.900   98.0881
 4.895   98.1130
 4.891   98.0842
 4.886   98.0998
 4.882   98.1062
 4.877   98.1335
 4.872   98.1340
 4.868   98.1316
 4.863   98.1545
 4.859   98.1765
 4.854   98.1995
 4.850   98.1736
 4.845   98.1975
 4.840   98.1921
 4.836   98.2019
 4.831   98.1868
 4.827   98.2068
 4.822   98.1941
 4.818   98.2517
 4.814   98.2205
 4.809   98.2458
 4.805   98.1980
 4.800   98.2195
 4.796   98.2458
 4.791   98.2742
 4.787   98.2742
 4.782   98.2971
 4.778   98.2815
 4.774   98.2795
 4.769   98.3142
 4.765   98.2927
 4.760   98.3181
 4.756   98.2898
 4.752   98.2961
 4.747   98.2888
 4.743   98.3562
 4.739   98.3562
 4.734   98.3547
 4.730   98.3059
 4.726   98.3225
 4.721   98.3420
 4.717   98.3538
 4.713   98.3538
 4.709   98.3708
 4.704   98.3708
 4.700   98.3899
 4.696   98.4343
 4.692   98.4412
 4.687   98.4226
 4.683   98.4148
 4.679   98.4534
 4.675   98.4372
 4.670   98.4719
 4.666   98.4338
 4.662   98.4670
 4.658   98.4377
 4.654   98.4807
 4.649   98.4690
 4.645   98.4905
 4.641   98.4861
 4.637   98.4885
 4.633   98.4524
 4.629   98.5178
 4.625   98.5271
 4.620   98.5193
 4.616   98.5115
 4.612   98.5100
 4.608   98.4871
 4.604   98.5193
 4.600   98.5745
 4.596   98.5647
 4.592   98.5808
 4.588   98.5842
 4.584   98.6228
 4.580   98.5627
 4.576   98.6008
 4.572   98.5886
 4.568   98.5793
 4.564   98.5452
 4.560   98.5823
 4.555   98.5691
 4.551   98.6096
 4.548   98.6252
 4.544   98.6472
 4.540   98.5876
 4.536   98.6081
 4.532   98.6213
 4.528   98.5730
 4.524   98.5759
 4.520   98.5906
 4.516   98.5940
 4.512   98.5749
 4.508   98.6208
 4.504   98.6052
 4.500   98.6081
 4.496   98.5974
 4.492   98.6306
 4.488   98.6243
 4.485   98.6721
 4.481   98.6355
 4.477   98.6526
 4.473   98.6521
 4.469   98.6443
 4.465   98.5984
 4.461   98.5901
 4.458   98.6306
 4.454   98.6399
 4.450   98.6296
 4.446   98.5955
 4.442   98.6316
 4.438   98.5813
 4.435   98.5666
 4.431   98.5945
 4.427   98.6521
 4.423   98.6330
 4.420   98.6824
 4.416   98.6609
 4.412   98.6628
 4.408   98.6931
 4.405   98.7131
 4.401   98.6799
 4.397   98.7170
 4.393   98.7400
 4.390   98.7473
 4.386   98.7248
 4.382   98.7107
 4.379   98.7126
 4.375   98.7361
 4.371   98.7771
 4.367   98.7541
 4.364   98.7795
 4.360   98.7546
 4.356   98.7634
 4.353   98.7268
 4.349   98.7429
 4.345   98.7078
 4.342   98.7390
 4.338   98.6521
 4.335   98.6580
 4.331   98.6667
 4.327   98.7087
 4.324   98.7566
 4.320   98.8381
 4.317   98.8269
 4.313   98.7839
 4.309   98.8010
 4.306   98.8181
 4.302   98.7971
 4.299   98.7893
 4.295   98.7688
 4.292   98.6863
 4.288   98.6785
 4.284   98.6648
 4.281   98.6868
 4.277   98.6794
 4.274   98.6638
 4.270   98.5046
 4.267   98.1316
 4.263   96.6936
 4.260   93.1043
 4.256   91.1980
 4.253   94.1287
 4.249   96.9490
 4.246   98.1350
 4.242   98.6423
 4.239   98.8069
 4.235   98.8127
 4.232   98.8025
 4.229   98.7986
 4.225   98.8142
 4.222   98.8674
 4.218   98.8635
 4.215   98.8923
 4.211   98.8562
 4.208   98.8552
 4.205   98.8240
 4.201   98.8718
 4.198   98.9045
 4.194   98.8455
 4.191   98.8059
 4.188   98.8108
 4.184   98.7502
 4.181   98.7087
 4.177   98.7537
 4.174   98.7971
 4.171   98.8830
 4.167   98.9104
 4.164   98.9612
 4.161   98.9412
 4.157   98.9768
 4.154   98.9768
 4.151   98.9382
 4.147   98.9006
 4.144   98.9363
 4.141   98.9333
 4.137   98.9631
 4.134   98.9499
 4.131   98.9685
 4.128   98.9704
 4.124   98.9573
 4.121   98.9382
 4.118   98.9602
 4.114   99.0017
 4.111   98.9880
 4.108   98.9631
 4.105   98.9690
 4.101   99.0159
 4.098   98.9929
 4.095   98.9475
 4.092   98.9202
 4.088   98.9885
 4.085   98.9885
 4.082   98.9773
 4.079   98.9372
 4.076   98.9372
 4.072   98.9104
 4.069   98.9451
 4.066   98.9680
 4.063   99.0002
 4.060   99.0002
 4.056   99.0017
 4.053   98.9724
 4.050   98.9831
 4.047   99.0339
 4.044   99.0496
 4.041   99.0163
 4.038   99.0007
 4.034   99.0681
 4.031   99.0456
 4.028   99.0276
 4.025   98.9919
 4.022   99.0115
 4.019   99.0080
 4.016   99.0588
 4.013   99.0505
 4.009   99.0212
 4.006   99.0203
 4.003   99.0525
 4.000   99.0320
 3.997   99.0159
 3.994   99.0339
 3.991   99.0173
 3.988   99.0315
 3.985   99.0564
 3.982   99.0432
 3.979   99.0505
 3.976   99.0417
 3.973   99.0315
 3.969   99.0427
 3.966   99.0466
 3.963   99.0710
 3.960   99.0417
 3.957   99.1013
 3.954   99.1174
 3.951   99.1311
 3.948   99.0920
 3.945   99.1174
 3.942   99.1472
 3.939   99.1179
 3.936   99.1252
 3.933   99.1404
 3.930   99.1467
 3.927   99.1423
 3.924   99.1501
 3.921   99.1658
 3.918   99.1872
 3.916   99.1746
 3.913   99.1760
 3.910   99.1462
 3.907   99.1550
 3.904   99.1453
 3.901   99.2014
 3.898   99.1916
 3.895   99.1897
 3.892   99.1423
 3.889   99.0764
 3.886   99.0779
 3.883   99.1038
 3.880   99.0901
 3.877   99.1247
 3.875   99.1604
 3.872   99.1741
 3.869   99.1892
 3.866   99.1311
 3.863   99.0940
 3.860   99.0671
 3.857   99.1169
 3.854   99.1374
 3.852   99.1584
 3.849   99.1599
 3.846   99.1814
 3.843   99.1233
 3.840   99.0974
 3.837   99.1257
 3.834   99.1194
 3.832   99.1526
 3.829   99.1736
 3.826   99.1697
 3.823   99.1330
 3.820   99.1428
 3.817   99.1111
 3.815   99.0818
 3.812   99.0530
 3.809   99.0437
 3.806   99.0261
 3.803   99.0041
 3.801   99.0217
 3.798   99.0945
 3.795   99.0491
 3.792   99.0256
 3.790   99.0315
 3.787   99.0740
 3.784   99.0837
 3.781   99.1101
 3.779   99.0691
 3.776   99.0647
 3.773   99.0867
 3.770   99.0745
 3.768   99.0515
 3.765   99.0749
 3.762   99.0964
 3.759   99.0300
 3.757   98.9963
 3.754   98.9871
 3.751   98.9763
 3.748   98.9568
 3.746   98.9724
 3.743   98.9509
 3.740   98.9548
 3.738   98.9421
 3.735   98.9631
 3.732   98.9573
 3.730   98.9455
 3.727   98.9109
 3.724   98.9006
 3.722   98.9236
 3.719   98.9324
 3.716   98.8992
 3.714   98.8679
 3.711   98.8381
 3.708   98.7986
 3.706   98.8074
 3.703   98.7698
 3.700   98.7639
 3.698   98.7703
 3.695   98.7307
 3.692   98.7048
 3.690   98.7497
 3.687   98.6819
 3.685   98.6540
 3.682   98.6072
 3.679   98.6448
 3.677   98.6970
 3.674   98.7390
 3.671   98.7073
 3.669   98.6721
 3.666   98.6702
 3.664   98.6345
 3.661   98.5608
 3.659   98.5535
 3.656   98.5803
 3.653   98.5564
 3.651   98.5837
 3.648   98.6169
 3.646   98.6330
 3.643   98.5847
 3.641   98.5779
 3.638   98.5525
 3.635   98.5666
 3.633   98.5330
 3.630   98.4675
 3.628   98.4255
 3.625   98.4558
 3.623   98.4163
 3.620   98.3240
 3.618   98.3010
 3.615   98.3245
 3.613   98.3733
 3.610   98.3596
 3.608   98.3337
 3.605   98.3181
 3.603   98.2952
 3.600   98.2380
 3.598   98.2497
 3.595   98.2634
 3.593   98.2815
 3.590   98.3044
 3.588   98.3015
 3.585   98.1936
 3.583   98.1526
 3.580   98.1033
 3.578   98.0544
 3.575   98.0486
 3.573   98.0862
 3.570   98.0583
 3.568   98.0144
 3.565   98.0178
 3.563   97.9861
 3.561   97.9202
 3.558   97.8928
 3.556   97.8831
 3.553   97.8298
 3.551   97.8616
 3.548   97.8581
 3.546   97.8401
 3.544   97.7556
 3.541   97.7351
 3.539   97.6741
 3.536   97.6130
 3.534   97.5613
 3.531   97.5237
 3.529   97.4656
 3.527   97.3972
 3.524   97.3596
 3.522   97.3069
 3.519   97.2097
 3.517   97.0940
 3.515   96.9377
 3.512   96.7820
 3.510   96.6702
 3.508   96.4812
 3.505   96.3147
 3.503   96.2463
 3.500   96.2698
 3.498   96.3035
 3.496   96.3796
 3.493   96.4548
 3.491   96.5452
 3.489   96.6355
 3.486   96.6443
 3.484   96.5486
 3.482   96.4846
 3.479   96.4529
 3.477   96.4724
 3.475   96.4299
 3.472   96.3967
 3.470   96.4236
 3.468   96.3601
 3.465   96.3259
 3.463   96.2439
 3.461   96.1882
 3.458   96.1287
 3.456   96.1443
 3.454   96.0549
 3.452   95.9841
 3.449   95.9651
 3.447   95.8850
 3.445   95.7556
 3.442   95.6624
 3.440   95.5315
 3.438   95.4607
 3.435   95.4026
 3.433   95.3264
 3.431   95.1174
 3.429   94.8748
 3.426   94.6487
 3.424   94.4241
 3.422   94.3381
 3.420   94.2756
 3.417   94.3181
 3.415   94.3767
 3.413   94.5017
 3.411   94.5022
 3.408   94.5315
 3.406   94.6057
 3.404   94.7380
 3.402   94.8889
 3.399   94.9783
 3.397   95.0354
 3.395   95.0745
 3.393   95.0486
 3.391   95.0686
 3.388   95.0413
 3.386   95.0042
 3.384   94.9919
 3.382   94.9592
 3.380   94.9373
 3.377   94.9314
 3.375   95.0100
 3.373   95.0662
 3.371   95.1213
 3.369   95.1292
 3.366   95.1189
 3.364   95.1389
 3.362   95.1404
 3.360   95.0349
 3.358   94.9944
 3.355   95.0564
 3.353   95.1404
 3.351   95.1155
 3.349   95.1052
 3.347   95.0647
 3.345   95.0330
 3.342   94.9744
 3.340   95.0251
 3.338   95.0056
 3.336   94.8865
 3.334   94.8713
 3.332   94.8337
 3.330   94.8572
 3.327   94.8865
 3.325   94.8440
 3.323   94.8030
 3.321   94.8479
 3.319   94.7869
 3.317   94.7034
 3.315   94.6584
 3.313   94.7146
 3.310   94.6565
 3.308   94.6135
 3.306   94.6018
 3.304   94.4983
 3.302   94.4041
 3.300   94.3733
 3.298   94.3709
 3.296   94.2693
 3.294   94.2307
 3.292   94.2424
 3.289   94.2869
 3.287   94.1892
 3.285   94.0935
 3.283   94.0056
 3.281   93.9998
 3.279   93.9436
 3.277   93.9143
 3.275   93.8069
 3.273   93.8186
 3.271   93.8362
 3.269   93.7170
 3.267   93.6335
 3.265   93.5603
 3.263   93.4978
 3.260   93.4255
 3.258   93.4060
 3.256   93.3386
 3.254   93.2380
 3.252   93.1765
 3.250   93.1238
 3.248   93.0535
 3.246   93.0525
 3.244   93.0486
 3.242   92.9861
 3.240   92.8621
 3.238   92.8220
 3.236   92.6951
 3.234   92.5994
 3.232   92.5554
 3.230   92.5017
 3.228   92.3377
 3.226   92.1990
 3.224   92.1736
 3.222   92.1795
 3.220   92.1013
 3.218   92.0457
 3.216   91.9841
 3.214   91.8689
 3.212   91.7888
 3.210   91.6834
 3.208   91.6336
 3.206   91.5144
 3.204   91.4529
 3.202   91.4295
 3.200   91.4138
 3.198   91.3220
 3.196   91.2625
 3.194   91.1921
 3.192   91.1726
 3.190   91.1609
 3.188   91.0369
 3.186   90.9138
 3.184   90.8797
 3.182   90.8250
 3.180   90.7713
 3.179   90.7039
 3.177   90.5545
 3.175   90.4441
 3.173   90.3923
 3.171   90.3933
 3.169   90.3035
 3.167   90.2654
 3.165   90.2537
 3.163   90.1463
 3.161   90.0261
 3.159   89.9656
 3.157   89.8279
 3.155   89.6990
 3.153   89.6267
 3.151   89.5935
 3.150   89.4773
 3.148   89.4011
 3.146   89.4158
 3.144   89.2820
 3.142   89.2273
 3.140   89.1658
 3.138   89.0672
 3.136   88.9109
 3.134   88.9041
 3.132   88.8162
 3.131   88.7439
 3.129   88.6580
 3.127   88.5740
 3.125   88.4412
 3.123   88.3435
 3.121   88.2791
 3.119   88.2498
 3.117   88.2088
 3.115   88.1550
 3.114   88.0828
 3.112   87.9138
 3.110   87.8054
 3.108   87.7742
 3.106   87.6170
 3.104   87.5398
 3.102   87.5037
 3.101   87.3972
 3.099   87.3845
 3.097   87.3113
 3.095   87.2488
 3.093   87.1726
 3.091   87.1258
 3.089   87.0779
 3.088   87.0174
 3.086   86.9392
 3.084   86.9148
 3.082   86.8299
 3.080   86.7429
 3.078   86.6951
 3.077   86.6297
 3.075   86.6336
 3.073   86.6033
 3.071   86.4900
 3.069   86.3211
 3.068   86.2498
 3.066   86.2029
 3.064   86.1961
 3.062   86.1101
 3.060   85.9529
 3.058   85.7713
 3.057   85.7595
 3.055   85.9353
 3.053   86.0095
 3.051   85.9304
 3.050   85.8513
 3.048   85.7547
 3.046   85.5789
 3.044   85.4539
 3.042   85.4119
 3.041   85.4002
 3.039   85.3094
 3.037   85.2312
 3.035   85.1638
 3.033   85.0506
 3.032   84.8904
 3.030   84.8084
 3.028   84.6678
 3.026   84.6131
 3.025   84.5330
 3.023   84.4002
 3.021   84.2361
 3.019   84.0828
 3.018   84.0232
 3.016   83.9822
 3.014   83.8611
 3.012   83.7088
 3.011   83.5281
 3.009   83.4119
 3.007   83.2469
 3.005   83.1414
 3.004   82.9890
 3.002   82.8533
 3.000   82.8142
 2.998   82.6131
 2.997   82.4422
 2.995   82.2664
 2.993   82.1726
 2.991   81.9861
 2.990   81.8367
 2.988   81.7400
 2.986   81.6072
 2.985   81.3797
 2.983   81.1883
 2.981   80.9724
 2.979   80.8455
 2.978   80.6580
 2.976   80.3904
 2.974   80.1814
 2.973   80.0076
 2.971   79.7312
 2.969   79.5545
 2.967   79.3601
 2.966   79.2283
 2.964   78.9822
 2.962   78.6424
 2.961   78.2537
 2.959   78.0711
 2.957   78.0750
 2.956   78.1092
 2.954   77.9920
 2.952   77.8103
 2.951   77.6062
 2.949   77.4344
 2.947   77.3055
 2.946   77.2518
 2.944   77.2127
 2.942   77.1531
 2.941   77.1219
 2.939   77.0467
 2.937   76.9588
 2.936   76.8553
 2.934   76.7664
 2.932   76.7303
 2.931   76.6170
 2.929   76.6229
 2.927   76.5330
 2.926   76.3797
 2.924   76.3055
 2.922   76.3240
 2.921   76.2859
 2.919   76.2771
 2.917   76.2430
 2.916   76.2400
 2.914   76.2166
 2.912   76.2244
 2.911   76.2928
 2.909   76.3025
 2.908   76.3650
 2.906   76.4422
 2.904   76.5389
 2.903   76.5857
 2.901   76.6912
 2.899   76.7820
 2.898   76.9100
 2.896   77.0447
 2.895   77.1971
 2.893   77.4217
 2.891   77.5437
 2.890   77.6424
 2.888   77.7742
 2.887   77.8719
 2.885   78.0437
 2.883   78.1951
 2.882   78.3523
 2.880   78.4881
 2.878   78.6443
 2.877   78.7791
 2.875   78.9139
 2.874   78.9773
 2.872   79.0945
 2.871   79.4060
 2.869   79.5828
 2.867   79.6482
 2.866   79.7615
 2.864   79.9295
 2.863   79.9773
 2.861   80.2517
 2.859   80.5779
 2.858   80.7693
 2.856   80.8445
 2.855   80.9236
 2.853   81.0564
 2.852   81.3318
 2.850   81.5545
 2.848   81.6521
 2.847   81.6502
 2.845   81.7537
 2.844   82.0232
 2.842   82.3201
 2.841   82.4510
 2.839   82.4383
 2.838   82.5359
 2.836   82.6404
 2.834   82.8396
 2.833   83.0506
 2.831   83.1482
 2.830   83.2010
 2.828   83.2888
 2.827   83.3875
 2.825   83.5467
 2.824   83.6961
 2.822   83.7781
 2.821   83.9344
 2.819   84.1482
 2.817   84.2517
 2.816   84.3631
 2.814   84.4861
 2.813   84.5974
 2.811   84.7664
 2.810   84.9383
 2.808   85.1560
 2.807   85.3094
 2.805   85.3719
 2.804   85.4500
 2.802   85.5056
 2.801   85.6365
 2.799   85.8953
 2.798   86.1463
 2.796   86.3318
 2.795   86.5320
 2.793   86.8670
 2.792   87.0838
 2.790   87.2927
 2.789   87.6111
 2.787   87.9304
 2.786   88.0984
 2.784   88.3064
 2.783   88.5857
 2.781   88.7068
 2.780   88.8914
 2.778   89.1716
 2.777   89.5076
 2.775   89.7156
 2.774   90.0515
 2.772   90.2390
 2.771   90.3172
 2.769   90.3650
 2.768   90.4646
 2.766   90.6882
 2.765   90.9343
 2.763   91.1990
 2.762   91.3084
 2.760   91.5037
 2.759   91.7556
 2.758   92.0154
 2.756   92.1267
 2.755   92.2732
 2.753   92.5916
 2.752   92.9109
 2.750   93.1716
 2.749   93.4724
 2.747   93.7498
 2.746   93.9304
 2.744   94.1687
 2.743   94.4734
 2.741   94.7029
 2.740   94.9841
 2.739   95.1765
 2.737   95.3396
 2.736   95.5662
 2.734   95.8826
 2.733   96.1326
 2.731   96.5193
 2.730   96.8611
 2.729   97.0349
 2.727   97.1843
 2.726   97.2458
 2.724   97.4255
 2.723   97.6794
 2.721   97.9997
 2.720   98.1814
 2.718   98.2390
 2.717   98.2263
 2.716   98.0935
 2.714   97.7859
 2.713   97.4822
 2.711   97.1648
 2.710   96.9197
 2.709   96.9265
 2.707   97.3093
 2.706   97.8865
 2.704   98.4968
 2.703   98.9529
 2.701   99.3572
 2.700   99.6921
 2.699   99.9412
 2.697  100.0203
 2.696  100.1560
 2.694  100.3747
 2.693  100.5906
 2.692  100.8396
 2.690  100.8044
 2.689  100.9021
 2.687  100.9802
 2.686  101.0281
 2.685  101.1023
 2.683  101.3044
 2.682  101.3992
 2.681  101.4382
 2.679  101.2507
 2.678  101.1570
 2.676  101.2419
 2.675  101.4070
 2.674  101.4656
 2.672  101.4499
 2.671  101.4685
 2.669  101.4734
 2.668  101.4099
 2.667  101.5437
 2.665  101.6794
 2.664  101.7146
 2.663  101.5388
 2.661  101.5163
 2.660  101.7302
 2.659  101.7693
 2.657  101.7156
 2.656  101.7077
 2.654  101.6716
 2.653  101.6062
 2.652  101.6726
 2.650  101.6843
 2.649  101.6960
 2.648  101.5935
 2.646  101.5554
 2.645  101.6599
 2.644  101.8484
 2.642  101.9773
 2.641  101.8650
 2.640  101.8689
 2.638  101.8513
 2.637  101.8318
 2.636  101.8630
 2.634  101.7595
 2.633  101.7263
 2.632  101.7732
 2.630  101.9294
 2.629  102.0701
 2.628  101.8767
 2.626  101.7654
 2.625  101.9431
 2.624  102.2009
 2.622  102.1345
 2.621  101.9783
 2.620  102.0740
 2.618  102.0661
 2.617  102.0154
 2.616  101.9743
 2.614  102.0290
 2.613  102.0408
 2.612  102.0095
 2.610  102.0232
 2.609  102.1072
 2.608  102.1189
 2.606  102.0427
 2.605  101.9958
 2.604  101.9724
 2.602  102.0583
 2.601  102.1384
 2.600  102.0740
 2.599  102.0701
 2.597  102.1560
 2.596  102.2029
 2.595  102.2576
 2.593  102.0525
 2.592  102.1033
 2.591  102.4040
 2.589  102.4997
 2.588  102.5349
 2.587  102.4021
 2.586  102.3298
 2.584  102.1951
 2.583  102.1130
 2.582  102.3181
 2.580  102.4021
 2.579  102.3201
 2.578  102.2204
 2.577  102.1736
 2.575  102.0935
 2.574  102.1697
 2.573  102.3201
 2.572  102.2224
 2.570  102.1169
 2.569  102.1189
 2.568  102.2048
 2.566  102.2126
 2.565  102.1658
 2.564  102.1404
 2.563  102.2029
 2.561  102.1736
 2.560  102.2478
 2.559  102.0622
 2.558  102.0564
 2.556  102.3220
 2.555  102.6560
 2.554  102.6130
 2.553  102.3298
 2.551  102.1911
 2.550  102.3142
 2.549  102.3474
 2.547  102.2048
 2.546  102.2243
 2.545  102.4333
 2.544  102.6365
 2.542  102.5661
 2.541  102.4958
 2.540  102.3904
 2.539  102.4529
 2.538  102.6052
 2.536  102.5408
 2.535  102.4431
 2.534  102.5036
 2.533  102.5173
 2.531  102.4665
 2.530  102.5388
 2.529  102.6169
 2.528  102.6111
 2.526  102.5408
 2.525  102.5095
 2.524  102.4138
 2.523  102.4880
 2.521  102.4021
 2.520  102.3005
 2.519  102.4704
 2.518  102.5564
 2.517  102.5564
 2.515  102.6169
 2.514  102.6911
 2.513  102.7927
 2.512  102.8943
 2.510  102.7849
 2.509  102.5661
 2.508  102.4236
 2.507  102.8318
 2.506  103.0075
 2.504  102.9333
 2.503  102.7126
 2.502  102.7048
 2.501  102.8708
 2.500  102.7751
 2.498  102.4392
 2.497  102.5564
 2.496  102.7517
 2.495  102.7849
 2.494  102.6325
 2.492  102.5798
 2.491  102.6423
 2.490  102.8669
 2.489  102.7908
 2.488  102.6677
 2.486  102.8591
 2.485  102.7986
 2.484  102.7146
 2.483  102.8825
 2.482  102.9802
 2.480  102.8630
 2.479  102.5036
 2.478  102.4958
 2.477  102.8689
 2.476  103.1755
 2.475  103.3533
 2.473  103.2595
 2.472  103.0036
 2.471  103.0974
 2.470  103.1892
 2.469  103.0427
 2.467  103.0935
 2.466  102.9548
 2.465  102.9294
 2.464  102.8943
 2.463  102.8904
 2.462  102.8005
 2.460  102.7751
 2.459  102.7849
 2.458  102.8943
 2.457  103.1013
 2.456  103.2204
 2.455  103.1833
 2.453  103.1658
 2.452  103.2146
 2.451  103.2654
 2.450  103.1482
 2.449  102.8825
 2.448  102.9704
 2.447  103.0486
 2.445  103.1325
 2.444  103.0251
 2.443  102.9783
 2.442  103.0427
 2.441  103.0876
 2.440  103.1755
 2.438  103.2966
 2.437  103.4236
 2.436  103.4099
 2.435  103.2810
 2.434  103.2126
 2.433  103.1169
 2.432  102.9568
 2.430  103.0388
 2.429  103.0173
 2.428  103.2361
 2.427  103.2615
 2.426  103.2751
 2.425  103.3200
 2.424  103.3513
 2.423  103.3357
 2.421  103.4939
 2.420  103.3533
 2.419  103.4060
 2.418  103.4294
 2.417  103.3279
 2.416  103.4079
 2.415  103.4392
 2.413  103.4841
 2.412  103.5857
 2.411  103.5974
 2.410  103.5564
 2.409  103.4861
 2.408  103.5408
 2.407  103.6755
 2.406  103.7380
 2.405  103.6658
 2.403  103.4997
 2.402  103.5075
 2.401  103.5427
 2.400  103.4001
 2.399  103.2732
 2.398  103.4177
 2.397  103.5095
 2.396  103.4841
 2.395  103.2654
 2.393  103.1638
 2.392  103.0720
 2.391  103.3279
 2.390  103.3825
 2.389  103.4470
 2.388  103.6658
 2.387  103.7341
 2.386  103.8904
 2.385  103.7751
 2.384  103.8786
 2.382  103.8435
 2.381  103.6247
 2.380  103.4392
 2.379  103.4529
 2.378  103.5251
 2.377  103.6970
 2.376  103.7126
 2.375  103.6892
 2.374  103.7771
 2.373  103.9236
 2.372  103.8064
 2.370  103.8220
 2.369  104.0232
 2.368  104.1247
 2.367  104.0329
 2.366  103.9079
 2.365  103.7810
 2.364  103.7673
 2.363  103.6247
 2.362  103.6247
 2.361  103.6345
 2.360  103.6267
 2.359  103.5720
 2.358  103.5271
 2.356  103.5466
 2.355  103.8044
 2.354  103.8474
 2.353  103.7341
 2.352  103.6716
 2.351  103.6677
 2.350  103.6579
 2.349  103.7224
 2.348  103.8064
 2.347  103.7341
 2.346  103.9060
 2.345  104.2361
 2.344  104.2107
 2.343  104.1482
 2.342  104.0486
 2.340  103.8376
 2.339  103.7575
 2.338  103.8005
 2.337  103.8611
 2.336  104.0466
 2.335  104.1970
 2.334  104.2439
 2.333  104.0720
 2.332  104.0876
 2.331  104.1560
 2.330  104.1482
 2.329  103.8904
 2.328  103.8747
 2.327  103.9841
 2.326  104.1970
 2.325  104.3923
 2.324  104.4236
 2.323  104.3279
 2.322  103.9861
 2.321  103.8435
 2.320  103.9841
 2.318  104.0779
 2.317  103.9216
 2.316  104.1169
 2.315  104.3943
 2.314  104.4704
 2.313  104.5564
 2.312  104.4861
 2.311  104.0798
 2.310  104.0798
 2.309  104.2048
 2.308  104.1892
 2.307  104.4138
 2.306  104.3376
 2.305  104.3591
 2.304  104.2986
 2.303  104.2361
 2.302  104.2497
 2.301  104.3044
 2.300  104.5095
 2.299  104.5232
 2.298  104.4294
 2.297  104.2126
 2.296  104.3454
 2.295  104.5466
 2.294  104.5407
 2.293  104.4216
 2.292  104.6013
 2.291  104.6423
 2.290  104.5407
 2.289  104.6091
 2.288  104.7829
 2.287  104.7575
 2.286  104.8513
 2.285  104.6404
 2.284  104.4450
 2.283  104.3122
 2.282  104.2732
 2.281  104.2107
 2.280  104.4216
 2.279  104.2810
 2.278  104.3825
 2.277  104.1872
 2.276  104.2654
 2.275  104.4138
 2.274  104.4997
 2.273  104.5564
 2.272  104.3845
 2.271  104.3044
 2.270  104.3708
 2.269  104.4724
 2.268  104.7419
 2.267  104.8044
 2.266  104.7966
 2.265  104.7224
 2.264  104.9255
 2.263  104.9919
 2.262  104.8083
 2.261  104.6872
 2.260  104.7693
 2.259  104.6521
 2.258  104.6052
 2.257  104.6482
 2.256  104.8044
 2.255  105.1364
 2.254  105.0583
 2.253  105.1169
 2.252  104.9450
 2.251  104.7536
 2.250  104.6638
 2.249  104.6247
 2.248  104.4177
 2.247  104.4177
 2.246  104.6638
 2.245  104.8747
 2.244  104.9021
 2.243  104.8904
 2.242  104.8630
 2.241  104.8396
 2.240  104.8825
 2.239  104.9294
 2.238  104.8161
 2.237  104.8513
 2.236  104.6599
 2.236  104.9060
 2.235  105.0544
 2.234  105.1286
 2.233  105.1833
 2.232  105.0974
 2.231  104.9294
 2.230  104.7575
 2.229  104.8630
 2.228  105.0349
 2.227  104.7771
 2.226  104.4177
 2.225  104.5310
 2.224  104.7302
 2.223  104.9607
 2.222  105.1872
 2.221  105.3864
 2.220  105.3122
 2.219  105.1247
 2.218  105.0935
 2.217  104.8786
 2.216  104.9529
 2.215  105.0935
 2.215  105.2068
 2.214  104.9177
 2.213  104.8708
 2.212  104.9294
 2.211  104.9216
 2.210  105.1521
 2.209  105.2341
 2.208  105.3513
 2.207  105.0700
 2.206  105.0661
 2.205  105.3044
 2.204  105.0466
 2.203  105.0349
 2.202  105.3943
 2.201  105.6325
 2.200  105.8161
 2.199  105.8279
 2.199  105.2732
 2.198  104.9372
 2.197  104.8943
 2.196  105.1560
 2.195  105.1950
 2.194  105.5154
 2.193  105.6911
 2.192  105.5349
 2.191  105.3669
 2.190  105.2263
 2.189  105.1443
 2.188  105.4372
 2.187  105.6286
 2.186  105.5661
 2.186  105.5857
 2.185  105.6911
 2.184  105.6755
 2.183  105.3396
 2.182  105.0349
 2.181  105.0818
 2.180  105.4099
 2.179  105.6443
 2.178  105.7693
 2.177  105.3513
 2.176  104.9841
 2.175  104.7966
 2.175  104.8669
 2.174  105.2654
 2.173  105.5935
 2.172  105.8005
 2.171  105.7341
 2.170  105.6794
 2.169  105.8005
 2.168  105.7849
 2.167  105.7263
 2.166  105.7068
 2.165  105.6482
 2.165  105.9802
 2.164  106.1755
 2.163  106.0974
 2.162  106.1482
 2.161  105.8747
 2.160  105.9529
 2.159  105.8161
 2.158  105.6716
 2.157  105.6794
 2.156  105.7380
 2.156  105.8825
 2.155  105.9646
 2.154  105.8435
 2.153  105.8591
 2.152  106.0388
 2.151  105.7575
 2.150  105.4411
 2.149  105.5114
 2.148  105.5036
 2.148  105.5583
 2.147  106.0232
 2.146  106.3357
 2.145  106.2810
 2.144  105.8630
 2.143  106.0193
 2.142  105.9216
 2.141  105.7654
 2.140  105.9724
 2.140  105.6911
 2.139  105.3005
 2.138  105.3161
 2.137  105.8630
 2.136  106.0036
 2.135  105.9529
 2.134  105.8591
 2.133  105.7185
 2.133  106.1482
 2.132  107.1794
 2.131  107.7419
 2.130  106.3279
 2.129  103.7029
 2.128  104.4255
 2.127  106.9997
 2.126  107.1482
 2.126  106.1404
 2.125  105.5154
 2.124  105.4216
 2.123  105.5857
 2.122  105.9489
 2.121  106.3708
 2.120  106.6404
 2.119  106.6247
 2.119  106.1872
 2.118  106.0388
 2.117  106.2185
 2.116  106.1755
 2.115  106.2810
 2.114  106.5388
 2.113  106.2497
 2.113  106.1482
 2.112  106.2966
 2.111  106.1911
 2.110  106.1443
 2.109  106.4255
 2.108  106.6325
 2.107  106.8161
 2.107  106.8747
 2.106  106.7849
 2.105  106.7263
 2.104  106.3982
 2.103  106.0154
 2.102  105.8747
 2.101  106.1716
 2.101  106.0700
 2.100  106.2497
 2.099  106.3474
 2.098  106.4411
 2.097  106.4997
 2.096  106.9841
 2.095  107.0857
 2.095  106.7185
 2.094  106.3630
 2.093  106.3161
 2.092  106.5232
 2.091  106.1911
 2.090  106.2029
 2.090  106.4411
 2.089  106.8591
 2.088  106.9060
 2.087  107.0544
 2.086  107.0505
 2.085  106.8825
 2.085  106.8044
 2.084  106.4607
 2.083  106.5388
 2.082  106.7849
 2.081  106.8747
 2.080  106.5622
 2.079  106.4060
