Name: 14149.18
Type: Soil
Class: Lunar
Subclass: Transitional
Particle Size: Fine
Sample No.: 14149.18
Owner: JHU
Wavelength range: IR
Origin: Apollo 14 landing site via the NASA Lunar Sample Repository at Johnson 
Space Center, Houston, TX.
Description:  This sample is one of a suite of soils at the Apollo 14 site 
representing major element chemistry transitional between the highlands and 
maria.  It has an intermediate exposure age of the three soils of that suite 
(Is/FeO=53).


Measurement:  Directional (10 degree) hemispherical reflectance
First Column:  X
Second Column:  Y
X Units:  Wavelength (micrometers)
Y Units:  Reflectance (percent)
First X Value:  14.011
Last X Value:  2.079
Number of X Values:  2124
Additional information:  None
14.011    0.7531
13.973    0.8613
13.936    0.7810
13.899    0.7951
13.861    0.8554
13.824    0.8862
13.788    0.8644
13.751    0.9165
13.715    0.9366
13.679    0.9615
13.643    0.9735
13.607    1.0467
13.571    1.0939
13.536    1.0533
13.500    1.0405
13.465    1.0846
13.430    1.0898
13.396    1.0871
13.361    1.1717
13.327    1.1626
13.293    1.1864
13.259    1.2338
13.225    1.2613
13.191    1.2348
13.158    1.2392
13.124    1.2644
13.091    1.2656
13.058    1.2939
13.026    1.2973
12.993    1.3363
12.960    1.4149
12.928    1.4115
12.896    1.4163
12.864    1.4390
12.832    1.4258
12.800    1.4367
12.769    1.5062
12.737    1.5869
12.706    1.6261
12.675    1.6656
12.644    1.7013
12.614    1.7089
12.583    1.7484
12.552    1.8148
12.522    1.8611
12.492    1.8746
12.462    1.8910
12.432    1.9536
12.402    2.0143
12.373    2.0322
12.343    2.0834
12.314    2.1412
12.285    2.1321
12.256    2.1251
12.227    2.1633
12.198    2.1972
12.169    2.1851
12.141    2.1511
12.113    2.1487
12.084    2.1676
12.056    2.1716
12.028    2.1642
12.000    2.1342
11.973    2.1314
11.945    2.1593
11.918    2.1432
11.890    2.1204
11.863    2.1259
11.836    2.1266
11.809    2.1451
11.782    2.1474
11.755    2.1392
11.729    2.1531
11.702    2.1479
11.676    2.1460
11.650    2.1618
11.624    2.1882
11.598    2.1871
11.572    2.1632
11.546    2.1710
11.520    2.1720
11.495    2.1662
11.469    2.1810
11.444    2.1822
11.419    2.1755
11.394    2.1720
11.369    2.1756
11.344    2.1668
11.319    2.1455
11.294    2.1020
11.270    2.1186
11.245    2.1412
11.221    2.1459
11.197    2.1159
11.173    2.0706
11.149    2.0546
11.125    2.0532
11.101    2.0326
11.077    2.0225
11.054    2.0350
11.030    2.0344
11.007    2.0180
10.983    2.0212
10.960    2.0452
10.937    2.0563
10.914    2.0567
10.891    2.0613
10.868    2.0724
10.846    2.0899
10.823    2.0802
10.800    2.0795
10.778    2.0856
10.755    2.0746
10.733    2.0553
10.711    2.0678
10.689    2.0688
10.667    2.0435
10.645    2.0338
10.623    2.0129
10.602    2.0051
10.580    1.9892
10.558    1.9572
10.537    1.9550
10.516    1.9592
10.494    1.9530
10.473    1.9343
10.452    1.9166
10.431    1.8815
10.410    1.8591
10.389    1.8491
10.368    1.8164
10.348    1.7941
10.327    1.8033
10.306    1.7961
10.286    1.7628
10.266    1.7491
10.245    1.7354
10.225    1.7133
10.205    1.7014
10.185    1.7057
10.165    1.6986
10.145    1.6862
10.125    1.6902
10.106    1.6895
10.086    1.6769
10.066    1.6373
10.047    1.6293
10.027    1.6537
10.008    1.6498
 9.989    1.6418
 9.970    1.6422
 9.950    1.6123
 9.931    1.6006
 9.912    1.5971
 9.893    1.6239
 9.875    1.6381
 9.856    1.6353
 9.837    1.6193
 9.819    1.5994
 9.800    1.6139
 9.781    1.6335
 9.763    1.6331
 9.745    1.6491
 9.726    1.6452
 9.708    1.6236
 9.690    1.6177
 9.672    1.6246
 9.654    1.6021
 9.636    1.6015
 9.618    1.6314
 9.600    1.6283
 9.582    1.6281
 9.565    1.6262
 9.547    1.5976
 9.530    1.5925
 9.512    1.5948
 9.495    1.6091
 9.477    1.6042
 9.460    1.5932
 9.443    1.5935
 9.426    1.5962
 9.409    1.5758
 9.392    1.5344
 9.375    1.5376
 9.358    1.5498
 9.341    1.5374
 9.324    1.5242
 9.307    1.5232
 9.291    1.4920
 9.274    1.4664
 9.257    1.4858
 9.241    1.4673
 9.225    1.4437
 9.208    1.4515
 9.192    1.4455
 9.175    1.4505
 9.159    1.4694
 9.143    1.4448
 9.127    1.4320
 9.111    1.4013
 9.095    1.3606
 9.079    1.3723
 9.063    1.3995
 9.047    1.3886
 9.032    1.3663
 9.016    1.3435
 9.000    1.3333
 8.985    1.3235
 8.969    1.2845
 8.954    1.2412
 8.938    1.2198
 8.923    1.2182
 8.908    1.1983
 8.892    1.1623
 8.877    1.1300
 8.862    1.0905
 8.847    1.0784
 8.832    1.0949
 8.817    1.0678
 8.802    1.0325
 8.787    1.0297
 8.772    1.0171
 8.757    1.0114
 8.742    1.0147
 8.727    1.0157
 8.713    1.0230
 8.698    1.0179
 8.684    0.9874
 8.669    0.9641
 8.655    0.9847
 8.640    0.9896
 8.626    0.9631
 8.612    0.9686
 8.597    0.9478
 8.583    0.9003
 8.569    0.9039
 8.555    0.9134
 8.541    0.8942
 8.527    0.8694
 8.513    0.8377
 8.499    0.8206
 8.485    0.8131
 8.471    0.8220
 8.457    0.8116
 8.443    0.8018
 8.430    0.7971
 8.416    0.7682
 8.402    0.7486
 8.389    0.7591
 8.375    0.7558
 8.361    0.7496
 8.348    0.7264
 8.335    0.7215
 8.321    0.7295
 8.308    0.7186
 8.295    0.7104
 8.281    0.7160
 8.268    0.7114
 8.255    0.6965
 8.242    0.6934
 8.229    0.7026
 8.216    0.7184
 8.203    0.7353
 8.190    0.7504
 8.177    0.7393
 8.164    0.7502
 8.151    0.7853
 8.138    0.8068
 8.126    0.8278
 8.113    0.8504
 8.100    0.8992
 8.088    0.9635
 8.075    1.0007
 8.062    1.0299
 8.050    1.0800
 8.037    1.1231
 8.025    1.1682
 8.013    1.2315
 8.000    1.3006
 7.988    1.3616
 7.976    1.4288
 7.963    1.5095
 7.951    1.5770
 7.939    1.6367
 7.927    1.7046
 7.915    1.7965
 7.903    1.8930
 7.891    1.9685
 7.879    2.0562
 7.867    2.1528
 7.855    2.2373
 7.843    2.3186
 7.831    2.3996
 7.819    2.4738
 7.808    2.5516
 7.796    2.6562
 7.784    2.7702
 7.772    2.8679
 7.761    2.9577
 7.749    3.0352
 7.737    3.1167
 7.726    3.2137
 7.715    3.3217
 7.703    3.4165
 7.692    3.5189
 7.680    3.6250
 7.669    3.7150
 7.657    3.8054
 7.646    3.8865
 7.635    3.9871
 7.624    4.0784
 7.613    4.1821
 7.601    4.2720
 7.590    4.3588
 7.579    4.4540
 7.568    4.5321
 7.557    4.6313
 7.546    4.7285
 7.535    4.8163
 7.524    4.9112
 7.513    5.0026
 7.502    5.0918
 7.492    5.1864
 7.481    5.2959
 7.470    5.3877
 7.459    5.4707
 7.449    5.5648
 7.438    5.6474
 7.427    5.7327
 7.417    5.8319
 7.406    5.9115
 7.395    5.9999
 7.385    6.0877
 7.374    6.1761
 7.364    6.2713
 7.353    6.3533
 7.343    6.4391
 7.333    6.5300
 7.322    6.6113
 7.312    6.7058
 7.302    6.7996
 7.291    6.8755
 7.281    6.9412
 7.271    7.0326
 7.261    7.1098
 7.251    7.1831
 7.240    7.2740
 7.230    7.3337
 7.220    7.3835
 7.210    7.4540
 7.200    7.5517
 7.190    7.6231
 7.180    7.6925
 7.170    7.7733
 7.160    7.8555
 7.151    7.9278
 7.141    7.9798
 7.131    8.0551
 7.121    8.1211
 7.111    8.1904
 7.102    8.2715
 7.092    8.3249
 7.082    8.3813
 7.072    8.4434
 7.063    8.5101
 7.053    8.5721
 7.044    8.6460
 7.034    8.7190
 7.025    8.7678
 7.015    8.8242
 7.006    8.8836
 6.996    8.9497
 6.987    9.0071
 6.977    9.0588
 6.968    9.1091
 6.959    9.1642
 6.949    9.2277
 6.940    9.2909
 6.931    9.3461
 6.921    9.3931
 6.912    9.4268
 6.903    9.4827
 6.894    9.5660
 6.885    9.6161
 6.875    9.6565
 6.866    9.6667
 6.857    9.6739
 6.848    9.7599
 6.839    9.8236
 6.830    9.8454
 6.821    9.8849
 6.812    9.9519
 6.803    9.9958
 6.794    9.9989
 6.785   10.0390
 6.777   10.0960
 6.768   10.1350
 6.759   10.1690
 6.750   10.2030
 6.741   10.2350
 6.733   10.2490
 6.724   10.2730
 6.715   10.3020
 6.707   10.3260
 6.698   10.3510
 6.689   10.3700
 6.681   10.3980
 6.672   10.4220
 6.663   10.4410
 6.655   10.4810
 6.646   10.4690
 6.638   10.4440
 6.629   10.4760
 6.621   10.5320
 6.612   10.5670
 6.604   10.5980
 6.596   10.6140
 6.587   10.6290
 6.579   10.6360
 6.571   10.6630
 6.562   10.7190
 6.554   10.7530
 6.546   10.7820
 6.537   10.8230
 6.529   10.8410
 6.521   10.8660
 6.513   10.9140
 6.505   10.9310
 6.496   10.9170
 6.488   10.9470
 6.480   10.9870
 6.472   11.0100
 6.464   11.0630
 6.456   11.0960
 6.448   11.1300
 6.440   11.1440
 6.432   11.1290
 6.424   11.1210
 6.416   11.0930
 6.408   11.1280
 6.400   11.1740
 6.392   11.1670
 6.384   11.1750
 6.377   11.1790
 6.369   11.1570
 6.361   11.1720
 6.353   11.1710
 6.345   11.1270
 6.338   11.1530
 6.330   11.1910
 6.322   11.1730
 6.314   11.1720
 6.307   11.1930
 6.299   11.2230
 6.291   11.2150
 6.284   11.2180
 6.276   11.2380
 6.269   11.2400
 6.261   11.2250
 6.253   11.2420
 6.246   11.2580
 6.239   11.2550
 6.231   11.2780
 6.223   11.2890
 6.216   11.2820
 6.209   11.3020
 6.201   11.3500
 6.194   11.3560
 6.186   11.3460
 6.179   11.3900
 6.172   11.4200
 6.164   11.4170
 6.157   11.4570
 6.150   11.5160
 6.142   11.5340
 6.135   11.5540
 6.128   11.6120
 6.121   11.6380
 6.113   11.6580
 6.106   11.7090
 6.099   11.7370
 6.092   11.7680
 6.085   11.8120
 6.078   11.8080
 6.070   11.8330
 6.063   11.8740
 6.056   11.8890
 6.049   11.8760
 6.042   11.9430
 6.035   12.0300
 6.028   12.0510
 6.021   12.0800
 6.014   12.1090
 6.007   12.1530
 6.000   12.2080
 5.993   12.2400
 5.986   12.3040
 5.979   12.3780
 5.973   12.4220
 5.966   12.4640
 5.959   12.5620
 5.952   12.6540
 5.945   12.7110
 5.938   12.7250
 5.931   12.7850
 5.925   12.8820
 5.918   12.9620
 5.911   13.0520
 5.904   13.1030
 5.898   13.1350
 5.891   13.2160
 5.884   13.2510
 5.878   13.3030
 5.871   13.4110
 5.864   13.4800
 5.858   13.5430
 5.851   13.6030
 5.845   13.6440
 5.838   13.6870
 5.831   13.7520
 5.825   13.8070
 5.818   13.8580
 5.812   13.9120
 5.805   13.9600
 5.799   14.0150
 5.792   14.0850
 5.786   14.1420
 5.779   14.1880
 5.773   14.2070
 5.767   14.2220
 5.760   14.2990
 5.754   14.3600
 5.747   14.3700
 5.741   14.4120
 5.735   14.4700
 5.728   14.5240
 5.722   14.5400
 5.716   14.5480
 5.709   14.5600
 5.703   14.5910
 5.697   14.6190
 5.691   14.6410
 5.684   14.6690
 5.678   14.6830
 5.672   14.7010
 5.666   14.7150
 5.660   14.7380
 5.653   14.7680
 5.647   14.7950
 5.641   14.8280
 5.635   14.8590
 5.629   14.8960
 5.623   14.9510
 5.617   15.0100
 5.611   15.0550
 5.604   15.0830
 5.598   15.1170
 5.592   15.1510
 5.586   15.1790
 5.580   15.2160
 5.574   15.2770
 5.568   15.3240
 5.562   15.3510
 5.556   15.3850
 5.551   15.4060
 5.545   15.4280
 5.539   15.4690
 5.533   15.4980
 5.527   15.5090
 5.521   15.5120
 5.515   15.5280
 5.509   15.5580
 5.503   15.5730
 5.497   15.5790
 5.492   15.5940
 5.486   15.6250
 5.480   15.6390
 5.474   15.6400
 5.468   15.6310
 5.463   15.6450
 5.457   15.6760
 5.451   15.6950
 5.446   15.7070
 5.440   15.7230
 5.434   15.7550
 5.428   15.7700
 5.423   15.7700
 5.417   15.8120
 5.411   15.8620
 5.406   15.8860
 5.400   15.9160
 5.394   15.9390
 5.389   15.9620
 5.383   16.0020
 5.378   16.0450
 5.372   16.0700
 5.367   16.0880
 5.361   16.1130
 5.356   16.1260
 5.350   16.1300
 5.345   16.1690
 5.339   16.2340
 5.333   16.2580
 5.328   16.2490
 5.322   16.2670
 5.317   16.3110
 5.312   16.3340
 5.306   16.3600
 5.301   16.3910
 5.295   16.4140
 5.290   16.4380
 5.285   16.4660
 5.279   16.5030
 5.274   16.5490
 5.268   16.5660
 5.263   16.5860
 5.258   16.6320
 5.252   16.6640
 5.247   16.7010
 5.242   16.7400
 5.237   16.7700
 5.231   16.8020
 5.226   16.8580
 5.221   16.9020
 5.215   16.9390
 5.210   16.9840
 5.205   17.0390
 5.200   17.0770
 5.194   17.1220
 5.189   17.1800
 5.184   17.2230
 5.179   17.2680
 5.174   17.3210
 5.169   17.3530
 5.164   17.4200
 5.158   17.4910
 5.153   17.5390
 5.148   17.6000
 5.143   17.6790
 5.138   17.7520
 5.133   17.8140
 5.128   17.8790
 5.123   17.9370
 5.118   17.9970
 5.113   18.0550
 5.107   18.1180
 5.103   18.1900
 5.098   18.2570
 5.093   18.3260
 5.088   18.3780
 5.082   18.4240
 5.077   18.4820
 5.073   18.5570
 5.068   18.6150
 5.063   18.6760
 5.058   18.7360
 5.053   18.8030
 5.048   18.8740
 5.043   18.9360
 5.038   18.9880
 5.033   19.0350
 5.028   19.0880
 5.023   19.1580
 5.019   19.2290
 5.014   19.2880
 5.009   19.3460
 5.004   19.4240
 4.999   19.4830
 4.994   19.5110
 4.990   19.5600
 4.985   19.6370
 4.980   19.6950
 4.975   19.7530
 4.970   19.8180
 4.966   19.8850
 4.961   19.9600
 4.956   20.0200
 4.951   20.0800
 4.947   20.1490
 4.942   20.2230
 4.937   20.2880
 4.933   20.3360
 4.928   20.3910
 4.923   20.4630
 4.919   20.5230
 4.914   20.5810
 4.909   20.6400
 4.905   20.6890
 4.900   20.7500
 4.895   20.8020
 4.891   20.8410
 4.886   20.9100
 4.882   20.9790
 4.877   21.0270
 4.872   21.0710
 4.868   21.1330
 4.863   21.1990
 4.859   21.2490
 4.854   21.3090
 4.849   21.3740
 4.845   21.4320
 4.840   21.4860
 4.836   21.5430
 4.832   21.5820
 4.827   21.6360
 4.822   21.7220
 4.818   21.7610
 4.814   21.8000
 4.809   21.8810
 4.805   21.9450
 4.800   21.9760
 4.796   22.0280
 4.791   22.1010
 4.787   22.1510
 4.782   22.1860
 4.778   22.2380
 4.774   22.2950
 4.769   22.3260
 4.765   22.3610
 4.761   22.4200
 4.756   22.4740
 4.752   22.5250
 4.747   22.5530
 4.743   22.5910
 4.739   22.6600
 4.734   22.7230
 4.730   22.7640
 4.726   22.7890
 4.721   22.8390
 4.717   22.9050
 4.713   22.9610
 4.709   23.0070
 4.704   23.0530
 4.700   23.0940
 4.696   23.1480
 4.691   23.2190
 4.687   23.2740
 4.683   23.3050
 4.679   23.3650
 4.675   23.4190
 4.670   23.4570
 4.666   23.5160
 4.662   23.5670
 4.658   23.6180
 4.654   23.6790
 4.649   23.7420
 4.645   23.8050
 4.641   23.8440
 4.637   23.8800
 4.633   23.9390
 4.629   23.9950
 4.625   24.0370
 4.620   24.0810
 4.616   24.1420
 4.612   24.1980
 4.608   24.2280
 4.604   24.2770
 4.600   24.3210
 4.596   24.3640
 4.592   24.4020
 4.588   24.4340
 4.584   24.4800
 4.580   24.5200
 4.576   24.5580
 4.572   24.6040
 4.567   24.6420
 4.564   24.6660
 4.559   24.6860
 4.556   24.7270
 4.551   24.7800
 4.548   24.8100
 4.543   24.8190
 4.540   24.8460
 4.536   24.8940
 4.532   24.9200
 4.528   24.9470
 4.524   24.9750
 4.520   25.0040
 4.516   25.0300
 4.512   25.0510
 4.508   25.0700
 4.504   25.0850
 4.500   25.1030
 4.496   25.1220
 4.492   25.1420
 4.488   25.1570
 4.485   25.1820
 4.481   25.2150
 4.477   25.2220
 4.473   25.2340
 4.469   25.2610
 4.465   25.2700
 4.461   25.2700
 4.458   25.2870
 4.454   25.3160
 4.450   25.3460
 4.446   25.3540
 4.442   25.3640
 4.439   25.3770
 4.435   25.3880
 4.431   25.4180
 4.427   25.4420
 4.423   25.4500
 4.420   25.4540
 4.416   25.4570
 4.412   25.4640
 4.408   25.4880
 4.404   25.5120
 4.401   25.5320
 4.397   25.5470
 4.393   25.5530
 4.390   25.5590
 4.386   25.5820
 4.382   25.5810
 4.378   25.5850
 4.375   25.6010
 4.371   25.6210
 4.367   25.6520
 4.364   25.6790
 4.360   25.6980
 4.356   25.7000
 4.353   25.7150
 4.349   25.7390
 4.346   25.7380
 4.342   25.7510
 4.338   25.7670
 4.335   25.7730
 4.331   25.7830
 4.327   25.7980
 4.324   25.8130
 4.320   25.8250
 4.316   25.8490
 4.313   25.8800
 4.309   25.8860
 4.306   25.8830
 4.302   25.9120
 4.299   25.9210
 4.295   25.9260
 4.292   25.9510
 4.288   25.9640
 4.284   25.9650
 4.281   25.9680
 4.277   25.9860
 4.274   26.0130
 4.270   26.0100
 4.267   25.9990
 4.263   26.0050
 4.260   26.0320
 4.256   26.0360
 4.253   26.0230
 4.249   26.0370
 4.246   26.0600
 4.242   26.0770
 4.239   26.0830
 4.235   26.0840
 4.232   26.0820
 4.229   26.0910
 4.225   26.0930
 4.222   26.1030
 4.218   26.0900
 4.215   26.0950
 4.211   26.1280
 4.208   26.1350
 4.205   26.1100
 4.201   26.1030
 4.198   26.1110
 4.194   26.1260
 4.191   26.1410
 4.188   26.1390
 4.184   26.1360
 4.181   26.1170
 4.177   26.1180
 4.174   26.1480
 4.171   26.1440
 4.167   26.1240
 4.164   26.1190
 4.161   26.1350
 4.157   26.1490
 4.154   26.1450
 4.151   26.1500
 4.147   26.1480
 4.144   26.1600
 4.141   26.1590
 4.137   26.1690
 4.134   26.1730
 4.131   26.1620
 4.128   26.1600
 4.124   26.1610
 4.121   26.1440
 4.118   26.1500
 4.114   26.1740
 4.111   26.1820
 4.108   26.1790
 4.105   26.1780
 4.101   26.1760
 4.098   26.1770
 4.095   26.1750
 4.092   26.1810
 4.088   26.1920
 4.085   26.1880
 4.082   26.1810
 4.079   26.1820
 4.076   26.1850
 4.072   26.1980
 4.069   26.2050
 4.066   26.2010
 4.063   26.1930
 4.060   26.1960
 4.056   26.2010
 4.053   26.1970
 4.050   26.2050
 4.047   26.2120
 4.044   26.2040
 4.041   26.1960
 4.037   26.1950
 4.034   26.1990
 4.031   26.2010
 4.028   26.2070
 4.025   26.2080
 4.022   26.1980
 4.019   26.2020
 4.016   26.2040
 4.013   26.1990
 4.009   26.2120
 4.006   26.2140
 4.003   26.2050
 4.000   26.2070
 3.997   26.2230
 3.994   26.2230
 3.991   26.2130
 3.988   26.2290
 3.985   26.2230
 3.982   26.2140
 3.979   26.2050
 3.976   26.1990
 3.973   26.2120
 3.970   26.2140
 3.966   26.2100
 3.963   26.2160
 3.960   26.2030
 3.957   26.1910
 3.954   26.2060
 3.951   26.2300
 3.948   26.2270
 3.945   26.2070
 3.942   26.2110
 3.939   26.2170
 3.936   26.2030
 3.933   26.1940
 3.930   26.1930
 3.927   26.1890
 3.924   26.1940
 3.921   26.1900
 3.918   26.1750
 3.916   26.1860
 3.913   26.1870
 3.910   26.1610
 3.907   26.1470
 3.904   26.1490
 3.901   26.1580
 3.898   26.1670
 3.895   26.1610
 3.892   26.1570
 3.889   26.1610
 3.886   26.1700
 3.883   26.1690
 3.880   26.1740
 3.877   26.1730
 3.875   26.1560
 3.872   26.1460
 3.869   26.1530
 3.866   26.1580
 3.863   26.1500
 3.860   26.1260
 3.857   26.1270
 3.854   26.1250
 3.852   26.1180
 3.849   26.1220
 3.846   26.1210
 3.843   26.1100
 3.840   26.1160
 3.837   26.1200
 3.834   26.1160
 3.832   26.1060
 3.829   26.0880
 3.826   26.0880
 3.823   26.0940
 3.820   26.0810
 3.817   26.0730
 3.815   26.0930
 3.812   26.0800
 3.809   26.0350
 3.806   26.0430
 3.804   26.0690
 3.801   26.0460
 3.798   26.0260
 3.795   26.0270
 3.792   26.0210
 3.790   26.0170
 3.787   26.0160
 3.784   26.0300
 3.781   26.0180
 3.779   25.9980
 3.776   25.9920
 3.773   25.9910
 3.770   25.9790
 3.768   25.9850
 3.765   25.9940
 3.762   25.9830
 3.759   25.9530
 3.757   25.9460
 3.754   25.9440
 3.751   25.9270
 3.748   25.9200
 3.746   25.9190
 3.743   25.9190
 3.740   25.9040
 3.738   25.9000
 3.735   25.8930
 3.732   25.8830
 3.730   25.8920
 3.727   25.8910
 3.724   25.8830
 3.722   25.8790
 3.719   25.8650
 3.716   25.8500
 3.714   25.8520
 3.711   25.8540
 3.708   25.8350
 3.706   25.8230
 3.703   25.8100
 3.700   25.8100
 3.698   25.8000
 3.695   25.7720
 3.692   25.7590
 3.690   25.7730
 3.687   25.7960
 3.684   25.7760
 3.682   25.7340
 3.679   25.7280
 3.677   25.7380
 3.674   25.7450
 3.672   25.7450
 3.669   25.7290
 3.666   25.7040
 3.664   25.6990
 3.661   25.6970
 3.659   25.6850
 3.656   25.6950
 3.653   25.7040
 3.651   25.6910
 3.648   25.6670
 3.646   25.6400
 3.643   25.6250
 3.641   25.6330
 3.638   25.6350
 3.636   25.6260
 3.633   25.6260
 3.630   25.6380
 3.628   25.6250
 3.625   25.5990
 3.623   25.5820
 3.620   25.6030
 3.618   25.6120
 3.615   25.5950
 3.613   25.5780
 3.610   25.5450
 3.608   25.5170
 3.605   25.5280
 3.603   25.5300
 3.600   25.5230
 3.598   25.5230
 3.595   25.5190
 3.593   25.4960
 3.590   25.4870
 3.588   25.4930
 3.585   25.4960
 3.583   25.4800
 3.580   25.4610
 3.578   25.4540
 3.575   25.4610
 3.573   25.4630
 3.570   25.4400
 3.568   25.4410
 3.565   25.4350
 3.563   25.4350
 3.561   25.4170
 3.558   25.3970
 3.556   25.4130
 3.553   25.4190
 3.551   25.3850
 3.548   25.3530
 3.546   25.3650
 3.543   25.3790
 3.541   25.3440
 3.539   25.3240
 3.536   25.3270
 3.534   25.3390
 3.531   25.3370
 3.529   25.3290
 3.527   25.3350
 3.524   25.3400
 3.522   25.3320
 3.519   25.3270
 3.517   25.3280
 3.515   25.3300
 3.512   25.3240
 3.510   25.3240
 3.507   25.3020
 3.505   25.2750
 3.503   25.2820
 3.500   25.2950
 3.498   25.2810
 3.496   25.2600
 3.493   25.2580
 3.491   25.2500
 3.489   25.2270
 3.486   25.2180
 3.484   25.2370
 3.482   25.2510
 3.479   25.2230
 3.477   25.1920
 3.475   25.1760
 3.472   25.1820
 3.470   25.1840
 3.468   25.1630
 3.465   25.1410
 3.463   25.1120
 3.461   25.1070
 3.458   25.1080
 3.456   25.1100
 3.454   25.1190
 3.451   25.1440
 3.449   25.1230
 3.447   25.0900
 3.445   25.0970
 3.442   25.1110
 3.440   25.0870
 3.438   25.1060
 3.436   25.1230
 3.433   25.0760
 3.431   25.0620
 3.429   25.0650
 3.426   25.0610
 3.424   25.0550
 3.422   25.0540
 3.420   25.0310
 3.417   25.0290
 3.415   25.0070
 3.413   24.9880
 3.411   25.0110
 3.408   25.0050
 3.406   24.9790
 3.404   24.9750
 3.402   24.9730
 3.399   24.9550
 3.397   24.9300
 3.395   24.9380
 3.393   24.9120
 3.391   24.8690
 3.388   24.8900
 3.386   24.9120
 3.384   24.8820
 3.382   24.8550
 3.380   24.8230
 3.377   24.8150
 3.375   24.8400
 3.373   24.8470
 3.371   24.7850
 3.369   24.7590
 3.366   24.7750
 3.364   24.7680
 3.362   24.7360
 3.360   24.7390
 3.358   24.7290
 3.355   24.7030
 3.353   24.6790
 3.351   24.6780
 3.349   24.6940
 3.347   24.6830
 3.345   24.6560
 3.342   24.6390
 3.340   24.6210
 3.338   24.6050
 3.336   24.5970
 3.334   24.5850
 3.332   24.5720
 3.330   24.5570
 3.327   24.5540
 3.325   24.5370
 3.323   24.5430
 3.321   24.5510
 3.319   24.5400
 3.317   24.5000
 3.315   24.4900
 3.313   24.4830
 3.310   24.4790
 3.308   24.4910
 3.306   24.4760
 3.304   24.4550
 3.302   24.4670
 3.300   24.4380
 3.298   24.4040
 3.296   24.4100
 3.294   24.3940
 3.292   24.3990
 3.289   24.4070
 3.287   24.3910
 3.285   24.3550
 3.283   24.3270
 3.281   24.3390
 3.279   24.3520
 3.277   24.3670
 3.275   24.3450
 3.273   24.3170
 3.271   24.3090
 3.269   24.3040
 3.267   24.2880
 3.265   24.2530
 3.263   24.2660
 3.261   24.2680
 3.258   24.2540
 3.256   24.2430
 3.254   24.2210
 3.252   24.2040
 3.250   24.2090
 3.248   24.2080
 3.246   24.2030
 3.244   24.1880
 3.242   24.1600
 3.240   24.1450
 3.238   24.1380
 3.236   24.1080
 3.234   24.1170
 3.232   24.1130
 3.230   24.0740
 3.228   24.0600
 3.226   24.0710
 3.224   24.0650
 3.222   24.0540
 3.220   24.0620
 3.218   24.0440
 3.216   24.0310
 3.214   24.0230
 3.212   24.0070
 3.210   24.0050
 3.208   23.9650
 3.206   23.9550
 3.204   23.9550
 3.202   23.9370
 3.200   23.9320
 3.198   23.9090
 3.196   23.8950
 3.194   23.8880
 3.192   23.8630
 3.190   23.8650
 3.188   23.8550
 3.186   23.8500
 3.184   23.8580
 3.182   23.8630
 3.180   23.8520
 3.179   23.8180
 3.177   23.7870
 3.175   23.7830
 3.173   23.7710
 3.171   23.7630
 3.169   23.7670
 3.167   23.7440
 3.165   23.7450
 3.163   23.7310
 3.161   23.7010
 3.159   23.7060
 3.157   23.7230
 3.155   23.6870
 3.153   23.6530
 3.152   23.6760
 3.150   23.6800
 3.148   23.6570
 3.146   23.6600
 3.144   23.6840
 3.142   23.6540
 3.140   23.6290
 3.138   23.6010
 3.136   23.5830
 3.134   23.5890
 3.132   23.6020
 3.131   23.5860
 3.129   23.5730
 3.127   23.5610
 3.125   23.5400
 3.123   23.5360
 3.121   23.5370
 3.119   23.5040
 3.117   23.4890
 3.115   23.4870
 3.114   23.4840
 3.112   23.4930
 3.110   23.4940
 3.108   23.4330
 3.106   23.4200
 3.104   23.4650
 3.102   23.4710
 3.101   23.4400
 3.099   23.4320
 3.097   23.4030
 3.095   23.3680
 3.093   23.3600
 3.091   23.3590
 3.090   23.3650
 3.088   23.3710
 3.086   23.3510
 3.084   23.3330
 3.082   23.3280
 3.080   23.3540
 3.079   23.3480
 3.077   23.3110
 3.075   23.3140
 3.073   23.3290
 3.071   23.3100
 3.069   23.2820
 3.067   23.2760
 3.066   23.2740
 3.064   23.2710
 3.062   23.2720
 3.060   23.2650
 3.059   23.2530
 3.057   23.2130
 3.055   23.2200
 3.053   23.2520
 3.051   23.2610
 3.050   23.2400
 3.048   23.1700
 3.046   23.1390
 3.044   23.1620
 3.042   23.1890
 3.041   23.1840
 3.039   23.1830
 3.037   23.1560
 3.035   23.1400
 3.033   23.1610
 3.032   23.1420
 3.030   23.1010
 3.028   23.0680
 3.026   23.0550
 3.025   23.0820
 3.023   23.0900
 3.021   23.0310
 3.019   23.0350
 3.018   23.0790
 3.016   23.0700
 3.014   23.0300
 3.012   23.0200
 3.011   23.0060
 3.009   22.9640
 3.007   22.9360
 3.005   22.9430
 3.004   22.9690
 3.002   22.9450
 3.000   22.9490
 2.998   22.9490
 2.997   22.9040
 2.995   22.8870
 2.993   22.8810
 2.991   22.8900
 2.990   22.8660
 2.988   22.8400
 2.986   22.8400
 2.985   22.8210
 2.983   22.8240
 2.981   22.8370
 2.979   22.8190
 2.978   22.7990
 2.976   22.8010
 2.974   22.7930
 2.973   22.8060
 2.971   22.7870
 2.969   22.7530
 2.967   22.7440
 2.966   22.7490
 2.964   22.7430
 2.962   22.7370
 2.961   22.7320
 2.959   22.7160
 2.957   22.6680
 2.956   22.6620
 2.954   22.7080
 2.952   22.6930
 2.951   22.6590
 2.949   22.6740
 2.947   22.6710
 2.946   22.6730
 2.944   22.6820
 2.942   22.6740
 2.941   22.6500
 2.939   22.6230
 2.937   22.6110
 2.936   22.6120
 2.934   22.6110
 2.932   22.6330
 2.931   22.6200
 2.929   22.5990
 2.927   22.5780
 2.926   22.5600
 2.924   22.5810
 2.922   22.5750
 2.921   22.5720
 2.919   22.5650
 2.917   22.5520
 2.916   22.5510
 2.914   22.5310
 2.912   22.5000
 2.911   22.4720
 2.909   22.4980
 2.908   22.5110
 2.906   22.5260
 2.904   22.4940
 2.903   22.4630
 2.901   22.4570
 2.899   22.4320
 2.898   22.4390
 2.896   22.4610
 2.895   22.4360
 2.893   22.4390
 2.891   22.4350
 2.890   22.4590
 2.888   22.4270
 2.886   22.3930
 2.885   22.4280
 2.883   22.4370
 2.882   22.4160
 2.880   22.3930
 2.878   22.3870
 2.877   22.3790
 2.875   22.4100
 2.874   22.4170
 2.872   22.4030
 2.870   22.3740
 2.869   22.3640
 2.867   22.3630
 2.866   22.3350
 2.864   22.3370
 2.863   22.3500
 2.861   22.3240
 2.859   22.2950
 2.858   22.2810
 2.856   22.3080
 2.855   22.3350
 2.853   22.3340
 2.852   22.2840
 2.850   22.2580
 2.848   22.2790
 2.847   22.2840
 2.845   22.2930
 2.844   22.2840
 2.842   22.2580
 2.841   22.2540
 2.839   22.2770
 2.837   22.2730
 2.836   22.2590
 2.834   22.2760
 2.833   22.2700
 2.831   22.2950
 2.830   22.3040
 2.828   22.2660
 2.827   22.2390
 2.825   22.2570
 2.824   22.2610
 2.822   22.2340
 2.821   22.2180
 2.819   22.2450
 2.817   22.2730
 2.816   22.2520
 2.814   22.2280
 2.813   22.2570
 2.811   22.2920
 2.810   22.2930
 2.808   22.2960
 2.807   22.3250
 2.805   22.3380
 2.804   22.3320
 2.802   22.3330
 2.801   22.3650
 2.799   22.4040
 2.798   22.4050
 2.796   22.3870
 2.795   22.4210
 2.793   22.4430
 2.792   22.4590
 2.790   22.4770
 2.789   22.4790
 2.787   22.4950
 2.786   22.5080
 2.784   22.5420
 2.783   22.5310
 2.781   22.5320
 2.780   22.5790
 2.778   22.6150
 2.777   22.6490
 2.775   22.6710
 2.774   22.6870
 2.772   22.7050
 2.771   22.7010
 2.769   22.7330
 2.768   22.7780
 2.766   22.8170
 2.765   22.8310
 2.763   22.8460
 2.762   22.9090
 2.761   22.9790
 2.759   23.0170
 2.757   23.0240
 2.756   23.0040
 2.755   23.0500
 2.753   23.1190
 2.752   23.1600
 2.750   23.1780
 2.749   23.1950
 2.747   23.2530
 2.746   23.3020
 2.744   23.3310
 2.743   23.3740
 2.741   23.4180
 2.740   23.3970
 2.739   23.4170
 2.737   23.4720
 2.736   23.5260
 2.734   23.5610
 2.733   23.6050
 2.731   23.6570
 2.730   23.6970
 2.728   23.7100
 2.727   23.7340
 2.726   23.7390
 2.724   23.7690
 2.723   23.8150
 2.721   23.8190
 2.720   23.8350
 2.719   23.8730
 2.717   23.9060
 2.716   23.9480
 2.714   23.9960
 2.713   24.0250
 2.711   23.9760
 2.710   23.9840
 2.708   24.0380
 2.707   24.0730
 2.706   24.0850
 2.704   24.1070
 2.703   24.1210
 2.701   24.1110
 2.700   24.1070
 2.699   24.1140
 2.697   24.1290
 2.696   24.1140
 2.695   24.0870
 2.693   24.0900
 2.692   24.1430
 2.690   24.1840
 2.689   24.1670
 2.688   24.1250
 2.686   24.1340
 2.685   24.1430
 2.683   24.1440
 2.682   24.1500
 2.680   24.1100
 2.679   24.0790
 2.678   24.1020
 2.676   24.1290
 2.675   24.1540
 2.674   24.1600
 2.672   24.1300
 2.671   24.0610
 2.670   24.0780
 2.668   24.1190
 2.667   24.1130
 2.665   24.1160
 2.664   24.1690
 2.663   24.2200
 2.661   24.2030
 2.660   24.1940
 2.659   24.1920
 2.657   24.2060
 2.656   24.1840
 2.655   24.1880
 2.653   24.1800
 2.652   24.1810
 2.650   24.1850
 2.649   24.1500
 2.648   24.1400
 2.646   24.1570
 2.645   24.1610
 2.644   24.1410
 2.642   24.1280
 2.641   24.1410
 2.640   24.1220
 2.638   24.1200
 2.637   24.1320
 2.636   24.1040
 2.634   24.0530
 2.633   24.0790
 2.632   24.0680
 2.630   24.0240
 2.629   24.0390
 2.627   24.0480
 2.626   24.0350
 2.625   24.0610
 2.624   24.0710
 2.622   24.0320
 2.621   23.9780
 2.620   23.9770
 2.618   23.9870
 2.617   23.9590
 2.616   23.9760
 2.614   23.9850
 2.613   23.9820
 2.612   23.9750
 2.610   23.9750
 2.609   23.9450
 2.608   23.9010
 2.606   23.8500
 2.605   23.8270
 2.604   23.8920
 2.603   23.9310
 2.601   23.9020
 2.600   23.8850
 2.599   23.8940
 2.597   23.8750
 2.596   23.8150
 2.595   23.7810
 2.593   23.8180
 2.592   23.8380
 2.591   23.8430
 2.590   23.8410
 2.588   23.8250
 2.587   23.8090
 2.586   23.7920
 2.584   23.7570
 2.583   23.7570
 2.582   23.7580
 2.580   23.7430
 2.579   23.7650
 2.578   23.7620
 2.577   23.7340
 2.575   23.7300
 2.574   23.6940
 2.573   23.6810
 2.571   23.7100
 2.570   23.7420
 2.569   23.7130
 2.568   23.7110
 2.566   23.6960
 2.565   23.6430
 2.564   23.6280
 2.563   23.6340
 2.561   23.6200
 2.560   23.6110
 2.559   23.6310
 2.558   23.6310
 2.556   23.6120
 2.555   23.6020
 2.554   23.5980
 2.553   23.5850
 2.551   23.5580
 2.550   23.5460
 2.549   23.5220
 2.547   23.5110
 2.546   23.5230
 2.545   23.5110
 2.544   23.5060
 2.543   23.5040
 2.541   23.5210
 2.540   23.4880
 2.539   23.4760
 2.538   23.4760
 2.536   23.4450
 2.535   23.4230
 2.534   23.4390
 2.533   23.4270
 2.531   23.4020
 2.530   23.3910
 2.529   23.3820
 2.528   23.4000
 2.526   23.3900
 2.525   23.3620
 2.524   23.3760
 2.523   23.3650
 2.522   23.3250
 2.520   23.3200
 2.519   23.3230
 2.518   23.2940
 2.517   23.3110
 2.515   23.3190
 2.514   23.3200
 2.513   23.3000
 2.512   23.2540
 2.511   23.2360
 2.509   23.2690
 2.508   23.2610
 2.507   23.2430
 2.506   23.2190
 2.504   23.2190
 2.503   23.2230
 2.502   23.2090
 2.501   23.2110
 2.500   23.2000
 2.498   23.1500
 2.497   23.1390
 2.496   23.1560
 2.495   23.1320
 2.494   23.1110
 2.492   23.0990
 2.491   23.1080
 2.490   23.1260
 2.489   23.0870
 2.488   23.0540
 2.486   23.0590
 2.485   23.0690
 2.484   23.0990
 2.483   23.0860
 2.482   23.0490
 2.481   23.0350
 2.479   23.0350
 2.478   23.0230
 2.477   23.0090
 2.476   23.0160
 2.474   22.9990
 2.473   22.9460
 2.472   22.9260
 2.471   22.9600
 2.470   22.9970
 2.469   22.9910
 2.467   22.9780
 2.466   22.9640
 2.465   22.9460
 2.464   22.9460
 2.463   22.9470
 2.462   22.9180
 2.460   22.9190
 2.459   22.9180
 2.458   22.9150
 2.457   22.9080
 2.456   22.9130
 2.455   22.9270
 2.454   22.9100
 2.452   22.8690
 2.451   22.8740
 2.450   22.8790
 2.449   22.8670
 2.448   22.8570
 2.446   22.8430
 2.445   22.8020
 2.444   22.7890
 2.443   22.8260
 2.442   22.8400
 2.441   22.7970
 2.440   22.7790
 2.438   22.8290
 2.437   22.8020
 2.436   22.7610
 2.435   22.7460
 2.434   22.7670
 2.433   22.7610
 2.432   22.7370
 2.430   22.7340
 2.429   22.7330
 2.428   22.7360
 2.427   22.7330
 2.426   22.7310
 2.425   22.7420
 2.424   22.7120
 2.422   22.6980
 2.421   22.6780
 2.420   22.6640
 2.419   22.6710
 2.418   22.6800
 2.417   22.6580
 2.416   22.6450
 2.415   22.6460
 2.414   22.6570
 2.412   22.6310
 2.411   22.6000
 2.410   22.5610
 2.409   22.5670
 2.408   22.5830
 2.407   22.5620
 2.406   22.5350
 2.405   22.5580
 2.403   22.5780
 2.402   22.5600
 2.401   22.5470
 2.400   22.5530
 2.399   22.5440
 2.398   22.5290
 2.397   22.5200
 2.396   22.5070
 2.394   22.4860
 2.393   22.4580
 2.392   22.4310
 2.391   22.4460
 2.390   22.4610
 2.389   22.4360
 2.388   22.4160
 2.387   22.4120
 2.386   22.3920
 2.385   22.4060
 2.384   22.4150
 2.382   22.3980
 2.381   22.3510
 2.380   22.3530
 2.379   22.3700
 2.378   22.3240
 2.377   22.3220
 2.376   22.3530
 2.375   22.3180
 2.374   22.2970
 2.373   22.3010
 2.372   22.3270
 2.370   22.3090
 2.369   22.2570
 2.368   22.2380
 2.367   22.2260
 2.366   22.2360
 2.365   22.2060
 2.364   22.2070
 2.363   22.1980
 2.362   22.2010
 2.361   22.2090
 2.360   22.2010
 2.359   22.2100
 2.357   22.1810
 2.356   22.1700
 2.355   22.1830
 2.354   22.1470
 2.353   22.1220
 2.352   22.1190
 2.351   22.1410
 2.350   22.1440
 2.349   22.1160
 2.348   22.0850
 2.347   22.0850
 2.346   22.0840
 2.345   22.0970
 2.344   22.0950
 2.343   22.0290
 2.341   22.0180
 2.341   22.0580
 2.339   22.0240
 2.338   21.9620
 2.337   21.9740
 2.336   21.9880
 2.335   21.9770
 2.334   21.9690
 2.333   21.9630
 2.332   21.9680
 2.331   21.9650
 2.330   21.9530
 2.329   21.9480
 2.328   21.9400
 2.327   21.9270
 2.326   21.9080
 2.325   21.8800
 2.324   21.8710
 2.323   21.8610
 2.322   21.8990
 2.321   21.8960
 2.320   21.8570
 2.318   21.8840
 2.317   21.9070
 2.316   21.8680
 2.315   21.8450
 2.314   21.8430
 2.313   21.8320
 2.312   21.8510
 2.311   21.8520
 2.310   21.8280
 2.309   21.8340
 2.308   21.8150
 2.307   21.7980
 2.306   21.8090
 2.305   21.8290
 2.304   21.8340
 2.303   21.7730
 2.302   21.7240
 2.301   21.7220
 2.300   21.7400
 2.299   21.7510
 2.298   21.7050
 2.297   21.6820
 2.296   21.7180
 2.295   21.7160
 2.294   21.7420
 2.293   21.7160
 2.292   21.6630
 2.291   21.6440
 2.290   21.6660
 2.289   21.6680
 2.288   21.6470
 2.287   21.6420
 2.286   21.6510
 2.285   21.6300
 2.284   21.6200
 2.283   21.6010
 2.282   21.5780
 2.281   21.5830
 2.280   21.5810
 2.279   21.5580
 2.278   21.5690
 2.277   21.5380
 2.276   21.4990
 2.275   21.5230
 2.274   21.5310
 2.273   21.5210
 2.272   21.4970
 2.271   21.4940
 2.270   21.5220
 2.269   21.5540
 2.268   21.5310
 2.267   21.4860
 2.266   21.4880
 2.265   21.5030
 2.264   21.4900
 2.263   21.4490
 2.262   21.4310
 2.261   21.4290
 2.260   21.4120
 2.259   21.4280
 2.258   21.4490
 2.257   21.4270
 2.256   21.3730
 2.255   21.3900
 2.254   21.3920
 2.253   21.3550
 2.252   21.3520
 2.251   21.3610
 2.250   21.3660
 2.249   21.3890
 2.248   21.3960
 2.247   21.3480
 2.246   21.3390
 2.245   21.3820
 2.244   21.3580
 2.243   21.3170
 2.242   21.3130
 2.241   21.2850
 2.240   21.2880
 2.239   21.3120
 2.238   21.3140
 2.237   21.3030
 2.236   21.3300
 2.236   21.2930
 2.235   21.2790
 2.234   21.2650
 2.233   21.2510
 2.232   21.2310
 2.231   21.2230
 2.230   21.2090
 2.229   21.1800
 2.228   21.1930
 2.227   21.1810
 2.226   21.1740
 2.225   21.1570
 2.224   21.1450
 2.223   21.1740
 2.222   21.1800
 2.221   21.1610
 2.220   21.1650
 2.219   21.1450
 2.218   21.0990
 2.217   21.1080
 2.216   21.1220
 2.216   21.1180
 2.215   21.1070
 2.214   21.0720
 2.213   21.0460
 2.212   21.0660
 2.211   21.0600
 2.210   21.0760
 2.209   21.0600
 2.208   21.0210
 2.207   21.0090
 2.206   20.9980
 2.205   20.9860
 2.204   20.9810
 2.203   20.9910
 2.202   21.0000
 2.201   20.9670
 2.200   20.9800
 2.200   21.0160
 2.199   21.0010
 2.198   20.9450
 2.197   20.9520
 2.196   20.9620
 2.195   20.9290
 2.194   20.9020
 2.193   20.9040
 2.192   20.9160
 2.191   20.8810
 2.190   20.8400
 2.189   20.8650
 2.188   20.9030
 2.187   20.8660
 2.187   20.8840
 2.186   20.8820
 2.185   20.8280
 2.184   20.8120
 2.183   20.8420
 2.182   20.8100
 2.181   20.8030
 2.180   20.8340
 2.179   20.8090
 2.178   20.7740
 2.177   20.7400
 2.176   20.7650
 2.176   20.7890
 2.175   20.7840
 2.174   20.7440
 2.173   20.6930
 2.172   20.7030
 2.171   20.7240
 2.170   20.7030
 2.169   20.7120
 2.168   20.6880
 2.167   20.6630
 2.166   20.6710
 2.166   20.7070
 2.165   20.6900
 2.164   20.6740
 2.163   20.6520
 2.162   20.6570
 2.161   20.5920
 2.160   20.5840
 2.159   20.6030
 2.158   20.5810
 2.157   20.5700
 2.156   20.5730
 2.156   20.5740
 2.155   20.5790
 2.154   20.5810
 2.153   20.5640
 2.152   20.5080
 2.151   20.4740
 2.150   20.5270
 2.149   20.5560
 2.148   20.4970
 2.148   20.4690
 2.147   20.5170
 2.146   20.4750
 2.145   20.4190
 2.144   20.4170
 2.143   20.4570
 2.142   20.4690
 2.141   20.4450
 2.140   20.4320
 2.140   20.3830
 2.139   20.4010
 2.138   20.4150
 2.137   20.3940
 2.136   20.3950
 2.135   20.3870
 2.134   20.3670
 2.133   20.3890
 2.132   20.3690
 2.132   20.3330
 2.131   20.3750
 2.130   20.4170
 2.129   20.3680
 2.128   20.3110
 2.127   20.3440
 2.126   20.3360
 2.126   20.3210
 2.125   20.3460
 2.124   20.2810
 2.123   20.2410
 2.122   20.2490
 2.121   20.2360
 2.120   20.2790
 2.119   20.2940
 2.119   20.2310
 2.118   20.2360
 2.117   20.2300
 2.116   20.2510
 2.115   20.1830
 2.114   20.1590
 2.113   20.1790
 2.112   20.1780
 2.112   20.2450
 2.111   20.2410
 2.110   20.1890
 2.109   20.1760
 2.108   20.1730
 2.107   20.1930
 2.107   20.1590
 2.106   20.1620
 2.105   20.1360
 2.104   20.1460
 2.103   20.1480
 2.102   20.0860
 2.101   20.1130
 2.100   20.1250
 2.100   20.1620
 2.099   20.2000
 2.098   20.1280
 2.097   20.0690
 2.096   20.0690
 2.095   20.0460
 2.095   20.0440
 2.094   20.0740
 2.093   20.0680
 2.092   20.0350
 2.091   20.0660
 2.090   20.0770
 2.090   20.0520
 2.089   19.9880
 2.088   20.0020
 2.087   20.0450
 2.086   19.9960
 2.085   19.9880
 2.084   20.0480
 2.084   20.0770
 2.083   20.0800
 2.082   20.0590
 2.081   19.9910
 2.080   19.9830
 2.079   19.9640
