Name: Aragonite CaCO3
Type:  Mineral  
Class:  Carbonates
Subclass:   
Particle Size:  Fine (less than 2 Micrometers)
Sample No.:  aragonite.1
Owner: JHU
Wavelength Range:  IR
Origin:  Sample from Horenec, Bilina, Cechy, Czechoslovakia, via 
Smithsonian (sample no. NMNH B10083). 
Description: The sample was composed of two transparent, colorless 
pieces: one prismatic, 1.8 cm x 1.8 cm x 2 cm, and weighing about 2 
g; the other a 5 mm x 5 mm x 5 mm cleavage fragment weighing 
0.65 g.  No impurities were detected in hand sample or 
microscopically.

Measurement:  Transmission
First Column:  X
Second Column:  Y  
X Units:  Wavelength (micrometers)
Y Units:  Transmittance (percent)
First X Value:  25.0442
Last X Value:  4.4055
Number of X Values:  2287
Additional Information: aragon1a.txt
25.044   92.0076
24.924   91.8045
24.805   91.3904
24.686   91.7107
24.569   92.2224
24.454   91.4529
24.339   90.9060
24.225   91.2068
24.112   91.3162
24.001   91.5857
23.890   92.0818
23.781   92.0310
23.672   91.9529
23.564   92.3982
23.458   92.6834
23.352   92.9607
23.247   93.2888
23.144   93.4373
23.041   93.4060
22.939   93.3611
22.838   93.6794
22.738   93.9529
22.638   93.8689
22.540   93.9841
22.442   94.1658
22.345   94.2361
22.250   94.3904
22.154   94.6404
22.060   94.9080
21.967   95.0173
21.874   95.3455
21.782   95.3982
21.691   95.0701
21.601   94.7615
21.511   94.3533
21.422   94.0154
21.334   94.1033
21.247   94.4880
21.160   94.4392
21.074   94.6736
20.988   95.3220
20.904   95.2146
20.820   95.0408
20.737   95.3787
20.654   95.5935
20.572   95.8162
20.491   96.0369
20.410   96.1970
20.330   96.3220
20.251   96.4646
20.172   96.5740
20.094   96.7966
20.016   96.8259
19.939   96.6775
19.863   96.9451
19.787   97.2732
19.712   97.3044
19.637   97.4236
19.563   97.4080
19.489   97.2888
19.416   97.4705
19.344   97.7107
19.272   98.0867
19.201   98.2693
19.130   98.2585
19.059   98.3240
18.990   98.1609
18.920   98.1062
18.851   98.1882
18.783   98.1570
18.715   98.1501
18.648   98.2419
18.581   98.2712
18.515   98.2732
18.449   98.2830
18.384   98.2986
18.319   98.1091
18.254   98.0837
18.190   98.2224
18.126   98.2185
18.063   98.2966
18.001   98.2898
17.938   98.1335
17.876   98.0076
17.815   98.0749
17.754   98.0515
17.693   97.9841
17.633   98.0281
17.573   98.0642
17.514   97.8865
17.455   97.7068
17.396   97.6638
17.338   97.5242
17.280   97.5124
17.223   97.5515
17.166   97.4783
17.109   97.4099
17.053   97.4031
16.997   97.4060
16.942   97.4353
16.886   97.5017
16.832   97.6580
16.777   97.7820
16.723   97.8787
16.669   97.8474
16.616   98.0017
16.563   98.0310
16.510   97.9412
16.458   97.7322
16.406   97.6814
16.354   97.6999
16.302   97.7312
16.251   97.6531
16.200   97.6892
16.150   97.8201
16.100   97.7624
16.050   97.7615
16.000   98.0320
15.951   98.3455
15.902   98.5828
15.854   98.8552
15.805   99.1970
15.757   99.4919
15.710   99.5251
15.662   99.5154
15.615   99.5954
15.568   99.6843
15.521   99.7458
15.475   99.7419
15.429   99.6482
15.383   99.6443
15.338   99.8240
15.292   99.7781
15.248   99.7078
15.203   99.6609
15.158   99.6609
15.114   99.5027
15.070   99.3357
15.027   99.2634
14.983   99.3650
14.940   99.4890
14.897   99.6677
14.854   99.6638
14.812   99.5759
14.770   99.4333
14.728   99.3005
14.686   99.0466
14.645   98.9392
14.603   98.7478
14.562   98.4343
14.521   98.0955
14.481   97.8806
14.441   97.4988
14.400   96.8757
14.361   95.0212
14.321   88.9168
14.281   83.0750
14.242   87.5593
14.203   93.5212
14.164   94.8591
14.126   93.4021
14.087   86.8650
14.049   73.3963
14.011   69.2518
13.973   81.4265
13.936   91.6072
13.899   94.9959
13.861   96.1882
13.824   96.6443
13.788   96.7400
13.751   96.9460
13.715   97.1409
13.679   97.3494
13.643   97.5232
13.607   97.6326
13.571   97.6150
13.536   97.6150
13.500   97.5183
13.465   97.3718
13.430   97.3699
13.396   97.4060
13.361   97.4158
13.327   97.3005
13.293   97.1052
13.259   96.9705
13.225   97.0837
13.191   97.2366
13.158   97.2790
13.124   97.3494
13.091   97.4006
13.058   97.4158
13.026   97.4314
12.993   97.4299
12.960   97.4358
12.928   97.4148
12.896   97.3655
12.864   97.3533
12.832   97.1990
12.800   96.9841
12.769   96.9539
12.737   97.1018
12.706   97.1677
12.675   97.2576
12.644   97.5530
12.614   97.7288
12.583   97.7947
12.552   97.8689
12.522   97.9202
12.492   97.9841
12.462   98.1570
12.432   98.2058
12.402   98.1643
12.373   98.2087
12.343   98.3728
12.314   98.3108
12.285   98.2419
12.256   98.1897
12.227   98.1467
12.198   98.0178
12.169   97.8811
12.141   97.6638
12.113   97.4783
12.084   97.2234
12.056   96.9138
12.028   96.5237
12.000   96.1331
11.973   95.4417
11.945   94.3943
11.918   92.7673
11.890   89.5296
11.863   83.5686
11.836   82.2771
11.809   84.6839
11.782   81.0472
11.755   71.6116
11.729   56.7479
11.702   39.3436
11.676   25.3964
11.650   18.7988
11.624   18.7817
11.598   24.6391
11.572   35.9359
11.546   50.3070
11.520   63.9027
11.495   74.0994
11.469   80.0823
11.444   82.9964
11.419   84.7171
11.394   86.3894
11.369   88.5144
11.344   90.7620
11.319   92.5452
11.294   94.0466
11.270   95.2556
11.245   95.9612
11.221   96.3264
11.197   96.5569
11.173   96.8298
11.149   97.1248
11.125   97.1912
11.101   97.2268
11.077   97.1755
11.054   97.0496
11.030   96.7932
11.007   96.4197
10.983   96.5378
10.960   96.9763
10.937   97.0124
10.914   96.9138
10.891   97.0183
10.868   97.0369
10.846   97.0120
10.823   97.1135
10.800   97.2229
10.778   97.4412
10.755   97.6506
10.733   97.8230
10.711   97.9221
10.689   98.0720
10.667   98.2444
10.645   98.2659
10.623   98.0984
10.602   97.8733
10.580   97.7693
10.558   97.6716
10.537   97.6174
10.516   97.5369
10.494   97.4480
10.473   97.5115
10.452   97.4656
10.431   97.3083
10.410   97.1482
10.389   97.1018
10.368   97.1443
10.348   97.0276
10.327   96.7878
10.306   96.6873
10.286   96.6492
10.266   96.5320
10.245   96.4392
10.225   96.3835
10.205   96.2615
10.185   96.2302
10.165   96.1912
10.145   96.0359
10.125   95.9172
10.106   95.8191
10.086   95.6599
10.066   95.5457
10.047   95.4124
10.027   95.2820
10.008   95.1980
 9.989   95.1213
 9.970   95.0291
 9.950   94.9226
 9.931   94.7991
 9.912   94.5837
 9.893   94.2776
 9.875   94.0398
 9.856   93.8406
 9.837   93.6404
 9.818   93.4866
 9.800   93.3987
 9.781   93.3113
 9.763   93.1721
 9.745   93.1052
 9.726   93.0061
 9.708   92.9729
 9.690   93.0759
 9.672   93.2703
 9.654   93.4104
 9.636   93.4807
 9.618   93.4724
 9.600   93.4675
 9.583   93.4358
 9.565   93.4124
 9.547   93.3323
 9.530   93.2053
 9.512   93.1209
 9.495   93.0535
 9.477   92.9294
 9.460   92.8323
 9.443   92.7620
 9.426   92.6878
 9.409   92.4880
 9.392   92.4392
 9.375   92.4343
 9.358   92.2644
 9.341   92.0232
 9.324   92.1199
 9.307   91.9920
 9.291   91.6213
 9.274   90.7693
 9.257   87.3728
 9.241   79.9910
 9.224   78.4768
 9.208   86.0135
 9.192   91.1838
 9.175   92.5086
 9.159   92.7932
 9.143   92.8323
 9.127   92.6990
 9.111   92.8230
 9.095   92.9573
 9.079   93.0203
 9.063   93.0335
 9.047   93.0667
 9.032   93.0471
 9.016   93.1169
 9.000   93.1150
 8.985   93.1624
 8.969   93.2058
 8.954   93.1467
 8.938   93.0276
 8.923   92.8753
 8.907   92.7170
 8.892   92.6785
 8.877   92.5964
 8.862   92.4656
 8.847   92.3538
 8.832   92.2576
 8.817   92.1384
 8.802   92.0925
 8.787   92.0256
 8.772   91.9988
 8.757   91.9983
 8.742   92.0281
 8.728   91.9544
 8.713   91.9045
 8.698   91.8904
 8.684   91.8528
 8.669   91.7703
 8.655   91.7293
 8.640   91.6414
 8.626   91.5491
 8.612   91.5159
 8.597   91.4797
 8.583   91.3611
 8.569   91.3171
 8.555   91.2737
 8.541   91.1350
 8.527   90.9866
 8.513   90.9949
 8.499   91.0003
 8.485   90.9646
 8.471   90.8801
 8.457   90.8875
 8.443   90.8347
 8.430   90.7810
 8.416   90.8518
 8.402   90.9099
 8.389   90.8523
 8.375   90.8806
 8.362   90.9036
 8.348   90.8699
 8.335   90.9143
 8.321   90.9915
 8.308   90.9041
 8.295   90.8377
 8.281   90.8572
 8.268   90.8565
 8.255   90.7703
 8.242   90.6306
 8.229   90.5105
 8.216   90.3386
 8.203   90.1504
 8.190   90.0618
 8.177   89.9844
 8.164   89.8809
 8.151   89.7735
 8.138   89.6531
 8.126   89.4453
 8.113   89.2595
 8.100   89.0886
 8.088   88.8985
 8.075   88.7410
 8.062   88.5759
 8.050   88.3406
 8.037   88.1736
 8.025   88.0086
 8.013   87.8010
 8.000   87.6614
 7.988   87.5459
 7.976   87.3884
 7.963   87.2517
 7.951   87.1406
 7.939   86.9920
 7.927   86.7696
 7.915   86.5506
 7.903   86.2949
 7.891   86.0303
 7.879   85.7881
 7.867   85.5899
 7.855   85.3538
 7.843   85.0828
 7.831   84.7908
 7.819   84.5301
 7.807   84.2578
 7.796   84.0315
 7.784   83.8470
 7.772   83.6658
 7.761   83.4991
 7.749   83.2608
 7.738   82.9724
 7.726   82.7412
 7.715   82.4756
 7.703   82.1866
 7.692   81.8975
 7.680   81.6436
 7.669   81.3926
 7.658   81.1504
 7.646   80.9207
 7.635   80.6966
 7.624   80.4092
 7.613   80.0896
 7.601   79.7923
 7.590   79.5135
 7.579   79.2000
 7.568   78.8543
 7.557   78.4510
 7.546   78.0430
 7.535   77.5948
 7.524   77.1729
 7.513   76.7686
 7.502   76.3523
 7.492   75.9021
 7.481   75.4148
 7.470   74.9119
 7.459   74.3758
 7.448   73.8025
 7.438   73.2169
 7.427   72.6241
 7.417   72.0096
 7.406   71.4017
 7.395   70.7881
 7.385   70.1348
 7.374   69.4642
 7.364   68.7833
 7.353   68.0950
 7.343   67.3575
 7.333   66.5906
 7.322   65.8241
 7.312   65.0047
 7.302   64.1278
 7.291   63.2118
 7.281   62.2616
 7.271   61.3028
 7.261   60.2813
 7.251   59.2267
 7.240   58.0858
 7.230   56.8436
 7.220   55.5252
 7.210   54.1903
 7.200   52.8194
 7.190   51.4552
 7.180   50.1544
 7.170   48.8651
 7.160   47.5048
 7.151   46.1278
 7.141   44.7189
 7.131   43.2431
 7.121   41.7091
 7.111   40.0871
 7.102   38.4201
 7.092   36.8373
 7.082   35.3730
 7.073   33.8566
 7.063   32.3466
 7.053   30.9777
 7.044   29.6884
 7.034   28.4335
 7.025   27.2424
 7.015   25.9921
 7.006   24.4706
 6.996   22.8654
 6.987   21.3381
 6.977   19.7590
 6.968   18.0803
 6.959   16.3752
 6.949   14.6972
 6.940   13.0566
 6.931   11.4209
 6.921    9.8711
 6.912    8.5158
 6.903    7.3608
 6.894    6.3183
 6.885    5.4043
 6.876    4.7268
 6.866    4.2600
 6.857    3.8838
 6.848    3.4905
 6.839    3.0832
 6.830    2.6992
 6.821    2.2278
 6.812    1.7161
 6.803    1.2903
 6.794    1.0139
 6.786    0.8616
 6.777    0.7893
 6.768    0.7998
 6.759    0.8359
 6.750    0.8606
 6.741    0.9426
 6.733    1.0647
 6.724    1.1865
 6.715    1.3467
 6.707    1.5481
 6.698    1.7473
 6.689    1.9465
 6.681    2.2297
 6.672    2.5188
 6.663    2.7773
 6.655    3.1028
 6.646    3.4824
 6.638    3.8664
 6.629    4.3079
 6.621    4.7793
 6.612    5.2939
 6.604    5.9043
 6.596    6.6660
 6.587    7.5273
 6.579    8.4804
 6.571    9.5771
 6.562   10.8320
 6.554   12.2197
 6.546   13.7724
 6.537   15.4943
 6.529   17.3056
 6.521   19.2524
 6.513   21.3583
 6.505   23.4999
 6.496   25.6586
 6.488   27.8935
 6.480   30.0966
 6.472   32.1877
 6.464   34.2775
 6.456   36.3524
 6.448   38.3166
 6.440   40.2782
 6.432   42.2221
 6.424   43.9103
 6.416   45.3536
 6.408   46.8153
 6.400   48.1708
 6.392   49.3485
 6.384   50.4501
 6.377   51.5216
 6.369   52.7150
 6.361   54.2215
 6.353   55.8585
 6.345   57.4930
 6.338   59.0809
 6.330   60.5147
 6.322   61.8133
 6.314   62.9950
 6.307   64.0047
 6.299   64.8436
 6.291   65.5916
 6.284   66.2518
 6.276   66.8458
 6.269   67.3699
 6.261   67.8077
 6.254   68.1571
 6.246   68.4903
 6.238   68.7791
 6.231   69.0028
 6.223   69.1776
 6.216   69.3445
 6.209   69.5418
 6.201   69.7986
 6.194   69.9962
 6.186   70.1378
 6.179   70.3956
 6.172   70.7256
 6.164   71.0440
 6.157   71.4080
 6.150   71.8536
 6.142   72.2752
 6.135   72.7010
 6.128   73.2147
 6.121   73.7071
 6.113   74.1834
 6.106   74.7354
 6.099   75.2706
 6.092   75.7354
 6.085   76.1336
 6.078   76.4783
 6.070   76.7989
 6.063   77.0625
 6.056   77.2022
 6.049   77.2654
 6.042   77.4275
 6.035   77.5662
 6.028   77.5652
 6.021   77.4190
 6.014   77.2703
 6.007   77.2649
 6.000   77.4405
 5.993   77.7703
 5.986   78.2791
 5.979   78.8995
 5.973   79.6104
 5.966   80.3523
 5.959   81.1258
 5.952   81.8789
 5.945   82.5576
 5.938   83.1429
 5.932   83.7303
 5.925   84.3543
 5.918   84.9534
 5.911   85.4903
 5.905   85.9444
 5.898   86.3985
 5.891   86.8777
 5.884   87.2608
 5.878   87.6035
 5.871   87.9568
 5.864   88.2412
 5.858   88.4802
 5.851   88.7332
 5.845   88.9705
 5.838   89.1902
 5.831   89.3787
 5.825   89.5381
 5.818   89.6936
 5.812   89.9531
 5.805   90.1453
 5.799   90.2764
 5.792   90.4246
 5.786   90.6043
 5.779   90.8145
 5.773   90.9827
 5.767   91.1423
 5.760   91.3440
 5.754   91.5232
 5.747   91.6553
 5.741   91.7791
 5.735   91.9255
 5.728   92.0671
 5.722   92.2302
 5.716   92.3611
 5.709   92.4912
 5.703   92.6914
 5.697   92.8447
 5.691   92.9148
 5.684   93.0242
 5.678   93.1492
 5.672   93.2520
 5.666   93.3484
 5.660   93.4446
 5.653   93.4443
 5.647   93.3621
 5.641   93.0889
 5.635   92.3125
 5.629   90.6670
 5.623   88.4636
 5.617   86.5867
 5.611   85.3640
 5.604   84.3741
 5.598   83.5342
 5.592   83.2276
 5.586   84.0701
 5.580   85.9610
 5.574   87.8640
 5.568   89.0938
 5.562   89.7571
 5.556   90.6248
 5.550   91.8672
 5.545   92.9373
 5.539   93.5867
 5.533   93.9824
 5.527   94.2595
 5.521   94.4890
 5.515   94.6631
 5.509   94.7871
 5.503   94.9626
 5.498   95.1130
 5.492   95.2273
 5.486   95.3584
 5.480   95.4492
 5.474   95.5261
 5.469   95.6201
 5.463   95.7253
 5.457   95.8037
 5.451   95.9062
 5.446   96.0107
 5.440   96.0527
 5.434   96.1006
 5.428   96.1904
 5.423   96.2422
 5.417   96.3015
 5.411   96.3796
 5.406   96.4499
 5.400   96.4890
 5.395   96.5134
 5.389   96.5593
 5.383   96.6084
 5.378   96.6404
 5.372   96.6804
 5.367   96.7178
 5.361   96.7695
 5.356   96.8660
 5.350   96.9590
 5.344   97.0225
 5.339   97.0605
 5.333   97.1133
 5.328   97.1240
 5.323   97.1472
 5.317   97.2107
 5.312   97.2519
 5.306   97.2881
 5.301   97.3037
 5.295   97.3330
 5.290   97.3896
 5.285   97.4385
 5.279   97.4910
 5.274   97.4944
 5.268   97.5193
 5.263   97.5857
 5.258   97.6365
 5.252   97.6680
 5.247   97.7031
 5.242   97.7246
 5.237   97.7217
 5.231   97.7402
 5.226   97.7908
 5.221   97.8301
 5.215   97.8494
 5.210   97.8552
 5.205   97.8699
 5.200   97.8916
 5.195   97.9919
 5.189   98.0078
 5.184   97.9167
 5.179   98.0022
 5.174   98.1081
 5.169   98.1387
 5.163   98.1160
 5.158   98.1208
 5.153   98.1267
 5.148   98.1689
 5.143   98.2048
 5.138   98.1970
 5.133   98.2080
 5.128   98.2380
 5.123   98.2734
 5.118   98.3105
 5.113   98.3144
 5.108   98.3252
 5.103   98.3613
 5.097   98.3760
 5.092   98.3857
 5.087   98.3948
 5.083   98.4158
 5.078   98.4346
 5.073   98.4802
 5.068   98.4675
 5.063   98.4949
 5.058   98.5330
 5.053   98.5251
 5.048   98.5078
 5.043   98.5369
 5.038   98.5647
 5.033   98.5759
 5.028   98.6003
 5.023   98.6384
 5.019   98.6394
 5.014   98.6702
 5.009   98.7180
 5.004   98.7200
 4.999   98.7009
 4.994   98.7380
 4.990   98.7405
 4.985   98.7434
 4.980   98.8025
 4.975   98.8259
 4.970   98.8205
 4.966   98.8479
 4.961   98.8572
 4.956   98.8347
 4.951   98.8586
 4.947   98.8943
 4.942   98.9128
 4.937   98.9387
 4.933   98.9519
 4.928   98.9636
 4.923   98.9665
 4.919   98.9880
 4.914   99.0178
 4.909   99.0442
 4.905   99.0745
 4.900   99.0754
 4.895   99.0549
 4.891   99.0447
 4.886   99.0427
 4.882   99.0261
 4.877   99.0393
 4.872   99.0881
 4.868   99.0940
 4.863   99.1091
 4.859   99.1462
 4.854   99.1457
 4.850   99.1155
 4.845   99.1296
 4.840   99.2107
 4.836   99.2097
 4.831   99.1951
 4.827   99.2253
 4.822   99.2512
 4.818   99.2200
 4.814   99.2112
 4.809   99.2361
 4.805   99.2346
 4.800   99.2898
 4.796   99.3401
 4.791   99.3054
 4.787   99.2912
 4.782   99.3122
 4.778   99.3074
 4.774   99.2859
 4.769   99.3000
 4.765   99.3240
 4.760   99.3108
 4.756   99.2864
 4.752   99.3069
 4.747   99.3240
 4.743   99.2952
 4.739   99.2859
 4.734   99.3083
 4.730   99.2927
 4.726   99.2527
 4.721   99.2766
 4.717   99.2795
 4.713   99.2839
 4.709   99.2849
 4.704   99.2746
 4.700   99.2419
 4.696   99.2576
 4.692   99.2580
 4.687   99.2634
 4.683   99.2966
 4.679   99.2912
 4.675   99.2659
 4.670   99.2244
 4.666   99.2312
 4.662   99.2405
 4.658   99.2639
 4.654   99.2678
 4.649   99.1970
 4.645   99.1584
 4.641   99.1916
 4.637   99.2786
 4.633   99.2761
 4.629   99.2761
 4.625   99.3708
 4.620   99.4963
 4.616   99.4963
 4.612   99.3943
 4.608   99.4177
 4.604   99.4861
 4.600   99.5095
 4.596   99.4636
 4.592   99.4314
 4.588   99.4338
 4.584   99.4465
 4.580   99.4573
 4.576   99.4285
 4.572   99.4519
 4.568   99.4939
 4.564   99.4709
 4.560   99.4636
 4.555   99.4934
 4.551   99.5046
 4.548   99.5281
 4.544   99.5564
 4.540   99.5837
 4.536   99.5925
 4.532   99.6013
 4.528   99.6174
 4.524   99.6106
 4.520   99.6218
 4.516   99.6081
 4.512   99.5671
 4.508   99.5779
 4.504   99.6081
 4.500   99.5954
 4.496   99.6120
 4.492   99.6550
 4.488   99.6902
 4.485   99.7107
 4.481   99.7112
 4.477   99.7092
 4.473   99.7156
 4.469   99.7165
 4.465   99.6995
 4.461   99.6794
 4.458   99.6872
 4.454   99.7117
 4.450   99.6853
 4.446   99.6902
 4.442   99.7053
 4.438   99.7151
 4.435   99.7195
 4.431   99.7790
 4.427   99.7566
 4.423   99.6775
 4.420   99.7204
 4.416   99.7556
 4.412   99.7292
 4.408   99.7478
 4.405   99.7761
 4.401   99.7576
 4.397   99.7385
 4.393   99.7522
 4.390   99.7541
 4.386   99.7839
 4.382   99.8025
 4.379   99.8108
 4.375   99.7995
 4.371   99.7829
 4.367   99.7991
 4.364   99.8640
 4.360   99.8186
 4.356   99.7502
 4.353   99.7649
 4.349   99.7790
 4.345   99.7478
 4.342   99.7214
 4.338   99.6902
 4.335   99.6824
 4.331   99.7375
 4.327   99.7639
 4.324   99.7795
 4.320   99.7742
 4.317   99.7341
 4.313   99.7136
 4.309   99.7204
 4.306   99.7156
 4.302   99.6892
 4.299   99.6540
 4.295   99.7092
 4.292   99.6892
 4.288   99.6853
 4.284   99.7048
 4.281   99.7009
 4.277   99.6570
 4.274   99.6814
 4.270   99.7204
 4.267   99.6897
 4.263   99.6819
 4.260   99.7224
 4.256   99.7146
 4.253   99.6838
 4.249   99.6413
 4.246   99.6604
 4.242   99.6892
 4.239   99.7439
 4.235   99.7956
 4.232   99.7781
 4.229   99.7263
 4.225   99.6619
 4.222   99.6760
 4.218   99.7273
 4.215   99.7781
 4.211   99.7585
 4.208   99.6941
 4.205   99.6721
 4.201   99.7161
 4.198   99.7351
 4.194   99.7014
 4.191   99.6682
 4.188   99.6912
 4.184   99.6946
 4.181   99.6799
 4.177   99.7087
 4.174   99.7248
 4.171   99.7527
 4.167   99.7698
 4.164   99.7302
 4.161   99.7034
 4.157   99.7156
 4.154   99.7497
 4.151   99.7439
 4.147   99.7439
 4.144   99.7131
 4.141   99.6511
 4.137   99.6755
 4.134   99.6955
 4.131   99.6579
 4.128   99.6785
 4.124   99.7029
 4.121   99.6560
 4.118   99.6174
 4.114   99.5886
 4.111   99.5359
 4.108   99.5325
 4.105   99.5686
 4.101   99.5862
 4.098   99.5935
 4.095   99.6042
 4.092   99.6453
 4.088   99.6589
 4.085   99.6277
 4.082   99.6018
 4.079   99.5798
 4.076   99.4729
 4.072   99.3913
 4.069   99.3611
 4.066   99.3415
 4.063   99.2712
 4.060   99.2204
 4.056   99.1267
 4.053   99.0334
 4.050   98.9123
 4.047   98.7849
 4.044   98.5984
 4.041   98.3796
 4.038   98.1560
 4.034   97.8831
 4.031   97.6091
 4.028   97.2869
 4.025   96.9788
 4.022   96.6702
 4.019   96.3909
 4.016   96.1091
 4.013   95.7898
 4.009   95.4900
 4.006   95.3577
 4.003   95.2131
 4.000   95.0437
 3.997   95.0271
 3.994   95.0867
 3.991   95.1331
 3.988   95.1917
 3.985   95.3167
 3.982   95.2156
 3.979   94.8591
 3.976   94.5002
 3.973   94.2156
 3.969   93.9592
 3.966   93.7175
 3.963   93.6624
 3.960   93.8123
 3.957   94.0061
 3.954   94.2288
 3.951   94.5398
 3.948   94.9534
 3.945   95.3923
 3.942   95.7751
 3.939   96.0432
 3.936   96.1609
 3.933   96.0784
 3.930   95.8870
 3.927   95.7048
 3.924   95.7073
 3.921   95.9099
 3.918   96.2253
 3.916   96.5334
 3.913   96.7605
 3.910   96.9177
 3.907   97.1150
 3.904   97.2820
 3.901   97.4260
 3.898   97.5632
 3.895   97.7029
 3.892   97.7976
 3.889   97.8796
 3.886   97.9480
 3.883   98.0002
 3.880   98.0085
 3.877   97.9910
 3.875   98.0535
 3.872   98.1169
 3.869   98.1902
 3.866   98.2820
 3.863   98.3928
 3.860   98.4665
 3.857   98.5940
 3.854   98.6843
 3.852   98.6384
 3.849   98.5725
 3.846   98.5857
 3.843   98.6062
 3.840   98.6267
 3.837   98.6501
 3.834   98.6252
 3.832   98.5666
 3.829   98.5447
 3.826   98.5466
 3.823   98.5686
 3.820   98.5779
 3.817   98.5530
 3.815   98.5124
 3.812   98.5217
 3.809   98.5173
 3.806   98.5427
 3.803   98.5261
 3.801   98.5906
 3.798   98.6648
 3.795   98.6501
 3.792   98.6443
 3.790   98.7410
 3.787   98.8415
 3.784   98.8049
 3.781   98.8303
 3.779   99.0061
 3.776   99.1892
 3.773   99.2996
 3.770   99.2497
 3.768   99.1721
 3.765   99.2639
 3.762   99.3948
 3.759   99.4573
 3.757   99.5100
 3.754   99.5959
 3.751   99.6501
 3.748   99.7038
 3.746   99.7390
 3.743   99.7458
 3.740   99.7370
 3.738   99.7234
 3.735   99.7439
 3.732   99.7722
 3.730   99.8035
 3.727   99.7995
 3.724   99.7932
 3.722   99.8230
 3.719   99.7908
 3.716   99.7556
 3.714   99.7073
 3.711   99.6721
 3.708   99.6658
 3.706   99.7268
 3.703   99.7175
 3.700   99.6716
 3.698   99.6599
 3.695   99.6863
 3.692   99.7244
 3.690   99.7654
 3.687   99.7917
 3.685   99.7751
 3.682   99.7405
 3.679   99.6921
 3.677   99.6941
 3.674   99.7327
 3.671   99.7576
 3.669   99.7580
 3.666   99.7419
 3.664   99.7151
 3.661   99.6975
 3.659   99.7537
 3.656   99.7659
 3.653   99.6716
 3.651   99.7146
 3.648   99.8162
 3.646   99.8337
 3.643   99.8376
 3.641   99.8074
 3.638   99.7859
 3.635   99.7859
 3.633   99.8083
 3.630   99.7659
 3.628   99.6682
 3.625   99.6565
 3.623   99.6662
 3.620   99.6794
 3.618   99.6760
 3.615   99.6589
 3.613   99.6492
 3.610   99.5935
 3.608   99.5940
 3.605   99.6018
 3.603   99.6081
 3.600   99.6042
 3.598   99.6091
 3.595   99.5974
 3.593   99.5471
 3.590   99.5613
 3.588   99.6521
 3.585   99.7204
 3.583   99.7092
 3.580   99.6623
 3.578   99.6628
 3.575   99.6081
 3.573   99.5310
 3.570   99.4392
 3.568   99.3581
 3.565   99.3708
 3.563   99.4050
 3.561   99.4880
 3.558   99.5100
 3.556   99.4924
 3.553   99.5061
 3.551   99.5154
 3.548   99.4651
 3.546   99.4514
 3.544   99.4509
 3.541   99.4509
 3.539   99.3962
 3.536   99.3386
 3.534   99.2859
 3.531   99.2698
 3.529   99.2117
 3.527   99.1370
 3.524   99.0588
 3.522   98.9788
 3.519   98.8611
 3.517   98.6584
 3.515   98.4455
 3.512   98.2268
 3.510   98.0154
 3.508   97.8318
 3.505   97.7634
 3.503   97.7932
 3.500   97.8928
 3.498   98.0994
 3.496   98.2917
 3.493   98.4392
 3.491   98.5017
 3.489   98.5544
 3.486   98.5686
 3.484   98.6174
 3.482   98.6355
 3.479   98.5583
 3.477   98.4978
 3.475   98.6091
 3.472   98.6741
 3.470   98.5095
 3.468   98.3811
 3.465   98.4299
 3.463   98.4123
 3.461   98.2908
 3.458   98.0779
 3.456   97.9412
 3.454   97.9123
 3.452   97.8259
 3.449   97.6760
 3.447   97.5066
 3.445   97.3733
 3.442   97.2498
 3.440   97.0471
 3.438   96.7986
 3.435   96.4861
 3.433   96.1404
 3.431   95.7600
 3.429   95.4431
 3.426   95.2722
 3.424   95.2244
 3.422   95.2380
 3.420   95.3064
 3.417   95.4451
 3.415   95.6052
 3.413   95.8337
 3.411   96.0334
 3.408   96.1956
 3.406   96.3186
 3.404   96.4695
 3.402   96.6697
 3.399   96.8005
 3.397   96.8850
 3.395   97.0076
 3.393   97.0896
 3.391   97.1492
 3.388   97.1326
 3.386   97.0491
 3.384   97.0256
 3.382   97.0544
 3.380   97.0994
 3.377   97.0823
 3.375   97.1169
 3.373   97.1482
 3.371   97.2156
 3.369   97.2966
 3.366   97.2966
 3.364   97.2537
 3.362   97.1882
 3.360   97.1306
 3.358   97.1135
 3.355   97.0745
 3.353   97.0647
 3.351   97.0564
 3.349   97.0740
 3.347   97.0701
 3.345   97.0881
 3.342   97.1975
 3.340   97.3577
 3.338   97.4846
 3.336   97.5432
 3.334   97.6365
 3.332   97.7717
 3.330   97.8591
 3.327   97.8914
 3.325   97.8845
 3.323   97.9080
 3.321   97.9163
 3.319   97.9685
 3.317   98.0945
 3.315   98.1819
 3.313   98.1980
 3.310   98.1936
 3.308   98.1565
 3.306   98.2068
 3.304   98.2932
 3.302   98.2966
 3.300   98.2424
 3.298   98.2190
 3.296   98.2737
 3.294   98.3669
 3.292   98.3479
 3.289   98.2795
 3.287   98.2776
 3.285   98.2595
 3.283   98.3049
 3.281   98.3557
 3.279   98.3240
 3.277   98.2908
 3.275   98.3010
 3.273   98.3069
 3.271   98.3147
 3.269   98.2991
 3.267   98.2908
 3.265   98.2756
 3.263   98.2600
 3.260   98.2561
 3.258   98.2092
 3.256   98.1819
 3.254   98.2458
 3.252   98.2541
 3.250   98.1599
 3.248   98.0686
 3.246   98.0276
 3.244   98.0842
 3.242   98.1521
 3.240   98.0823
 3.238   97.9587
 3.236   97.9084
 3.234   97.8928
 3.232   97.9236
 3.230   97.9001
 3.228   97.8264
 3.226   97.7248
 3.224   97.6833
 3.222   97.6931
 3.220   97.6194
 3.218   97.5447
 3.216   97.5476
 3.214   97.5789
 3.212   97.5447
 3.210   97.4626
 3.208   97.3630
 3.206   97.3455
 3.204   97.3630
 3.202   97.3464
 3.200   97.2498
 3.198   97.2087
 3.196   97.2312
 3.194   97.2146
 3.192   97.1990
 3.190   97.0896
 3.188   97.0623
 3.186   97.0671
 3.184   97.0701
 3.182   97.0623
 3.180   97.0027
 3.179   96.9050
 3.177   96.8376
 3.175   96.7156
 3.173   96.6492
 3.171   96.6755
 3.169   96.6052
 3.167   96.5232
 3.165   96.4402
 3.163   96.4031
 3.161   96.3386
 3.159   96.2966
 3.157   96.2576
 3.155   96.1257
 3.153   96.0808
 3.151   96.0574
 3.150   95.9392
 3.148   95.8249
 3.146   95.7869
 3.144   95.7537
 3.142   95.6316
 3.140   95.5759
 3.138   95.5330
 3.136   95.3992
 3.134   95.3171
 3.132   95.2322
 3.131   95.1834
 3.129   95.1150
 3.127   95.0388
 3.125   94.9460
 3.123   94.8689
 3.121   94.8084
 3.119   94.8835
 3.117   94.8875
 3.115   94.8367
 3.114   94.7175
 3.112   94.7048
 3.110   94.7595
 3.108   94.7966
 3.106   94.8533
 3.104   94.8435
 3.102   94.8132
 3.101   94.7937
 3.099   94.7888
 3.097   94.7937
 3.095   94.8347
 3.093   94.8240
 3.091   94.6834
 3.089   94.5671
 3.088   94.5457
 3.086   94.5613
 3.084   94.4949
 3.082   94.4617
 3.080   94.4431
 3.078   94.4490
 3.077   94.4011
 3.075   94.2830
 3.073   94.2683
 3.071   94.2986
 3.069   94.2595
 3.068   94.1199
 3.066   94.0710
 3.064   94.0837
 3.062   94.0759
 3.060   94.1648
 3.058   94.1834
 3.057   94.2000
 3.055   94.2830
 3.053   94.3796
 3.051   94.3826
 3.050   94.3875
 3.048   94.4177
 3.046   94.3630
 3.044   94.3435
 3.042   94.2996
 3.041   94.1824
 3.039   94.0818
 3.037   94.0173
 3.035   93.8796
 3.033   93.7595
 3.032   93.6804
 3.030   93.7185
 3.028   93.6414
 3.026   93.5164
 3.025   93.4168
 3.023   93.3416
 3.021   93.1404
 3.019   92.9392
 3.018   92.7908
 3.016   92.6365
 3.014   92.5281
 3.012   92.4314
 3.011   92.3015
 3.009   92.1609
 3.007   92.0584
 3.005   91.9080
 3.004   91.8123
 3.002   91.7244
 3.000   91.5466
 2.998   91.4197
 2.997   91.3884
 2.995   91.3728
 2.993   91.3025
 2.991   91.1453
 2.990   91.0007
 2.988   90.9490
 2.986   90.9451
 2.985   90.9724
 2.983   90.8836
 2.981   90.6306
 2.979   90.4304
 2.978   90.2849
 2.976   90.2019
 2.974   90.0818
 2.973   89.9431
 2.971   89.8181
 2.969   89.5945
 2.967   89.3211
 2.966   89.1707
 2.964   89.0203
 2.962   88.8826
 2.961   88.7634
 2.959   88.6179
 2.957   88.4627
 2.956   88.3054
 2.954   88.0818
 2.952   87.9148
 2.951   87.7068
 2.949   87.5642
 2.947   87.5008
 2.946   87.3914
 2.944   87.3015
 2.942   87.1814
 2.941   87.0369
 2.939   86.9539
 2.937   86.8484
 2.936   86.6970
 2.934   86.5408
 2.932   86.4431
 2.931   86.3718
 2.929   86.2361
 2.927   86.0779
 2.926   85.9783
 2.924   85.8836
 2.922   85.8650
 2.921   85.8826
 2.919   85.8474
 2.917   85.7752
 2.916   85.7273
 2.914   85.7547
 2.912   85.7820
 2.911   85.8885
 2.909   85.9851
 2.908   86.0047
 2.906   86.0603
 2.904   86.0564
 2.903   85.9998
 2.901   86.1424
 2.899   86.3513
 2.898   86.4617
 2.896   86.3992
 2.895   86.4881
 2.893   86.6853
 2.891   86.7547
 2.890   86.7888
 2.888   86.8748
 2.887   87.0193
 2.885   87.2244
 2.883   87.3201
 2.882   87.3689
 2.880   87.5330
 2.878   87.6140
 2.877   87.7273
 2.875   87.8797
 2.874   88.0466
 2.872   88.1677
 2.871   88.2283
 2.869   88.3572
 2.867   88.5740
 2.866   88.8748
 2.864   89.1209
 2.863   89.2908
 2.861   89.4021
 2.859   89.4373
 2.858   89.4304
 2.856   89.4451
 2.855   89.4959
 2.853   89.5632
 2.852   89.7009
 2.850   89.8045
 2.848   89.9773
 2.847   90.2390
 2.845   90.3914
 2.844   90.5447
 2.842   90.7039
 2.841   90.8289
 2.839   90.9529
 2.838   91.0046
 2.836   90.9998
 2.834   91.0271
 2.833   91.1716
 2.831   91.2459
 2.830   91.3103
 2.828   91.4539
 2.827   91.5593
 2.825   91.5867
 2.824   91.6130
 2.822   91.7224
 2.821   91.7849
 2.819   91.8884
 2.817   91.9265
 2.816   92.0076
 2.814   92.1404
 2.813   92.2273
 2.811   92.2507
 2.810   92.1921
 2.808   92.3103
 2.807   92.4744
 2.805   92.6218
 2.804   92.7029
 2.802   92.7810
 2.801   92.8728
 2.799   92.8259
 2.798   92.9070
 2.796   93.0720
 2.795   93.2312
 2.793   93.2781
 2.792   93.3093
 2.790   93.4539
 2.789   93.5779
 2.787   93.6296
 2.786   93.8210
 2.784   93.9763
 2.783   93.9880
 2.781   93.9919
 2.780   94.1404
 2.778   94.3328
 2.777   94.4353
 2.775   94.4695
 2.774   94.4851
 2.772   94.5701
 2.771   94.5867
 2.769   94.6687
 2.768   94.8103
 2.766   94.9187
 2.765   95.0203
 2.763   95.1375
 2.762   95.2263
 2.760   95.3210
 2.759   95.4109
 2.758   95.5281
 2.756   95.5789
 2.755   95.5671
 2.753   95.6208
 2.752   95.6726
 2.750   95.7000
 2.749   95.7341
 2.747   95.8318
 2.746   95.8982
 2.744   95.9490
 2.743   96.0632
 2.741   96.0124
 2.740   96.1169
 2.739   96.2429
 2.737   96.3474
 2.736   96.3337
 2.734   96.2624
 2.733   96.3513
 2.731   96.3992
 2.730   96.2751
 2.729   96.2732
 2.727   96.3054
 2.726   96.3054
 2.724   96.4148
 2.723   96.5906
 2.721   96.5789
 2.720   96.6648
 2.718   96.7156
 2.717   96.6570
 2.716   96.5974
 2.714   96.5359
 2.713   96.4734
 2.711   96.4138
 2.710   96.4226
 2.709   96.5447
 2.707   96.5544
 2.706   96.4773
 2.704   96.4333
 2.703   96.5349
 2.701   96.5486
 2.700   96.4099
 2.699   96.4187
 2.697   96.5388
 2.696   96.5740
 2.694   96.5427
 2.693   96.5310
 2.692   96.6189
 2.690   96.6794
 2.689   96.6453
 2.687   96.6267
 2.686   96.5623
 2.685   96.4705
 2.683   96.4333
 2.682   96.5007
 2.681   96.5427
 2.679   96.5544
 2.678   96.5515
 2.676   96.5154
 2.675   96.5398
 2.674   96.6404
 2.672   96.7771
 2.671   96.6140
 2.669   96.4529
 2.668   96.5056
 2.667   96.5232
 2.665   96.5037
 2.664   96.5046
 2.663   96.5359
 2.661   96.4968
 2.660   96.4216
 2.659   96.3748
 2.657   96.2859
 2.656   96.1843
 2.654   96.1990
 2.653   96.1873
 2.652   96.1882
 2.650   96.2859
 2.649   96.3748
 2.648   96.3601
 2.646   96.2273
 2.645   96.2390
 2.644   96.2634
 2.642   96.2888
 2.641   96.3748
 2.640   96.4314
 2.638   96.4617
 2.637   96.3474
 2.636   96.2078
 2.634   96.1794
 2.633   96.2107
 2.632   96.1521
 2.630   96.0710
 2.629   96.0476
 2.628   96.1169
 2.626   96.1804
 2.625   96.2507
 2.624   96.2976
 2.622   96.1179
 2.621   95.8826
 2.620   95.9177
 2.618   96.0623
 2.617   96.0398
 2.616   96.0154
 2.614   96.0476
 2.613   96.0154
 2.612   95.9646
 2.610   95.9197
 2.609   95.8835
 2.608   95.9724
 2.606   95.9451
 2.605   95.8679
 2.604   95.8474
 2.602   95.9216
 2.601   96.0007
 2.600   96.0007
 2.599   95.9958
 2.597   96.0037
 2.596   95.9744
 2.595   95.9275
 2.593   95.9919
 2.592   96.0720
 2.591   96.1306
 2.589   95.9919
 2.588   95.9392
 2.587   95.9626
 2.586   96.0369
 2.584   96.0349
 2.583   96.0310
 2.582   96.0271
 2.580   95.9294
 2.579   95.8845
 2.578   95.8083
 2.577   95.8455
 2.575   95.8845
 2.574   95.8416
 2.573   95.7498
 2.572   95.7810
 2.570   95.8396
 2.569   95.7849
 2.568   95.7712
 2.566   95.7458
 2.565   95.6970
 2.564   95.6013
 2.563   95.6052
 2.561   95.6521
 2.560   95.7029
 2.559   95.7947
 2.558   95.7595
 2.556   95.6599
 2.555   95.6697
 2.554   95.7966
 2.553   95.6443
 2.551   95.4900
 2.550   95.5642
 2.549   95.5974
 2.547   95.3376
 2.546   95.4626
 2.545   95.7654
 2.544   95.7263
 2.542   95.6248
 2.541   95.6443
 2.540   95.6208
 2.539   95.5330
 2.538   95.5330
 2.536   95.6462
 2.535   95.7517
 2.534   95.7185
 2.533   95.6794
 2.531   95.6111
 2.530   95.5037
 2.529   95.4841
 2.528   95.4451
 2.526   95.4001
 2.525   95.4080
 2.524   95.4646
 2.523   95.3044
 2.521   95.1404
 2.520   95.2927
 2.519   95.4705
 2.518   95.3943
 2.517   95.4802
 2.515   95.5271
 2.514   95.5251
 2.513   95.4705
 2.512   95.5076
 2.510   95.4919
 2.509   95.4939
 2.508   95.4373
 2.507   95.4470
 2.506   95.4001
 2.504   95.4236
 2.503   95.3708
 2.502   95.3142
 2.501   95.3298
 2.500   95.2517
 2.498   95.1873
 2.497   95.2263
 2.496   95.2732
 2.495   95.2615
 2.494   95.2908
 2.492   95.1365
 2.491   95.1794
 2.490   95.3005
 2.489   95.5251
 2.488   95.5095
 2.486   95.2849
 2.485   95.2771
 2.484   95.3044
 2.483   95.2634
 2.482   95.2498
 2.480   95.3044
 2.479   95.2849
 2.478   95.1521
 2.477   95.1169
 2.476   95.1501
 2.475   95.2048
 2.473   95.2576
 2.472   95.2458
 2.471   95.0935
 2.470   94.8748
 2.469   95.0232
 2.467   95.2810
 2.466   95.2966
 2.465   95.1423
 2.464   94.9255
 2.463   94.9802
 2.462   95.1814
 2.460   95.2263
 2.459   95.2126
 2.458   95.0408
 2.457   94.9294
 2.456   94.9919
 2.455   95.1677
 2.453   95.2283
 2.452   95.1130
 2.451   95.1365
 2.450   95.2068
 2.449   95.1326
 2.448   95.0154
 2.447   95.0408
 2.445   94.9783
 2.444   94.8923
 2.443   94.9685
 2.442   94.9490
 2.441   94.9568
 2.440   95.0584
 2.438   95.0584
 2.437   94.9060
 2.436   94.8435
 2.435   94.9236
 2.434   94.9392
 2.433   94.9548
 2.432   94.9724
 2.430   94.9861
 2.429   94.9080
 2.428   94.8845
 2.427   94.8084
 2.426   94.7966
 2.425   94.9783
 2.424   95.0037
 2.423   94.8240
 2.421   94.8611
 2.420   94.9216
 2.419   94.8923
 2.418   94.9255
 2.417   94.9626
 2.416   95.0232
 2.415   95.0955
 2.413   95.1443
 2.412   95.0720
 2.411   94.9294
 2.410   94.8689
 2.409   94.8982
 2.408   94.9236
 2.407   94.8123
 2.406   94.8240
 2.405   94.9334
 2.403   94.9470
 2.402   95.0095
 2.401   95.0330
 2.400   95.1716
 2.399   95.2126
 2.398   94.9880
 2.397   94.6209
 2.396   94.5564
 2.395   94.7048
 2.393   94.8435
 2.392   94.8845
 2.391   94.8455
 2.390   94.8162
 2.389   94.7693
 2.388   94.7595
 2.387   94.7498
 2.386   94.7048
 2.385   94.6482
 2.384   94.7185
 2.382   94.5857
 2.381   94.4216
 2.380   94.6638
 2.379   94.8591
 2.378   95.0017
 2.377   95.0251
 2.376   94.6970
 2.375   94.4314
 2.374   94.4763
 2.373   94.5017
 2.372   94.4529
 2.370   94.6189
 2.369   94.5251
 2.368   94.5115
 2.367   94.5388
 2.366   94.6189
 2.365   94.4548
 2.364   94.4314
 2.363   94.6580
 2.362   94.7927
 2.361   94.8533
 2.360   94.8201
 2.359   94.7830
 2.358   94.5955
 2.356   94.4529
 2.355   94.5154
 2.354   94.5330
 2.353   94.4998
 2.352   94.6052
 2.351   94.7498
 2.350   94.8005
 2.349   94.7888
 2.348   94.5564
 2.347   94.4529
 2.346   94.5584
 2.345   94.5330
 2.344   94.4919
 2.343   94.4080
 2.342   94.4060
 2.340   94.1658
 2.339   94.1951
 2.338   94.3376
 2.337   94.3787
 2.336   94.3748
 2.335   94.3513
 2.334   94.4529
 2.333   94.3787
 2.332   94.1189
 2.331   94.1716
 2.330   94.3044
 2.329   94.0271
 2.328   93.7185
 2.327   93.9060
 2.326   94.2380
 2.325   94.3357
 2.324   94.3298
 2.323   94.3123
 2.322   94.2576
 2.321   94.2283
 2.320   94.2673
 2.318   94.4373
 2.317   94.4236
 2.316   94.2751
 2.315   94.2693
 2.314   94.2517
 2.313   94.1873
 2.312   94.0505
 2.311   93.9627
 2.310   94.0876
 2.309   94.1716
 2.308   94.2810
 2.307   94.3943
 2.306   94.3064
 2.305   94.3396
 2.304   94.3240
 2.303   94.3162
 2.302   94.3923
 2.301   94.6013
 2.300   94.6267
 2.299   94.5408
 2.298   94.4529
 2.297   94.3005
 2.296   94.1111
 2.295   93.9861
 2.294   93.9529
 2.293   93.9685
 2.292   94.0232
 2.291   94.2341
 2.290   94.2673
 2.289   94.2673
 2.288   94.3201
 2.287   94.2849
 2.286   94.2029
 2.285   93.9294
 2.284   93.8923
 2.283   94.0251
 2.282   94.1033
 2.281   94.1990
 2.280   94.2888
 2.279   94.3435
 2.278   94.1345
 2.277   94.0251
 2.276   93.9861
 2.275   93.9138
 2.274   94.1052
 2.273   94.3201
 2.272   94.3044
 2.271   94.4177
 2.270   94.2595
 2.269   94.0466
 2.268   93.9861
 2.267   93.8826
 2.266   94.0037
 2.265   94.2419
 2.264   94.0486
 2.263   93.9294
 2.262   93.9548
 2.261   94.0310
 2.260   93.8201
 2.259   93.7185
 2.258   94.1169
 2.257   94.2341
 2.256   94.1248
 2.255   94.3298
 2.254   94.1716
 2.253   93.6267
 2.252   93.6189
 2.251   94.1892
 2.250   94.4060
 2.249   94.1091
 2.248   93.7908
 2.247   93.7498
 2.246   93.9627
 2.245   94.0779
 2.244   94.1013
 2.243   94.0486
 2.242   93.9021
 2.241   94.0095
 2.240   94.0779
 2.239   93.8689
 2.238   93.7673
 2.237   93.7263
 2.236   93.7908
 2.236   93.8904
 2.235   94.0564
 2.234   94.1658
 2.233   94.2107
 2.232   94.0857
 2.231   94.1287
 2.230   94.2361
 2.229   94.2673
 2.228   93.9919
 2.227   93.9627
 2.226   94.0154
 2.225   94.0310
 2.224   93.8923
 2.223   93.6423
 2.222   93.5330
 2.221   93.4705
 2.220   93.6716
 2.219   93.9451
 2.218   94.1248
 2.217   94.1111
 2.216   94.0720
 2.215   94.1423
 2.215   93.9158
 2.214   93.5408
 2.213   93.4216
 2.212   93.5877
 2.211   93.7517
 2.210   93.7107
 2.209   93.7595
 2.208   93.9314
 2.207   94.0408
 2.206   94.1970
 2.205   94.3064
 2.204   94.1658
 2.203   93.9705
 2.202   93.7654
 2.201   93.6580
 2.200   93.7498
 2.199   93.7595
 2.199   93.8904
 2.198   93.7888
 2.197   93.7498
 2.196   93.8865
 2.195   93.9294
 2.194   94.0935
 2.193   93.9880
 2.192   93.7849
 2.191   93.8474
 2.190   93.8123
 2.189   93.6482
 2.188   93.6052
 2.187   93.9216
 2.186   94.2615
 2.186   94.1521
 2.185   93.8748
 2.184   93.6560
 2.183   93.7029
 2.182   93.5779
 2.181   93.4334
 2.180   93.2771
 2.179   93.2576
 2.178   93.5349
 2.177   93.8279
 2.176   93.8162
 2.175   93.4216
 2.175   93.4334
 2.174   93.6716
 2.173   93.8318
 2.172   93.8123
 2.171   93.7419
 2.170   93.6287
 2.169   93.6287
 2.168   93.8669
 2.167   93.9451
 2.166   93.8709
 2.165   93.9568
 2.165   93.9021
 2.164   93.8084
 2.163   93.7341
 2.162   93.7732
 2.161   93.7029
 2.160   93.7498
 2.159   93.8396
 2.158   93.8318
 2.157   93.5701
 2.156   93.4802
 2.156   93.5310
 2.155   93.7107
 2.154   94.1287
 2.153   94.1482
 2.152   93.8396
 2.151   93.6599
 2.150   93.4255
 2.149   93.2146
 2.148   93.0974
 2.148   93.0388
 2.147   93.1091
 2.146   93.3044
 2.145   93.4334
 2.144   93.3630
 2.143   93.4373
 2.142   93.6287
 2.141   93.4099
 2.140   93.1755
 2.140   93.2693
 2.139   93.4021
 2.138   93.3865
 2.137   93.4021
 2.136   93.4255
 2.135   93.6169
 2.134   93.3474
 2.133   93.3591
 2.133   93.5662
 2.132   93.6716
 2.131   93.4490
 2.130   93.1873
 2.129   93.1482
 2.128   93.2537
 2.127   93.4529
 2.126   93.4841
 2.126   93.3357
 2.125   93.4724
 2.124   93.5466
 2.123   93.4294
 2.122   93.3826
 2.121   93.3201
 2.120   93.2771
 2.119   93.1443
 2.119   93.1443
 2.118   93.4216
 2.117   93.3669
 2.116   93.3904
 2.115   93.5037
 2.114   93.3201
 2.113   93.3044
 2.113   93.5154
 2.112   93.9021
 2.111   93.6169
 2.110   93.2107
 2.109   93.1794
 2.108   93.2185
 2.107   93.2771
 2.107   93.3865
 2.106   93.4373
 2.105   93.3748
 2.104   93.5193
 2.103   93.5427
 2.102   93.4373
 2.101   93.5232
 2.101   93.4216
 2.100   93.3318
 2.099   93.3787
 2.098   93.3748
 2.097   93.2380
 2.096   93.3318
 2.095   93.4841
 2.095   93.6404
 2.094   93.5701
 2.093   93.2966
 2.092   93.1794
 2.091   93.1326
 2.090   93.1404
 2.090   93.2146
 2.089   93.3943
 2.088   93.5466
 2.087   93.6990
 2.086   93.4529
 2.085   93.3826
 2.085   93.7185
 2.084   93.5505
 2.083   93.3123
 2.082   93.3669
 2.081   93.5115
 2.080   93.2693
 2.079   93.0544
