Name: Arkosic Sandstone 
Type:  Rocks
Class:  Sedimentary
Subclass: Sandstone 
Particle Size:  0 - 75 Micrometers
Sample No.:  sandstone.1
Owner:  JHU
Wavelength Range:  All
Origin:  Sample No. 362,  The Hunt and Salisbury Collection at the U.S. 
Geological Survey, Denver, Co.
Description: Sample is moderately sorted fine medium-grained rock 
with slight porosity. Well-rounded to subrounded quartz grains have 
fluid inclusions and ferruginous staining, and are cemented with 
overgrowths of chalcedony. A trace of microcline and regions of 
concentrated carbonaceous granules and/or opaques on the grains 
are present. Secondary carbonate crystallites exist in some pores.
Measurement:  Directional (10 Degree) Hemispherical Reflectance
First Column:  X
Second Column:  Y  
X Units:  Wavelength (micrometers)
Y Units:  Reflectance (percent)
First X Value: 14.0112
Last X Value:  0.4
Number of X Values: 2844
Additional Information:  None
14.983    6.7391
14.940    6.6957
14.897    6.6808
14.854    6.5472
14.812    6.3940
14.770    6.1248
14.728    5.7667
14.686    5.4247
14.645    4.9544
14.603    4.3939
14.562    3.8774
14.521    3.2818
14.481    2.6594
14.441    2.0930
14.400    1.7529
14.361    1.6265
14.321    1.7091
14.281    2.0800
14.242    2.6940
14.203    3.4322
14.164    4.1436
14.126    4.7948
14.087    5.4262
14.049    5.9583
14.011    6.4118
13.973    6.8279
13.936    7.1940
13.899    7.5412
13.861    7.8126
13.824    7.9982
13.788    8.1278
13.751    8.1867
13.715    8.2080
13.679    8.1815
13.643    8.1254
13.607    8.0880
13.571    8.0560
13.536    7.9828
13.500    7.9099
13.465    7.8478
13.430    7.7692
13.396    7.6352
13.361    7.4611
13.327    7.2674
13.293    7.0604
13.259    6.8011
13.225    6.5006
13.191    6.1522
13.158    5.7527
13.124    5.3085
13.091    4.8486
13.058    4.4083
13.026    4.0358
12.993    3.7199
12.960    3.4641
12.928    3.2695
12.896    3.1314
12.864    3.0317
12.832    2.9533
12.800    2.8522
12.769    2.7324
12.737    2.5953
12.706    2.4667
12.675    2.3772
12.644    2.3360
12.614    2.3324
12.583    2.3539
12.552    2.3539
12.522    2.3168
12.492    2.2204
12.462    2.0530
12.432    1.8121
12.402    1.5317
12.373    1.2771
12.343    1.1052
12.314    1.0297
12.285    1.0827
12.256    1.2629
12.227    1.5632
12.198    1.9372
12.169    2.3639
12.141    2.8432
12.113    3.3509
12.084    3.8523
12.056    4.3434
12.028    4.8178
12.000    5.2824
11.973    5.7262
11.945    6.1466
11.918    6.5359
11.890    6.9060
11.863    7.2563
11.836    7.5949
11.809    7.9300
11.782    8.2521
11.755    8.5649
11.729    8.8676
11.702    9.1243
11.676    9.3298
11.650    9.4738
11.624    9.5645
11.598    9.6223
11.572    9.6630
11.546    9.6988
11.520    9.7376
11.495    9.7525
11.469    9.7653
11.444    9.7980
11.419    9.8553
11.394    9.9223
11.369    9.9917
11.344   10.0510
11.319   10.0870
11.294   10.0760
11.270   10.0370
11.245    9.9832
11.221    9.9074
11.197    9.8075
11.173    9.7042
11.149    9.5953
11.125    9.4786
11.101    9.3485
11.077    9.2143
11.054    9.0736
11.030    8.9194
11.007    8.7733
10.983    8.6573
10.960    8.5739
10.937    8.5315
10.914    8.5173
10.891    8.5315
10.868    8.5540
10.846    8.5640
10.823    8.5670
10.800    8.5699
10.778    8.5739
10.755    8.5779
10.733    8.5566
10.711    8.5076
10.689    8.4477
10.667    8.3887
10.645    8.3397
10.623    8.3151
10.602    8.3172
10.580    8.3523
10.558    8.4034
10.537    8.4583
10.516    8.5145
10.494    8.5604
10.473    8.5720
10.452    8.5528
10.431    8.5067
10.410    8.4415
10.389    8.3650
10.368    8.2909
10.348    8.2199
10.327    8.1408
10.306    8.0475
10.286    7.9471
10.266    7.8322
10.245    7.7034
10.225    7.5743
10.205    7.4419
10.185    7.2847
10.165    7.0952
10.145    6.8790
10.125    6.6642
10.106    6.4601
10.086    6.2875
10.066    6.1404
10.047    6.0071
10.027    5.8820
10.008    5.7714
 9.989    5.6717
 9.970    5.5971
 9.950    5.5413
 9.931    5.5029
 9.912    5.4614
 9.893    5.4162
 9.875    5.3677
 9.856    5.3177
 9.837    5.2710
 9.819    5.2182
 9.800    5.1524
 9.781    5.0870
 9.763    5.0226
 9.745    4.9539
 9.726    4.8822
 9.708    4.8149
 9.690    4.7581
 9.672    4.7041
 9.654    4.6288
 9.636    4.5672
 9.618    4.5438
 9.600    4.5495
 9.582    4.5805
 9.565    4.6376
 9.547    4.7171
 9.530    4.8036
 9.512    4.8741
 9.495    4.9760
 9.477    5.1313
 9.460    5.3352
 9.443    5.6047
 9.426    5.9490
 9.409    6.3595
 9.392    6.8113
 9.375    7.2693
 9.358    7.6956
 9.341    8.0389
 9.324    8.2767
 9.307    8.4110
 9.291    8.4363
 9.274    8.3703
 9.257    8.2616
 9.241    8.1375
 9.225    8.0117
 9.208    7.8938
 9.192    7.7927
 9.175    7.6958
 9.159    7.5902
 9.143    7.4765
 9.127    7.3714
 9.111    7.2750
 9.095    7.1864
 9.079    7.1076
 9.063    7.0318
 9.047    6.9515
 9.032    6.8778
 9.016    6.8073
 9.000    6.7459
 8.985    6.7026
 8.969    6.6735
 8.954    6.6486
 8.938    6.6306
 8.923    6.6128
 8.908    6.5887
 8.892    6.5515
 8.877    6.5160
 8.862    6.4724
 8.847    6.4099
 8.832    6.3379
 8.817    6.2785
 8.802    6.2294
 8.787    6.1878
 8.772    6.1473
 8.757    6.1063
 8.742    6.0464
 8.727    5.9614
 8.713    5.8520
 8.698    5.7042
 8.684    5.4816
 8.669    5.1929
 8.655    4.8836
 8.640    4.6482
 8.626    4.5675
 8.612    4.6679
 8.597    4.9189
 8.583    5.2443
 8.569    5.5510
 8.555    5.7859
 8.541    5.9434
 8.527    6.0563
 8.513    6.1411
 8.499    6.2081
 8.485    6.2571
 8.471    6.2931
 8.457    6.3201
 8.443    6.3523
 8.430    6.4023
 8.416    6.4565
 8.402    6.4930
 8.389    6.5382
 8.375    6.6036
 8.361    6.6860
 8.348    6.7739
 8.335    6.8845
 8.321    7.0330
 8.308    7.2049
 8.295    7.3768
 8.281    7.5729
 8.268    7.8071
 8.255    8.0690
 8.242    8.3506
 8.229    8.6542
 8.216    8.9722
 8.203    9.2815
 8.190    9.5446
 8.177    9.7301
 8.164    9.8184
 8.151    9.7994
 8.138    9.6746
 8.126    9.4620
 8.113    9.1792
 8.100    8.8633
 8.088    8.5332
 8.075    8.1967
 8.062    7.8722
 8.050    7.5682
 8.037    7.2807
 8.025    7.0126
 8.013    6.7466
 8.000    6.4838
 7.988    6.2174
 7.976    5.9408
 7.963    5.6537
 7.951    5.3606
 7.939    5.0532
 7.927    4.7394
 7.915    4.4247
 7.903    4.1310
 7.891    3.8658
 7.879    3.6188
 7.867    3.3948
 7.855    3.2055
 7.843    3.0367
 7.831    2.8887
 7.819    2.7691
 7.808    2.6810
 7.796    2.6114
 7.784    2.5519
 7.772    2.5027
 7.761    2.4586
 7.749    2.4089
 7.737    2.3442
 7.726    2.2734
 7.715    2.2031
 7.703    2.1257
 7.692    2.0477
 7.680    1.9762
 7.669    1.9083
 7.657    1.8356
 7.646    1.7541
 7.635    1.6814
 7.624    1.6281
 7.613    1.5722
 7.601    1.5151
 7.590    1.4749
 7.579    1.4526
 7.568    1.4308
 7.557    1.4060
 7.546    1.3877
 7.535    1.3785
 7.524    1.3520
 7.513    1.3210
 7.502    1.3084
 7.492    1.3082
 7.481    1.3049
 7.470    1.3037
 7.459    1.3039
 7.449    1.3044
 7.438    1.3086
 7.427    1.3290
 7.417    1.3565
 7.406    1.3740
 7.395    1.3856
 7.385    1.3932
 7.374    1.3873
 7.364    1.3818
 7.353    1.3880
 7.343    1.4105
 7.333    1.4377
 7.322    1.4578
 7.312    1.4806
 7.302    1.5050
 7.291    1.5215
 7.281    1.5492
 7.271    1.5895
 7.261    1.6463
 7.251    1.7179
 7.240    1.7842
 7.230    1.8436
 7.220    1.8967
 7.210    1.9364
 7.200    1.9713
 7.190    1.9992
 7.180    2.0279
 7.170    2.0622
 7.160    2.1013
 7.151    2.1519
 7.141    2.2225
 7.131    2.3078
 7.121    2.3978
 7.111    2.4859
 7.102    2.5664
 7.092    2.6234
 7.082    2.6715
 7.072    2.7113
 7.063    2.7464
 7.053    2.7793
 7.044    2.8172
 7.034    2.8652
 7.025    2.9199
 7.015    2.9763
 7.006    3.0507
 6.996    3.1276
 6.987    3.2067
 6.977    3.2903
 6.968    3.3742
 6.959    3.4559
 6.949    3.5361
 6.940    3.6129
 6.931    3.6815
 6.921    3.7379
 6.912    3.7853
 6.903    3.8213
 6.894    3.8345
 6.885    3.8350
 6.875    3.8409
 6.866    3.8511
 6.857    3.8599
 6.848    3.8793
 6.839    3.9155
 6.830    3.9503
 6.821    3.9676
 6.812    3.9837
 6.803    3.9956
 6.794    3.9901
 6.785    3.9785
 6.777    3.9678
 6.768    3.9508
 6.759    3.9139
 6.750    3.8779
 6.741    3.8634
 6.733    3.8537
 6.724    3.8511
 6.715    3.8655
 6.707    3.8961
 6.698    3.9435
 6.689    4.0192
 6.681    4.1381
 6.672    4.2842
 6.663    4.4261
 6.655    4.5424
 6.646    4.6281
 6.638    4.6887
 6.629    4.7325
 6.621    4.7598
 6.612    4.7789
 6.604    4.7884
 6.596    4.7756
 6.587    4.7482
 6.579    4.7219
 6.571    4.7159
 6.562    4.7411
 6.554    4.8036
 6.546    4.9291
 6.537    5.1448
 6.529    5.4638
 6.521    5.8607
 6.513    6.3019
 6.505    6.7869
 6.496    7.2913
 6.488    7.7848
 6.480    8.2578
 6.472    8.7103
 6.464    9.1247
 6.456    9.4662
 6.448    9.7251
 6.440    9.8939
 6.432    9.9775
 6.424   10.0010
 6.416    9.9808
 6.408    9.9138
 6.400    9.7840
 6.392    9.5941
 6.384    9.3504
 6.377    9.0419
 6.369    8.6919
 6.361    8.3442
 6.353    8.0200
 6.345    7.7174
 6.338    7.4254
 6.330    7.1291
 6.322    6.8295
 6.314    6.5276
 6.307    6.2212
 6.299    5.9242
 6.291    5.6507
 6.284    5.3928
 6.276    5.1529
 6.269    4.9326
 6.261    4.7297
 6.253    4.5549
 6.246    4.4019
 6.239    4.2714
 6.231    4.1781
 6.223    4.1109
 6.216    4.0702
 6.209    4.0642
 6.201    4.0931
 6.194    4.1781
 6.186    4.3136
 6.179    4.5014
 6.172    4.7685
 6.164    5.1100
 6.157    5.4989
 6.150    5.9228
 6.142    6.3642
 6.135    6.8058
 6.128    7.2219
 6.121    7.6079
 6.113    7.9781
 6.106    8.3371
 6.099    8.6639
 6.092    8.9599
 6.085    9.2259
 6.078    9.4383
 6.070    9.5700
 6.063    9.6557
 6.056    9.7248
 6.049    9.7885
 6.042    9.8565
 6.035    9.9205
 6.028    9.9690
 6.021    9.9811
 6.014    9.9219
 6.007    9.8110
 6.000    9.6590
 5.993    9.4636
 5.986    9.2500
 5.979    9.0222
 5.973    8.7904
 5.966    8.5798
 5.959    8.3762
 5.952    8.2066
 5.945    8.1164
 5.938    8.1088
 5.931    8.2085
 5.925    8.4280
 5.918    8.7305
 5.911    9.1020
 5.904    9.5008
 5.898    9.9183
 5.891   10.3810
 5.884   10.8580
 5.878   11.3540
 5.871   11.8680
 5.864   12.3800
 5.858   12.8920
 5.851   13.3870
 5.845   13.8400
 5.838   14.2720
 5.831   14.6930
 5.825   15.1160
 5.818   15.5490
 5.812   15.9920
 5.805   16.4390
 5.799   16.8810
 5.792   17.2900
 5.786   17.6370
 5.779   17.9680
 5.773   18.3000
 5.767   18.6250
 5.760   18.9430
 5.754   19.2610
 5.747   19.5770
 5.741   19.8640
 5.735   20.0870
 5.728   20.2550
 5.722   20.3790
 5.716   20.4410
 5.709   20.4250
 5.703   20.3250
 5.697   20.1220
 5.691   19.7990
 5.684   19.3580
 5.678   18.7880
 5.672   18.1150
 5.666   17.3530
 5.660   16.5180
 5.653   15.6530
 5.647   14.8010
 5.641   14.0080
 5.635   13.3150
 5.629   12.7290
 5.623   12.2530
 5.617   11.8730
 5.611   11.5620
 5.604   11.3110
 5.598   11.1020
 5.592   10.9260
 5.586   10.7950
 5.580   10.7150
 5.574   10.6950
 5.568   10.7450
 5.562   10.8730
 5.556   11.0660
 5.551   11.3020
 5.545   11.5760
 5.539   11.8880
 5.533   12.2170
 5.527   12.5650
 5.521   12.9410
 5.515   13.3360
 5.509   13.7360
 5.503   14.1460
 5.497   14.5510
 5.492   14.9410
 5.486   15.3060
 5.480   15.6540
 5.474   15.9860
 5.468   16.2750
 5.463   16.4930
 5.457   16.6200
 5.451   16.6190
 5.446   16.4720
 5.440   16.1570
 5.434   15.6830
 5.428   15.0810
 5.423   14.3710
 5.417   13.5660
 5.411   12.6850
 5.406   11.7660
 5.400   10.8460
 5.394    9.9496
 5.389    9.1174
 5.383    8.3911
 5.378    7.7889
 5.372    7.3006
 5.367    6.9150
 5.361    6.6339
 5.356    6.4473
 5.350    6.3388
 5.345    6.2998
 5.339    6.3187
 5.333    6.3753
 5.328    6.4506
 5.322    6.5404
 5.317    6.6434
 5.312    6.7571
 5.306    6.8866
 5.301    7.0446
 5.295    7.2350
 5.290    7.4611
 5.285    7.7403
 5.279    8.0849
 5.274    8.4849
 5.268    8.9353
 5.263    9.4390
 5.258   10.0030
 5.252   10.6310
 5.247   11.3220
 5.242   12.0820
 5.237   12.9050
 5.231   13.7550
 5.226   14.5900
 5.221   15.3650
 5.215   16.0440
 5.210   16.5980
 5.205   17.0070
 5.200   17.2750
 5.194   17.4240
 5.189   17.4740
 5.184   17.4490
 5.179   17.3810
 5.174   17.2910
 5.169   17.1960
 5.164   17.1010
 5.158   17.0010
 5.153   16.9010
 5.148   16.8050
 5.143   16.7130
 5.138   16.6390
 5.133   16.5900
 5.128   16.5700
 5.123   16.5700
 5.118   16.5720
 5.113   16.5510
 5.107   16.4820
 5.103   16.3410
 5.098   16.1290
 5.093   15.8600
 5.088   15.5590
 5.082   15.2650
 5.077   15.0020
 5.073   14.7870
 5.068   14.6260
 5.063   14.5150
 5.058   14.4470
 5.053   14.4080
 5.048   14.3920
 5.043   14.3860
 5.038   14.3680
 5.033   14.3300
 5.028   14.2770
 5.023   14.2270
 5.019   14.2000
 5.014   14.2170
 5.009   14.2890
 5.004   14.4110
 4.999   14.5740
 4.994   14.7920
 4.990   15.0940
 4.985   15.4930
 4.980   16.0100
 4.975   16.6530
 4.970   17.3940
 4.966   18.1830
 4.961   18.9610
 4.956   19.6790
 4.951   20.3130
 4.947   20.8400
 4.942   21.2750
 4.937   21.6760
 4.933   22.0980
 4.928   22.6050
 4.923   23.2570
 4.919   24.1140
 4.914   25.2080
 4.909   26.5170
 4.905   27.9900
 4.900   29.5760
 4.895   31.1960
 4.891   32.7760
 4.886   34.2610
 4.882   35.6290
 4.877   36.8760
 4.872   37.9910
 4.868   38.9830
 4.863   39.8830
 4.859   40.7030
 4.854   41.4500
 4.849   42.1310
 4.845   42.7500
 4.840   43.3240
 4.836   43.8520
 4.832   44.3430
 4.827   44.8110
 4.822   45.2510
 4.818   45.6690
 4.814   46.0690
 4.809   46.4420
 4.805   46.7970
 4.800   47.1340
 4.796   47.4550
 4.791   47.7630
 4.787   48.0590
 4.782   48.3480
 4.778   48.6280
 4.774   48.8860
 4.769   49.1240
 4.765   49.3470
 4.761   49.5480
 4.756   49.7280
 4.752   49.8880
 4.747   50.0300
 4.743   50.1500
 4.739   50.2400
 4.734   50.3000
 4.730   50.3310
 4.726   50.3230
 4.721   50.2680
 4.717   50.1640
 4.713   49.9960
 4.709   49.7460
 4.704   49.4100
 4.700   49.0000
 4.696   48.5570
 4.691   48.1490
 4.687   47.8600
 4.683   47.7550
 4.679   47.8460
 4.675   48.1190
 4.670   48.5310
 4.666   49.0180
 4.662   49.5240
 4.658   50.0180
 4.654   50.4910
 4.649   50.9450
 4.645   51.3870
 4.641   51.8280
 4.637   52.2660
 4.633   52.6850
 4.629   53.0640
 4.625   53.3930
 4.620   53.6730
 4.616   53.9100
 4.612   54.1180
 4.608   54.3050
 4.604   54.4780
 4.600   54.6320
 4.596   54.7580
 4.592   54.8540
 4.588   54.9270
 4.584   54.9740
 4.580   54.9890
 4.576   54.9760
 4.572   54.9410
 4.567   54.8720
 4.564   54.7710
 4.559   54.6330
 4.556   54.4530
 4.551   54.2210
 4.548   53.9410
 4.543   53.6150
 4.540   53.2420
 4.536   52.8210
 4.532   52.3670
 4.528   51.8800
 4.524   51.3400
 4.520   50.7450
 4.516   50.1140
 4.512   49.4600
 4.508   48.8000
 4.504   48.1780
 4.500   47.6380
 4.496   47.2000
 4.492   46.8500
 4.488   46.5780
 4.485   46.3650
 4.481   46.1790
 4.477   46.0120
 4.473   45.8870
 4.469   45.8340
 4.465   45.8800
 4.461   46.0330
 4.458   46.2840
 4.454   46.5910
 4.450   46.9080
 4.446   47.2080
 4.442   47.4740
 4.439   47.7060
 4.435   47.9250
 4.431   48.1570
 4.427   48.4150
 4.423   48.6880
 4.420   48.9730
 4.416   49.2730
 4.412   49.5890
 4.408   49.9120
 4.404   50.2470
 4.401   50.5990
 4.397   50.9660
 4.393   51.3360
 4.390   51.7130
 4.386   52.0950
 4.382   52.4850
 4.378   52.8810
 4.375   53.2710
 4.371   53.6450
 4.367   53.9990
 4.364   54.3390
 4.360   54.6620
 4.356   54.9580
 4.353   55.2320
 4.349   55.4840
 4.346   55.7060
 4.342   55.8920
 4.338   56.0480
 4.335   56.1840
 4.331   56.2980
 4.327   56.3880
 4.324   56.4510
 4.320   56.4810
 4.316   56.4890
 4.313   56.4700
 4.309   56.4290
 4.306   56.3780
 4.302   56.3320
 4.299   56.2920
 4.295   56.2570
 4.292   56.2330
 4.288   56.2370
 4.284   56.2550
 4.281   56.2820
 4.277   56.3270
 4.274   56.4010
 4.270   56.5070
 4.267   56.6400
 4.263   56.7990
 4.260   56.9690
 4.256   57.1200
 4.253   57.2410
 4.249   57.3320
 4.246   57.3940
 4.242   57.4350
 4.239   57.4650
 4.235   57.4970
 4.232   57.5320
 4.229   57.5790
 4.225   57.6430
 4.222   57.7110
 4.218   57.7800
 4.215   57.8380
 4.211   57.8770
 4.208   57.8990
 4.205   57.9180
 4.201   57.9450
 4.198   57.9820
 4.194   58.0300
 4.191   58.1050
 4.188   58.2060
 4.184   58.3160
 4.181   58.4370
 4.177   58.5730
 4.174   58.7020
 4.171   58.8190
 4.167   58.9270
 4.164   59.0260
 4.161   59.1180
 4.157   59.2100
 4.154   59.3130
 4.151   59.4150
 4.147   59.5070
 4.144   59.6040
 4.141   59.7050
 4.137   59.7970
 4.134   59.8900
 4.131   60.0010
 4.128   60.1250
 4.124   60.2390
 4.121   60.3480
 4.118   60.4600
 4.114   60.5660
 4.111   60.6650
 4.108   60.7630
 4.105   60.8640
 4.101   60.9670
 4.098   61.0700
 4.095   61.1660
 4.092   61.2530
 4.088   61.3380
 4.085   61.4220
 4.082   61.4930
 4.079   61.5530
 4.076   61.6090
 4.072   61.6570
 4.069   61.6870
 4.066   61.6930
 4.063   61.6870
 4.060   61.6770
 4.056   61.6610
 4.053   61.6360
 4.050   61.6010
 4.047   61.5530
 4.044   61.5000
 4.041   61.4340
 4.037   61.3580
 4.034   61.2820
 4.031   61.2040
 4.028   61.1200
 4.025   61.0200
 4.022   60.9110
 4.019   60.7960
 4.016   60.6630
 4.013   60.5010
 4.009   60.3100
 4.006   60.1030
 4.003   59.8890
 4.000   59.6670
 3.997   59.4570
 3.994   59.2560
 3.991   59.0750
 3.988   58.9310
 3.985   58.8340
 3.982   58.7810
 3.979   58.7720
 3.976   58.8040
 3.973   58.8660
 3.970   58.9470
 3.966   59.0600
 3.963   59.2140
 3.960   59.4060
 3.957   59.6190
 3.954   59.8480
 3.951   60.0840
 3.948   60.3210
 3.945   60.5390
 3.942   60.7290
 3.939   60.8890
 3.936   61.0150
 3.933   61.1030
 3.930   61.1550
 3.927   61.1920
 3.924   61.2330
 3.921   61.2730
 3.918   61.3170
 3.916   61.3590
 3.913   61.3840
 3.910   61.3930
 3.907   61.3740
 3.904   61.3440
 3.901   61.3060
 3.898   61.2700
 3.895   61.2460
 3.892   61.2150
 3.889   61.1700
 3.886   61.1270
 3.883   61.0810
 3.880   61.0280
 3.877   60.9690
 3.875   60.9150
 3.872   60.8710
 3.869   60.8250
 3.866   60.7750
 3.863   60.7330
 3.860   60.7020
 3.857   60.6850
 3.854   60.6750
 3.852   60.6620
 3.849   60.6500
 3.846   60.6440
 3.843   60.6400
 3.840   60.6360
 3.837   60.6470
 3.834   60.6670
 3.832   60.6860
 3.829   60.7020
 3.826   60.7110
 3.823   60.7150
 3.820   60.7110
 3.817   60.7030
 3.815   60.6950
 3.812   60.6720
 3.809   60.6500
 3.806   60.6420
 3.804   60.6280
 3.801   60.6090
 3.798   60.5860
 3.795   60.5570
 3.792   60.5090
 3.790   60.4420
 3.787   60.3720
 3.784   60.2980
 3.781   60.2150
 3.779   60.1350
 3.776   60.0500
 3.773   59.9660
 3.770   59.8790
 3.768   59.7880
 3.765   59.6980
 3.762   59.6010
 3.759   59.5010
 3.757   59.4100
 3.754   59.3170
 3.751   59.2250
 3.748   59.1400
 3.746   59.0550
 3.743   58.9770
 3.740   58.9090
 3.738   58.8530
 3.735   58.8090
 3.732   58.7750
 3.730   58.7390
 3.727   58.6960
 3.724   58.6540
 3.722   58.6190
 3.719   58.5840
 3.716   58.5390
 3.714   58.4880
 3.711   58.4480
 3.708   58.4050
 3.706   58.3570
 3.703   58.3260
 3.700   58.3020
 3.698   58.2730
 3.695   58.2430
 3.692   58.2230
 3.690   58.2220
 3.687   58.2200
 3.684   58.2140
 3.682   58.2120
 3.679   58.2060
 3.677   58.1860
 3.674   58.1620
 3.672   58.1360
 3.669   58.1040
 3.666   58.0590
 3.664   57.9960
 3.661   57.9340
 3.659   57.8710
 3.656   57.8020
 3.653   57.7370
 3.651   57.6720
 3.648   57.6010
 3.646   57.5230
 3.643   57.4340
 3.641   57.3370
 3.638   57.2310
 3.636   57.1250
 3.633   57.0210
 3.630   56.9210
 3.628   56.8260
 3.625   56.7270
 3.623   56.6380
 3.620   56.5490
 3.618   56.4610
 3.615   56.3660
 3.613   56.2660
 3.610   56.1740
 3.608   56.0840
 3.605   55.9840
 3.603   55.8850
 3.600   55.7900
 3.598   55.6930
 3.595   55.5930
 3.593   55.5010
 3.590   55.4110
 3.588   55.3160
 3.585   55.2140
 3.583   55.1050
 3.580   54.9940
 3.578   54.8770
 3.575   54.7650
 3.573   54.6610
 3.570   54.5430
 3.568   54.4220
 3.565   54.3060
 3.563   54.1790
 3.561   54.0350
 3.558   53.8700
 3.556   53.6970
 3.553   53.5240
 3.551   53.3410
 3.548   53.1640
 3.546   52.9850
 3.543   52.7880
 3.541   52.5770
 3.539   52.3420
 3.536   52.0860
 3.534   51.8300
 3.531   51.5820
 3.529   51.3400
 3.527   51.1000
 3.524   50.8730
 3.522   50.6620
 3.519   50.4700
 3.517   50.2920
 3.515   50.1380
 3.512   50.0160
 3.510   49.9110
 3.507   49.8180
 3.505   49.7450
 3.503   49.6780
 3.500   49.6190
 3.498   49.5710
 3.496   49.5250
 3.493   49.4770
 3.491   49.4160
 3.489   49.3380
 3.486   49.2400
 3.484   49.1210
 3.482   48.9770
 3.479   48.8330
 3.477   48.7000
 3.475   48.5800
 3.472   48.4840
 3.470   48.4010
 3.468   48.3180
 3.465   48.2320
 3.463   48.1230
 3.461   47.9850
 3.458   47.8330
 3.456   47.6870
 3.454   47.5500
 3.451   47.4270
 3.449   47.3310
 3.447   47.2650
 3.445   47.2150
 3.442   47.1590
 3.440   47.1110
 3.438   47.0750
 3.436   47.0310
 3.433   46.9770
 3.431   46.9210
 3.429   46.8470
 3.426   46.7420
 3.424   46.6120
 3.422   46.4860
 3.420   46.3550
 3.417   46.2200
 3.415   46.0850
 3.413   45.9580
 3.411   45.8400
 3.408   45.7290
 3.406   45.6360
 3.404   45.5600
 3.402   45.4780
 3.399   45.3950
 3.397   45.3060
 3.395   45.2070
 3.393   45.1000
 3.391   44.9850
 3.388   44.8610
 3.386   44.7300
 3.384   44.5900
 3.382   44.4480
 3.380   44.3110
 3.377   44.1810
 3.375   44.0700
 3.373   43.9750
 3.371   43.8900
 3.369   43.8140
 3.366   43.7480
 3.364   43.6890
 3.362   43.6340
 3.360   43.5860
 3.358   43.5500
 3.355   43.5130
 3.353   43.4760
 3.351   43.4400
 3.349   43.4090
 3.347   43.3780
 3.345   43.3450
 3.342   43.3080
 3.340   43.2760
 3.338   43.2400
 3.336   43.1980
 3.334   43.1380
 3.332   43.0570
 3.330   42.9540
 3.327   42.8430
 3.325   42.7260
 3.323   42.6050
 3.321   42.4840
 3.319   42.3640
 3.317   42.2460
 3.315   42.1160
 3.313   41.9720
 3.310   41.8280
 3.308   41.6900
 3.306   41.5460
 3.304   41.3950
 3.302   41.2540
 3.300   41.1260
 3.298   40.9890
 3.296   40.8420
 3.294   40.6970
 3.292   40.5510
 3.289   40.4040
 3.287   40.2500
 3.285   40.0900
 3.283   39.9430
 3.281   39.8060
 3.279   39.6740
 3.277   39.5350
 3.275   39.3810
 3.273   39.2290
 3.271   39.0770
 3.269   38.9150
 3.267   38.7710
 3.265   38.6420
 3.263   38.5170
 3.261   38.3780
 3.258   38.2240
 3.256   38.0740
 3.254   37.9250
 3.252   37.7720
 3.250   37.6240
 3.248   37.4750
 3.246   37.3260
 3.244   37.1740
 3.242   37.0170
 3.240   36.8670
 3.238   36.7210
 3.236   36.5800
 3.234   36.4440
 3.232   36.3050
 3.230   36.1610
 3.228   36.0190
 3.226   35.8660
 3.224   35.7080
 3.222   35.5640
 3.220   35.4200
 3.218   35.2610
 3.216   35.1000
 3.214   34.9580
 3.212   34.8240
 3.210   34.6740
 3.208   34.5290
 3.206   34.4020
 3.204   34.2690
 3.202   34.1190
 3.200   33.9740
 3.198   33.8380
 3.196   33.6990
 3.194   33.5550
 3.192   33.4160
 3.190   33.2850
 3.188   33.1670
 3.186   33.0590
 3.184   32.9440
 3.182   32.8150
 3.180   32.6790
 3.179   32.5260
 3.177   32.3690
 3.175   32.2220
 3.173   32.0930
 3.171   31.9810
 3.169   31.8640
 3.167   31.7500
 3.165   31.6230
 3.163   31.4810
 3.161   31.3470
 3.159   31.2200
 3.157   31.1000
 3.155   30.9860
 3.153   30.8710
 3.152   30.7590
 3.150   30.6380
 3.148   30.5100
 3.146   30.3830
 3.144   30.2590
 3.142   30.1390
 3.140   30.0350
 3.138   29.9320
 3.136   29.8260
 3.134   29.7170
 3.132   29.6010
 3.131   29.4860
 3.129   29.3650
 3.127   29.2470
 3.125   29.1480
 3.123   29.0450
 3.121   28.9440
 3.119   28.8460
 3.117   28.7430
 3.115   28.6360
 3.114   28.5250
 3.112   28.4300
 3.110   28.3450
 3.108   28.2580
 3.106   28.1820
 3.104   28.1010
 3.102   28.0180
 3.101   27.9210
 3.099   27.8230
 3.097   27.7320
 3.095   27.6370
 3.093   27.5410
 3.091   27.4610
 3.090   27.3820
 3.088   27.2910
 3.086   27.1910
 3.084   27.0960
 3.082   27.0160
 3.080   26.9440
 3.079   26.8740
 3.077   26.8250
 3.075   26.7910
 3.073   26.7370
 3.071   26.6750
 3.069   26.6150
 3.067   26.5610
 3.066   26.5130
 3.064   26.4510
 3.062   26.3970
 3.060   26.3500
 3.059   26.2820
 3.057   26.2070
 3.055   26.1430
 3.053   26.0920
 3.051   26.0450
 3.050   25.9820
 3.048   25.9110
 3.046   25.8390
 3.044   25.7680
 3.042   25.7000
 3.041   25.6430
 3.039   25.5930
 3.037   25.5410
 3.035   25.4820
 3.033   25.4290
 3.032   25.3760
 3.030   25.3310
 3.028   25.2790
 3.026   25.2150
 3.025   25.1440
 3.023   25.0800
 3.021   25.0350
 3.019   25.0010
 3.018   24.9620
 3.016   24.9380
 3.014   24.9090
 3.012   24.8660
 3.011   24.8170
 3.009   24.7580
 3.007   24.7050
 3.005   24.6530
 3.004   24.6000
 3.002   24.5510
 3.000   24.5110
 2.998   24.4920
 2.997   24.4690
 2.995   24.4280
 2.993   24.3900
 2.991   24.3480
 2.990   24.2860
 2.988   24.2180
 2.986   24.1700
 2.985   24.1280
 2.983   24.0640
 2.981   23.9890
 2.979   23.9130
 2.978   23.8240
 2.976   23.7260
 2.974   23.6210
 2.973   23.5110
 2.971   23.3860
 2.969   23.2670
 2.967   23.1630
 2.966   23.0570
 2.964   22.9680
 2.962   22.9090
 2.961   22.8590
 2.959   22.8200
 2.957   22.7960
 2.956   22.8010
 2.954   22.8160
 2.952   22.8200
 2.951   22.8280
 2.949   22.8370
 2.947   22.8420
 2.946   22.8520
 2.944   22.8710
 2.942   22.9040
 2.941   22.9380
 2.939   22.9590
 2.937   22.9770
 2.936   23.0000
 2.934   23.0170
 2.932   23.0240
 2.931   23.0410
 2.929   23.0640
 2.927   23.0880
 2.926   23.1190
 2.924   23.1680
 2.922   23.2150
 2.921   23.2430
 2.919   23.2540
 2.917   23.2730
 2.916   23.2950
 2.914   23.3220
 2.912   23.3700
 2.911   23.4420
 2.909   23.5030
 2.908   23.5550
 2.906   23.6090
 2.904   23.6630
 2.903   23.7200
 2.901   23.7710
 2.899   23.8210
 2.898   23.8870
 2.896   23.9500
 2.895   24.0100
 2.893   24.0790
 2.891   24.1410
 2.890   24.1960
 2.888   24.2430
 2.886   24.2790
 2.885   24.3270
 2.883   24.3850
 2.882   24.4500
 2.880   24.5270
 2.878   24.6090
 2.877   24.6830
 2.875   24.7500
 2.874   24.8090
 2.872   24.8720
 2.870   24.9330
 2.869   24.9870
 2.867   25.0440
 2.866   25.1030
 2.864   25.1580
 2.863   25.2090
 2.861   25.2630
 2.859   25.3350
 2.858   25.4020
 2.856   25.4730
 2.855   25.5480
 2.853   25.6100
 2.852   25.6670
 2.850   25.7150
 2.848   25.7650
 2.847   25.8230
 2.845   25.8820
 2.844   25.9480
 2.842   26.0090
 2.841   26.0570
 2.839   26.0910
 2.837   26.1210
 2.836   26.1610
 2.834   26.2130
 2.833   26.2760
 2.831   26.3330
 2.830   26.3660
 2.828   26.3920
 2.827   26.4050
 2.825   26.4160
 2.824   26.4450
 2.822   26.5040
 2.821   26.5770
 2.819   26.6430
 2.817   26.6910
 2.816   26.7240
 2.814   26.7460
 2.813   26.7620
 2.811   26.7760
 2.810   26.8030
 2.808   26.8260
 2.807   26.8360
 2.805   26.8360
 2.804   26.8230
 2.802   26.8220
 2.801   26.8240
 2.799   26.8060
 2.798   26.7670
 2.796   26.6940
 2.795   26.5780
 2.793   26.4350
 2.792   26.2930
 2.790   26.1870
 2.789   26.1360
 2.787   26.1230
 2.786   26.1200
 2.784   26.0940
 2.783   26.0460
 2.781   25.9980
 2.780   25.9610
 2.778   25.9370
 2.777   25.9300
 2.775   25.8820
 2.774   25.7310
 2.772   25.4550
 2.771   25.0400
 2.769   24.3740
 2.768   23.3040
 2.766   21.9370
 2.765   20.6830
 2.763   19.9290
 2.762   19.9120
 2.761   20.6490
 2.759   21.9870
 2.757   23.5550
 2.756   24.8960
 2.755   25.8480
 2.753   26.5220
 2.752   27.0000
 2.750   27.2970
 2.749   27.3890
 2.747   27.2790
 2.746   26.9530
 2.744   26.3650
 2.743   25.5850
 2.741   24.7940
 2.740   24.1910
 2.739   23.9690
 2.737   24.2410
 2.736   24.9440
 2.734   25.8550
 2.733   26.6740
 2.731   27.1790
 2.730   27.2740
 2.728   27.0380
 2.727   26.7560
 2.726   26.7000
 2.724   27.0050
 2.723   27.6740
 2.721   28.5630
 2.720   29.4550
 2.719   30.1460
 2.717   30.5440
 2.716   30.6680
 2.714   30.5760
 2.713   30.3570
 2.711   30.0900
 2.710   29.8500
 2.708   29.7260
 2.707   29.8540
 2.706   30.3880
 2.704   31.4140
 2.703   32.9340
 2.701   34.8610
 2.700   36.9900
 2.699   39.0930
 2.697   41.0040
 2.696   42.7280
 2.695   44.3340
 2.693   45.8840
 2.692   47.3940
 2.690   48.8580
 2.689   50.2350
 2.688   51.4650
 2.686   52.5570
 2.685   53.5720
 2.683   54.4890
 2.682   55.3060
 2.680   56.0150
 2.679   56.6640
 2.678   57.3180
 2.676   58.0170
 2.675   58.6520
 2.674   59.2330
 2.672   59.8320
 2.671   60.3850
 2.670   60.8380
 2.668   61.2830
 2.667   61.8550
 2.665   62.5100
 2.664   63.0720
 2.663   63.6100
 2.661   64.1950
 2.660   64.6710
 2.659   65.0200
 2.657   65.2960
 2.656   65.5520
 2.655   65.7930
 2.653   66.0320
 2.652   66.2880
 2.650   66.5380
 2.649   66.7390
 2.648   66.9400
 2.646   67.1220
 2.645   67.2780
 2.644   67.4470
 2.642   67.6540
 2.641   67.8660
 2.640   68.0590
 2.638   68.2140
 2.637   68.3880
 2.636   68.5440
 2.634   68.5970
 2.633   68.6420
 2.632   68.7110
 2.630   68.7580
 2.629   68.8600
 2.627   69.0430
 2.626   69.3280
 2.625   69.5430
 2.624   69.5870
 2.622   69.6380
 2.621   69.6240
 2.620   69.5430
 2.618   69.5470
 2.617   69.6490
 2.616   69.8280
 2.614   69.9650
 2.613   70.0540
 2.612   70.1610
 2.610   70.1690
 2.609   70.0760
 2.608   70.0040
 2.606   69.9730
 2.605   70.0070
 2.604   70.1060
 2.603   70.2740
 2.601   70.5000
 2.600   70.6090
 2.599   70.4390
 2.597   70.1860
 2.596   70.0270
 2.595   70.0010
 2.593   70.1100
 2.592   70.3360
 2.591   70.6040
 2.590   70.7790
 2.588   70.7270
 2.587   70.5880
 2.586   70.5290
 2.584   70.5360
 2.583   70.6010
 2.582   70.6750
 2.580   70.7200
 2.579   70.7850
 2.578   70.7950
 2.577   70.7370
 2.575   70.7330
 2.574   70.7460
 2.573   70.7580
 2.571   70.7970
 2.570   70.8810
 2.569   70.9920
 2.568   71.0460
 2.566   71.0380
 2.565   71.0190
 2.564   70.9690
 2.563   70.9410
 2.561   70.9920
 2.560   71.1160
 2.559   71.2550
 2.558   71.3610
 2.556   71.3990
 2.555   71.3700
 2.554   71.3300
 2.553   71.3140
 2.551   71.2970
 2.550   71.2810
 2.549   71.2780
 2.547   71.2830
 2.546   71.2920
 2.545   71.3280
 2.544   71.3870
 2.543   71.4680
 2.541   71.5590
 2.540   71.6310
 2.539   71.6840
 2.538   71.7220
 2.536   71.7410
 2.535   71.7490
 2.534   71.7500
 2.533   71.7720
 2.531   71.8190
 2.530   71.8600
 2.529   71.9010
 2.528   71.9400
 2.526   71.9690
 2.525   71.9940
 2.524   72.0330
 2.523   72.0850
 2.522   72.1290
 2.520   72.1430
 2.519   72.1420
 2.518   72.1440
 2.517   72.1560
 2.515   72.1710
 2.514   72.1970
 2.513   72.2360
 2.512   72.2820
 2.511   72.3200
 2.509   72.3530
 2.508   72.3870
 2.507   72.4250
 2.506   72.4490
 2.504   72.4680
 2.503   72.4820
 2.502   72.4990
 2.501   72.5180
 2.500   72.5410
 2.498   72.5630
 2.497   72.5850
 2.496   72.6110
 2.495   72.6480
 2.494   72.6850
 2.492   72.7230
 2.491   72.7470
 2.490   72.7690
 2.489   72.8030
 2.488   72.8430
 2.486   72.8970
 2.485   72.9810
 2.484   73.0840
 2.483   73.1950
 2.482   73.3030
 2.481   73.4170
 2.479   73.5300
 2.478   73.6210
 2.477   73.6860
 2.476   73.7450
 2.474   73.7950
 2.473   73.8360
 2.472   73.8850
 2.471   73.9320
 2.470   73.9730
 2.469   74.0190
 2.467   74.0640
 2.466   74.1170
 2.465   74.1740
 2.464   74.2200
 2.463   74.2690
 2.462   74.3080
 2.460   74.3280
 2.459   74.3470
 2.458   74.3780
 2.457   74.4330
 2.456   74.5080
 2.455   74.5950
 2.454   74.7000
 2.452   74.7930
 2.451   74.8430
 2.450   74.8780
 2.449   74.9310
 2.448   75.0020
 2.446   75.0750
 2.445   75.1660
 2.444   75.2670
 2.443   75.3550
 2.442   75.4220
 2.441   75.4840
 2.440   75.5760
 2.438   75.6900
 2.437   75.8090
 2.436   75.9470
 2.435   76.0850
 2.434   76.2020
 2.433   76.2970
 2.432   76.3790
 2.430   76.4660
 2.429   76.5560
 2.428   76.6510
 2.427   76.7450
 2.426   76.8360
 2.425   76.9240
 2.424   77.0120
 2.422   77.0960
 2.421   77.1800
 2.420   77.2590
 2.419   77.3360
 2.418   77.3880
 2.417   77.4320
 2.416   77.4920
 2.415   77.5620
 2.414   77.6290
 2.412   77.6830
 2.411   77.7180
 2.410   77.7530
 2.409   77.7880
 2.408   77.8220
 2.407   77.8670
 2.406   77.9210
 2.405   77.9670
 2.403   77.9750
 2.402   77.9660
 2.401   77.9510
 2.400   77.9150
 2.399   77.8560
 2.398   77.7920
 2.397   77.7330
 2.396   77.6900
 2.394   77.6600
 2.393   77.6490
 2.392   77.6410
 2.391   77.6100
 2.390   77.5520
 2.389   77.4730
 2.388   77.3930
 2.387   77.3270
 2.386   77.2760
 2.385   77.2580
 2.384   77.2910
 2.382   77.3410
 2.381   77.3910
 2.380   77.4530
 2.379   77.5380
 2.378   77.6380
 2.377   77.7280
 2.376   77.8230
 2.375   77.9240
 2.374   78.0060
 2.373   78.0710
 2.372   78.1380
 2.370   78.2100
 2.369   78.2670
 2.368   78.3000
 2.367   78.3150
 2.366   78.3180
 2.365   78.3030
 2.364   78.2830
 2.363   78.2670
 2.362   78.2610
 2.361   78.2420
 2.360   78.2230
 2.359   78.2030
 2.357   78.2070
 2.356   78.2290
 2.355   78.2760
 2.354   78.3250
 2.353   78.3830
 2.352   78.4360
 2.351   78.4740
 2.350   78.4890
 2.349   78.5220
 2.348   78.5640
 2.347   78.6220
 2.346   78.6880
 2.345   78.7580
 2.344   78.8170
 2.343   78.8590
 2.341   78.8800
 2.341   78.9000
 2.339   78.9140
 2.338   78.9280
 2.337   78.9420
 2.336   78.9410
 2.335   78.9300
 2.334   78.9020
 2.333   78.8700
 2.332   78.8420
 2.331   78.8000
 2.330   78.7660
 2.329   78.7420
 2.328   78.7270
 2.327   78.7110
 2.326   78.6930
 2.325   78.6970
 2.324   78.7210
 2.323   78.7240
 2.322   78.7260
 2.321   78.7360
 2.320   78.7490
 2.318   78.7540
 2.317   78.7590
 2.316   78.7770
 2.315   78.7960
 2.314   78.8000
 2.313   78.8040
 2.312   78.8040
 2.311   78.8320
 2.310   78.8970
 2.309   78.9600
 2.308   79.0190
 2.307   79.0790
 2.306   79.1220
 2.305   79.1440
 2.304   79.1440
 2.303   79.1710
 2.302   79.2260
 2.301   79.2650
 2.300   79.3000
 2.299   79.3290
 2.298   79.3470
 2.297   79.3560
 2.296   79.3430
 2.295   79.3260
 2.294   79.3220
 2.293   79.3340
 2.292   79.3620
 2.291   79.3870
 2.290   79.4200
 2.289   79.4580
 2.288   79.4600
 2.287   79.4340
 2.286   79.4100
 2.285   79.4080
 2.284   79.4220
 2.283   79.4320
 2.282   79.4500
 2.281   79.4930
 2.280   79.5330
 2.279   79.5670
 2.278   79.6040
 2.277   79.6480
 2.276   79.6790
 2.275   79.6910
 2.274   79.7080
 2.273   79.7260
 2.272   79.7160
 2.271   79.7130
 2.270   79.7200
 2.269   79.7260
 2.268   79.7270
 2.267   79.7280
 2.266   79.7380
 2.265   79.7610
 2.264   79.7790
 2.263   79.8050
 2.262   79.8370
 2.261   79.8440
 2.260   79.8280
 2.259   79.8200
 2.258   79.8300
 2.257   79.8690
 2.256   79.9120
 2.255   79.9270
 2.254   79.9330
 2.253   79.9180
 2.252   79.8810
 2.251   79.8700
 2.250   79.8870
 2.249   79.8980
 2.248   79.9000
 2.247   79.8900
 2.246   79.8840
 2.245   79.8880
 2.244   79.8950
 2.243   79.9030
 2.242   79.9040
 2.241   79.9090
 2.240   79.9400
 2.239   79.9600
 2.238   79.9760
 2.237   80.0100
 2.236   80.0500
 2.236   80.0640
 2.235   80.0540
 2.234   80.0710
 2.233   80.0860
 2.232   80.0700
 2.231   80.0520
 2.230   80.0550
 2.229   80.0780
 2.228   80.0810
 2.227   80.0480
 2.226   79.9870
 2.225   79.8940
 2.224   79.7980
 2.223   79.7050
 2.222   79.6170
 2.221   79.5290
 2.220   79.4220
 2.219   79.3000
 2.218   79.1400
 2.217   78.9360
 2.216   78.6770
 2.216   78.3130
 2.215   77.7780
 2.214   77.0340
 2.213   76.1090
 2.212   75.1020
 2.211   74.1990
 2.210   73.6100
 2.209   73.4560
 2.208   73.7510
 2.207   74.3720
 2.206   75.1410
 2.205   75.8890
 2.204   76.4900
 2.203   76.9380
 2.202   77.2680
 2.201   77.5160
 2.200   77.7110
 2.200   77.8310
 2.199   77.8930
 2.198   77.9360
 2.197   77.9470
 2.196   77.9390
 2.195   77.9580
 2.194   78.0250
 2.193   78.1360
 2.192   78.2570
 2.191   78.3910
 2.190   78.5400
 2.189   78.6810
 2.188   78.8240
 2.187   78.9720
 2.187   79.0950
 2.186   79.1960
 2.185   79.2950
 2.184   79.3920
 2.183   79.4670
 2.182   79.5230
 2.181   79.5730
 2.180   79.6040
 2.179   79.6000
 2.178   79.5750
 2.177   79.5860
 2.176   79.6290
 2.176   79.6640
 2.175   79.6660
 2.174   79.6490
 2.173   79.6180
 2.172   79.5760
 2.171   79.5350
 2.170   79.5250
 2.169   79.5430
 2.168   79.5490
 2.167   79.5100
 2.166   79.4540
 2.166   79.3950
 2.165   79.3600
 2.164   79.3570
 2.163   79.3730
 2.162   79.4140
 2.161   79.4630
 2.160   79.5270
 2.159   79.6170
 2.158   79.7140
 2.157   79.8320
 2.156   79.9520
 2.156   80.0560
 2.155   80.1660
 2.154   80.2790
 2.153   80.4150
 2.152   80.5790
 2.151   80.7530
 2.150   80.9380
 2.149   81.1270
 2.148   81.3310
 2.148   81.5530
 2.147   81.7650
 2.146   81.9470
 2.145   82.0960
 2.144   82.2190
 2.143   82.3220
 2.142   82.4060
 2.141   82.5040
 2.140   82.6130
 2.140   82.7230
 2.139   82.8120
 2.138   82.8730
 2.137   82.9480
 2.136   83.0310
 2.135   83.0850
 2.134   83.1310
 2.133   83.1790
 2.132   83.2440
 2.132   83.2820
 2.131   83.2810
 2.130   83.2780
 2.129   83.2920
 2.128   83.3090
 2.127   83.3180
 2.126   83.3220
 2.126   83.3430
 2.125   83.3520
 2.124   83.3410
 2.123   83.3420
 2.122   83.3800
 2.121   83.4280
 2.120   83.4450
 2.119   83.4230
 2.119   83.4150
 2.118   83.4150
 2.117   83.4170
 2.116   83.4460
 2.115   83.4870
 2.114   83.4930
 2.113   83.4760
 2.112   83.4740
 2.112   83.4930
 2.111   83.5290
 2.110   83.5850
 2.109   83.6660
 2.108   83.7560
 2.107   83.8190
 2.107   83.8520
 2.106   83.8810
 2.105   83.8860
 2.104   83.8720
 2.103   83.8460
 2.102   83.8120
 2.101   83.8050
 2.100   83.8290
 2.100   83.8440
 2.099   83.8510
 2.098   83.8650
 2.097   83.9010
 2.096   83.9230
 2.095   83.9190
 2.095   83.9290
 2.094   83.9500
 2.093   83.9610
 2.092   83.9490
 2.091   83.9260
 2.090   83.9100
 2.090   83.8790
 2.089   83.8420
 2.088   83.8170
 2.087   83.8260
 2.086   83.8790
 2.085   83.9280
 2.084   83.9610
 2.084   83.9790
 2.083   83.9960
 2.082   83.9890
 2.081   83.9970
 2.080   84.0100
 2.079   83.9660
 2.076   83.9660
 2.072   84.4420
 2.068   84.2070
 2.064   84.1630
 2.060   83.9070
 2.056   84.7370
 2.052   84.8300
 2.048   84.0590
 2.044   83.7810
 2.040   83.4950
 2.036   83.3270
 2.032   83.6040
 2.028   83.5780
 2.024   83.2780
 2.020   82.7690
 2.016   82.9530
 2.012   82.7690
 2.008   82.3990
 2.004   82.7070
 2.000   81.9050
 1.996   80.7350
 1.992   80.7250
 1.988   81.1410
 1.984   81.1600
 1.980   80.6380
 1.976   80.2380
 1.972   79.3540
 1.968   78.9230
 1.964   78.9020
 1.960   78.5120
 1.956   77.9240
 1.952   78.2770
 1.948   78.0050
 1.944   77.4820
 1.940   76.9390
 1.936   76.4630
 1.932   76.1680
 1.928   76.0300
 1.924   77.0430
 1.920   77.4590
 1.916   77.4590
 1.912   76.9730
 1.908   77.3230
 1.904   77.9210
 1.900   79.0910
 1.896   81.0250
 1.892   81.1290
 1.888   80.7660
 1.884   80.7900
 1.880   80.2090
 1.876   80.0820
 1.872   79.8850
 1.868   80.3060
 1.864   82.4090
 1.860   84.2570
 1.856   84.9320
 1.852   84.8720
 1.848   84.0450
 1.844   83.3400
 1.840   82.7880
 1.836   82.9990
 1.832   83.7620
 1.828   84.2370
 1.824   84.3520
 1.820   83.6000
 1.816   83.3420
 1.812   82.6610
 1.808   82.6280
 1.804   83.0030
 1.800   82.6280
 1.796   82.7160
 1.792   82.5560
 1.788   82.0250
 1.784   82.1490
 1.780   82.5560
 1.776   82.8040
 1.772   82.8590
 1.768   82.7710
 1.764   82.2920
 1.760   82.2200
 1.756   82.2380
 1.752   82.4140
 1.748   81.8490
 1.744   81.5680
 1.740   81.9210
 1.736   81.6910
 1.732   81.6560
 1.728   81.8690
 1.724   82.1170
 1.720   82.3490
 1.716   82.5810
 1.712   82.7930
 1.708   82.4510
 1.704   82.5940
 1.700   82.6440
 1.696   82.6610
 1.692   82.3800
 1.688   82.2920
 1.684   82.3020
 1.680   82.3800
 1.676   82.3090
 1.672   82.1490
 1.668   81.9200
 1.664   82.0720
 1.660   82.4270
 1.656   81.9840
 1.652   81.9660
 1.648   81.8430
 1.644   81.5790
 1.640   81.8430
 1.636   81.7900
 1.632   81.7190
 1.628   82.4100
 1.624   82.1970
 1.620   82.0720
 1.616   81.7550
 1.612   81.6310
 1.608   81.3670
 1.604   81.3670
 1.600   81.2270
 1.596   81.3150
 1.592   81.8970
 1.588   82.0390
 1.584   81.9680
 1.580   81.8970
 1.576   81.8080
 1.572   81.7730
 1.568   81.8610
 1.564   81.7550
 1.560   81.3880
 1.556   81.2270
 1.552   81.0180
 1.548   81.1550
 1.544   81.0180
 1.540   80.6510
 1.536   80.3560
 1.532   80.6000
 1.528   80.7940
 1.524   80.6050
 1.520   81.0390
 1.516   81.3880
 1.512   81.0210
 1.508   80.3060
 1.504   79.4410
 1.500   79.4600
 1.496   79.8030
 1.492   80.2170
 1.488   81.0780
 1.484   79.6670
 1.480   79.4310
 1.476   79.3420
 1.472   79.0980
 1.468   78.9620
 1.464   79.0600
 1.460   79.4010
 1.456   79.6070
 1.452   78.9450
 1.448   78.5730
 1.444   77.9540
 1.440   77.4830
 1.436   77.2210
 1.432   77.3420
 1.428   77.6180
 1.424   77.7060
 1.420   77.4640
 1.416   76.7290
 1.412   75.7250
 1.408   75.3110
 1.404   75.1960
 1.400   75.9910
 1.396   77.2310
 1.392   77.8160
 1.388   78.2000
 1.384   78.2220
 1.380   78.1060
 1.376   78.9110
 1.372   80.8090
 1.368   81.1690
 1.364   79.8750
 1.360   78.7160
 1.356   79.1170
 1.352   80.8380
 1.348   81.8660
 1.344   81.6700
 1.340   80.5490
 1.336   79.7950
 1.332   79.3420
 1.328   79.2560
 1.324   79.6790
 1.320   80.0870
 1.316   80.2240
 1.312   79.8950
 1.308   79.5160
 1.304   79.5560
 1.300   79.2470
 1.296   79.2470
 1.292   79.2740
 1.288   79.0590
 1.284   78.6220
 1.280   78.7150
 1.276   78.8760
 1.272   78.9500
 1.268   79.0660
 1.264   79.7250
 1.260   79.7640
 1.256   79.8740
 1.252   79.6630
 1.248   79.6020
 1.244   79.4210
 1.240   79.8320
 1.236   79.9720
 1.232   80.1210
 1.228   79.4950
 1.224   78.9410
 1.220   78.9200
 1.216   79.1170
 1.212   79.6110
 1.208   80.0300
 1.204   80.1510
 1.200   79.1630
 1.196   78.1410
 1.192   77.8060
 1.188   77.6730
 1.184   77.4740
 1.180   77.4300
 1.176   77.3860
 1.172   77.3420
 1.168   77.0360
 1.164   76.7310
 1.160   76.5340
 1.156   76.2070
 1.152   76.0740
 1.148   76.2450
 1.144   76.4700
 1.140   77.0850
 1.136   77.6760
 1.132   76.9050
 1.128   77.3630
 1.124   76.7930
 1.120   77.2820
 1.116   77.7530
 1.112   76.9050
 1.108   76.7500
 1.104   76.3280
 1.100   76.3940
 1.096   76.1040
 1.092   76.7240
 1.088   76.3800
 1.084   76.5820
 1.080   76.2070
 1.076   75.9590
 1.072   75.7630
 1.068   75.8460
 1.064   75.5210
 1.060   75.2490
 1.056   75.4260
 1.052   75.7690
 1.048   75.5450
 1.044   75.1200
 1.040   75.0320
 1.036   75.1600
 1.032   75.1420
 1.028   74.7080
 1.024   74.5060
 1.020   74.4030
 1.016   74.9740
 1.012   74.9160
 1.008   74.1770
 1.004   73.9240
 1.000   73.9490
 0.996   74.2660
 0.992   74.9000
 0.988   74.2410
 0.984   73.6090
 0.980   73.1710
 0.976   73.1310
 0.972   73.2810
 0.968   73.3440
 0.964   73.0170
 0.960   73.0790
 0.956   73.0270
 0.952   72.8920
 0.948   72.7050
 0.944   73.0170
 0.940   72.8040
 0.936   72.8040
 0.932   72.7150
 0.928   72.5290
 0.924   72.2300
 0.920   72.2650
 0.916   72.4150
 0.912   72.0430
 0.908   71.9210
 0.904   72.1400
 0.900   72.2900
 0.896   71.9020
 0.892   71.7870
 0.888   71.7870
 0.884   71.9160
 0.880   71.8720
 0.876   71.8100
 0.872   71.8720
 0.868   72.0050
 0.864   72.2540
 0.860   72.1290
 0.856   71.9770
 0.852   72.2550
 0.848   71.8080
 0.844   71.7090
 0.840   71.9330
 0.836   72.3180
 0.832   72.1740
 0.828   72.2640
 0.824   72.3340
 0.820   72.0840
 0.816   71.9860
 0.812   72.0740
 0.808   71.7480
 0.804   71.6700
 0.800   71.6620
 0.799   71.6620
 0.798   71.6620
 0.797   72.2020
 0.796   71.4240
 0.795   71.4690
 0.794   71.4000
 0.793   71.1430
 0.792   71.3630
 0.791   71.1710
 0.790   71.1830
 0.789   71.0830
 0.788   71.1270
 0.787   71.5100
 0.786   71.4820
 0.785   71.2890
 0.784   71.2890
 0.783   71.3580
 0.782   71.2200
 0.781   71.0800
 0.780   71.5760
 0.779   71.7420
 0.778   71.2610
 0.777   70.7380
 0.776   70.6020
 0.775   70.7440
 0.774   70.8190
 0.773   70.9310
 0.772   71.0930
 0.771   71.0960
 0.770   71.1920
 0.769   71.0930
 0.768   70.8870
 0.767   70.8030
 0.766   70.8930
 0.765   70.6090
 0.764   70.5810
 0.763   70.3190
 0.762   70.2410
 0.761   70.4550
 0.760   70.6380
 0.759   70.2910
 0.758   70.3590
 0.757   70.4270
 0.756   70.5810
 0.755   70.2230
 0.754   70.2910
 0.753   70.1650
 0.752   70.1260
 0.751   70.0580
 0.750   70.1260
 0.749   70.0290
 0.748   70.3090
 0.747   70.4490
 0.746   70.1750
 0.745   70.2160
 0.744   70.3520
 0.743   69.8300
 0.742   69.6270
 0.741   70.5580
 0.740   70.4320
 0.739   69.8300
 0.738   69.6360
 0.737   69.5100
 0.736   69.6360
 0.735   69.4430
 0.734   69.6130
 0.733   70.0620
 0.732   70.5010
 0.731   70.1690
 0.730   69.5480
 0.729   69.8490
 0.728   69.5920
 0.727   69.9360
 0.726   69.2780
 0.725   70.0330
 0.724   69.9360
 0.723   68.9530
 0.722   68.5670
 0.721   68.9000
 0.720   68.9970
 0.719   68.9970
 0.718   69.2650
 0.717   69.1980
 0.716   68.8090
 0.715   69.1980
 0.714   69.6730
 0.713   69.5070
 0.712   69.2330
 0.711   68.7000
 0.710   68.7960
 0.709   68.0500
 0.708   68.0460
 0.707   68.7730
 0.706   68.5820
 0.705   69.0460
 0.704   69.3390
 0.703   69.1950
 0.702   68.9110
 0.701   68.6470
 0.700   67.8990
 0.699   70.1580
 0.698   70.0980
 0.697   69.8700
 0.696   69.4350
 0.695   69.4260
 0.694   69.0860
 0.693   68.4720
 0.692   68.3720
 0.691   68.6780
 0.690   68.4090
 0.689   68.5530
 0.688   68.7470
 0.687   68.7780
 0.686   68.6780
 0.685   68.4840
 0.684   68.6470
 0.683   68.2830
 0.682   68.3900
 0.681   68.1510
 0.680   68.1460
 0.679   67.9420
 0.678   67.6420
 0.677   68.3260
 0.676   67.9870
 0.675   68.2840
 0.674   68.4530
 0.673   68.2830
 0.672   67.9420
 0.671   67.8510
 0.670   67.5820
 0.669   67.4780
 0.668   67.9240
 0.667   67.9600
 0.666   67.7220
 0.665   67.7820
 0.664   67.6460
 0.663   67.8180
 0.662   67.8920
 0.661   67.5210
 0.660   67.2150
 0.659   67.2180
 0.658   67.5240
 0.657   67.4270
 0.656   67.3910
 0.655   67.3190
 0.654   67.6940
 0.653   67.5240
 0.652   67.6280
 0.651   67.7980
 0.650   67.4910
 0.649   67.1180
 0.648   67.1180
 0.647   67.3220
 0.646   67.3910
 0.645   67.1200
 0.644   66.9160
 0.643   66.8150
 0.642   66.9510
 0.641   67.0870
 0.640   66.9860
 0.639   67.0870
 0.638   66.9850
 0.637   67.0520
 0.636   66.7820
 0.635   66.5130
 0.634   66.3780
 0.633   65.9750
 0.632   65.8400
 0.631   65.8070
 0.630   66.6150
 0.629   66.6150
 0.628   66.6150
 0.627   66.1090
 0.626   65.9070
 0.625   65.9070
 0.624   65.9740
 0.623   66.5480
 0.622   66.4470
 0.621   66.3790
 0.620   66.3450
 0.619   66.3450
 0.618   66.3110
 0.617   66.0740
 0.616   65.7030
 0.615   65.4680
 0.614   65.6700
 0.613   65.4360
 0.612   65.5020
 0.611   65.4010
 0.610   65.4010
 0.609   65.4010
 0.608   65.3000
 0.607   65.1640
 0.606   65.1950
 0.605   65.1610
 0.604   65.2620
 0.603   65.1900
 0.602   65.3580
 0.601   65.2170
 0.600   65.1180
 0.599   64.8470
 0.598   64.8070
 0.597   64.8380
 0.596   65.1070
 0.595   65.2070
 0.594   64.9680
 0.593   64.8290
 0.592   64.5910
 0.591   64.4880
 0.590   64.2880
 0.589   64.9680
 0.588   65.0360
 0.587   64.5910
 0.586   64.1790
 0.585   63.9800
 0.584   64.3850
 0.583   64.5860
 0.582   63.8770
 0.581   64.1050
 0.580   63.8690
 0.579   63.8990
 0.578   63.9720
 0.577   63.8690
 0.576   63.4570
 0.575   63.8690
 0.574   63.8740
 0.573   63.9640
 0.572   63.3420
 0.571   63.4710
 0.570   63.3980
 0.569   63.1300
 0.568   62.8630
 0.567   62.4570
 0.566   62.3180
 0.565   62.2170
 0.564   62.2170
 0.563   61.9500
 0.562   61.8490
 0.561   61.6700
 0.560   61.6560
 0.559   59.1050
 0.558   61.2820
 0.557   61.1030
 0.556   60.7450
 0.555   60.5090
 0.554   60.3160
 0.553   60.0840
 0.552   60.1210
 0.551   60.0880
 0.550   60.0490
 0.549   60.2520
 0.548   59.6570
 0.547   59.6360
 0.546   59.8950
 0.545   59.3210
 0.544   59.0670
 0.543   59.4580
 0.542   58.7260
 0.541   58.8800
 0.540   58.0750
 0.539   57.8610
 0.538   58.3890
 0.537   58.7590
 0.536   58.1260
 0.535   57.7280
 0.534   57.4040
 0.533   56.8760
 0.532   56.7480
 0.531   56.6060
 0.530   56.9750
 0.529   57.2310
 0.528   57.1890
 0.527   56.8190
 0.526   56.2540
 0.525   56.2800
 0.524   56.3630
 0.523   55.8030
 0.522   55.5500
 0.521   55.1660
 0.520   54.8460
 0.519   54.9210
 0.518   54.2310
 0.517   54.1770
 0.516   54.3480
 0.515   53.9700
 0.514   53.2660
 0.513   52.8840
 0.512   53.2020
 0.511   53.3790
 0.510   53.4020
 0.509   53.1090
 0.508   52.0980
 0.507   52.1960
 0.506   51.6920
 0.505   52.0980
 0.504   51.7580
 0.503   51.3500
 0.502   51.6000
 0.501   51.4060
 0.500   51.0620
 0.499   50.9650
 0.498   50.5660
 0.497   50.7670
 0.496   50.2720
 0.495   50.2230
 0.494   49.8270
 0.493   49.2440
 0.492   50.0720
 0.491   49.8770
 0.490   49.8280
 0.489   49.1880
 0.488   48.8450
 0.487   49.0430
 0.486   48.7000
 0.485   48.5040
 0.484   48.6000
 0.483   48.3990
 0.482   48.7350
 0.481   48.3450
 0.480   48.3990
 0.479   47.7660
 0.478   47.6610
 0.477   47.6610
 0.476   47.7540
 0.475   47.7070
 0.474   47.5620
 0.473   47.4220
 0.472   47.0290
 0.471   47.1220
 0.470   47.3250
 0.469   47.0910
 0.468   47.0910
 0.467   46.9860
 0.466   46.6000
 0.465   46.5600
 0.464   46.5630
 0.463   46.8720
 0.462   46.2990
 0.461   46.2450
 0.460   46.0590
 0.459   45.5990
 0.458   45.9180
 0.457   45.7930
 0.456   45.8630
 0.455   45.5660
 0.454   45.4090
 0.453   45.4990
 0.452   45.3850
 0.451   45.4070
 0.450   45.5290
 0.449   45.2780
 0.448   45.1760
 0.447   45.0180
 0.446   44.8520
 0.445   44.4250
 0.444   43.8070
 0.443   44.2500
 0.442   44.2070
 0.441   43.9190
 0.440   43.9910
 0.439   43.3110
 0.438   43.1550
 0.437   42.8500
 0.436   42.4850
 0.435   42.3780
 0.434   42.2550
 0.433   42.2360
 0.432   41.5270
 0.431   41.3240
 0.430   41.0910
 0.429   41.3370
 0.428   41.0100
 0.427   40.7930
 0.426   40.6090
 0.425   40.1710
 0.424   39.6630
 0.423   39.5490
 0.422   39.1480
 0.421   39.2970
 0.420   39.2600
 0.419   38.6720
 0.418   38.8660
 0.417   38.8660
 0.416   38.5540
 0.415   38.4500
 0.414   38.2760
 0.413   37.4620
 0.412   37.9500
 0.411   37.5030
 0.410   37.2870
 0.409   36.8000
 0.408   36.8380
 0.407   36.9440
 0.406   36.8400
 0.405   36.3520
 0.404   36.2780
 0.403   36.3860
 0.402   36.2520
 0.401   36.0050
 0.400   35.9350
 0.000    0.0000
