Name:  Olivine (Fo88) (Fe+2,Mg)2SiO4
Type:  Mineral
Class:  Silicates
Subclass:  Nesosilicates (Isolated tetrahedra); (Olivine Group)
Particle Size:  Fine  (Less than 2 Micrometers)
Sample No.:  olivine.9
Owner:  JHU
Wavelength Range:  IR
Origin: South Point, Hawaii via Trude King #GSB

Description: Samples of olivine from an olivine sand beach were 
optically examined using a petrographic microscope prior to spectral 
measurements to insure purity of the olivine.  The sample was >98% 
pure olivine.  It was hand ground and wet sieved into <60 
micrometers size range.  Sample preparation was by Trude King, 
USGS, Denver.
Measurement:  Transmission 
First Column:  X
Second Column:  Y  
X Units:  Wavelength (micrometers)
Y Units:  Transmittance (percent)
First X Value:  25.0442
Last X Value:  2.079
Number of X Values:  2287
Additional Information:  olivin9a.txt

25.044   10.3203
24.924    9.1406
24.805    8.0312
24.686    6.9922
24.569    5.9765
24.454    4.6406
24.339    3.6250
24.225    3.1601
24.112    3.1133
24.001    3.2891
23.890    3.2461
23.781    3.2891
23.672    3.4883
23.564    3.8711
23.458    4.5859
23.352    5.1875
23.247    6.0644
23.144    6.9785
23.041    8.0781
22.939    9.4941
22.838   10.7890
22.738   12.1093
22.638   13.6269
22.540   15.3828
22.442   17.3378
22.345   19.0878
22.250   20.4316
22.154   21.0781
22.060   21.2441
21.967   21.1406
21.874   20.8769
21.782   20.7382
21.691   20.9687
21.601   21.2851
21.511   21.5351
21.422   21.9414
21.334   22.3378
21.247   22.7441
21.160   23.0703
21.074   23.4804
20.988   24.3066
20.904   25.6445
20.820   26.9648
20.737   27.8202
20.654   27.4003
20.572   25.5566
20.491   22.8163
20.410   19.7226
20.330   16.5429
20.251   13.5517
20.172   10.9804
20.094    8.9306
20.016    7.5195
19.939    6.7119
19.863    6.3291
19.787    6.2226
19.712    6.2656
19.637    6.4258
19.563    6.5908
19.489    6.6777
19.416    6.8066
19.344    7.0605
19.272    7.2148
19.201    7.3281
19.130    7.5791
19.059    7.8056
18.990    8.1074
18.920    8.6191
18.851    9.1601
18.783    9.6025
18.715   10.0205
18.648   10.4922
18.581   10.8838
18.515   11.3095
18.449   11.8691
18.384   12.6465
18.319   13.6738
18.254   15.0127
18.190   16.8877
18.126   19.3017
18.063   22.1298
18.001   25.1620
17.938   28.3534
17.876   31.6327
17.815   34.8398
17.754   37.7079
17.693   40.3827
17.633   42.6893
17.573   44.5526
17.514   46.2899
17.455   47.7616
17.396   48.8798
17.338   49.7596
17.280   50.3632
17.223   50.3485
17.166   49.8553
17.109   48.7587
17.053   46.9325
16.997   44.2704
16.942   40.8251
16.886   36.7079
16.832   32.5068
16.777   28.5956
16.723   25.3242
16.669   22.6640
16.616   20.9335
16.563   19.9980
16.510   19.5595
16.458   19.5488
16.406   19.9931
16.354   20.8876
16.302   22.2695
16.251   24.1913
16.200   26.5468
16.150   29.2275
16.100   32.1581
16.050   35.4687
16.000   38.7880
15.951   41.9960
15.902   45.1229
15.854   48.1151
15.805   50.7489
15.757   53.1063
15.710   55.2840
15.662   57.2274
15.615   58.9608
15.568   60.5301
15.521   62.0584
15.475   63.4383
15.429   64.7088
15.383   65.8475
15.338   66.8153
15.292   67.7205
15.248   68.5604
15.203   69.2664
15.158   69.9471
15.114   70.5106
15.070   71.0672
15.027   71.6131
14.983   72.1922
14.940   72.6746
14.897   73.2039
14.854   73.7342
14.812   74.2518
14.770   74.6092
14.728   74.9979
14.686   75.3514
14.645   75.6741
14.603   75.9744
14.562   76.2791
14.521   76.5350
14.481   76.7659
14.441   76.9964
14.400   77.2361
14.361   77.4490
14.321   77.7049
14.281   77.9822
14.242   78.1292
14.203   78.3592
14.164   78.5516
14.126   78.7225
14.087   78.7698
14.049   78.9163
14.011   78.9471
13.973   79.0486
13.936   79.1214
13.899   79.2264
13.861   79.2596
13.824   79.2850
13.788   79.2801
13.751   79.3787
13.715   79.3387
13.679   79.2288
13.643   79.1097
13.607   78.9432
13.571   78.6687
13.536   78.4319
13.500   78.2659
13.465   77.9842
13.430   77.7576
13.396   77.4866
13.361   77.2674
13.327   76.9397
13.293   76.6893
13.259   76.3147
13.225   75.9334
13.191   75.6092
13.158   75.4354
13.124   75.0828
13.091   74.6463
13.058   74.0901
13.026   73.6898
12.993   73.1190
12.960   72.5433
12.928   71.8851
12.896   71.1097
12.864   70.3953
12.832   69.6043
12.800   68.8397
12.769   68.1199
12.737   67.1932
12.706   65.9979
12.675   64.9574
12.644   63.9881
12.614   62.9334
12.583   61.6956
12.552   60.5311
12.522   59.3036
12.492   57.9237
12.462   56.4803
12.432   54.9906
12.402   53.3773
12.373   51.7679
12.343   50.1351
12.314   48.4032
12.285   46.4882
12.256   44.4867
12.227   42.4276
12.198   40.1317
12.169   37.6640
12.141   35.0922
12.113   32.3168
12.084   29.3808
12.056   26.3876
12.028   23.3754
12.000   20.5278
11.973   18.0727
11.945   16.3330
11.918   15.6591
11.890   16.3828
11.863   18.0766
11.836   19.7875
11.809   20.5668
11.782   20.1762
11.755   18.9433
11.729   17.4248
11.702   15.7636
11.676   14.0825
11.650   12.4619
11.624   10.9438
11.598    9.4638
11.572    7.9687
11.546    6.6216
11.520    5.4189
11.495    4.3418
11.469    3.4595
11.444    2.7270
11.419    2.1387
11.394    1.6338
11.369    1.3760
11.344    1.1680
11.319    0.9580
11.294    0.8643
11.270    0.8750
11.245    0.9204
11.221    1.0127
11.197    1.0161
11.173    1.2725
11.149    1.5322
11.125    1.6977
11.101    1.8418
11.077    1.8750
11.054    2.0498
11.030    2.1719
11.007    2.4028
10.983    2.6064
10.960    2.7432
10.937    2.9570
10.914    3.2559
10.891    3.4072
10.868    3.4438
10.846    3.7793
10.823    4.3227
10.800    4.7168
10.778    5.0610
10.755    5.9263
10.733    6.5683
10.711    6.9453
10.689    7.5766
10.667    8.2148
10.645    8.7959
10.623    9.2329
10.602    9.5283
10.580    9.5556
10.558    9.4140
10.537    9.0415
10.516    8.5053
10.494    7.9536
10.473    7.9878
10.452    9.4868
10.431   11.9926
10.410   14.0229
10.389   14.7026
10.368   14.0976
10.348   12.8081
10.327   11.2949
10.306    9.7182
10.286    8.2505
10.266    7.0664
10.245    6.0762
10.225    5.3203
10.205    4.9180
10.185    4.7480
10.165    4.6426
10.145    4.5742
10.125    4.5664
10.106    4.5654
10.086    4.6699
10.066    4.8037
10.047    4.9643
10.027    5.1684
10.008    5.4770
 9.989    5.8618
 9.970    6.3306
 9.950    6.9097
 9.931    7.6421
 9.912    8.4629
 9.893    9.4082
 9.875   10.4590
 9.856   11.5698
 9.837   12.8237
 9.818   14.1977
 9.800   15.6250
 9.781   17.1088
 9.763   18.6762
 9.745   20.2817
 9.726   21.9135
 9.708   23.5761
 9.690   25.2202
 9.672   26.8984
 9.654   28.5663
 9.636   30.1679
 9.618   31.7460
 9.600   33.2851
 9.583   34.7753
 9.565   36.2250
 9.547   37.6269
 9.530   39.0136
 9.512   40.3432
 9.495   41.6215
 9.477   42.8261
 9.460   43.9691
 9.443   45.1469
 9.426   46.3085
 9.409   47.3846
 9.392   48.3900
 9.375   49.3573
 9.358   50.3270
 9.341   51.2416
 9.324   52.1156
 9.307   52.9564
 9.291   53.7425
 9.274   54.4769
 9.257   55.1546
 9.241   55.8192
 9.224   56.4725
 9.208   57.0951
 9.192   57.7201
 9.175   58.3231
 9.159   58.9002
 9.143   59.5130
 9.127   60.1644
 9.111   60.8084
 9.095   61.3958
 9.079   62.0120
 9.063   62.6468
 9.047   63.2567
 9.032   63.8231
 9.016   64.3172
 9.000   64.8817
 8.985   65.4080
 8.969   65.9359
 8.954   66.4437
 8.938   66.9188
 8.923   67.3612
 8.907   67.8382
 8.892   68.3138
 8.877   68.7586
 8.862   69.2112
 8.847   69.6395
 8.832   70.0535
 8.817   70.4554
 8.802   70.8655
 8.787   71.2430
 8.772   71.6570
 8.757   71.9700
 8.742   72.3377
 8.728   72.7801
 8.713   73.1634
 8.698   73.4515
 8.684   73.7872
 8.669   74.1395
 8.655   74.5135
 8.640   74.8409
 8.626   75.1221
 8.612   75.4249
 8.597   75.7498
 8.583   75.9698
 8.569   76.2706
 8.555   76.6932
 8.541   77.0098
 8.527   77.2979
 8.513   77.5994
 8.499   77.9942
 8.485   78.2500
 8.471   78.4646
 8.457   78.7137
 8.443   79.0252
 8.430   79.3045
 8.416   79.5870
 8.402   79.8975
 8.389   80.1924
 8.375   80.5059
 8.362   80.7439
 8.348   81.0774
 8.335   81.3680
 8.321   81.6629
 8.308   81.9502
 8.295   82.1648
 8.281   82.4041
 8.268   82.6648
 8.255   82.9099
 8.242   83.1228
 8.229   83.3269
 8.216   83.5467
 8.203   83.7556
 8.190   83.9180
 8.177   84.2000
 8.164   84.4746
 8.151   84.6541
 8.138   84.8172
 8.126   85.0459
 8.113   85.2136
 8.100   85.3972
 8.088   85.5518
 8.075   85.6875
 8.062   85.8740
 8.050   86.0818
 8.037   86.2324
 8.025   86.3487
 8.013   86.4890
 8.000   86.7078
 7.988   86.9231
 7.976   87.0340
 7.963   87.1931
 7.951   87.2988
 7.939   87.4268
 7.927   87.6319
 7.915   87.7888
 7.903   87.8543
 7.891   87.9534
 7.879   88.0479
 7.867   88.1658
 7.855   88.2717
 7.843   88.3662
 7.831   88.4509
 7.819   88.5608
 7.807   88.6778
 7.796   88.7517
 7.784   88.8447
 7.772   88.9793
 7.761   89.1096
 7.749   89.1797
 7.738   89.2725
 7.726   89.3738
 7.715   89.4492
 7.703   89.5310
 7.692   89.5901
 7.680   89.6602
 7.669   89.7454
 7.658   89.8350
 7.646   89.8850
 7.635   89.9541
 7.624   90.0010
 7.613   90.0593
 7.601   90.0686
 7.590   90.1370
 7.579   90.2136
 7.568   90.3074
 7.557   90.3772
 7.546   90.4597
 7.535   90.5234
 7.524   90.5813
 7.513   90.6504
 7.502   90.7210
 7.492   90.7771
 7.481   90.8330
 7.470   90.9483
 7.459   91.0828
 7.448   91.1868
 7.438   91.2598
 7.427   91.2908
 7.417   91.2400
 7.406   91.3123
 7.395   91.4343
 7.385   91.5178
 7.374   91.5527
 7.364   91.6074
 7.353   91.6709
 7.343   91.7712
 7.333   91.8479
 7.322   91.8252
 7.312   91.8899
 7.302   91.9441
 7.291   91.9963
 7.281   92.0440
 7.271   92.0930
 7.261   92.1340
 7.251   92.1690
 7.240   92.1834
 7.230   92.2097
 7.220   92.2522
 7.210   92.3450
 7.200   92.3992
 7.190   92.4522
 7.180   92.5291
 7.170   92.5852
 7.160   92.6077
 7.151   92.6377
 7.141   92.6433
 7.131   92.6494
 7.121   92.6746
 7.111   92.6768
 7.102   92.6780
 7.092   92.6904
 7.082   92.6936
 7.073   92.6904
 7.063   92.7107
 7.053   92.7793
 7.044   92.8594
 7.034   92.8098
 7.025   92.8025
 7.015   92.8460
 7.006   92.8711
 6.996   92.9275
 6.987   92.9365
 6.977   92.9541
 6.968   93.0408
 6.959   93.1602
 6.949   93.0994
 6.940   93.0759
 6.931   93.1096
 6.921   93.1338
 6.912   93.1980
 6.903   93.2656
 6.894   93.2725
 6.885   93.2966
 6.876   93.3652
 6.866   93.5808
 6.857   93.6414
 6.848   93.5115
 6.839   93.4822
 6.830   93.5615
 6.821   93.6013
 6.812   93.5457
 6.803   93.5996
 6.794   93.7666
 6.786   93.8613
 6.777   93.8259
 6.768   93.8477
 6.759   93.8757
 6.750   93.9348
 6.741   93.9668
 6.733   94.0310
 6.724   94.1091
 6.715   94.1853
 6.707   94.2214
 6.698   94.2263
 6.689   94.3167
 6.681   94.4395
 6.672   94.4502
 6.663   94.4216
 6.655   94.4207
 6.646   94.5918
 6.638   94.8191
 6.629   94.7373
 6.621   94.5947
 6.612   94.5994
 6.604   94.6201
 6.596   94.6953
 6.587   94.7559
 6.579   94.8193
 6.571   94.9031
 6.562   94.8232
 6.554   94.8193
 6.546   94.7939
 6.537   94.7354
 6.529   94.7351
 6.521   94.7773
 6.513   94.7273
 6.505   94.7949
 6.496   95.0459
 6.488   95.0461
 6.480   94.8928
 6.472   94.8142
 6.464   94.7459
 6.456   94.7317
 6.448   94.7380
 6.440   94.7119
 6.432   94.7170
 6.424   94.7400
 6.416   94.9382
 6.408   94.8420
 6.400   94.5388
 6.392   94.4480
 6.384   94.3975
 6.377   94.4251
 6.369   94.4343
 6.361   94.3164
 6.353   94.2578
 6.345   94.3860
 6.338   94.2585
 6.330   94.0596
 6.322   93.9658
 6.314   93.8953
 6.307   93.8069
 6.299   93.7312
 6.291   93.6921
 6.284   93.6162
 6.276   93.5642
 6.269   93.5105
 6.261   93.4512
 6.254   93.3545
 6.246   93.3096
 6.238   93.2219
 6.231   93.1201
 6.223   93.0596
 6.216   93.0147
 6.209   92.8938
 6.201   92.7705
 6.194   92.7351
 6.186   92.7820
 6.179   92.6375
 6.172   92.4021
 6.164   92.3748
 6.157   92.3215
 6.150   92.2283
 6.142   92.2168
 6.135   92.2112
 6.128   92.2197
 6.121   92.3640
 6.113   92.5325
 6.106   92.4766
 6.099   92.4128
 6.092   92.4385
 6.085   92.4649
 6.078   92.5801
 6.070   92.6414
 6.063   92.4939
 6.056   92.5371
 6.049   92.7676
 6.042   92.5107
 6.035   92.1379
 6.028   92.0154
 6.021   91.9873
 6.014   92.0178
 6.007   92.0059
 6.000   92.0364
 5.993   92.2068
 5.986   92.3701
 5.979   92.4920
 5.973   92.6946
 5.966   92.9102
 5.959   92.9854
 5.952   93.1521
 5.945   93.3865
 5.938   93.7976
 5.932   93.9346
 5.925   93.8943
 5.918   93.9873
 5.911   94.1345
 5.905   94.3035
 5.898   94.6113
 5.891   94.6504
 5.884   94.7590
 5.878   94.8896
 5.871   94.7766
 5.864   94.8640
 5.858   94.9143
 5.851   94.9219
 5.845   94.9336
 5.838   95.0222
 5.831   95.1082
 5.825   95.2822
 5.818   95.3386
 5.812   95.2190
 5.805   95.2063
 5.799   95.2424
 5.792   95.2529
 5.786   95.2874
 5.779   95.3425
 5.773   95.4580
 5.767   95.5935
 5.760   95.4890
 5.754   95.3811
 5.747   95.4138
 5.741   95.3708
 5.735   95.3215
 5.728   95.2864
 5.722   95.2451
 5.716   95.2568
 5.709   95.2429
 5.703   95.1033
 5.697   95.0029
 5.691   94.9529
 5.684   94.8699
 5.678   94.8057
 5.672   94.7529
 5.666   94.6091
 5.660   94.5420
 5.653   94.4983
 5.647   94.4905
 5.641   94.4912
 5.635   94.4128
 5.629   94.3362
 5.623   94.3652
 5.617   94.4246
 5.611   94.4465
 5.604   94.5273
 5.598   94.6013
 5.592   94.6729
 5.586   94.7979
 5.580   94.9678
 5.574   95.0291
 5.568   95.0518
 5.562   95.0801
 5.556   95.1292
 5.550   95.2063
 5.545   95.2432
 5.539   95.2654
 5.533   95.2881
 5.527   95.2813
 5.521   95.2678
 5.515   95.2686
 5.509   95.2346
 5.503   95.2451
 5.498   95.2539
 5.492   95.2520
 5.486   95.2566
 5.480   95.2947
 5.474   95.2668
 5.469   95.2869
 5.463   95.2966
 5.457   95.2842
 5.451   95.2737
 5.446   95.2646
 5.440   95.2910
 5.434   95.3015
 5.428   95.3479
 5.423   95.4180
 5.417   95.4180
 5.411   95.4392
 5.406   95.4441
 5.400   95.4355
 5.395   95.4675
 5.389   95.4792
 5.383   95.4690
 5.378   95.4766
 5.372   95.4978
 5.367   95.5085
 5.361   95.5293
 5.356   95.5723
 5.350   95.6208
 5.344   95.6340
 5.339   95.5925
 5.333   95.6023
 5.328   95.6062
 5.323   95.6252
 5.317   95.6355
 5.312   95.6455
 5.306   95.6306
 5.301   95.6282
 5.295   95.6162
 5.290   95.6404
 5.285   95.6335
 5.279   95.6396
 5.274   95.6257
 5.268   95.6201
 5.263   95.5935
 5.258   95.5967
 5.252   95.6094
 5.247   95.5867
 5.242   95.5713
 5.237   95.5603
 5.231   95.5479
 5.226   95.5471
 5.221   95.5703
 5.215   95.6023
 5.210   95.6289
 5.205   95.6345
 5.200   95.6677
 5.195   95.6746
 5.189   95.6750
 5.184   95.6982
 5.179   95.7012
 5.174   95.7012
 5.169   95.6873
 5.163   95.7041
 5.158   95.7126
 5.153   95.7080
 5.148   95.7390
 5.143   95.7451
 5.138   95.7441
 5.133   95.7683
 5.128   95.7751
 5.123   95.7822
 5.118   95.7871
 5.113   95.7783
 5.108   95.7646
 5.103   95.7703
 5.097   95.7839
 5.092   95.7812
 5.087   95.7615
 5.083   95.7615
 5.078   95.7737
 5.073   95.7441
 5.068   95.7158
 5.063   95.7061
 5.058   95.7012
 5.053   95.7021
 5.048   95.7207
 5.043   95.7517
 5.038   95.6992
 5.033   95.6758
 5.028   95.6677
 5.023   95.6729
 5.019   95.6426
 5.014   95.6321
 5.009   95.6316
 5.004   95.5977
 4.999   95.5876
 4.994   95.5876
 4.990   95.5662
 4.985   95.5408
 4.980   95.5247
 4.975   95.5066
 4.970   95.4814
 4.966   95.4666
 4.961   95.4678
 4.956   95.4600
 4.951   95.4460
 4.947   95.4333
 4.942   95.4258
 4.937   95.4502
 4.933   95.4893
 4.928   95.5232
 4.923   95.5273
 4.919   95.5662
 4.914   95.5664
 4.909   95.5544
 4.905   95.5398
 4.900   95.5654
 4.895   95.5859
 4.891   95.6289
 4.886   95.6648
 4.882   95.6960
 4.877   95.7029
 4.872   95.7139
 4.868   95.6833
 4.863   95.6826
 4.859   95.6970
 4.854   95.6904
 4.850   95.6807
 4.845   95.6882
 4.840   95.7187
 4.836   95.7227
 4.831   95.7029
 4.827   95.6992
 4.822   95.7156
 4.818   95.7117
 4.814   95.7175
 4.809   95.7334
 4.805   95.7217
 4.800   95.6980
 4.796   95.6807
 4.791   95.6670
 4.787   95.6658
 4.782   95.6570
 4.778   95.6562
 4.774   95.6482
 4.769   95.6443
 4.765   95.6533
 4.760   95.6208
 4.756   95.5769
 4.752   95.5652
 4.747   95.5627
 4.743   95.5398
 4.739   95.5222
 4.734   95.5413
 4.730   95.5491
 4.726   95.5261
 4.721   95.5310
 4.717   95.5154
 4.713   95.4968
 4.709   95.4568
 4.704   95.4358
 4.700   95.4333
 4.696   95.4236
 4.692   95.4128
 4.687   95.3777
 4.683   95.3796
 4.679   95.3738
 4.675   95.3362
 4.670   95.3259
 4.666   95.3137
 4.662   95.3181
 4.658   95.3196
 4.654   95.3127
 4.649   95.3020
 4.645   95.2776
 4.641   95.2522
 4.637   95.2542
 4.633   95.2371
 4.629   95.2366
 4.625   95.2351
 4.620   95.2122
 4.616   95.1799
 4.612   95.1565
 4.608   95.1306
 4.604   95.1204
 4.600   95.1404
 4.596   95.1155
 4.592   95.0940
 4.588   95.0789
 4.584   95.0876
 4.580   95.0764
 4.576   95.0598
 4.572   95.0540
 4.568   95.0388
 4.564   95.0144
 4.560   95.0002
 4.555   94.9939
 4.551   94.9504
 4.548   94.9382
 4.544   94.9543
 4.540   94.9163
 4.536   94.8699
 4.532   94.8669
 4.528   94.8626
 4.524   94.8474
 4.520   94.8303
 4.516   94.7947
 4.512   94.7874
 4.508   94.8049
 4.504   94.8079
 4.500   94.7830
 4.496   94.7419
 4.492   94.7849
 4.488   94.7810
 4.485   94.7473
 4.481   94.7332
 4.477   94.7307
 4.473   94.7092
 4.469   94.6584
 4.465   94.6301
 4.461   94.6257
 4.458   94.6018
 4.454   94.5837
 4.450   94.5789
 4.446   94.5588
 4.442   94.5652
 4.438   94.5559
 4.435   94.5369
 4.431   94.5295
 4.427   94.5159
 4.423   94.5173
 4.420   94.5061
 4.416   94.4959
 4.412   94.4700
 4.408   94.4387
 4.405   94.4431
 4.401   94.4299
 4.397   94.4197
 4.393   94.3865
 4.390   94.3557
 4.386   94.3191
 4.382   94.3289
 4.379   94.3206
 4.375   94.3381
 4.371   94.3079
 4.367   94.2859
 4.364   94.2839
 4.360   94.3176
 4.356   94.2952
 4.353   94.2512
 4.349   94.2053
 4.345   94.1677
 4.342   94.1697
 4.338   94.1682
 4.335   94.1633
 4.331   94.1838
 4.327   94.1648
 4.324   94.1272
 4.320   94.0979
 4.317   94.0730
 4.313   94.0452
 4.309   94.0261
 4.306   93.9661
 4.302   93.9763
 4.299   93.9929
 4.295   93.9680
 4.292   93.9392
 4.288   93.9094
 4.284   93.8909
 4.281   93.8733
 4.277   93.8621
 4.274   93.8821
 4.270   93.8967
 4.267   93.8767
 4.263   93.8870
 4.260   93.8909
 4.256   93.8284
 4.253   93.7908
 4.249   93.7761
 4.246   93.7673
 4.242   93.7405
 4.239   93.7185
 4.235   93.6785
 4.232   93.6482
 4.229   93.6443
 4.225   93.6326
 4.222   93.6106
 4.218   93.6189
 4.215   93.6345
 4.211   93.6150
 4.208   93.6082
 4.205   93.6057
 4.201   93.6160
 4.198   93.5808
 4.194   93.5769
 4.191   93.5584
 4.188   93.5222
 4.184   93.5149
 4.181   93.5393
 4.177   93.4929
 4.174   93.4587
 4.171   93.4338
 4.167   93.4324
 4.164   93.4114
 4.161   93.4021
 4.157   93.3904
 4.154   93.3796
 4.151   93.3821
 4.147   93.3445
 4.144   93.2673
 4.141   93.2551
 4.137   93.2805
 4.134   93.2634
 4.131   93.2507
 4.128   93.2307
 4.124   93.2239
 4.121   93.2092
 4.118   93.1770
 4.114   93.1326
 4.111   93.1038
 4.108   93.0925
 4.105   93.0999
 4.101   93.1121
 4.098   93.0862
 4.095   93.0989
 4.092   93.0837
 4.088   93.0491
 4.085   93.0393
 4.082   93.0496
 4.079   93.0173
 4.076   92.9924
 4.072   92.9666
 4.069   92.9236
 4.066   92.9163
 4.063   92.9392
 4.060   92.8948
 4.056   92.8596
 4.053   92.8367
 4.050   92.8377
 4.047   92.8357
 4.044   92.8147
 4.041   92.7952
 4.038   92.7576
 4.034   92.7332
 4.031   92.7268
 4.028   92.7170
 4.025   92.6990
 4.022   92.6956
 4.019   92.6799
 4.016   92.6775
 4.013   92.6736
 4.009   92.6589
 4.006   92.6199
 4.003   92.5925
 4.000   92.5588
 3.997   92.5418
 3.994   92.5359
 3.991   92.5115
 3.988   92.5042
 3.985   92.5032
 3.982   92.4685
 3.979   92.4172
 3.976   92.3909
 3.973   92.3777
 3.969   92.3831
 3.966   92.3435
 3.963   92.3333
 3.960   92.3186
 3.957   92.3347
 3.954   92.3147
 3.951   92.2756
 3.948   92.2644
 3.945   92.2332
 3.942   92.1975
 3.939   92.1760
 3.936   92.1580
 3.933   92.1194
 3.930   92.0960
 3.927   92.0759
 3.924   92.0759
 3.921   92.0706
 3.918   92.0486
 3.916   92.0383
 3.913   92.0501
 3.910   92.0115
 3.907   92.0139
 3.904   91.9700
 3.901   91.9441
 3.898   91.9421
 3.895   91.9255
 3.892   91.9089
 3.889   91.8860
 3.886   91.8621
 3.883   91.8049
 3.880   91.7830
 3.877   91.7800
 3.875   91.7664
 3.872   91.7288
 3.869   91.7087
 3.866   91.6882
 3.863   91.6824
 3.860   91.6546
 3.857   91.6101
 3.854   91.6091
 3.852   91.5857
 3.849   91.5496
 3.846   91.5471
 3.843   91.5276
 3.840   91.5081
 3.837   91.4910
 3.834   91.4397
 3.832   91.4026
 3.829   91.3460
 3.826   91.3303
 3.823   91.3201
 3.820   91.3181
 3.817   91.2952
 3.815   91.2556
 3.812   91.2527
 3.809   91.2341
 3.806   91.2312
 3.803   91.1931
 3.801   91.1467
 3.798   91.1316
 3.795   91.1228
 3.792   91.1326
 3.790   91.1277
 3.787   91.0711
 3.784   91.0271
 3.781   91.0418
 3.779   91.0349
 3.776   91.0086
 3.773   90.9807
 3.770   90.9607
 3.768   90.9295
 3.765   90.8777
 3.762   90.8367
 3.759   90.8298
 3.757   90.8328
 3.754   90.7957
 3.751   90.7625
 3.748   90.7478
 3.746   90.7717
 3.743   90.7371
 3.740   90.6922
 3.738   90.6814
 3.735   90.6433
 3.732   90.6155
 3.730   90.5916
 3.727   90.5974
 3.724   90.5838
 3.722   90.5418
 3.719   90.5330
 3.716   90.5042
 3.714   90.4558
 3.711   90.4392
 3.708   90.3728
 3.706   90.3474
 3.703   90.3318
 3.700   90.3494
 3.698   90.3084
 3.695   90.2600
 3.692   90.2249
 3.690   90.2210
 3.687   90.1687
 3.685   90.1233
 3.682   90.1033
 3.679   90.1052
 3.677   90.1043
 3.674   90.0999
 3.671   90.0452
 3.669   89.9983
 3.666   89.9509
 3.664   89.9304
 3.661   89.9158
 3.659   89.9690
 3.656   89.9343
 3.653   89.9070
 3.651   89.9129
 3.648   89.8816
 3.646   89.8201
 3.643   89.7966
 3.641   89.7703
 3.638   89.7185
 3.635   89.7009
 3.633   89.6443
 3.630   89.6443
 3.628   89.6267
 3.625   89.6194
 3.623   89.5921
 3.620   89.5525
 3.618   89.5154
 3.615   89.5017
 3.613   89.4695
 3.610   89.4509
 3.608   89.4129
 3.605   89.3689
 3.603   89.3689
 3.600   89.3421
 3.598   89.3030
 3.595   89.2874
 3.593   89.2752
 3.590   89.2595
 3.588   89.2366
 3.585   89.1990
 3.583   89.1643
 3.580   89.1414
 3.578   89.1179
 3.575   89.0974
 3.573   89.0589
 3.570   89.0315
 3.568   89.0095
 3.565   89.0100
 3.563   88.9710
 3.561   88.9050
 3.558   88.8655
 3.556   88.8650
 3.553   88.8186
 3.551   88.7849
 3.548   88.7932
 3.546   88.7683
 3.544   88.7439
 3.541   88.6814
 3.539   88.6209
 3.536   88.5886
 3.534   88.5720
 3.531   88.5764
 3.529   88.5510
 3.527   88.5134
 3.524   88.4812
 3.522   88.4241
 3.519   88.3621
 3.517   88.3347
 3.515   88.2854
 3.512   88.1975
 3.510   88.1580
 3.508   88.1424
 3.505   88.1297
 3.503   88.1018
 3.500   88.0667
 3.498   88.0452
 3.496   88.0281
 3.493   88.0349
 3.491   88.0095
 3.489   88.0105
 3.486   87.9656
 3.484   87.9646
 3.482   87.9490
 3.479   87.9177
 3.477   87.9378
 3.475   87.8650
 3.472   87.8245
 3.470   87.8342
 3.468   87.7547
 3.465   87.7205
 3.463   87.7058
 3.461   87.7019
 3.458   87.6570
 3.456   87.6092
 3.454   87.5642
 3.452   87.5447
 3.449   87.5178
 3.447   87.4705
 3.445   87.4265
 3.442   87.3987
 3.440   87.3699
 3.438   87.3211
 3.435   87.2835
 3.433   87.2410
 3.431   87.2078
 3.429   87.1580
 3.426   87.0867
 3.424   87.0432
 3.422   87.0398
 3.420   86.9939
 3.417   86.9378
 3.415   86.8753
 3.413   86.8552
 3.411   86.8728
 3.408   86.8718
 3.406   86.8440
 3.404   86.7908
 3.402   86.8108
 3.399   86.8074
 3.397   86.8343
 3.395   86.8406
 3.393   86.8245
 3.391   86.7893
 3.388   86.7678
 3.386   86.7234
 3.384   86.7346
 3.382   86.7146
 3.380   86.7171
 3.377   86.6765
 3.375   86.6892
 3.373   86.7014
 3.371   86.6839
 3.369   86.6448
 3.366   86.6238
 3.364   86.5940
 3.362   86.5432
 3.360   86.5349
 3.358   86.4964
 3.355   86.5037
 3.353   86.4671
 3.351   86.4417
 3.349   86.4138
 3.347   86.3577
 3.345   86.3675
 3.342   86.3894
 3.340   86.3455
 3.338   86.2952
 3.336   86.2752
 3.334   86.2581
 3.332   86.2132
 3.330   86.1795
 3.327   86.1121
 3.325   86.1116
 3.323   86.0603
 3.321   86.0086
 3.319   85.9744
 3.317   85.9417
 3.315   85.9177
 3.313   85.8928
 3.310   85.8885
 3.308   85.8714
 3.306   85.8596
 3.304   85.8089
 3.302   85.7859
 3.300   85.7888
 3.298   85.7678
 3.296   85.7166
 3.294   85.7073
 3.292   85.6702
 3.289   85.6233
 3.287   85.5784
 3.285   85.5310
 3.283   85.5291
 3.281   85.5095
 3.279   85.4729
 3.277   85.3963
 3.275   85.3733
 3.273   85.3714
 3.271   85.3435
 3.269   85.2991
 3.267   85.2556
 3.265   85.2386
 3.263   85.2029
 3.260   85.1804
 3.258   85.1228
 3.256   85.0393
 3.254   85.0056
 3.252   85.0135
 3.250   85.0042
 3.248   84.9768
 3.246   84.9685
 3.244   84.9221
 3.242   84.8616
 3.240   84.8128
 3.238   84.7522
 3.236   84.7146
 3.234   84.6761
 3.232   84.6956
 3.230   84.6853
 3.228   84.6248
 3.226   84.5979
 3.224   84.5545
 3.222   84.5120
 3.220   84.4685
 3.218   84.4378
 3.216   84.4021
 3.214   84.3382
 3.212   84.3030
 3.210   84.2615
 3.208   84.2444
 3.206   84.2224
 3.204   84.1678
 3.202   84.1429
 3.200   84.0428
 3.198   84.0139
 3.196   83.9793
 3.194   83.9002
 3.192   83.8401
 3.190   83.8050
 3.188   83.7718
 3.186   83.7151
 3.184   83.6839
 3.182   83.6346
 3.180   83.6155
 3.179   83.5779
 3.177   83.5413
 3.175   83.5017
 3.173   83.4417
 3.171   83.3787
 3.169   83.3767
 3.167   83.3382
 3.165   83.2581
 3.163   83.2185
 3.161   83.1585
 3.159   83.1170
 3.157   83.0681
 3.155   82.9861
 3.153   82.9573
 3.151   82.9182
 3.150   82.8728
 3.148   82.8518
 3.146   82.7639
 3.144   82.6761
 3.142   82.5999
 3.140   82.5472
 3.138   82.4900
 3.136   82.4436
 3.134   82.3806
 3.132   82.3572
 3.131   82.3460
 3.129   82.2835
 3.127   82.2600
 3.125   82.1697
 3.123   82.1038
 3.121   82.0335
 3.119   81.9964
 3.117   81.9534
 3.115   81.8924
 3.114   81.8831
 3.112   81.8616
 3.110   81.8714
 3.108   81.8465
 3.106   81.7830
 3.104   81.7488
 3.102   81.7039
 3.101   81.6014
 3.099   81.5584
 3.097   81.4861
 3.095   81.4314
 3.093   81.3543
 3.091   81.3201
 3.089   81.3006
 3.088   81.2498
 3.086   81.2146
 3.084   81.2117
 3.082   81.1424
 3.080   81.1043
 3.078   81.0496
 3.077   81.0066
 3.075   80.9373
 3.073   80.9129
 3.071   80.8689
 3.069   80.8221
 3.068   80.7586
 3.066   80.7078
 3.064   80.6531
 3.062   80.6297
 3.060   80.5769
 3.058   80.5369
 3.057   80.4822
 3.055   80.4119
 3.053   80.4012
 3.051   80.3572
 3.050   80.3641
 3.048   80.2918
 3.046   80.2791
 3.044   80.1717
 3.042   80.1228
 3.041   80.0564
 3.039   80.0017
 3.037   80.0076
 3.035   79.9246
 3.033   79.8465
 3.032   79.7957
 3.030   79.7762
 3.028   79.6668
 3.026   79.5574
 3.025   79.5320
 3.023   79.5037
 3.021   79.4256
 3.019   79.3680
 3.018   79.2928
 3.016   79.2322
 3.014   79.1443
 3.012   79.0574
 3.011   79.0174
 3.009   78.8934
 3.007   78.8465
 3.005   78.7967
 3.004   78.7000
 3.002   78.6424
 3.000   78.6141
 2.998   78.5477
 2.997   78.4939
 2.995   78.4705
 2.993   78.4295
 2.991   78.3748
 2.990   78.3367
 2.988   78.2459
 2.986   78.2352
 2.985   78.1307
 2.983   78.0643
 2.981   78.0105
 2.979   77.9695
 2.978   77.9002
 2.976   77.8182
 2.974   77.8123
 2.973   77.7391
 2.971   77.6297
 2.969   77.5633
 2.967   77.5174
 2.966   77.4539
 2.964   77.3689
 2.962   77.2625
 2.961   77.2156
 2.959   77.1541
 2.957   77.1023
 2.956   77.0389
 2.954   77.0145
 2.952   76.9920
 2.951   76.9764
 2.949   76.9266
 2.947   76.9275
 2.946   76.9207
 2.944   76.8611
 2.942   76.7820
 2.941   76.7225
 2.939   76.7322
 2.937   76.6834
 2.936   76.6229
 2.934   76.5984
 2.932   76.5623
 2.931   76.5086
 2.929   76.5232
 2.927   76.4617
 2.926   76.4197
 2.924   76.3963
 2.922   76.3680
 2.921   76.3748
 2.919   76.3504
 2.917   76.3152
 2.916   76.3299
 2.914   76.3250
 2.912   76.2547
 2.911   76.3025
 2.909   76.3289
 2.908   76.3885
 2.906   76.3660
 2.904   76.3846
 2.903   76.3455
 2.901   76.3562
 2.899   76.3777
 2.898   76.3641
 2.896   76.3846
 2.895   76.4412
 2.893   76.4148
 2.891   76.4295
 2.890   76.4842
 2.888   76.5350
 2.887   76.5389
 2.885   76.5115
 2.883   76.5555
 2.882   76.6287
 2.880   76.6189
 2.878   76.5623
 2.877   76.6062
 2.875   76.6883
 2.874   76.7244
 2.872   76.7430
 2.871   76.7400
 2.869   76.7264
 2.867   76.7977
 2.866   76.8006
 2.864   76.8357
 2.863   76.8592
 2.861   76.8787
 2.859   76.8875
 2.858   76.9764
 2.856   77.0916
 2.855   77.1482
 2.853   77.2010
 2.852   77.2303
 2.850   77.2439
 2.848   77.2234
 2.847   77.2312
 2.845   77.3240
 2.844   77.3494
 2.842   77.4031
 2.841   77.4646
 2.839   77.5047
 2.838   77.5164
 2.836   77.6502
 2.834   77.7225
 2.833   77.7049
 2.831   77.6131
 2.830   77.6883
 2.828   77.7439
 2.827   77.8055
 2.825   77.8377
 2.824   77.8260
 2.822   77.8943
 2.821   77.9764
 2.819   78.0252
 2.817   78.0750
 2.816   78.1023
 2.814   78.1678
 2.813   78.2234
 2.811   78.2283
 2.810   78.2303
 2.808   78.2635
 2.807   78.3045
 2.805   78.3328
 2.804   78.3680
 2.802   78.4070
 2.801   78.4656
 2.799   78.4334
 2.798   78.5037
 2.796   78.5896
 2.795   78.6560
 2.793   78.6844
 2.792   78.7303
 2.790   78.7430
 2.789   78.8338
 2.787   78.8846
 2.786   79.0047
 2.784   79.0682
 2.783   79.1678
 2.781   79.1951
 2.780   79.1853
 2.778   79.2381
 2.777   79.2928
 2.775   79.3484
 2.774   79.3992
 2.772   79.4705
 2.771   79.5525
 2.769   79.5203
 2.768   79.5486
 2.766   79.6365
 2.765   79.7342
 2.763   79.8201
 2.762   79.9305
 2.760   79.9822
 2.759   79.9803
 2.758   79.9959
 2.756   80.1521
 2.755   80.2459
 2.753   80.1287
 2.752   80.2117
 2.750   80.3094
 2.749   80.3494
 2.747   80.4217
 2.746   80.4978
 2.744   80.4451
 2.743   80.5623
 2.741   80.6795
 2.740   80.7478
 2.739   80.7771
 2.737   80.7547
 2.736   80.8133
 2.734   80.8641
 2.733   80.7976
 2.731   80.7928
 2.730   80.8006
 2.729   80.8601
 2.727   80.9080
 2.726   81.0047
 2.724   81.0838
 2.723   81.0447
 2.721   81.0193
 2.720   81.0935
 2.718   80.9656
 2.717   80.8943
 2.716   80.9021
 2.714   80.9266
 2.713   80.9295
 2.711   81.0467
 2.710   81.1619
 2.709   81.1307
 2.707   80.9695
 2.706   80.9226
 2.704   80.9021
 2.703   80.8826
 2.701   80.9119
 2.700   80.9422
 2.699   80.9734
 2.697   80.9578
 2.696   81.0271
 2.694   81.1062
 2.693   81.0984
 2.692   81.0623
 2.690   81.0115
 2.689   80.9490
 2.687   80.9295
 2.686   80.9392
 2.685   80.9812
 2.683   80.9695
 2.682   80.9392
 2.681   80.9656
 2.679   80.9881
 2.678   80.9568
 2.676   80.9891
 2.675   80.9109
 2.674   80.8357
 2.672   80.8826
 2.671   81.1131
 2.669   81.1248
 2.668   80.9021
 2.667   80.8904
 2.665   80.8758
 2.664   80.7898
 2.663   80.5291
 2.661   80.5545
 2.660   80.5076
 2.659   80.4764
 2.657   80.4920
 2.656   80.5164
 2.654   80.4969
 2.653   80.4656
 2.652   80.4422
 2.650   80.4109
 2.649   80.3641
 2.648   80.3084
 2.646   80.3211
 2.645   80.3240
 2.644   80.3084
 2.642   80.3601
 2.641   80.3250
 2.640   80.2732
 2.638   80.2732
 2.637   80.3055
 2.636   80.2859
 2.634   80.3016
 2.633   80.2547
 2.632   80.2557
 2.630   80.3250
 2.629   80.1834
 2.628   80.1414
 2.626   80.2273
 2.625   80.0838
 2.624   80.0164
 2.622   79.9969
 2.621   80.0271
 2.620   80.0359
 2.618   79.9002
 2.617   80.0154
 2.616   79.9764
 2.614   79.8992
 2.613   79.8592
 2.612   79.8396
 2.610   79.9031
 2.609   79.8875
 2.608   79.8250
 2.606   79.7898
 2.605   79.8475
 2.604   79.7498
 2.602   79.6453
 2.601   79.6678
 2.600   79.6814
 2.599   79.5701
 2.597   79.5867
 2.596   79.6834
 2.595   79.8836
 2.593   79.8601
 2.592   79.6336
 2.591   79.5789
 2.589   79.5789
 2.588   79.6414
 2.587   79.6648
 2.586   79.5476
 2.584   79.5232
 2.583   79.4773
 2.582   79.3943
 2.580   79.3680
 2.579   79.3406
 2.578   79.3631
 2.577   79.3435
 2.575   79.2898
 2.574   79.3094
 2.573   79.3601
 2.572   79.1922
 2.570   79.1336
 2.569   79.1404
 2.568   79.1209
 2.566   79.1170
 2.565   79.1570
 2.564   79.1883
 2.563   79.1697
 2.561   79.1092
 2.560   79.0213
 2.559   78.8758
 2.558   78.8318
 2.556   78.8963
 2.555   78.8533
 2.554   78.8201
 2.553   78.8006
 2.551   78.7771
 2.550   78.7850
 2.549   78.7596
 2.547   78.7361
 2.546   78.6717
 2.545   78.6326
 2.544   78.6775
 2.542   78.7693
 2.541   78.6580
 2.540   78.6111
 2.539   78.6365
 2.538   78.6268
 2.536   78.6131
 2.535   78.5994
 2.534   78.5037
 2.533   78.5174
 2.531   78.5115
 2.530   78.3982
 2.529   78.3592
 2.528   78.5291
 2.526   78.4764
 2.525   78.3846
 2.524   78.4412
 2.523   78.3885
 2.521   78.3006
 2.520   78.2420
 2.519   78.2810
 2.518   78.2459
 2.517   78.3240
 2.515   78.2830
 2.514   78.2107
 2.513   78.2576
 2.512   78.2810
 2.510   78.2810
 2.509   78.2303
 2.508   78.1521
 2.507   78.0779
 2.506   78.1111
 2.504   77.9803
 2.503   77.9803
 2.502   78.0721
 2.501   78.0916
 2.500   78.1228
 2.498   78.0525
 2.497   77.9627
 2.496   77.9978
 2.495   78.0154
 2.494   77.9725
 2.492   77.8240
 2.491   77.7381
 2.490   77.7107
 2.489   77.7869
 2.488   77.8299
 2.486   77.7850
 2.485   77.6365
 2.484   77.6072
 2.483   77.7107
 2.482   77.7322
 2.480   77.7420
 2.479   77.7127
 2.478   77.6365
 2.477   77.6600
 2.476   77.6619
 2.475   77.6170
 2.473   77.5330
 2.472   77.4217
 2.471   77.4002
 2.470   77.2771
 2.469   77.3670
 2.467   77.4490
 2.466   77.5096
 2.465   77.4666
 2.464   77.3377
 2.463   77.2889
 2.462   77.3318
 2.460   77.3123
 2.459   77.3143
 2.458   77.3943
 2.457   77.3592
 2.456   77.2811
 2.455   77.2928
 2.453   77.2342
 2.452   77.2107
 2.451   77.2225
 2.450   77.1443
 2.449   77.1150
 2.448   77.1326
 2.447   77.1326
 2.445   77.1189
 2.444   77.0408
 2.443   77.0115
 2.442   77.0018
 2.441   76.9490
 2.440   76.9178
 2.438   76.9686
 2.437   76.9451
 2.436   76.9021
 2.435   76.8689
 2.434   76.8631
 2.433   76.8143
 2.432   76.8006
 2.430   76.7186
 2.429   76.7537
 2.428   76.8123
 2.427   76.8768
 2.426   76.8240
 2.425   76.7439
 2.424   76.7498
 2.423   76.7127
 2.421   76.6404
 2.420   76.5330
 2.419   76.5311
 2.418   76.6209
 2.417   76.5975
 2.416   76.5506
 2.415   76.3631
 2.413   76.4373
 2.412   76.5623
 2.411   76.4959
 2.410   76.4705
 2.409   76.4783
 2.408   76.3279
 2.407   76.3709
 2.406   76.3768
 2.405   76.2654
 2.403   76.2283
 2.402   76.1346
 2.401   76.0193
 2.400   76.0721
 2.399   76.1990
 2.398   76.2146
 2.397   76.1834
 2.396   76.1795
 2.395   76.1990
 2.393   76.1971
 2.392   76.1111
 2.391   76.0623
 2.390   76.0643
 2.389   76.0623
 2.388   75.9842
 2.387   75.9881
 2.386   76.0096
 2.385   75.9607
 2.384   75.9920
 2.382   75.9705
 2.381   75.9256
 2.380   75.8670
 2.379   75.9998
 2.378   75.9178
 2.377   75.8592
 2.376   75.8279
 2.375   75.7107
 2.374   75.7420
 2.373   75.8006
 2.372   75.8455
 2.370   75.7498
 2.369   75.7518
 2.368   75.8123
 2.367   75.8084
 2.366   75.7146
 2.365   75.7361
 2.364   75.6522
 2.363   75.5428
 2.362   75.4451
 2.361   75.4139
 2.360   75.4549
 2.359   75.4529
 2.358   75.3689
 2.356   75.3123
 2.355   75.3240
 2.354   75.3768
 2.353   75.3279
 2.352   75.4002
 2.351   75.3240
 2.350   75.3299
 2.349   75.3162
 2.348   75.3982
 2.347   75.3377
 2.346   75.3670
 2.345   75.2674
 2.344   75.3377
 2.343   75.2596
 2.342   75.1600
 2.340   75.1795
 2.339   75.0154
 2.338   74.9100
 2.337   75.0701
 2.336   74.9939
 2.335   74.9705
 2.334   74.9647
 2.333   74.8748
 2.332   74.8904
 2.331   74.8357
 2.330   74.8455
 2.329   74.8299
 2.328   74.8455
 2.327   74.9002
 2.326   74.9022
 2.325   74.7928
 2.324   74.7342
 2.323   74.6971
 2.322   74.6873
 2.321   74.7107
 2.320   74.7772
 2.318   74.7967
 2.317   74.7342
 2.316   74.7205
 2.315   74.6814
 2.314   74.6346
 2.313   74.5701
 2.312   74.3826
 2.311   74.3982
 2.310   74.4022
 2.309   74.3846
 2.308   74.4725
 2.307   74.4393
 2.306   74.5330
 2.305   74.5408
 2.304   74.4861
 2.303   74.4783
 2.302   74.4217
 2.301   74.4451
 2.300   74.4139
 2.299   74.4861
 2.298   74.3768
 2.297   74.3611
 2.296   74.3690
 2.295   74.2596
 2.294   74.1268
 2.293   74.1209
 2.292   74.1014
 2.291   74.1033
 2.290   74.0486
 2.289   74.0428
 2.288   74.1033
 2.287   74.0350
 2.286   74.0154
 2.285   73.9236
 2.284   73.9764
 2.283   73.8377
 2.282   73.8045
 2.281   73.8709
 2.280   73.8201
 2.279   73.9061
 2.278   74.0350
 2.277   74.0955
 2.276   74.0408
 2.275   73.9764
 2.274   73.8846
 2.273   73.8592
 2.272   73.7889
 2.271   73.7107
 2.270   73.6404
 2.269   73.6443
 2.268   73.7986
 2.267   73.7576
 2.266   73.6170
 2.265   73.6404
 2.264   73.6522
 2.263   73.4861
 2.262   73.5232
 2.261   73.6873
 2.260   73.5643
 2.259   73.5565
 2.258   73.5877
 2.257   73.5857
 2.256   73.5857
 2.255   73.6170
 2.254   73.4549
 2.253   73.4842
 2.252   73.4158
 2.251   73.4158
 2.250   73.3065
 2.249   73.2654
 2.248   73.2518
 2.247   73.3455
 2.246   73.3279
 2.245   73.3846
 2.244   73.3377
 2.243   73.4373
 2.242   73.3533
 2.241   73.2361
 2.240   73.2127
 2.239   73.1815
 2.238   73.1580
 2.237   73.3318
 2.236   73.2576
 2.236   73.3201
 2.235   73.3279
 2.234   73.3201
 2.233   73.3045
 2.232   73.1190
 2.231   73.0721
 2.230   73.1111
 2.229   73.0096
 2.228   72.9217
 2.227   72.8201
 2.226   72.7830
 2.225   72.8983
 2.224   72.9236
 2.223   72.7986
 2.222   72.8436
 2.221   72.9627
 2.220   72.9627
 2.219   72.9842
 2.218   72.9608
 2.217   72.9705
 2.216   72.8670
 2.215   72.9002
 2.215   72.7908
 2.214   72.7264
 2.213   72.7283
 2.212   72.6658
 2.211   72.5467
 2.210   72.5955
 2.209   72.6815
 2.208   72.5233
 2.207   72.3123
 2.206   72.3123
 2.205   72.2986
 2.204   72.4295
 2.203   72.4315
 2.202   72.3748
 2.201   72.4373
 2.200   72.3455
 2.199   72.4920
 2.199   72.5252
 2.198   72.4529
 2.197   72.5233
 2.196   72.3983
 2.195   72.1815
 2.194   72.1483
 2.193   72.1424
 2.192   72.2576
 2.191   72.2752
 2.190   72.1111
 2.189   72.2420
 2.188   72.3670
 2.187   72.3143
 2.186   72.2420
 2.186   72.1815
 2.185   72.2967
 2.184   72.1502
 2.183   71.9920
 2.182   71.9549
 2.181   72.1170
 2.180   72.0701
 2.179   71.9920
 2.178   71.8983
 2.177   71.7811
 2.176   71.8709
 2.175   71.9959
 2.175   71.9295
 2.174   71.8787
 2.173   71.7068
 2.172   71.7108
 2.171   71.7264
 2.170   71.6756
 2.169   71.8397
 2.168   71.8709
 2.167   71.9139
 2.166   71.9725
 2.165   72.0193
 2.165   72.0428
 2.164   71.9451
 2.163   71.6912
 2.162   71.6287
 2.161   71.6522
 2.160   71.7654
 2.159   71.6795
 2.158   71.7068
 2.157   71.7264
 2.156   71.6912
 2.156   71.6404
 2.155   71.5389
 2.154   71.4217
 2.153   71.3436
 2.152   71.3084
 2.151   71.2889
 2.150   71.2967
 2.149   71.3279
 2.148   71.4256
 2.148   71.3514
 2.147   71.1795
 2.146   71.1639
 2.145   71.2576
 2.144   71.1522
 2.143   71.1131
 2.142   71.1404
 2.141   71.0858
 2.140   70.9842
 2.140   70.8904
 2.139   70.9568
 2.138   71.1678
 2.137   71.1951
 2.136   71.1600
 2.135   71.1600
 2.134   71.3592
 2.133   71.3436
 2.133   71.2459
 2.132   71.1443
 2.131   71.1326
 2.130   71.0154
 2.129   71.0701
 2.128   71.1443
 2.127   70.9256
 2.126   70.8865
 2.126   70.9334
 2.125   71.0037
 2.124   71.1326
 2.123   70.9803
 2.122   70.9686
 2.121   70.9412
 2.120   70.9529
 2.119   70.8318
 2.119   70.6170
 2.118   70.7342
 2.117   70.8123
 2.116   70.9764
 2.115   71.0076
 2.114   70.8748
 2.113   70.6795
 2.113   70.6248
 2.112   70.5858
 2.111   70.5819
 2.110   70.5506
 2.109   70.4022
 2.108   70.3201
 2.107   70.4373
 2.107   70.4178
 2.106   70.5389
 2.105   70.4256
 2.104   70.2342
 2.103   70.5311
 2.102   70.4920
 2.101   70.5272
 2.101   70.5467
 2.100   70.3201
 2.099   70.3904
 2.098   70.3358
 2.097   70.2537
 2.096   70.2615
 2.095   70.2264
 2.095   70.3514
 2.094   70.4686
 2.093   70.4412
 2.092   70.3944
 2.091   70.2654
 2.090   70.1912
 2.090   70.2342
 2.089   70.2615
 2.088   70.2459
 2.087   70.4451
 2.086   70.4490
 2.085   70.2967
 2.085   70.2420
 2.084   70.1326
 2.083   69.9998
 2.082   70.0623
 2.081   70.0779
 2.080   70.0311
 2.079   69.9803
