Name:  Fluorite CaF2
Type:  Mineral
Class:   Halides
Subclass:
Particle Size:  Fine  (less than 2  Micrometers)
Sample No.:  flourite.1
Owner:  JHU
Wavelength Range:  IR
Origin:  Donated by Norma Vergo; sample from Bingham, New Mexico.

Description: The sample was a large piece of a transparent single 
crystal and appeared to be pure fluorite.




Measurement:  Transmission 
First Column:  X
Second Column:  Y  
X Units:  Wavelength (micrometers)
Y Units:  Transmittance (percent)
First X Value:  25.0442
Last X Value:  2.079
Number of X Values:  2287
Additional Information: flouri1a.txt
25.044   54.2264
24.924   54.3006
24.805   54.5311
24.686   54.6405
24.569   54.9686
24.454   55.1913
24.339   55.3788
24.225   55.6249
24.112   56.1600
24.001   56.3006
23.890   56.6366
23.781   57.0858
23.672   57.8553
23.564   58.6014
23.458   59.4686
23.352   60.5311
23.247   61.6717
23.144   62.5975
23.041   63.8280
22.939   65.0408
22.838   66.2733
22.738   67.5096
22.638   68.8631
22.540   70.1658
22.442   71.6443
22.345   73.0877
22.250   74.4158
22.154   75.6326
22.060   76.9061
21.967   78.0486
21.874   79.2029
21.782   80.1424
21.691   81.1814
21.601   82.1053
21.511   82.9803
21.422   83.7830
21.334   84.6892
21.247   85.4041
21.160   86.1287
21.074   86.6443
20.988   87.2439
20.904   87.7888
20.820   88.3025
20.737   88.7615
20.654   89.2322
20.572   89.5154
20.491   89.7595
20.410   89.9959
20.330   90.3689
20.251   90.5320
20.172   90.7693
20.094   91.0330
20.016   91.2429
19.939   91.4304
19.863   91.6492
19.787   91.8045
19.712   92.0134
19.637   92.3025
19.563   92.5095
19.489   92.6560
19.416   92.9226
19.344   93.2107
19.272   93.3044
19.201   93.5857
19.130   93.6892
19.059   93.8005
18.990   93.8201
18.920   93.8875
18.851   93.8289
18.783   93.8484
18.715   93.8591
18.648   93.8250
18.581   93.6677
18.515   93.6931
18.449   93.5867
18.384   93.6052
18.319   93.5427
18.254   93.6892
18.190   93.6209
18.126   93.7185
18.063   93.7127
18.001   93.7625
17.938   93.7429
17.876   93.9060
17.815   93.8396
17.754   94.0398
17.693   94.0955
17.633   94.2507
17.573   94.2205
17.514   94.4978
17.455   94.5486
17.396   94.7478
17.338   94.7166
17.280   94.9587
17.223   94.9343
17.166   95.1677
17.109   95.2478
17.053   95.5740
16.997   95.5369
16.942   95.8542
16.886   95.9080
16.832   96.1101
16.777   96.2185
16.723   96.5447
16.669   96.5525
16.616   96.7644
16.563   96.8445
16.510   97.0984
16.458   97.1072
16.406   97.3113
16.354   97.3621
16.302   97.5134
16.251   97.5623
16.200   97.7703
16.150   97.7517
16.100   97.9539
16.050   98.0281
16.000   98.1726
15.951   98.1550
15.902   98.3494
15.854   98.3132
15.805   98.4294
15.757   98.4607
15.710   98.5447
15.662   98.5857
15.615   98.6492
15.568   98.7527
15.521   98.7761
15.475   98.8240
15.429   98.8132
15.383   98.8396
15.338   98.8689
15.292   98.9070
15.248   98.8572
15.203   98.8386
15.158   98.7507
15.114   98.7214
15.070   98.5798
15.027   98.5652
14.983   98.5076
14.940   98.4587
14.897   98.4109
14.854   98.4548
14.812   98.3826
14.770   98.4143
14.728   98.3669
14.686   98.3850
14.645   98.2810
14.603   98.3323
14.562   98.2717
14.521   98.3162
14.481   98.2595
14.441   98.3323
14.400   98.2522
14.361   98.2932
14.321   98.3044
14.281   98.3806
14.242   98.3010
14.203   98.3747
14.164   98.3083
14.126   98.3108
14.087   98.3318
14.049   98.3362
14.011   98.2756
13.973   98.2869
13.936   98.3069
13.899   98.2639
13.861   98.2698
13.824   98.2908
13.788   98.2976
13.751   98.2771
13.715   98.3083
13.679   98.2678
13.643   98.2683
13.607   98.1897
13.571   98.2346
13.536   98.1658
13.500   98.2190
13.465   98.2131
13.430   98.2458
13.396   98.1990
13.361   98.2248
13.327   98.1663
13.293   98.1755
13.259   98.1540
13.225   98.1819
13.191   98.0935
13.158   98.1467
13.124   98.1638
13.091   98.1267
13.058   98.0974
13.026   98.1589
12.993   98.1370
12.960   98.1033
12.928   98.1096
12.896   98.1101
12.864   98.0373
12.832   98.0251
12.800   98.0378
12.769   97.9690
12.737   97.9519
12.706   97.9099
12.675   97.8850
12.644   97.7795
12.614   97.8142
12.583   97.6990
12.552   97.6609
12.522   97.5535
12.492   97.6248
12.462   97.5232
12.432   97.5662
12.402   97.5115
12.373   97.4851
12.343   97.3909
12.314   97.5022
12.285   97.4299
12.256   97.4499
12.227   97.4080
12.198   97.5217
12.169   97.4456
12.141   97.5281
12.113   97.5583
12.084   97.6233
12.056   97.5666
12.028   97.6565
12.000   97.6687
11.973   97.6902
11.945   97.7419
11.918   97.8357
11.890   97.8435
11.863   97.9050
11.836   97.9885
11.809   98.0178
11.782   98.0955
11.755   98.1467
11.729   98.2205
11.702   98.2034
11.676   98.3279
11.650   98.3318
11.624   98.4080
11.598   98.3884
11.572   98.5486
11.546   98.5544
11.520   98.6877
11.495   98.6995
11.469   98.8113
11.444   98.7996
11.419   98.9900
11.394   98.9451
11.369   99.0491
11.344   99.0134
11.319   99.1746
11.294   99.1311
11.270   99.2444
11.245   99.2444
11.221   99.3699
11.197   99.3318
11.173   99.4787
11.149   99.5271
11.125   99.6072
11.101   99.6682
11.077   99.7771
11.054   99.8142
11.030   99.9182
11.007  100.0163
10.983  100.0828
10.960  100.1374
10.937  100.2165
10.914  100.3323
10.891  100.3796
10.868  100.4939
10.846  100.5535
10.823  100.6462
10.800  100.7146
10.778  100.8972
10.755  100.9265
10.733  101.0622
10.711  101.1316
10.689  101.2737
10.667  101.2742
10.645  101.4665
10.623  101.5212
10.602  101.6809
10.580  101.6877
10.558  101.8855
10.537  101.9026
10.516  102.0334
10.494  102.0857
10.473  102.2190
10.452  102.2082
10.431  102.3484
10.410  102.3508
10.389  102.4162
10.368  102.4309
10.348  102.5202
10.327  102.5159
10.306  102.5569
10.286  102.5974
10.266  102.5974
10.245  102.5554
10.225  102.5569
10.205  102.5964
10.185  102.6111
10.165  102.6667
10.145  102.6863
10.125  102.7219
10.106  102.7019
10.086  102.7986
10.066  102.7668
10.047  102.8230
10.027  102.8015
10.008  102.8904
 9.989  102.8049
 9.970  102.8757
 9.950  102.8308
 9.931  102.8552
 9.912  102.8005
 9.893  102.8581
 9.875  102.7805
 9.856  102.7742
 9.837  102.7439
 9.818  102.7737
 9.800  102.7121
 9.781  102.6931
 9.763  102.6487
 9.745  102.6521
 9.726  102.6018
 9.708  102.5881
 9.690  102.5329
 9.672  102.5159
 9.654  102.5320
 9.636  102.5027
 9.618  102.3972
 9.600  102.3367
 9.583  102.3147
 9.565  102.2126
 9.547  102.1565
 9.530  102.0784
 9.512  102.0139
 9.495  101.8928
 9.477  101.8381
 9.460  101.7385
 9.443  101.6921
 9.426  101.5681
 9.409  101.5256
 9.392  101.4084
 9.375  101.3694
 9.358  101.2873
 9.341  101.2615
 9.324  101.1272
 9.307  101.1174
 9.291  101.0525
 9.274  101.0071
 9.257  100.9333
 9.241  100.9333
 9.224  100.8772
 9.208  100.8542
 9.192  100.8733
 9.175  100.8747
 9.159  100.8533
 9.143  100.8611
 9.127  100.8904
 9.111  100.8572
 9.095  100.8952
 9.079  100.9299
 9.063  100.9704
 9.047  100.9480
 9.032  101.0173
 9.016  101.0017
 9.000  101.0544
 8.985  101.0915
 8.969  101.1604
 8.954  101.1374
 8.938  101.2463
 8.923  101.2771
 8.907  101.3269
 8.892  101.3132
 8.877  101.3728
 8.862  101.3381
 8.847  101.3484
 8.832  101.3205
 8.817  101.3113
 8.802  101.2502
 8.787  101.2541
 8.772  101.2527
 8.757  101.2341
 8.742  101.2317
 8.728  101.2668
 8.713  101.2800
 8.698  101.2654
 8.684  101.3064
 8.669  101.3035
 8.655  101.2986
 8.640  101.2903
 8.626  101.3476
 8.612  101.3105
 8.597  101.3203
 8.583  101.3164
 8.569  101.3506
 8.555  101.2995
 8.541  101.3467
 8.527  101.3435
 8.513  101.3603
 8.499  101.3291
 8.485  101.3672
 8.471  101.3484
 8.457  101.3708
 8.443  101.3445
 8.430  101.3630
 8.416  101.3193
 8.402  101.3271
 8.389  101.3252
 8.375  101.3240
 8.362  101.3183
 8.348  101.3066
 8.335  101.3059
 8.321  101.3142
 8.308  101.3171
 8.295  101.3113
 8.281  101.3113
 8.268  101.2991
 8.255  101.3017
 8.242  101.2580
 8.229  101.2615
 8.216  101.2363
 8.203  101.2265
 8.190  101.1872
 8.177  101.2370
 8.164  101.1758
 8.151  101.1836
 8.138  101.1562
 8.126  101.1728
 8.113  101.1150
 8.100  101.1404
 8.088  101.1113
 8.075  101.1238
 8.062  101.0852
 8.050  101.0945
 8.037  101.0603
 8.025  101.0764
 8.013  101.0439
 8.000  101.0266
 7.988  100.9971
 7.976  101.0117
 7.963  100.9890
 7.951  100.9685
 7.939  100.9714
 7.927  100.9704
 7.915  100.9499
 7.903  100.9236
 7.891  100.9280
 7.879  100.8896
 7.867  100.8879
 7.855  100.8613
 7.843  100.8711
 7.831  100.8327
 7.819  100.8547
 7.807  100.8147
 7.796  100.8135
 7.784  100.7707
 7.772  100.8086
 7.761  100.7480
 7.749  100.7517
 7.738  100.7400
 7.726  100.7578
 7.715  100.6973
 7.703  100.6990
 7.692  100.6853
 7.680  100.6882
 7.669  100.6584
 7.658  100.6584
 7.646  100.6345
 7.635  100.6279
 7.624  100.6201
 7.613  100.5984
 7.601  100.5732
 7.590  100.5569
 7.579  100.5547
 7.568  100.5361
 7.557  100.5439
 7.546  100.5447
 7.535  100.5349
 7.524  100.5049
 7.513  100.5271
 7.502  100.4919
 7.492  100.4853
 7.481  100.4543
 7.470  100.4521
 7.459  100.4177
 7.448  100.4719
 7.438  100.4446
 7.427  100.4424
 7.417  100.4033
 7.406  100.4402
 7.395  100.3994
 7.385  100.3867
 7.374  100.3642
 7.364  100.3669
 7.353  100.3254
 7.343  100.3027
 7.333  100.2971
 7.322  100.3240
 7.312  100.3083
 7.302  100.3191
 7.291  100.3064
 7.281  100.2659
 7.271  100.2751
 7.261  100.3127
 7.251  100.3039
 7.240  100.3093
 7.230  100.3440
 7.220  100.3469
 7.210  100.2978
 7.200  100.2703
 7.190  100.3347
 7.180  100.2988
 7.170  100.2732
 7.160  100.2871
 7.151  100.2976
 7.141  100.2930
 7.131  100.3542
 7.121  100.2864
 7.111  100.2688
 7.102  100.2654
 7.092  100.2490
 7.082  100.1975
 7.073  100.1765
 7.063  100.1467
 7.053  100.0583
 7.044   99.9524
 7.034  100.0322
 7.025  100.0615
 7.015  100.0442
 7.006  100.0535
 6.996  100.0137
 6.987   99.9885
 6.977  100.0127
 6.968   99.9726
 6.959   99.8584
 6.949   99.9619
 6.940  100.0293
 6.931  100.0400
 6.921  100.0019
 6.912   99.9919
 6.903   99.9333
 6.894   99.9714
 6.885   99.9512
 6.876   99.9045
 6.866   99.6348
 6.857   99.6394
 6.848   99.8271
 6.839   99.9172
 6.830   99.8564
 6.821   99.8489
 6.812   99.8953
 6.803   99.8762
 6.794   99.7400
 6.786   99.7097
 6.777   99.7683
 6.768   99.8252
 6.759   99.8572
 6.750   99.8313
 6.741   99.8318
 6.733   99.8076
 6.724   99.7539
 6.715   99.6843
 6.707   99.6863
 6.698   99.7441
 6.689   99.6902
 6.681   99.5896
 6.672   99.6570
 6.663   99.7012
 6.655   99.7331
 6.646   99.5408
 6.638   99.3174
 6.629   99.3855
 6.621   99.5906
 6.612   99.6113
 6.604   99.6269
 6.596   99.5498
 6.587   99.5276
 6.579   99.4082
 6.571   99.3281
 6.562   99.4495
 6.554   99.4919
 6.546   99.4968
 6.537   99.5381
 6.529   99.5193
 6.521   99.4092
 6.513   99.4309
 6.505   99.3845
 6.496   99.0967
 6.488   99.0371
 6.480   99.1933
 6.472   99.2578
 6.464   99.3152
 6.456   99.3125
 6.448   99.2795
 6.440   99.1885
 6.432   99.1094
 6.424   98.9990
 6.416   98.7161
 6.408   98.7207
 6.400   99.0491
 6.392   99.1162
 6.384   99.1113
 6.377   99.0430
 6.369   98.9766
 6.361   98.9910
 6.353   98.9658
 6.345   98.7627
 6.338   98.8086
 6.330   98.9119
 6.322   98.9170
 6.314   98.8772
 6.307   98.8518
 6.299   98.8230
 6.291   98.7893
 6.284   98.7578
 6.276   98.7275
 6.269   98.7021
 6.261   98.6589
 6.254   98.6533
 6.246   98.6404
 6.238   98.6182
 6.231   98.5784
 6.223   98.5891
 6.216   98.5857
 6.209   98.5876
 6.201   98.5818
 6.194   98.5322
 6.186   98.3682
 6.179   98.4890
 6.172   98.7058
 6.164   98.7578
 6.157   98.8281
 6.150   99.0095
 6.142   99.0642
 6.135   99.0889
 6.128   99.0984
 6.121   99.0066
 6.113   98.8445
 6.106   98.9678
 6.099   99.1287
 6.092   99.2009
 6.085   99.2285
 6.078   99.1543
 6.070   99.1770
 6.063   99.3584
 6.056   99.3279
 6.049   99.0918
 6.042   99.4072
 6.035   99.8164
 6.028   99.9924
 6.021  100.0046
 6.014   99.9685
 6.007   99.9997
 6.000  100.0498
 5.993   99.9236
 5.986   99.8965
 5.979   99.9473
 5.973   99.9043
 5.966   99.8508
 5.959   99.9707
 5.952   99.9831
 5.945   99.9119
 5.938   99.6584
 5.932   99.7097
 5.925   99.9424
 5.918  100.0068
 5.911  100.0312
 5.905   99.9841
 5.898   99.7219
 5.891   99.7285
 5.884   99.6963
 5.878   99.6560
 5.871   99.8747
 5.864   99.8913
 5.858   99.8972
 5.851   99.9441
 5.845   99.9700
 5.838   99.9326
 5.831   99.8591
 5.825   99.6897
 5.818   99.6885
 5.812   99.8630
 5.805   99.9363
 5.799   99.9158
 5.792   99.9114
 5.786   99.8486
 5.779   99.8176
 5.773   99.6794
 5.767   99.4902
 5.760   99.5837
 5.754   99.7141
 5.747   99.6269
 5.741   99.6453
 5.735   99.6396
 5.728   99.6233
 5.722   99.5740
 5.716   99.4990
 5.709   99.4346
 5.703   99.5039
 5.697   99.5410
 5.691   99.5017
 5.684   99.4971
 5.678   99.4482
 5.672   99.4070
 5.666   99.4570
 5.660   99.4346
 5.653   99.3935
 5.647   99.3454
 5.641   99.2519
 5.635   99.3223
 5.629   99.3933
 5.623   99.3928
 5.617   99.3669
 5.611   99.3711
 5.604   99.3467
 5.598   99.3435
 5.592   99.3437
 5.586   99.3157
 5.580   99.2126
 5.574   99.2441
 5.568   99.3086
 5.562   99.3035
 5.556   99.2634
 5.550   99.2588
 5.545   99.2685
 5.539   99.2685
 5.533   99.2737
 5.527   99.2519
 5.521   99.2385
 5.515   99.2458
 5.509   99.2490
 5.503   99.2253
 5.498   99.2273
 5.492   99.2266
 5.486   99.2158
 5.480   99.1833
 5.474   99.1865
 5.469   99.1746
 5.463   99.1514
 5.457   99.1728
 5.451   99.1887
 5.446   99.1738
 5.440   99.1858
 5.434   99.1687
 5.428   99.1426
 5.423   99.0613
 5.417   99.0915
 5.411   99.1396
 5.406   99.1492
 5.400   99.1416
 5.395   99.1533
 5.389   99.1250
 5.383   99.1250
 5.378   99.1260
 5.372   99.1111
 5.367   99.1074
 5.361   99.1152
 5.356   99.0652
 5.350   99.0320
 5.344   99.0574
 5.339   99.0918
 5.333   99.0810
 5.328   99.0974
 5.323   99.0742
 5.317   99.0654
 5.312   99.0615
 5.306   99.0664
 5.301   99.0535
 5.295   99.0334
 5.290   99.0332
 5.285   99.0461
 5.279   99.0283
 5.274   99.0339
 5.268   99.0481
 5.263   99.0456
 5.258   99.0456
 5.252   99.0549
 5.247   99.0420
 5.242   99.0339
 5.237   99.0222
 5.231   99.0273
 5.226   99.0251
 5.221   99.0115
 5.215   98.9900
 5.210   98.9883
 5.205   98.9929
 5.200   98.9695
 5.195   98.9851
 5.189   99.0022
 5.184   99.0120
 5.179   98.9880
 5.174   98.9734
 5.169   98.9646
 5.163   98.9802
 5.158   98.9805
 5.153   98.9629
 5.148   98.9219
 5.143   98.9336
 5.138   98.9394
 5.133   98.9499
 5.128   98.9509
 5.123   98.9407
 5.118   98.9470
 5.113   98.9297
 5.108   98.9250
 5.103   98.9133
 5.097   98.9101
 5.092   98.9128
 5.087   98.9072
 5.083   98.8906
 5.078   98.8926
 5.073   98.8816
 5.068   98.8816
 5.063   98.8760
 5.058   98.8816
 5.053   98.8555
 5.048   98.8533
 5.043   98.8445
 5.038   98.8503
 5.033   98.8359
 5.028   98.8184
 5.023   98.8044
 5.019   98.8025
 5.014   98.8066
 5.009   98.7976
 5.004   98.7986
 4.999   98.8025
 4.994   98.7913
 4.990   98.7771
 4.985   98.7685
 4.980   98.7663
 4.975   98.7510
 4.970   98.7458
 4.966   98.7341
 4.961   98.7363
 4.956   98.7305
 4.951   98.7275
 4.947   98.7195
 4.942   98.7136
 4.937   98.6963
 4.933   98.7041
 4.928   98.6965
 4.923   98.7002
 4.919   98.6816
 4.914   98.6846
 4.909   98.6794
 4.905   98.6838
 4.900   98.6716
 4.895   98.6863
 4.891   98.6877
 4.886   98.6872
 4.882   98.6748
 4.877   98.6777
 4.872   98.6667
 4.868   98.6638
 4.863   98.6748
 4.859   98.6638
 4.854   98.6514
 4.850   98.6631
 4.845   98.6621
 4.840   98.6426
 4.836   98.6550
 4.831   98.6487
 4.827   98.6526
 4.822   98.6550
 4.818   98.6426
 4.814   98.6565
 4.809   98.6584
 4.805   98.6379
 4.800   98.6423
 4.796   98.6335
 4.791   98.6494
 4.787   98.6345
 4.782   98.6435
 4.778   98.6340
 4.774   98.6455
 4.769   98.6406
 4.765   98.6426
 4.760   98.6394
 4.756   98.6277
 4.752   98.6287
 4.747   98.6269
 4.743   98.6260
 4.739   98.6328
 4.734   98.6318
 4.730   98.6191
 4.726   98.6211
 4.721   98.6064
 4.717   98.6238
 4.713   98.5996
 4.709   98.6084
 4.704   98.6033
 4.700   98.5984
 4.696   98.5896
 4.692   98.5898
 4.687   98.5801
 4.683   98.5781
 4.679   98.5593
 4.675   98.5664
 4.670   98.5525
 4.666   98.5596
 4.662   98.5478
 4.658   98.5691
 4.654   98.5749
 4.649   98.5576
 4.645   98.5664
 4.641   98.5684
 4.637   98.5759
 4.633   98.6035
 4.629   98.6064
 4.625   98.6033
 4.620   98.5837
 4.616   98.6013
 4.612   98.6023
 4.608   98.5986
 4.604   98.6101
 4.600   98.6140
 4.596   98.6101
 4.592   98.6042
 4.588   98.6074
 4.584   98.5976
 4.580   98.5915
 4.576   98.5937
 4.572   98.5974
 4.568   98.5915
 4.564   98.5911
 4.560   98.6038
 4.555   98.5813
 4.551   98.5564
 4.548   98.5652
 4.544   98.5525
 4.540   98.5544
 4.536   98.5393
 4.532   98.5559
 4.528   98.5388
 4.524   98.5315
 4.520   98.5286
 4.516   98.5290
 4.512   98.5305
 4.508   98.5320
 4.504   98.5222
 4.500   98.5251
 4.496   98.5178
 4.492   98.5207
 4.488   98.5144
 4.485   98.5115
 4.481   98.5300
 4.477   98.5017
 4.473   98.5027
 4.469   98.4875
 4.465   98.4875
 4.461   98.4822
 4.458   98.4841
 4.454   98.4719
 4.450   98.4817
 4.446   98.4646
 4.442   98.4690
 4.438   98.4670
 4.435   98.4617
 4.431   98.4499
 4.427   98.4748
 4.423   98.4446
 4.420   98.4514
 4.416   98.4495
 4.412   98.4480
 4.408   98.4216
 4.405   98.4241
 4.401   98.4299
 4.397   98.4421
 4.393   98.4270
 4.390   98.4363
 4.386   98.4358
 4.382   98.4089
 4.379   98.4172
 4.375   98.4060
 4.371   98.4045
 4.367   98.3874
 4.364   98.3997
 4.360   98.3767
 4.356   98.3855
 4.353   98.3953
 4.349   98.3840
 4.345   98.3650
 4.342   98.3699
 4.338   98.3547
 4.335   98.3689
 4.331   98.3704
 4.327   98.3689
 4.324   98.3679
 4.320   98.3630
 4.317   98.3464
 4.313   98.3538
 4.309   98.3581
 4.306   98.3484
 4.302   98.3469
 4.299   98.3552
 4.295   98.3533
 4.292   98.3523
 4.288   98.3533
 4.284   98.3650
 4.281   98.3425
 4.277   98.3411
 4.274   98.3376
 4.270   98.3147
 4.267   98.2800
 4.263   98.2756
 4.260   98.2830
 4.256   98.2707
 4.253   98.2971
 4.249   98.3015
 4.246   98.3186
 4.242   98.3093
 4.239   98.2986
 4.235   98.2947
 4.232   98.2869
 4.229   98.2795
 4.225   98.2771
 4.222   98.2590
 4.218   98.2605
 4.215   98.2478
 4.211   98.2717
 4.208   98.2400
 4.205   98.2322
 4.201   98.2244
 4.198   98.2263
 4.194   98.2097
 4.191   98.2214
 4.188   98.2322
 4.184   98.1970
 4.181   98.2122
 4.177   98.2024
 4.174   98.2009
 4.171   98.1863
 4.167   98.1887
 4.164   98.1936
 4.161   98.1936
 4.157   98.1877
 4.154   98.1990
 4.151   98.1848
 4.147   98.1872
 4.144   98.1863
 4.141   98.1868
 4.137   98.1760
 4.134   98.1882
 4.131   98.1677
 4.128   98.1814
 4.124   98.1780
 4.121   98.1814
 4.118   98.1716
 4.114   98.1687
 4.111   98.1594
 4.108   98.1555
 4.105   98.1389
 4.101   98.1467
 4.098   98.1472
 4.095   98.1545
 4.092   98.1409
 4.088   98.1404
 4.085   98.1306
 4.082   98.1370
 4.079   98.1218
 4.076   98.1081
 4.072   98.1121
 4.069   98.1062
 4.066   98.0984
 4.063   98.0881
 4.060   98.0955
 4.056   98.0945
 4.053   98.0754
 4.050   98.0818
 4.047   98.0657
 4.044   98.0779
 4.041   98.0681
 4.038   98.0613
 4.034   98.0730
 4.031   98.0413
 4.028   98.0559
 4.025   98.0554
 4.022   98.0437
 4.019   98.0535
 4.016   98.0398
 4.013   98.0413
 4.009   98.0300
 4.006   98.0242
 4.003   98.0237
 4.000   98.0344
 3.997   98.0271
 3.994   98.0354
 3.991   98.0354
 3.988   98.0134
 3.985   98.0232
 3.982   98.0159
 3.979   98.0159
 3.976   98.0105
 3.973   97.9958
 3.969   98.0022
 3.966   97.9924
 3.963   98.0007
 3.960   97.9919
 3.957   97.9797
 3.954   97.9734
 3.951   97.9617
 3.948   97.9363
 3.945   97.9480
 3.942   97.9602
 3.939   97.9607
 3.936   97.9407
 3.933   97.9421
 3.930   97.9372
 3.927   97.9236
 3.924   97.9285
 3.921   97.9299
 3.918   97.9358
 3.916   97.9128
 3.913   97.9133
 3.910   97.9324
 3.907   97.9148
 3.904   97.8987
 3.901   97.8967
 3.898   97.8904
 3.895   97.9070
 3.892   97.8845
 3.889   97.8777
 3.886   97.8557
 3.883   97.8777
 3.880   97.8621
 3.877   97.8708
 3.875   97.8601
 3.872   97.8674
 3.869   97.8459
 3.866   97.8435
 3.863   97.8308
 3.860   97.8108
 3.857   97.8225
 3.854   97.8401
 3.852   97.8318
 3.849   97.8318
 3.846   97.8157
 3.843   97.8132
 3.840   97.8166
 3.837   97.8259
 3.834   97.8108
 3.832   97.8147
 3.829   97.7937
 3.826   97.7932
 3.823   97.7986
 3.820   97.7825
 3.817   97.7878
 3.815   97.7849
 3.812   97.7737
 3.809   97.7698
 3.806   97.7908
 3.803   97.7771
 3.801   97.7839
 3.798   97.7659
 3.795   97.7639
 3.792   97.7414
 3.790   97.7541
 3.787   97.7566
 3.784   97.7507
 3.781   97.7356
 3.779   97.7400
 3.776   97.7410
 3.773   97.7458
 3.770   97.7659
 3.768   97.7605
 3.765   97.7331
 3.762   97.7170
 3.759   97.7419
 3.757   97.7263
 3.754   97.7273
 3.751   97.7288
 3.748   97.7292
 3.746   97.7165
 3.743   97.7087
 3.740   97.7156
 3.738   97.7156
 3.735   97.7043
 3.732   97.7170
 3.730   97.6853
 3.727   97.6999
 3.724   97.6951
 3.722   97.7112
 3.719   97.6882
 3.716   97.6916
 3.714   97.6638
 3.711   97.6794
 3.708   97.6706
 3.706   97.6760
 3.703   97.6511
 3.700   97.6638
 3.698   97.6755
 3.695   97.6599
 3.692   97.6404
 3.690   97.6453
 3.687   97.6487
 3.685   97.6414
 3.682   97.6374
 3.679   97.6291
 3.677   97.6257
 3.674   97.6326
 3.671   97.6189
 3.669   97.6218
 3.666   97.6150
 3.664   97.6003
 3.661   97.5974
 3.659   97.6033
 3.656   97.6169
 3.653   97.5974
 3.651   97.6155
 3.648   97.5984
 3.646   97.5847
 3.643   97.5867
 3.641   97.5808
 3.638   97.5901
 3.635   97.5945
 3.633   97.5745
 3.630   97.5857
 3.628   97.5818
 3.625   97.5642
 3.623   97.5681
 3.620   97.5686
 3.618   97.5798
 3.615   97.5701
 3.613   97.5808
 3.610   97.5652
 3.608   97.5745
 3.605   97.5691
 3.603   97.5496
 3.600   97.5535
 3.598   97.5789
 3.595   97.5398
 3.593   97.5427
 3.590   97.5427
 3.588   97.5671
 3.585   97.5373
 3.583   97.5334
 3.580   97.5349
 3.578   97.5281
 3.575   97.5261
 3.573   97.5159
 3.570   97.5134
 3.568   97.5095
 3.565   97.5251
 3.563   97.5486
 3.561   97.5056
 3.558   97.5081
 3.556   97.4949
 3.553   97.5124
 3.551   97.5066
 3.548   97.5124
 3.546   97.5066
 3.544   97.4929
 3.541   97.4963
 3.539   97.4958
 3.536   97.5017
 3.534   97.5095
 3.531   97.5095
 3.529   97.4963
 3.527   97.5066
 3.524   97.4861
 3.522   97.5095
 3.519   97.5203
 3.517   97.5056
 3.515   97.5100
 3.512   97.4998
 3.510   97.5002
 3.508   97.5022
 3.505   97.4768
 3.503   97.4631
 3.500   97.4744
 3.498   97.4612
 3.496   97.4441
 3.493   97.4636
 3.491   97.4612
 3.489   97.4456
 3.486   97.4480
 3.484   97.4578
 3.482   97.4587
 3.479   97.4480
 3.477   97.4246
 3.475   97.4397
 3.472   97.4260
 3.470   97.4241
 3.468   97.4260
 3.465   97.4202
 3.463   97.4314
 3.461   97.4158
 3.458   97.4451
 3.456   97.4456
 3.454   97.4436
 3.452   97.4529
 3.449   97.4436
 3.447   97.4529
 3.445   97.4587
 3.442   97.4631
 3.440   97.4729
 3.438   97.4709
 3.435   97.4612
 3.433   97.4607
 3.431   97.4822
 3.429   97.4729
 3.426   97.4631
 3.424   97.4441
 3.422   97.4519
 3.420   97.4202
 3.417   97.4397
 3.415   97.4158
 3.413   97.3948
 3.411   97.3909
 3.408   97.3923
 3.406   97.3948
 3.404   97.3845
 3.402   97.3953
 3.399   97.4001
 3.397   97.3943
 3.395   97.3811
 3.393   97.4202
 3.391   97.4236
 3.388   97.4246
 3.386   97.4182
 3.384   97.4045
 3.382   97.3953
 3.380   97.3928
 3.377   97.3767
 3.375   97.3791
 3.373   97.3811
 3.371   97.3889
 3.369   97.3894
 3.366   97.3850
 3.364   97.3894
 3.362   97.3914
 3.360   97.4026
 3.358   97.3909
 3.355   97.3787
 3.353   97.3855
 3.351   97.3772
 3.349   97.3826
 3.347   97.3865
 3.345   97.3752
 3.342   97.3904
 3.340   97.3987
 3.338   97.3845
 3.336   97.3767
 3.334   97.4001
 3.332   97.3791
 3.330   97.4040
 3.327   97.3914
 3.325   97.3811
 3.323   97.3806
 3.321   97.3948
 3.319   97.4070
 3.317   97.3967
 3.315   97.4026
 3.313   97.4084
 3.310   97.4099
 3.308   97.3909
 3.306   97.3831
 3.304   97.3772
 3.302   97.3874
 3.300   97.3850
 3.298   97.3728
 3.296   97.3831
 3.294   97.4084
 3.292   97.4001
 3.289   97.3767
 3.287   97.3767
 3.285   97.3767
 3.283   97.3533
 3.281   97.3596
 3.279   97.3498
 3.277   97.3650
 3.275   97.3420
 3.273   97.3689
 3.271   97.3865
 3.269   97.3533
 3.267   97.3479
 3.265   97.3284
 3.263   97.3269
 3.260   97.3415
 3.258   97.3240
 3.256   97.2971
 3.254   97.2893
 3.252   97.3206
 3.250   97.3220
 3.248   97.3245
 3.246   97.3264
 3.244   97.3303
 3.242   97.3269
 3.240   97.3240
 3.238   97.3362
 3.236   97.3298
 3.234   97.3264
 3.232   97.3083
 3.230   97.3201
 3.228   97.2952
 3.226   97.2810
 3.224   97.2849
 3.222   97.2986
 3.220   97.3284
 3.218   97.3284
 3.216   97.3162
 3.214   97.3142
 3.212   97.3152
 3.210   97.2869
 3.208   97.2952
 3.206   97.3069
 3.204   97.3259
 3.202   97.2947
 3.200   97.2815
 3.198   97.2776
 3.196   97.3064
 3.194   97.2908
 3.192   97.2678
 3.190   97.2771
 3.188   97.2717
 3.186   97.2751
 3.184   97.2541
 3.182   97.2366
 3.180   97.2439
 3.179   97.2244
 3.177   97.2483
 3.175   97.2288
 3.173   97.2400
 3.171   97.2151
 3.169   97.2146
 3.167   97.1995
 3.165   97.2034
 3.163   97.2229
 3.161   97.1951
 3.159   97.1956
 3.157   97.1897
 3.155   97.2009
 3.153   97.1873
 3.151   97.1423
 3.150   97.1814
 3.148   97.1448
 3.146   97.1423
 3.144   97.1272
 3.142   97.1252
 3.140   97.1287
 3.138   97.1174
 3.136   97.1013
 3.134   97.0876
 3.132   97.0974
 3.131   97.0603
 3.129   97.0427
 3.127   97.0525
 3.125   97.0276
 3.123   97.0276
 3.121   97.0120
 3.119   96.9924
 3.117   96.9509
 3.115   96.9587
 3.114   96.9534
 3.112   96.9412
 3.110   96.9392
 3.108   96.9509
 3.106   96.9451
 3.104   96.9246
 3.102   96.9031
 3.101   96.8806
 3.099   96.8503
 3.097   96.8328
 3.095   96.8367
 3.093   96.8376
 3.091   96.8249
 3.089   96.7947
 3.088   96.7371
 3.086   96.7507
 3.084   96.7371
 3.082   96.7644
 3.080   96.7361
 3.078   96.7351
 3.077   96.7146
 3.075   96.7039
 3.073   96.6804
 3.071   96.6755
 3.069   96.6892
 3.068   96.6765
 3.066   96.6765
 3.064   96.6804
 3.062   96.6423
 3.060   96.5955
 3.058   96.5867
 3.057   96.5867
 3.055   96.5896
 3.053   96.5564
 3.051   96.5447
 3.050   96.5378
 3.048   96.5476
 3.046   96.5271
 3.044   96.4734
 3.042   96.4548
 3.041   96.4587
 3.039   96.4412
 3.037   96.4050
 3.035   96.3777
 3.033   96.3923
 3.032   96.3328
 3.030   96.2996
 3.028   96.2927
 3.026   96.2439
 3.025   96.2449
 3.023   96.2078
 3.021   96.1316
 3.019   96.1287
 3.018   96.1062
 3.016   96.1140
 3.014   96.0749
 3.012   96.0212
 3.011   96.0203
 3.009   95.9773
 3.007   95.9539
 3.005   95.9216
 3.004   95.8601
 3.002   95.8611
 3.000   95.8396
 2.998   95.7849
 2.997   95.7117
 2.995   95.6804
 2.993   95.6677
 2.991   95.6248
 2.990   95.5945
 2.988   95.5154
 2.986   95.4841
 2.985   95.4373
 2.983   95.3962
 2.981   95.3132
 2.979   95.3035
 2.978   95.2400
 2.976   95.1716
 2.974   95.0730
 2.973   95.0154
 2.971   94.9548
 2.969   94.8875
 2.967   94.8259
 2.966   94.7556
 2.964   94.6570
 2.962   94.6111
 2.961   94.5437
 2.959   94.4822
 2.957   94.3943
 2.956   94.3455
 2.954   94.3171
 2.952   94.3162
 2.951   94.2283
 2.949   94.2322
 2.947   94.1677
 2.946   94.1150
 2.944   94.0759
 2.942   94.0818
 2.941   94.0427
 2.939   94.0515
 2.937   94.0398
 2.936   93.9802
 2.934   93.9978
 2.932   93.9695
 2.931   93.9724
 2.929   93.8875
 2.927   93.8396
 2.926   93.8884
 2.924   93.9109
 2.922   93.8718
 2.921   93.8328
 2.919   93.8162
 2.917   93.8298
 2.916   93.8220
 2.914   93.8162
 2.912   93.8064
 2.911   93.8601
 2.909   93.8015
 2.908   93.7947
 2.906   93.8025
 2.904   93.8220
 2.903   93.8318
 2.901   93.8748
 2.899   93.8474
 2.898   93.8875
 2.896   93.9334
 2.895   93.9578
 2.893   93.9431
 2.891   93.9939
 2.890   93.9841
 2.888   94.0173
 2.887   94.1013
 2.885   94.1169
 2.883   94.1365
 2.882   94.1091
 2.880   94.2107
 2.878   94.2625
 2.877   94.2351
 2.875   94.3064
 2.874   94.3679
 2.872   94.3914
 2.871   94.4041
 2.869   94.4802
 2.867   94.4705
 2.866   94.5173
 2.864   94.5720
 2.863   94.6111
 2.861   94.6492
 2.859   94.6521
 2.858   94.7263
 2.856   94.7742
 2.855   94.7976
 2.853   94.8142
 2.852   94.8513
 2.850   94.8484
 2.848   94.8982
 2.847   94.9021
 2.845   94.9109
 2.844   94.9968
 2.842   94.9919
 2.841   94.9939
 2.839   95.0056
 2.838   94.9959
 2.836   95.0251
 2.834   95.0408
 2.833   95.0398
 2.831   95.0584
 2.830   95.0359
 2.828   95.0173
 2.827   95.0164
 2.825   95.0544
 2.824   95.0193
 2.822   95.0164
 2.821   95.0164
 2.819   94.9880
 2.817   95.0349
 2.816   95.0310
 2.814   95.0310
 2.813   95.0632
 2.811   95.0906
 2.810   95.0876
 2.808   95.0955
 2.807   95.1062
 2.805   95.1365
 2.804   95.0945
 2.802   95.0984
 2.801   95.1794
 2.799   95.2546
 2.798   95.2859
 2.796   95.3132
 2.795   95.3513
 2.793   95.3904
 2.792   95.4304
 2.790   95.4724
 2.789   95.4412
 2.787   95.4431
 2.786   95.5154
 2.784   95.5945
 2.783   95.6521
 2.781   95.6716
 2.780   95.7322
 2.778   95.7693
 2.777   95.8162
 2.775   95.8874
 2.774   95.9265
 2.772   95.9373
 2.771   95.8796
 2.769   95.9070
 2.768   95.9343
 2.766   95.9812
 2.765   96.0242
 2.763   95.9783
 2.762   95.9919
 2.760   96.0505
 2.759   96.1013
 2.758   96.0798
 2.756   95.9587
 2.755   95.9343
 2.753   96.0974
 2.752   96.1638
 2.750   96.1921
 2.749   96.2039
 2.747   96.2146
 2.746   96.1951
 2.744   96.1677
 2.743   96.0896
 2.741   96.0388
 2.740   95.9392
 2.739   95.9382
 2.737   96.0603
 2.736   96.1091
 2.734   96.0203
 2.733   96.1130
 2.731   96.1169
 2.730   96.0984
 2.729   96.0876
 2.727   96.1023
 2.726   95.9744
 2.724   95.8376
 2.723   95.8923
 2.721   95.9158
 2.720   95.8093
 2.718   95.9460
 2.717   96.0203
 2.716   96.0203
 2.714   95.9617
 2.713   95.8923
 2.711   95.7156
 2.710   95.5789
 2.709   95.6951
 2.707   95.7244
 2.706   95.7380
 2.704   95.7078
 2.703   95.7039
 2.701   95.5671
 2.700   95.6101
 2.699   95.5974
 2.697   95.5740
 2.696   95.4841
 2.694   95.4060
 2.693   95.3943
 2.692   95.4763
 2.690   95.4685
 2.689   95.4333
 2.687   95.4265
 2.686   95.3630
 2.685   95.3494
 2.683   95.3210
 2.682   95.3005
 2.681   95.3171
 2.679   95.2156
 2.678   95.1843
 2.676   95.1111
 2.675   95.1931
 2.674   95.2654
 2.672   95.2234
 2.671   94.9500
 2.669   94.8709
 2.668   95.0427
 2.667   94.9695
 2.665   94.9148
 2.664   94.9451
 2.663   95.1072
 2.661   95.0789
 2.660   95.0779
 2.659   95.0935
 2.657   95.1218
 2.656   95.0554
 2.654   94.9968
 2.653   95.0046
 2.652   94.9773
 2.650   95.0310
 2.649   95.0125
 2.648   95.0398
 2.646   95.0359
 2.645   94.9646
 2.644   95.0085
 2.642   94.9373
 2.641   94.9373
 2.640   94.9216
 2.638   94.9763
 2.637   94.9343
 2.636   94.9216
 2.634   94.8640
 2.633   94.8474
 2.632   94.8044
 2.630   94.6541
 2.629   94.7390
 2.628   94.7654
 2.626   94.6765
 2.625   94.7927
 2.624   94.8396
 2.622   94.7625
 2.621   94.6492
 2.620   94.5867
 2.618   94.7126
 2.617   94.6023
 2.616   94.5906
 2.614   94.6658
 2.613   94.6599
 2.612   94.7244
 2.610   94.6521
 2.609   94.6326
 2.608   94.5701
 2.606   94.5242
 2.605   94.4138
 2.604   94.5007
 2.602   94.5388
 2.601   94.5906
 2.600   94.5935
 2.599   94.6414
 2.597   94.5427
 2.596   94.3709
 2.595   94.0818
 2.593   94.2185
 2.592   94.4656
 2.591   94.5320
 2.589   94.4851
 2.588   94.4304
 2.587   94.3484
 2.586   94.4060
 2.584   94.3162
 2.583   94.3015
 2.582   94.3572
 2.580   94.3523
 2.579   94.3591
 2.578   94.3796
 2.577   94.3044
 2.575   94.3357
 2.574   94.2781
 2.573   94.2068
 2.572   94.2459
 2.570   94.2703
 2.569   94.2820
 2.568   94.2781
 2.566   94.3054
 2.565   94.2117
 2.564   94.1560
 2.563   94.1423
 2.561   94.1414
 2.560   94.1931
 2.559   94.2419
 2.558   94.2615
 2.556   94.2429
 2.555   94.2781
 2.554   94.2429
 2.553   94.2537
 2.551   94.2068
 2.550   94.1726
 2.549   94.1560
 2.547   94.1326
 2.546   94.1677
 2.545   94.1726
 2.544   94.1687
 2.542   94.1482
 2.541   94.1531
 2.540   94.1716
 2.539   94.1775
 2.538   94.1677
 2.536   94.0720
 2.535   94.0662
 2.534   94.1248
 2.533   94.0681
 2.531   94.0544
 2.530   94.0994
 2.529   94.0740
 2.528   94.1111
 2.526   94.0330
 2.525   94.0291
 2.524   93.9880
 2.523   94.0154
 2.521   94.0173
 2.520   94.0349
 2.519   93.9880
 2.518   93.9998
 2.517   93.9587
 2.515   93.9412
 2.514   93.9548
 2.513   93.8884
 2.512   93.8884
 2.510   93.8982
 2.509   93.8845
 2.508   93.8982
 2.507   93.9451
 2.506   93.8904
 2.504   93.8513
 2.503   93.8709
 2.502   93.8298
 2.501   93.8220
 2.500   93.8298
 2.498   93.8689
 2.497   93.8494
 2.496   93.8455
 2.495   93.7947
 2.494   93.7302
 2.492   93.7693
 2.491   93.7966
 2.490   93.7947
 2.489   93.7771
 2.488   93.7459
 2.486   93.6892
 2.485   93.6560
 2.484   93.6677
 2.483   93.7224
 2.482   93.7166
 2.480   93.7205
 2.479   93.7498
 2.478   93.7185
 2.477   93.6775
 2.476   93.6834
 2.475   93.6912
 2.473   93.6619
 2.472   93.6052
 2.471   93.6052
 2.470   93.6462
 2.469   93.6638
 2.467   93.6267
 2.466   93.5584
 2.465   93.5544
 2.464   93.5779
 2.463   93.5662
 2.462   93.5642
 2.460   93.5896
 2.459   93.5701
 2.458   93.4959
 2.457   93.5837
 2.456   93.5095
 2.455   93.5544
 2.453   93.5642
 2.452   93.5388
 2.451   93.5584
 2.450   93.5017
 2.449   93.5466
 2.448   93.5466
 2.447   93.4490
 2.445   93.5154
 2.444   93.4998
 2.443   93.4802
 2.442   93.4373
 2.441   93.4158
 2.440   93.3982
 2.438   93.4197
 2.437   93.5115
 2.436   93.5037
 2.435   93.4939
 2.434   93.4236
 2.433   93.4548
 2.432   93.4470
 2.430   93.3904
 2.429   93.3669
 2.428   93.2654
 2.427   93.3494
 2.426   93.3279
 2.425   93.3630
 2.424   93.3318
 2.423   93.3220
 2.421   93.3611
 2.420   93.3201
 2.419   93.3142
 2.418   93.3162
 2.417   93.3474
 2.416   93.3220
 2.415   93.3025
 2.413   93.2361
 2.412   93.2127
 2.411   93.2419
 2.410   93.2185
 2.409   93.2693
 2.408   93.2068
 2.407   93.2302
 2.406   93.1990
 2.405   93.1990
 2.403   93.2009
 2.402   93.2263
 2.401   93.2419
 2.400   93.2107
 2.399   93.2302
 2.398   93.1736
 2.397   93.1990
 2.396   93.1404
 2.395   93.1755
 2.393   93.1189
 2.392   93.0935
 2.391   93.0857
 2.390   93.1814
 2.389   93.1248
 2.388   93.1755
 2.387   93.0974
 2.386   93.1189
 2.385   93.1209
 2.384   93.0955
 2.382   93.1052
 2.381   93.1755
 2.380   93.0505
 2.379   93.0252
 2.378   93.0330
 2.377   93.0584
 2.376   93.1111
 2.375   93.0798
 2.374   93.1013
 2.373   93.0095
 2.372   93.0427
 2.370   93.1033
 2.369   93.1130
 2.368   93.1189
 2.367   93.1033
 2.366   93.0252
 2.365   93.0584
 2.364   93.0408
 2.363   93.0857
 2.362   93.0740
 2.361   93.0427
 2.360   93.0955
 2.359   93.0544
 2.358   93.0330
 2.356   93.0642
 2.355   93.0076
 2.354   93.0310
 2.353   92.9959
 2.352   93.0623
 2.351   93.0330
 2.350   93.0408
 2.349   93.0544
 2.348   92.9880
 2.347   93.0564
 2.346   92.9880
 2.345   93.0154
 2.344   93.0427
 2.343   93.0330
 2.342   93.0037
 2.340   93.0408
 2.339   93.0857
 2.338   93.0076
 2.337   92.9919
 2.336   92.9841
 2.335   93.0037
 2.334   93.0310
 2.333   92.9392
 2.332   92.9841
 2.331   92.9705
 2.330   93.0349
 2.329   92.9373
 2.328   92.9783
 2.327   92.9470
 2.326   92.9529
 2.325   92.8845
 2.324   92.9177
 2.323   92.9548
 2.322   92.9314
 2.321   92.8982
 2.320   92.8748
 2.318   92.9255
 2.317   92.9002
 2.316   92.9099
 2.315   92.8220
 2.314   92.9080
 2.313   92.8787
 2.312   92.8709
 2.311   92.8904
 2.310   92.8865
 2.309   92.8923
 2.308   92.8611
 2.307   92.8611
 2.306   92.8943
 2.305   92.8201
 2.304   92.9548
 2.303   92.8865
 2.302   92.9998
 2.301   92.9763
 2.300   92.9080
 2.299   92.8611
 2.298   92.9646
 2.297   92.9861
 2.296   92.9685
 2.295   92.9177
 2.294   92.7849
 2.293   92.8689
 2.292   92.8396
 2.291   92.9548
 2.290   92.8767
 2.289   92.8982
 2.288   92.9236
 2.287   92.9705
 2.286   92.9002
 2.285   92.9373
 2.284   92.8689
 2.283   92.9138
 2.282   92.8845
 2.281   92.8748
 2.280   92.8435
 2.279   92.8513
 2.278   92.8591
 2.277   92.9529
 2.276   92.9099
 2.275   92.8748
 2.274   92.8435
 2.273   92.8826
 2.272   92.8845
 2.271   92.8435
 2.270   92.8611
 2.269   92.8767
 2.268   92.8044
 2.267   92.9314
 2.266   92.8533
 2.265   92.8826
 2.264   92.8611
 2.263   92.9099
 2.262   92.8826
 2.261   92.8904
 2.260   92.8220
 2.259   92.8748
 2.258   92.7888
 2.257   92.8435
 2.256   92.7849
 2.255   92.8611
 2.254   92.8201
 2.253   92.8923
 2.252   92.8826
 2.251   92.8767
 2.250   92.8748
 2.249   92.7986
 2.248   92.9060
 2.247   92.8787
 2.246   92.8611
 2.245   92.8435
 2.244   92.8357
 2.243   92.9021
 2.242   92.8298
 2.241   92.8845
 2.240   92.8748
 2.239   92.9158
 2.238   92.8533
 2.237   92.8923
 2.236   92.9763
 2.236   92.9080
 2.235   92.9216
 2.234   92.9607
 2.233   93.0935
 2.232   93.0232
 2.231   92.9841
 2.230   92.9763
 2.229   92.9373
 2.228   92.9236
 2.227   92.9783
 2.226   93.0505
 2.225   93.1423
 2.224   93.1052
 2.223   93.0623
 2.222   92.9529
 2.221   92.9998
 2.220   93.0154
 2.219   93.0017
 2.218   92.9314
 2.217   93.0642
 2.216   93.0642
 2.215   93.0642
 2.215   93.0935
 2.214   93.0232
 2.213   92.9763
 2.212   93.0388
 2.211   92.9841
 2.210   92.9841
 2.209   92.9451
 2.208   92.9939
 2.207   93.1033
 2.206   92.9373
 2.205   93.0623
 2.204   93.0642
 2.203   93.1033
 2.202   93.0330
 2.201   93.0877
 2.200   93.0896
 2.199   93.0252
 2.199   93.1091
 2.198   92.9314
 2.197   93.0798
 2.196   93.0466
 2.195   93.1248
 2.194   93.0798
 2.193   93.0564
 2.192   93.1169
 2.191   93.0564
 2.190   92.9861
 2.189   93.0310
 2.188   93.1326
 2.187   93.1423
 2.186   93.0544
 2.186   93.0623
 2.185   92.9939
 2.184   93.0623
 2.183   93.0955
 2.182   92.9998
 2.181   93.0095
 2.180   92.9861
 2.179   93.0466
 2.178   93.1326
 2.177   93.0798
 2.176   93.1189
 2.175   93.0935
 2.175   93.0877
 2.174   93.1326
 2.173   93.1482
 2.172   93.1892
 2.171   93.0486
 2.170   93.0330
 2.169   93.0623
 2.168   93.1189
 2.167   93.0877
 2.166   93.1326
 2.165   93.1111
 2.165   93.0642
 2.164   93.2361
 2.163   93.2439
 2.162   93.0564
 2.161   92.9939
 2.160   93.0115
 2.159   93.1287
 2.158   93.1052
 2.157   93.1794
 2.156   93.1755
 2.156   93.2146
 2.155   93.1873
 2.154   93.1794
 2.153   93.2302
 2.152   93.1365
 2.151   93.1091
 2.150   93.0818
 2.149   93.1755
 2.148   93.0584
 2.148   93.1834
 2.147   93.2615
 2.146   93.1834
 2.145   93.1169
 2.144   93.1677
 2.143   93.2029
 2.142   93.1560
 2.141   93.1873
 2.140   93.2029
 2.140   93.1990
 2.139   93.3005
 2.138   93.2615
 2.137   93.2341
 2.136   93.1951
 2.135   93.1599
 2.134   93.1482
 2.133   93.0974
 2.133   93.1052
 2.132   93.2029
 2.131   93.3005
 2.130   93.2693
 2.129   93.2537
 2.128   93.2302
 2.127   93.3435
 2.126   93.2888
 2.126   93.2732
 2.125   93.2576
 2.124   93.1834
 2.123   93.2498
 2.122   93.2849
 2.121   93.2888
 2.120   93.1755
 2.119   93.2341
 2.119   93.3669
 2.118   93.3630
 2.117   93.2654
 2.116   93.3552
 2.115   93.4373
 2.114   93.3865
 2.113   93.3513
 2.113   93.2966
 2.112   93.3709
 2.111   93.3787
 2.110   93.3669
 2.109   93.3982
 2.108   93.2537
 2.107   93.2654
 2.107   93.2732
 2.106   93.3318
 2.105   93.2849
 2.104   93.3123
 2.103   93.2732
 2.102   93.3162
 2.101   93.3591
 2.101   93.3669
 2.100   93.3552
 2.099   93.3084
 2.098   93.2966
 2.097   93.2849
 2.096   93.2419
 2.095   93.3201
 2.095   93.3005
 2.094   93.2576
 2.093   93.3748
 2.092   93.3513
 2.091   93.3826
 2.090   93.3669
 2.090   93.4216
 2.089   93.3630
 2.088   93.2927
 2.087   93.2498
 2.086   93.2771
 2.085   93.3513
 2.085   93.3357
 2.084   93.2966
 2.083   93.4216
 2.082   93.3123
 2.081   93.2966
 2.080   93.2654
 2.079   93.3513
