Name:  Acmite NaFe+3 Si2O6
Type:  Mineral
Class:  Silicates
Subclass:  Inosilicates (Pyroxene Group - single chain)
Particle Size:  Solid
Sample No.:  acmite.1
Owner: JHU
Wavelength Range:  IR
Origin:  Narsarsuk, Greenland via the Smithsonian (sample no. NMNH 
95506). 
Description: The sample consisted of black radiating acicular crystals 
with some contaminating brown coating, which dissolved in dilute 
HCl.  Sample size was 2 cm x 2 cm x 1 cm.  Contamination was largely 
eliminated by hand picking and the little remaining was dissolved 
with dilute HCl.

Measurement:  Bidirectional reflectance 
First Column:  X
Second Column:  Y  
X Units:  Wavelength (micrometers)
Y Units:  Reflectance (percent)
First X Value:  25.0442
Last X Value:  2.079
Number of X Values:  2287
Additional Information:  acmite1a.txt
25.044    3.1133
24.924   17.4003
24.805   16.9785
24.686   16.8632
24.569   16.5087
24.454   16.2959
24.339   16.4555
24.225   16.8027
24.112   17.0922
24.001   17.3085
23.890   17.8056
23.781   18.3046
23.672   18.5478
23.564   19.0869
23.458   19.7050
23.352   20.2499
23.247   20.8359
23.144   21.5273
23.041   22.0634
22.939   22.6923
22.838   23.4306
22.738   24.0497
22.638   24.6874
22.540   25.2031
22.442   25.5453
22.345   26.1386
22.250   26.6271
22.154   26.9374
22.060   27.2739
21.967   27.7236
21.874   28.0922
21.782   28.5278
21.691   28.8898
21.601   29.2631
21.511   29.5343
21.422   29.9758
21.334   30.2675
21.247   30.5031
21.160   30.8027
21.074   31.1681
20.988   31.2138
20.904   31.2929
20.820   31.4982
20.737   31.7978
20.654   32.0656
20.572   32.3683
20.491   32.7362
20.410   33.1645
20.330   33.6259
20.251   34.1066
20.172   34.4552
20.094   34.8427
20.016   35.2980
19.939   35.7357
19.863   36.0893
19.787   36.4445
19.712   36.4413
19.637   36.0922
19.563   35.1991
19.489   33.8437
19.416   32.2143
19.344   30.9115
19.272   30.2775
19.201   30.3598
19.130   30.7167
19.059   31.0575
18.990   31.2585
18.920   31.4682
18.851   31.4884
18.783   31.4277
18.715   31.2602
18.648   30.9916
18.581   30.4975
18.515   29.9208
18.449   29.2524
18.384   28.4374
18.319   27.5492
18.254   26.9799
18.190   26.6552
18.126   26.5805
18.063   26.8530
18.001   27.3559
17.938   27.6962
17.876   28.0727
17.815   28.4042
17.754   28.5688
17.693   28.5800
17.633   28.5556
17.573   28.3764
17.514   28.0302
17.455   27.5666
17.396   27.0746
17.338   26.3068
17.280   25.4999
17.223   24.6093
17.166   23.7263
17.109   22.8862
17.053   22.0102
16.997   21.0854
16.942   20.1213
16.886   19.0869
16.832   18.0170
16.777   16.8503
16.723   15.6826
16.669   14.4707
16.616   13.2985
16.563   12.3340
16.510   11.6025
16.458   11.2324
16.406   11.1660
16.354   11.3012
16.302   11.5024
16.251   11.7158
16.200   11.9502
16.150   12.1794
16.100   12.3672
16.050   12.5742
16.000   12.7573
15.951   12.8725
15.902   13.0395
15.854   13.2065
15.805   13.3242
15.757   13.4448
15.710   13.6396
15.662   13.8090
15.615   13.9565
15.568   14.0664
15.521   14.1230
15.475   14.0991
15.429   13.9995
15.383   13.7644
15.338   13.4135
15.292   12.9599
15.248   12.5483
15.203   12.2627
15.158   12.1413
15.114   12.1755
15.070   12.2812
15.027   12.3813
14.983   12.2378
14.940   12.2688
14.897   12.6089
14.854   12.7744
14.812   12.8672
14.770   12.8867
14.728   12.9135
14.686   12.9389
14.645   12.9423
14.603   13.0156
14.562   13.1118
14.521   13.1518
14.481   13.1931
14.441   13.2363
14.400   13.2597
14.361   13.2981
14.321   13.3667
14.281   13.4580
14.242   13.4839
14.203   13.4819
14.164   13.5278
14.126   13.5661
14.087   13.5918
14.049   13.6425
14.011   13.7082
13.973   13.7395
13.936   13.7675
13.899   13.7912
13.861   13.8305
13.824   13.9160
13.788   13.9641
13.751   14.0044
13.715   14.0351
13.679   14.0183
13.643   13.9135
13.607   13.7258
13.571   13.5119
13.536   13.4060
13.500   13.4492
13.465   13.5835
13.430   13.7099
13.396   13.7927
13.361   13.8774
13.327   13.9558
13.293   14.0141
13.259   14.0527
13.225   14.1264
13.191   14.1738
13.158   14.2165
13.124   14.2900
13.091   14.3415
13.058   14.3720
13.026   14.4638
12.993   14.5630
12.960   14.6010
12.928   14.6550
12.896   14.7229
12.864   14.7885
12.832   14.8532
12.800   14.9282
12.769   14.9765
12.737   14.9995
12.706   15.0529
12.675   15.1045
12.644   15.1298
12.614   15.1562
12.583   15.1970
12.552   15.2431
12.522   15.2656
12.492   15.3039
12.462   15.3259
12.432   15.3503
12.402   15.4011
12.373   15.4585
12.343   15.4550
12.314   15.4548
12.285   15.4848
12.256   15.5236
12.227   15.5293
12.198   15.5380
12.169   15.5556
12.141   15.5669
12.113   15.5883
12.084   15.6313
12.056   15.6196
12.028   15.6215
12.000   15.6572
11.973   15.6836
11.945   15.7104
11.918   15.7712
11.890   15.8222
11.863   15.8830
11.836   15.9697
11.809   16.0944
11.782   16.1694
11.755   16.2334
11.729   16.2795
11.702   16.2492
11.676   16.1801
11.650   16.0515
11.624   15.8471
11.598   15.6550
11.572   15.5266
11.546   15.4880
11.520   15.4712
11.495   15.5324
11.469   15.6359
11.444   15.6960
11.419   15.7439
11.394   15.8735
11.369   16.0109
11.344   16.1220
11.319   16.2385
11.294   16.3735
11.270   16.4948
11.245   16.6196
11.221   16.7634
11.197   16.8982
11.173   17.0158
11.149   17.1648
11.125   17.3120
11.101   17.4482
11.077   17.5688
11.054   17.6950
11.030   17.7998
11.007   17.9226
10.983   18.0217
10.960   18.1064
10.937   18.2224
10.914   18.3483
10.891   18.4465
10.868   18.5598
10.846   18.6667
10.823   18.7619
10.800   18.8808
10.778   19.0410
10.755   19.1794
10.733   19.3144
10.711   19.4445
10.689   19.6040
10.667   19.7480
10.645   19.9147
10.623   20.1257
10.602   20.3393
10.580   20.5742
10.558   20.9006
10.537   21.2756
10.516   21.7036
10.494   22.1784
10.473   22.6557
10.452   23.0656
10.431   23.4401
10.410   23.8027
10.389   24.1118
10.368   24.3354
10.348   24.5532
10.327   24.7451
10.306   24.9323
10.286   25.1740
10.266   25.4738
10.245   25.7670
10.225   26.1037
10.205   26.4594
10.185   26.8093
10.165   27.1554
10.145   27.5341
10.125   27.8710
10.106   28.1889
10.086   28.5060
10.066   28.8466
10.047   29.1655
10.027   29.5043
10.008   29.8473
 9.989   30.1733
 9.970   30.4267
 9.950   30.6264
 9.931   30.7067
 9.912   30.6833
 9.893   30.5805
 9.875   30.4074
 9.856   30.1093
 9.837   29.7692
 9.818   29.4169
 9.800   29.0112
 9.781   28.5497
 9.763   28.1095
 9.745   27.6821
 9.726   27.4406
 9.708   27.4340
 9.690   27.5300
 9.672   27.5192
 9.654   27.4521
 9.636   27.3617
 9.618   27.2712
 9.600   27.1740
 9.583   27.1303
 9.565   27.0856
 9.547   27.0517
 9.530   27.0048
 9.512   26.9838
 9.495   26.9450
 9.477   26.9340
 9.460   26.9748
 9.443   27.0405
 9.426   27.0910
 9.409   27.1970
 9.392   27.2678
 9.375   27.3168
 9.358   27.3444
 9.341   27.3808
 9.324   27.3688
 9.307   27.3112
 9.291   27.2089
 9.274   27.1052
 9.257   26.9860
 9.241   26.9123
 9.224   26.8317
 9.208   26.7905
 9.192   26.7853
 9.175   26.8058
 9.159   26.7992
 9.143   26.8273
 9.127   26.8422
 9.111   26.8334
 9.095   26.7775
 9.079   26.7035
 9.063   26.5407
 9.047   26.3532
 9.032   26.1518
 9.016   25.9433
 9.000   25.6843
 8.985   25.4745
 8.969   25.2726
 8.954   25.0732
 8.938   24.8862
 8.923   24.7368
 8.907   24.5305
 8.892   24.3161
 8.877   24.0878
 8.862   23.8403
 8.847   23.5500
 8.832   23.2822
 8.817   22.9753
 8.802   22.6718
 8.787   22.3674
 8.772   22.0825
 8.757   21.7756
 8.742   21.4675
 8.728   21.1108
 8.713   20.7094
 8.698   20.2492
 8.684   19.8024
 8.669   19.3557
 8.655   18.9436
 8.640   18.5754
 8.626   18.3171
 8.612   18.1108
 8.597   17.9357
 8.583   17.7580
 8.569   17.5502
 8.555   17.2880
 8.541   17.0183
 8.527   16.7026
 8.513   16.3486
 8.499   15.9729
 8.485   15.5839
 8.471   15.1489
 8.457   14.7155
 8.443   14.2744
 8.430   13.8305
 8.416   13.3823
 8.402   12.9438
 8.389   12.4934
 8.375   12.0444
 8.362   11.6206
 8.348   11.2212
 8.335   10.8110
 8.321   10.4358
 8.308   10.1137
 8.295    9.8235
 8.281    9.5852
 8.268    9.4299
 8.255    9.3427
 8.242    9.3132
 8.229    9.3518
 8.216    9.4519
 8.203    9.5598
 8.190    9.6748
 8.177    9.7983
 8.164    9.9001
 8.151    9.9736
 8.138   10.0547
 8.126   10.0952
 8.113   10.1081
 8.100   10.1167
 8.088   10.0979
 8.075   10.0212
 8.062    9.9101
 8.050    9.7717
 8.037    9.5952
 8.025    9.3901
 8.013    9.1719
 8.000    8.9343
 7.988    8.7011
 7.976    8.4866
 7.963    8.2939
 7.951    8.1033
 7.939    7.9326
 7.927    7.7932
 7.915    7.6553
 7.903    7.5356
 7.891    7.4465
 7.879    7.3755
 7.867    7.3100
 7.855    7.2744
 7.843    7.2412
 7.831    7.2029
 7.819    7.1943
 7.807    7.1914
 7.796    7.1748
 7.784    7.1687
 7.772    7.1819
 7.761    7.2063
 7.749    7.2248
 7.738    7.2449
 7.726    7.2715
 7.715    7.2998
 7.703    7.3403
 7.692    7.3874
 7.680    7.4109
 7.669    7.4380
 7.658    7.4944
 7.646    7.5483
 7.635    7.5874
 7.624    7.6255
 7.613    7.6662
 7.601    7.7136
 7.590    7.7561
 7.579    7.8034
 7.568    7.8384
 7.557    7.8647
 7.546    7.8974
 7.535    7.9336
 7.524    7.9575
 7.513    8.0058
 7.502    8.0532
 7.492    8.0759
 7.481    8.1052
 7.470    8.1399
 7.459    8.2107
 7.448    8.2595
 7.438    8.2793
 7.427    8.3237
 7.417    8.3579
 7.406    8.3984
 7.395    8.4306
 7.385    8.4480
 7.374    8.4853
 7.364    8.5281
 7.353    8.5508
 7.343    8.5664
 7.333    8.6230
 7.322    8.6548
 7.312    8.6636
 7.302    8.7182
 7.291    8.7219
 7.281    8.7087
 7.271    8.7956
 7.261    8.8335
 7.251    8.8310
 7.240    8.8398
 7.230    8.8584
 7.220    8.8686
 7.210    8.8720
 7.200    8.9165
 7.190    8.9333
 7.180    8.9319
 7.170    8.9563
 7.160    9.0066
 7.151    9.0168
 7.141    9.0642
 7.131    9.0700
 7.121    9.0705
 7.111    9.1032
 7.102    9.1247
 7.092    9.1450
 7.082    9.1814
 7.073    9.1880
 7.063    9.1716
 7.053    9.1567
 7.044    9.2473
 7.034    9.2964
 7.025    9.2761
 7.015    9.2969
 7.006    9.2839
 6.996    9.2993
 6.987    9.3371
 6.977    9.3506
 6.968    9.3279
 6.959    9.3606
 6.949    9.4297
 6.940    9.4114
 6.931    9.4104
 6.921    9.4223
 6.912    9.4458
 6.903    9.4880
 6.894    9.4919
 6.885    9.5027
 6.876    9.5005
 6.866    9.4861
 6.857    9.6562
 6.848    9.6533
 6.839    9.5923
 6.830    9.5678
 6.821    9.6406
 6.812    9.6318
 6.803    9.5840
 6.794    9.5691
 6.786    9.6692
 6.777    9.6758
 6.768    9.6777
 6.759    9.6657
 6.750    9.6853
 6.741    9.6953
 6.733    9.6780
 6.724    9.7185
 6.715    9.7717
 6.707    9.8550
 6.698    9.8315
 6.689    9.7746
 6.681    9.8286
 6.672    9.9006
 6.663    9.8913
 6.655    9.8589
 6.646    9.8442
 6.638    9.8857
 6.629   10.0278
 6.621    9.9809
 6.612    9.9787
 6.604    9.9704
 6.596    9.9731
 6.587   10.0632
 6.579   10.0246
 6.571   10.1621
 6.562   10.2322
 6.554   10.1723
 6.546   10.1809
 6.537   10.1455
 6.529   10.1008
 6.521   10.1611
 6.513   10.2539
 6.505   10.1948
 6.496   10.2226
 6.488   10.4460
 6.480   10.3940
 6.472   10.3154
 6.464   10.2920
 6.456   10.2749
 6.448   10.3518
 6.440   10.3391
 6.432   10.3735
 6.424   10.3891
 6.416   10.3755
 6.408   10.5478
 6.400   10.4511
 6.392   10.4187
 6.384   10.4470
 6.377   10.4148
 6.369   10.5090
 6.361   10.5229
 6.353   10.4704
 6.345   10.4980
 6.338   10.5603
 6.330   10.5031
 6.322   10.4905
 6.314   10.5095
 6.307   10.5127
 6.299   10.5061
 6.291   10.5173
 6.284   10.5515
 6.276   10.5598
 6.269   10.5610
 6.261   10.5671
 6.254   10.5727
 6.246   10.5840
 6.238   10.5969
 6.231   10.5957
 6.223   10.6006
 6.216   10.6247
 6.209   10.6313
 6.201   10.6274
 6.194   10.6201
 6.186   10.6650
 6.179   10.7353
 6.172   10.6599
 6.164   10.6184
 6.157   10.6513
 6.150   10.6374
 6.142   10.6264
 6.135   10.6228
 6.128   10.5813
 6.121   10.5442
 6.113   10.6069
 6.106   10.6511
 6.099   10.5349
 6.092   10.5031
 6.085   10.4511
 6.078   10.4375
 6.070   10.5556
 6.063   10.5422
 6.056   10.4009
 6.049   10.3474
 6.042   10.5317
 6.035   10.4353
 6.028   10.3430
 6.021   10.2990
 6.014   10.3288
 6.007   10.3650
 6.000   10.2773
 5.993   10.2268
 5.986   10.3030
 5.979   10.2849
 5.973   10.1616
 5.966   10.1994
 5.959   10.2099
 5.952   10.1758
 5.945   10.1455
 5.938   10.1841
 5.932   10.3266
 5.925   10.2029
 5.918   10.1574
 5.911   10.1474
 5.905   10.0932
 5.898   10.1032
 5.891   10.2412
 5.884   10.1645
 5.878   10.2375
 5.871   10.2090
 5.864   10.1736
 5.858   10.2026
 5.851   10.1445
 5.845   10.1438
 5.838   10.1416
 5.831   10.1587
 5.825   10.1660
 5.818   10.2466
 5.812   10.2160
 5.805   10.1618
 5.799   10.1543
 5.792   10.1430
 5.786   10.1423
 5.779   10.1821
 5.773   10.1875
 5.767   10.2190
 5.760   10.3056
 5.754   10.2195
 5.747   10.2214
 5.741   10.2309
 5.735   10.2075
 5.728   10.2077
 5.722   10.2124
 5.716   10.2441
 5.709   10.2500
 5.703   10.2478
 5.697   10.1982
 5.691   10.2131
 5.684   10.2014
 5.678   10.1948
 5.672   10.2651
 5.666   10.2505
 5.660   10.2119
 5.653   10.2358
 5.647   10.2539
 5.641   10.3376
 5.635   10.3186
 5.629   10.2859
 5.623   10.2668
 5.617   10.2820
 5.611   10.3073
 5.604   10.2683
 5.598   10.2981
 5.592   10.2939
 5.586   10.2673
 5.580   10.3452
 5.574   10.4165
 5.568   10.3484
 5.562   10.3191
 5.556   10.3327
 5.550   10.3503
 5.545   10.3493
 5.539   10.3464
 5.533   10.3525
 5.527   10.3655
 5.521   10.3784
 5.515   10.3733
 5.509   10.3542
 5.503   10.3581
 5.498   10.3740
 5.492   10.3796
 5.486   10.3593
 5.480   10.3745
 5.474   10.4221
 5.469   10.3996
 5.463   10.4367
 5.457   10.4355
 5.451   10.4043
 5.446   10.3933
 5.440   10.4114
 5.434   10.4245
 5.428   10.3821
 5.423   10.4111
 5.417   10.4743
 5.411   10.4299
 5.406   10.4194
 5.400   10.4084
 5.395   10.4038
 5.389   10.4099
 5.383   10.4189
 5.378   10.4150
 5.372   10.4082
 5.367   10.4194
 5.361   10.4121
 5.356   10.3965
 5.350   10.4289
 5.344   10.4543
 5.339   10.4345
 5.333   10.4106
 5.328   10.4087
 5.323   10.4131
 5.317   10.4082
 5.312   10.4104
 5.306   10.4214
 5.301   10.4140
 5.295   10.4072
 5.290   10.4265
 5.285   10.4211
 5.279   10.4099
 5.274   10.4262
 5.268   10.4243
 5.263   10.4092
 5.258   10.4092
 5.252   10.4109
 5.247   10.4094
 5.242   10.4060
 5.237   10.4214
 5.231   10.4306
 5.226   10.4092
 5.221   10.3908
 5.215   10.3901
 5.210   10.4306
 5.205   10.4138
 5.200   10.4206
 5.195   10.4240
 5.189   10.4060
 5.184   10.3996
 5.179   10.3952
 5.174   10.3940
 5.169   10.4018
 5.163   10.4040
 5.158   10.3982
 5.153   10.3843
 5.148   10.4004
 5.143   10.4126
 5.138   10.3969
 5.133   10.3960
 5.128   10.3901
 5.123   10.3803
 5.118   10.3723
 5.113   10.3762
 5.108   10.3686
 5.103   10.3706
 5.097   10.3716
 5.092   10.3608
 5.087   10.3515
 5.083   10.3681
 5.078   10.3769
 5.073   10.3547
 5.068   10.3447
 5.063   10.3484
 5.058   10.3479
 5.053   10.3503
 5.048   10.3540
 5.043   10.3464
 5.038   10.3354
 5.033   10.3366
 5.028   10.3454
 5.023   10.3257
 5.019   10.3276
 5.014   10.3352
 5.009   10.3152
 5.004   10.3142
 4.999   10.3264
 4.994   10.3152
 4.990   10.3144
 4.985   10.3218
 4.980   10.3142
 4.975   10.3047
 4.970   10.3100
 4.966   10.3156
 4.961   10.3032
 4.956   10.3166
 4.951   10.3303
 4.947   10.3037
 4.942   10.3000
 4.937   10.3098
 4.933   10.3115
 4.928   10.3010
 4.923   10.3022
 4.919   10.3061
 4.914   10.2956
 4.909   10.2949
 4.905   10.3000
 4.900   10.3022
 4.895   10.3044
 4.891   10.3076
 4.886   10.3042
 4.882   10.2915
 4.877   10.2900
 4.872   10.2973
 4.868   10.3000
 4.863   10.2981
 4.859   10.2881
 4.854   10.2866
 4.850   10.2917
 4.845   10.2895
 4.840   10.2883
 4.836   10.2837
 4.831   10.2817
 4.827   10.2773
 4.822   10.2636
 4.818   10.2661
 4.814   10.2712
 4.809   10.2724
 4.805   10.2697
 4.800   10.2702
 4.796   10.2661
 4.791   10.2595
 4.787   10.2663
 4.782   10.2644
 4.778   10.2654
 4.774   10.2678
 4.769   10.2756
 4.765   10.2793
 4.760   10.2790
 4.756   10.2807
 4.752   10.2793
 4.747   10.2705
 4.743   10.2751
 4.739   10.2934
 4.734   10.3025
 4.730   10.2937
 4.726   10.2910
 4.721   10.2947
 4.717   10.2976
 4.713   10.3020
 4.709   10.3071
 4.704   10.3149
 4.700   10.3213
 4.696   10.3230
 4.692   10.3396
 4.687   10.3520
 4.683   10.3618
 4.679   10.3816
 4.675   10.3989
 4.670   10.4199
 4.666   10.4333
 4.662   10.4353
 4.658   10.4582
 4.654   10.4822
 4.649   10.4951
 4.645   10.5171
 4.641   10.5427
 4.637   10.5634
 4.633   10.5776
 4.629   10.6006
 4.625   10.6325
 4.620   10.6626
 4.616   10.6909
 4.612   10.7175
 4.608   10.7485
 4.604   10.7717
 4.600   10.7998
 4.596   10.8200
 4.592   10.8330
 4.588   10.8542
 4.584   10.8745
 4.580   10.8862
 4.576   10.9092
 4.572   10.9248
 4.568   10.9350
 4.564   10.9560
 4.560   10.9697
 4.555   10.9758
 4.551   10.9787
 4.548   10.9961
 4.544   11.0178
 4.540   11.0268
 4.536   11.0363
 4.532   11.0425
 4.528   11.0449
 4.524   11.0559
 4.520   11.0717
 4.516   11.0774
 4.512   11.0754
 4.508   11.0920
 4.504   11.0998
 4.500   11.1003
 4.496   11.1133
 4.492   11.1133
 4.488   11.1108
 4.485   11.1216
 4.481   11.1281
 4.477   11.1250
 4.473   11.1220
 4.469   11.1308
 4.465   11.1394
 4.461   11.1428
 4.458   11.1494
 4.454   11.1474
 4.450   11.1399
 4.446   11.1352
 4.442   11.1386
 4.438   11.1342
 4.435   11.1372
 4.431   11.1457
 4.427   11.1467
 4.423   11.1413
 4.420   11.1440
 4.416   11.1511
 4.412   11.1472
 4.408   11.1560
 4.405   11.1594
 4.401   11.1538
 4.397   11.1587
 4.393   11.1533
 4.390   11.1440
 4.386   11.1479
 4.382   11.1616
 4.379   11.1543
 4.375   11.1330
 4.371   11.1277
 4.367   11.1216
 4.364   11.0844
 4.360   11.0532
 4.356   11.0376
 4.353   11.0195
 4.349   10.9978
 4.345   10.9653
 4.342   10.9448
 4.338   10.9260
 4.335   10.8864
 4.331   10.8301
 4.327   10.7844
 4.324   10.7707
 4.320   10.7697
 4.317   10.7307
 4.313   10.6714
 4.309   10.6201
 4.306   10.5586
 4.302   10.5307
 4.299   10.5158
 4.295   10.4770
 4.292   10.4551
 4.288   10.4690
 4.284   10.4946
 4.281   10.4980
 4.277   10.4536
 4.274   10.3818
 4.270   10.3237
 4.267   10.3088
 4.263   10.3801
 4.260   10.5498
 4.256   10.5522
 4.253   10.4433
 4.249   10.3672
 4.246   10.2697
 4.242   10.2343
 4.239   10.2485
 4.235   10.2153
 4.232   10.2055
 4.229   10.2676
 4.225   10.3452
 4.222   10.3938
 4.218   10.4848
 4.215   10.5825
 4.211   10.6577
 4.208   10.7153
 4.205   10.7795
 4.201   10.8550
 4.198   10.9284
 4.194   11.0019
 4.191   11.0515
 4.188   11.0766
 4.184   11.0852
 4.181   11.0847
 4.177   11.0854
 4.174   11.0808
 4.171   11.0788
 4.167   11.0688
 4.164   11.0644
 4.161   11.0781
 4.157   11.0786
 4.154   11.0705
 4.151   11.0674
 4.147   11.0725
 4.144   11.0686
 4.141   11.0674
 4.137   11.0659
 4.134   11.0549
 4.131   11.0483
 4.128   11.0486
 4.124   11.0551
 4.121   11.0639
 4.118   11.0625
 4.114   11.0564
 4.111   11.0495
 4.108   11.0505
 4.105   11.0520
 4.101   11.0439
 4.098   11.0410
 4.095   11.0510
 4.092   11.0554
 4.088   11.0661
 4.085   11.0661
 4.082   11.0605
 4.079   11.0439
 4.076   11.0390
 4.072   11.0578
 4.069   11.0605
 4.066   11.0639
 4.063   11.0708
 4.060   11.0727
 4.056   11.0683
 4.053   11.0598
 4.050   11.0515
 4.047   11.0527
 4.044   11.0525
 4.041   11.0547
 4.038   11.0634
 4.034   11.0649
 4.031   11.0610
 4.028   11.0613
 4.025   11.0637
 4.022   11.0676
 4.019   11.0632
 4.016   11.0559
 4.013   11.0569
 4.009   11.0613
 4.006   11.0649
 4.003   11.0622
 4.000   11.0591
 3.997   11.0654
 3.994   11.0593
 3.991   11.0583
 3.988   11.0700
 3.985   11.0661
 3.982   11.0632
 3.979   11.0581
 3.976   11.0605
 3.973   11.0715
 3.969   11.0761
 3.966   11.0742
 3.963   11.0659
 3.960   11.0603
 3.957   11.0605
 3.954   11.0683
 3.951   11.0720
 3.948   11.0798
 3.945   11.0781
 3.942   11.0698
 3.939   11.0715
 3.936   11.0659
 3.933   11.0656
 3.930   11.0693
 3.927   11.0634
 3.924   11.0625
 3.921   11.0549
 3.918   11.0588
 3.916   11.0564
 3.913   11.0451
 3.910   11.0344
 3.907   11.0390
 3.904   11.0471
 3.901   11.0454
 3.898   11.0371
 3.895   11.0273
 3.892   11.0251
 3.889   11.0246
 3.886   11.0166
 3.883   11.0144
 3.880   11.0105
 3.877   11.0044
 3.875   10.9973
 3.872   10.9843
 3.869   10.9778
 3.866   10.9748
 3.863   10.9641
 3.860   10.9563
 3.857   10.9519
 3.854   10.9436
 3.852   10.9348
 3.849   10.9326
 3.846   10.9243
 3.843   10.9182
 3.840   10.9199
 3.837   10.9206
 3.834   10.9121
 3.832   10.9109
 3.829   10.9048
 3.826   10.8991
 3.823   10.8967
 3.820   10.8916
 3.817   10.8816
 3.815   10.8806
 3.812   10.8916
 3.809   10.8825
 3.806   10.8772
 3.803   10.8799
 3.801   10.8701
 3.798   10.8645
 3.795   10.8679
 3.792   10.8659
 3.790   10.8523
 3.787   10.8386
 3.784   10.8327
 3.781   10.8352
 3.779   10.8301
 3.776   10.8227
 3.773   10.8220
 3.770   10.8178
 3.768   10.8139
 3.765   10.8073
 3.762   10.7993
 3.759   10.8100
 3.757   10.8088
 3.754   10.7900
 3.751   10.7798
 3.748   10.7793
 3.746   10.7719
 3.743   10.7700
 3.740   10.7673
 3.738   10.7636
 3.735   10.7614
 3.732   10.7556
 3.730   10.7485
 3.727   10.7502
 3.724   10.7407
 3.722   10.7322
 3.719   10.7243
 3.716   10.7151
 3.714   10.7043
 3.711   10.7090
 3.708   10.7160
 3.706   10.7085
 3.703   10.7011
 3.700   10.6904
 3.698   10.6843
 3.695   10.6848
 3.692   10.6770
 3.690   10.6611
 3.687   10.6504
 3.685   10.6579
 3.682   10.6535
 3.679   10.6457
 3.677   10.6401
 3.674   10.6369
 3.671   10.6257
 3.669   10.6235
 3.666   10.6198
 3.664   10.6191
 3.661   10.6162
 3.659   10.6108
 3.656   10.6006
 3.653   10.5998
 3.651   10.6001
 3.648   10.5949
 3.646   10.5866
 3.643   10.5788
 3.641   10.5693
 3.638   10.5610
 3.635   10.5551
 3.633   10.5517
 3.630   10.5398
 3.628   10.5373
 3.625   10.5307
 3.623   10.5227
 3.620   10.5146
 3.618   10.5176
 3.615   10.5075
 3.613   10.5051
 3.610   10.5053
 3.608   10.4902
 3.605   10.4760
 3.603   10.4709
 3.600   10.4599
 3.598   10.4524
 3.595   10.4468
 3.593   10.4497
 3.590   10.4406
 3.588   10.4336
 3.585   10.4282
 3.583   10.4194
 3.580   10.3999
 3.578   10.3962
 3.575   10.4011
 3.573   10.3947
 3.570   10.3845
 3.568   10.3781
 3.565   10.3652
 3.563   10.3662
 3.561   10.3652
 3.558   10.3498
 3.556   10.3418
 3.553   10.3445
 3.551   10.3364
 3.548   10.3188
 3.546   10.3178
 3.544   10.3220
 3.541   10.3056
 3.539   10.2988
 3.536   10.2873
 3.534   10.2817
 3.531   10.2746
 3.529   10.2566
 3.527   10.2402
 3.524   10.2334
 3.522   10.2231
 3.519   10.2207
 3.517   10.2075
 3.515   10.1841
 3.512   10.1587
 3.510   10.1404
 3.508   10.1130
 3.505   10.0796
 3.503   10.0571
 3.500   10.0517
 3.498   10.0454
 3.496   10.0405
 3.493   10.0405
 3.491   10.0473
 3.489   10.0549
 3.486   10.0561
 3.484   10.0376
 3.482   10.0342
 3.479   10.0351
 3.477   10.0327
 3.475   10.0293
 3.472   10.0249
 3.470   10.0334
 3.468   10.0215
 3.465   10.0031
 3.463   10.0041
 3.461    9.9980
 3.458    9.9934
 3.456    9.9822
 3.454    9.9660
 3.452    9.9470
 3.449    9.9280
 3.447    9.9255
 3.445    9.9194
 3.442    9.9089
 3.440    9.8994
 3.438    9.8786
 3.435    9.8696
 3.433    9.8601
 3.431    9.8476
 3.429    9.8274
 3.426    9.8022
 3.424    9.7829
 3.422    9.7590
 3.420    9.7317
 3.417    9.7099
 3.415    9.6880
 3.413    9.6863
 3.411    9.6772
 3.408    9.6628
 3.406    9.6667
 3.404    9.6714
 3.402    9.6694
 3.399    9.6704
 3.397    9.6672
 3.395    9.6660
 3.393    9.6614
 3.391    9.6513
 3.388    9.6379
 3.386    9.6360
 3.384    9.6316
 3.382    9.6240
 3.380    9.6203
 3.377    9.6035
 3.375    9.5981
 3.373    9.6052
 3.371    9.5901
 3.369    9.5810
 3.366    9.5830
 3.364    9.5893
 3.362    9.5801
 3.360    9.5744
 3.358    9.5744
 3.355    9.5793
 3.353    9.5705
 3.351    9.5581
 3.349    9.5515
 3.347    9.5522
 3.345    9.5381
 3.342    9.5302
 3.340    9.5273
 3.338    9.5188
 3.336    9.5058
 3.334    9.5078
 3.332    9.4956
 3.330    9.4753
 3.327    9.4673
 3.325    9.4685
 3.323    9.4548
 3.321    9.4458
 3.319    9.4431
 3.317    9.4258
 3.315    9.4111
 3.313    9.4077
 3.310    9.4072
 3.308    9.4018
 3.306    9.3855
 3.304    9.3789
 3.302    9.3764
 3.300    9.3723
 3.298    9.3662
 3.296    9.3530
 3.294    9.3379
 3.292    9.3274
 3.289    9.3078
 3.287    9.3054
 3.285    9.3073
 3.283    9.3076
 3.281    9.2827
 3.279    9.2734
 3.277    9.2717
 3.275    9.2607
 3.273    9.2539
 3.271    9.2544
 3.269    9.2390
 3.267    9.2275
 3.265    9.2177
 3.263    9.2090
 3.260    9.1926
 3.258    9.1938
 3.256    9.1887
 3.254    9.1723
 3.252    9.1631
 3.250    9.1565
 3.248    9.1435
 3.246    9.1369
 3.244    9.1235
 3.242    9.1162
 3.240    9.1074
 3.238    9.1137
 3.236    9.1052
 3.234    9.0954
 3.232    9.0847
 3.230    9.0830
 3.228    9.0813
 3.226    9.0620
 3.224    9.0552
 3.222    9.0532
 3.220    9.0371
 3.218    9.0263
 3.216    9.0207
 3.214    9.0200
 3.212    9.0071
 3.210    9.0063
 3.208    9.0029
 3.206    8.9892
 3.204    8.9631
 3.202    8.9643
 3.200    8.9575
 3.198    8.9404
 3.196    8.9367
 3.194    8.9407
 3.192    8.9311
 3.190    8.9079
 3.188    8.9106
 3.186    8.9160
 3.184    8.8926
 3.182    8.8833
 3.180    8.8745
 3.179    8.8635
 3.177    8.8554
 3.175    8.8550
 3.173    8.8467
 3.171    8.8432
 3.169    8.8242
 3.167    8.8081
 3.165    8.8042
 3.163    8.8074
 3.161    8.7942
 3.159    8.7746
 3.157    8.7710
 3.155    8.7798
 3.153    8.7763
 3.151    8.7685
 3.150    8.7602
 3.148    8.7615
 3.146    8.7595
 3.144    8.7485
 3.142    8.7373
 3.140    8.7353
 3.138    8.7275
 3.136    8.7163
 3.134    8.7002
 3.132    8.6875
 3.131    8.6875
 3.129    8.6909
 3.127    8.6885
 3.125    8.6833
 3.123    8.6731
 3.121    8.6579
 3.119    8.6372
 3.117    8.6416
 3.115    8.6399
 3.114    8.6340
 3.112    8.6242
 3.110    8.6177
 3.108    8.6011
 3.106    8.6079
 3.104    8.6020
 3.102    8.5903
 3.101    8.5823
 3.099    8.5757
 3.097    8.5608
 3.095    8.5512
 3.093    8.5488
 3.091    8.5525
 3.089    8.5505
 3.088    8.5510
 3.086    8.5444
 3.084    8.5395
 3.082    8.5266
 3.080    8.5239
 3.078    8.5205
 3.077    8.5156
 3.075    8.5110
 3.073    8.5044
 3.071    8.4978
 3.069    8.5029
 3.068    8.4897
 3.066    8.4785
 3.064    8.4658
 3.062    8.4575
 3.060    8.4526
 3.058    8.4565
 3.057    8.4477
 3.055    8.4436
 3.053    8.4399
 3.051    8.4370
 3.050    8.4128
 3.048    8.4065
 3.046    8.4023
 3.044    8.4092
 3.042    8.3984
 3.041    8.3908
 3.039    8.3813
 3.037    8.3794
 3.035    8.3833
 3.033    8.3774
 3.032    8.3711
 3.030    8.3611
 3.028    8.3540
 3.026    8.3462
 3.025    8.3301
 3.023    8.3222
 3.021    8.3276
 3.019    8.3262
 3.018    8.3193
 3.016    8.3154
 3.014    8.2905
 3.012    8.2778
 3.011    8.2824
 3.009    8.2856
 3.007    8.2886
 3.005    8.2959
 3.004    8.2854
 3.002    8.2690
 3.000    8.2588
 2.998    8.2502
 2.997    8.2480
 2.995    8.2549
 2.993    8.2383
 2.991    8.2219
 2.990    8.2131
 2.988    8.2217
 2.986    8.2065
 2.985    8.1855
 2.983    8.1797
 2.981    8.1821
 2.979    8.1719
 2.978    8.1799
 2.976    8.1772
 2.974    8.1665
 2.973    8.1445
 2.971    8.1406
 2.969    8.1411
 2.967    8.1201
 2.966    8.1103
 2.964    8.1240
 2.962    8.1140
 2.961    8.1006
 2.959    8.0906
 2.957    8.0937
 2.956    8.0932
 2.954    8.0752
 2.952    8.0537
 2.951    8.0410
 2.949    8.0337
 2.947    8.0405
 2.946    8.0268
 2.944    8.0151
 2.942    8.0232
 2.941    8.0093
 2.939    7.9917
 2.937    7.9941
 2.936    7.9809
 2.934    7.9736
 2.932    7.9687
 2.931    7.9653
 2.929    7.9443
 2.927    7.9475
 2.926    7.9548
 2.924    7.9616
 2.922    7.9565
 2.921    7.9316
 2.919    7.9121
 2.917    7.9116
 2.916    7.9082
 2.914    7.9033
 2.912    7.9053
 2.911    7.9011
 2.909    7.8904
 2.908    7.8911
 2.906    7.8906
 2.904    7.9038
 2.903    7.8867
 2.901    7.8696
 2.899    7.8652
 2.898    7.8576
 2.896    7.8442
 2.895    7.8359
 2.893    7.8325
 2.891    7.8144
 2.890    7.8076
 2.888    7.8188
 2.887    7.8091
 2.885    7.8069
 2.883    7.8047
 2.882    7.7973
 2.880    7.7900
 2.878    7.7727
 2.877    7.7602
 2.875    7.7507
 2.874    7.7568
 2.872    7.7685
 2.871    7.7676
 2.869    7.7407
 2.867    7.7348
 2.866    7.7417
 2.864    7.7178
 2.863    7.7138
 2.861    7.7182
 2.859    7.7187
 2.858    7.7099
 2.856    7.6985
 2.855    7.7055
 2.853    7.7197
 2.852    7.6806
 2.850    7.6655
 2.848    7.6733
 2.847    7.6677
 2.845    7.6567
 2.844    7.6553
 2.842    7.6445
 2.841    7.6426
 2.839    7.6387
 2.838    7.6516
 2.836    7.6479
 2.834    7.6582
 2.833    7.6399
 2.831    7.6123
 2.830    7.6030
 2.828    7.5928
 2.827    7.5967
 2.825    7.6128
 2.824    7.6157
 2.822    7.6133
 2.821    7.6372
 2.819    7.6438
 2.817    7.6201
 2.816    7.6015
 2.814    7.6130
 2.813    7.6030
 2.811    7.5869
 2.810    7.5942
 2.808    7.6042
 2.807    7.6094
 2.805    7.6018
 2.804    7.6086
 2.802    7.6904
 2.801    7.6679
 2.799    7.6045
 2.798    7.5957
 2.796    7.6052
 2.795    7.6074
 2.793    7.5984
 2.792    7.5935
 2.790    7.5698
 2.789    7.5478
 2.787    7.6084
 2.786    7.6846
 2.784    7.6069
 2.783    7.6064
 2.781    7.6448
 2.780    7.6465
 2.778    7.6404
 2.777    7.6719
 2.775    7.6672
 2.774    7.6262
 2.772    7.6184
 2.771    7.6819
 2.769    7.6887
 2.768    7.6787
 2.766    7.7290
 2.765    7.6992
 2.763    7.6875
 2.762    7.8017
 2.760    7.7649
 2.759    7.7012
 2.758    7.6946
 2.756    7.7268
 2.755    7.9126
 2.753    7.8462
 2.752    7.7805
 2.750    7.7871
 2.749    7.7676
 2.747    7.7917
 2.746    7.7881
 2.744    7.8369
 2.743    7.8362
 2.741    7.9211
 2.740    8.1328
 2.739    8.2158
 2.737    8.0620
 2.736    7.9424
 2.734    7.9983
 2.733    8.0119
 2.731    8.0034
 2.730    8.0349
 2.729    8.0537
 2.727    8.0578
 2.726    8.0617
 2.724    8.2756
 2.723    8.3127
 2.721    8.2392
 2.720    8.4927
 2.718    8.3821
 2.717    8.2969
 2.716    8.2749
 2.714    8.2803
 2.713    8.2944
 2.711    8.3501
 2.710    8.5288
 2.709    8.5139
 2.707    8.4414
 2.706    8.3581
 2.704    8.3528
 2.703    8.3408
 2.701    8.4077
 2.700    8.4641
 2.699    8.4179
 2.697    8.3938
 2.696    8.4494
 2.694    8.5884
 2.693    8.6399
 2.692    8.5210
 2.690    8.4446
 2.689    8.4560
 2.687    8.4680
 2.686    8.4846
 2.685    8.4717
 2.683    8.4787
 2.682    8.4892
 2.681    8.4096
 2.679    8.4944
 2.678    8.6220
 2.676    8.7129
 2.675    8.6723
 2.674    8.5793
 2.672    8.5158
 2.671    8.4472
 2.669    8.6660
 2.668    8.6037
 2.667    8.6264
 2.665    8.7861
 2.664    8.6875
 2.663    8.5285
 2.661    8.4963
 2.660    8.5547
 2.659    8.5639
 2.657    8.5090
 2.656    8.4897
 2.654    8.5022
 2.653    8.4526
 2.652    8.5293
 2.650    8.4868
 2.649    8.4328
 2.648    8.4328
 2.646    8.4595
 2.645    8.5412
 2.644    8.4785
 2.642    8.4292
 2.641    8.4448
 2.640    8.4392
 2.638    8.4387
 2.637    8.4250
 2.636    8.4319
 2.634    8.4394
 2.633    8.5176
 2.632    8.4756
 2.630    8.6328
 2.629    8.6682
 2.628    8.4668
 2.626    8.4848
 2.625    8.4765
 2.624    8.4162
 2.622    8.4031
 2.621    8.4028
 2.620    8.5547
 2.618    8.4692
 2.617    8.4892
 2.616    8.5605
 2.614    8.4631
 2.613    8.4387
 2.612    8.4160
 2.610    8.3655
 2.609    8.3935
 2.608    8.4172
 2.606    8.4687
 2.605    8.5381
 2.604    8.5796
 2.602    8.4809
 2.601    8.4121
 2.600    8.3471
 2.599    8.3059
 2.597    8.2861
 2.596    8.2934
 2.595    8.5273
 2.593    8.5390
 2.592    8.4160
 2.591    8.3340
 2.589    8.3135
 2.588    8.3408
 2.587    8.3733
 2.586    8.3652
 2.584    8.2873
 2.583    8.4033
 2.582    8.3095
 2.580    8.3596
 2.579    8.3408
 2.578    8.2510
 2.577    8.3037
 2.575    8.3557
 2.574    8.3039
 2.573    8.3784
 2.572    8.2744
 2.570    8.1963
 2.569    8.2597
 2.568    8.2617
 2.566    8.2168
 2.565    8.2073
 2.564    8.2236
 2.563    8.2470
 2.561    8.2886
 2.560    8.3157
 2.559    8.2209
 2.558    8.1660
 2.556    8.1601
 2.555    8.1758
 2.554    8.1377
 2.553    8.1848
 2.551    8.2012
 2.550    8.1711
 2.549    8.1142
 2.547    8.1704
 2.546    8.1985
 2.545    8.1438
 2.544    8.1338
 2.542    8.1555
 2.541    8.1465
 2.540    8.1216
 2.539    8.1128
 2.538    8.0908
 2.536    8.0820
 2.535    8.1387
 2.534    8.1255
 2.533    8.0971
 2.531    8.0908
 2.530    8.1174
 2.529    8.0991
 2.528    8.0874
 2.526    8.0923
 2.525    8.0742
 2.524    8.0503
 2.523    8.0422
 2.521    8.0481
 2.520    8.0608
 2.519    8.0591
 2.518    8.0451
 2.517    8.0171
 2.515    7.9995
 2.514    8.0117
 2.513    7.9946
 2.512    7.9824
 2.510    8.0141
 2.509    8.0112
 2.508    7.9778
 2.507    7.9739
 2.506    7.9892
 2.504    8.0083
 2.503    7.9961
 2.502    7.9492
 2.501    7.9612
 2.500    7.9638
 2.498    7.9553
 2.497    7.9436
 2.496    7.9494
 2.495    7.9453
 2.494    7.9302
 2.492    7.9048
 2.491    7.9123
 2.490    7.9038
 2.489    7.9006
 2.488    7.8926
 2.486    7.9082
 2.485    7.8977
 2.484    7.9150
 2.483    7.9057
 2.482    7.8813
 2.480    7.8664
 2.479    7.8701
 2.478    7.8657
 2.477    7.8911
 2.476    7.8869
 2.475    7.8782
 2.473    7.8647
 2.472    7.8511
 2.471    7.8342
 2.470    7.8352
 2.469    7.8303
 2.467    7.8420
 2.466    7.8381
 2.465    7.8450
 2.464    7.8401
 2.463    7.8313
 2.462    7.8564
 2.460    7.8625
 2.459    7.8205
 2.458    7.8059
 2.457    7.7961
 2.456    7.7803
 2.455    7.7705
 2.453    7.7763
 2.452    7.7698
 2.451    7.7617
 2.450    7.7578
 2.449    7.7705
 2.448    7.7532
 2.447    7.7610
 2.445    7.7461
 2.444    7.7268
 2.443    7.7317
 2.442    7.7471
 2.441    7.7258
 2.440    7.7219
 2.438    7.7085
 2.437    7.7065
 2.436    7.7041
 2.435    7.6977
 2.434    7.6914
 2.433    7.6963
 2.432    7.7226
 2.430    7.6936
 2.429    7.6633
 2.428    7.6838
 2.427    7.6567
 2.426    7.6233
 2.425    7.6094
 2.424    7.6282
 2.423    7.6369
 2.421    7.6584
 2.420    7.6357
 2.419    7.6289
 2.418    7.6294
 2.417    7.6094
 2.416    7.6084
 2.415    7.6291
 2.413    7.6089
 2.412    7.5879
 2.411    7.5654
 2.410    7.5805
 2.409    7.5725
 2.408    7.5696
 2.407    7.5576
 2.406    7.5461
 2.405    7.5547
 2.403    7.5659
 2.402    7.5520
 2.401    7.5666
 2.400    7.5451
 2.399    7.5254
 2.398    7.5166
 2.397    7.5283
 2.396    7.5237
 2.395    7.5166
 2.393    7.4971
 2.392    7.4739
 2.391    7.4804
 2.390    7.5185
 2.389    7.4980
 2.388    7.4807
 2.387    7.4580
 2.386    7.4756
 2.385    7.4765
 2.384    7.4504
 2.382    7.4287
 2.381    7.4475
 2.380    7.4385
 2.379    7.4223
 2.378    7.4013
 2.377    7.4319
 2.376    7.4414
 2.375    7.4131
 2.374    7.3987
 2.373    7.4162
 2.372    7.4004
 2.370    7.3838
 2.369    7.4136
 2.368    7.4150
 2.367    7.3843
 2.366    7.3828
 2.365    7.3791
 2.364    7.3828
 2.363    7.3491
 2.362    7.3362
 2.361    7.3183
 2.360    7.3388
 2.359    7.3515
 2.358    7.3391
 2.356    7.3115
 2.355    7.3310
 2.354    7.2981
 2.353    7.2737
 2.352    7.2785
 2.351    7.2851
 2.350    7.2727
 2.349    7.2903
 2.348    7.2988
 2.347    7.2900
 2.346    7.2444
 2.345    7.2295
 2.344    7.2190
 2.343    7.2092
 2.342    7.2129
 2.340    7.2385
 2.339    7.2197
 2.338    7.2121
 2.337    7.2070
 2.336    7.1992
 2.335    7.1877
 2.334    7.1965
 2.333    7.1662
 2.332    7.1496
 2.331    7.1416
 2.330    7.1575
 2.329    7.1650
 2.328    7.1680
 2.327    7.1526
 2.326    7.1406
 2.325    7.1191
 2.324    7.1272
 2.323    7.1211
 2.322    7.1260
 2.321    7.1242
 2.320    7.1155
 2.318    7.0937
 2.317    7.1201
 2.316    7.1299
 2.315    7.1174
 2.314    7.0596
 2.313    7.0576
 2.312    7.0859
 2.311    7.0864
 2.310    7.0439
 2.309    7.0644
 2.308    7.0600
 2.307    7.0571
 2.306    7.0473
 2.305    7.0278
 2.304    7.0102
 2.303    7.0117
 2.302    7.0161
 2.301    7.0049
 2.300    6.9824
 2.299    6.9966
 2.298    6.9731
 2.297    6.9560
 2.296    6.9585
 2.295    6.9824
 2.294    6.9883
 2.293    6.9829
 2.292    6.9433
 2.291    6.9717
 2.290    6.9731
 2.289    6.9595
 2.288    6.9204
 2.287    6.9331
 2.286    6.9346
 2.285    6.9375
 2.284    6.9350
 2.283    6.9292
 2.282    6.9145
 2.281    6.9209
 2.280    6.9267
 2.279    6.8994
 2.278    6.8774
 2.277    6.8730
 2.276    6.8442
 2.275    6.8452
 2.274    6.8291
 2.273    6.8716
 2.272    6.8872
 2.271    6.8584
 2.270    6.8310
 2.269    6.8550
 2.268    6.8154
 2.267    6.8139
 2.266    6.8154
 2.265    6.8076
 2.264    6.7641
 2.263    6.7612
 2.262    6.7602
 2.261    6.7637
 2.260    6.7729
 2.259    6.8218
 2.258    6.8081
 2.257    6.7612
 2.256    6.7495
 2.255    6.7627
 2.254    6.7519
 2.253    6.7759
 2.252    6.7715
 2.251    6.7720
 2.250    6.7295
 2.249    6.7285
 2.248    6.7212
 2.247    6.7041
 2.246    6.6904
 2.245    6.6841
 2.244    6.6387
 2.243    6.6738
 2.242    6.6797
 2.241    6.6528
 2.240    6.6245
 2.239    6.6367
 2.238    6.6430
 2.237    6.6445
 2.236    6.6221
 2.236    6.5962
 2.235    6.6069
 2.234    6.6509
 2.233    6.6045
 2.232    6.6025
 2.231    6.6103
 2.230    6.6172
 2.229    6.5669
 2.228    6.5591
 2.227    6.5698
 2.226    6.5722
 2.225    6.5547
 2.224    6.5688
 2.223    6.5571
 2.222    6.5430
 2.221    6.5166
 2.220    6.5117
 2.219    6.5122
 2.218    6.5088
 2.217    6.4765
 2.216    6.4531
 2.215    6.4516
 2.215    6.4971
 2.214    6.4946
 2.213    6.4971
 2.212    6.4907
 2.211    6.4712
 2.210    6.4336
 2.209    6.4892
 2.208    6.4785
 2.207    6.4033
 2.206    6.3872
 2.205    6.4209
 2.204    6.4097
 2.203    6.3852
 2.202    6.3384
 2.201    6.3862
 2.200    6.3774
 2.199    6.3545
 2.199    6.3721
 2.198    6.3867
 2.197    6.3774
 2.196    6.3647
 2.195    6.3174
 2.194    6.3227
 2.193    6.3520
 2.192    6.3662
 2.191    6.3564
 2.190    6.3286
 2.189    6.3325
 2.188    6.3257
 2.187    6.3013
 2.186    6.3013
 2.186    6.3164
 2.185    6.3242
 2.184    6.2695
 2.183    6.2285
 2.182    6.2558
 2.181    6.3125
 2.180    6.2900
 2.179    6.3056
 2.178    6.2456
 2.177    6.1592
 2.176    6.1846
 2.175    6.2373
 2.175    6.2002
 2.174    6.1753
 2.173    6.1606
 2.172    6.1855
 2.171    6.2075
 2.170    6.2002
 2.169    6.1889
 2.168    6.1885
 2.167    6.1601
 2.166    6.1553
 2.165    6.1631
 2.165    6.1606
 2.164    6.1587
 2.163    6.1680
 2.162    6.1328
 2.161    6.1250
 2.160    6.1352
 2.159    6.1548
 2.158    6.0786
 2.157    6.0688
 2.156    6.1474
 2.156    6.1528
 2.155    6.0674
 2.154    6.0239
 2.153    6.0801
 2.152    6.1269
 2.151    6.1328
 2.150    6.0976
 2.149    6.0166
 2.148    6.0185
 2.148    6.0337
 2.147    6.0342
 2.146    6.0356
 2.145    6.0317
 2.144    5.9648
 2.143    5.9829
 2.142    6.0239
 2.141    6.0351
 2.140    6.0024
 2.140    5.9912
 2.139    5.9795
 2.138    5.9814
 2.137    5.9853
 2.136    5.9731
 2.135    5.9170
 2.134    5.9844
 2.133    5.9873
 2.133    5.8970
 2.132    5.8984
 2.131    5.9653
 2.130    5.9575
 2.129    5.9209
 2.128    5.8613
 2.127    5.9302
 2.126    5.9482
 2.126    5.8945
 2.125    5.9228
 2.124    5.9595
 2.123    5.9199
 2.122    5.8691
 2.121    5.8638
 2.120    5.8911
 2.119    5.8662
 2.119    5.8657
 2.118    5.8525
 2.117    5.9067
 2.116    5.8457
 2.115    5.7778
 2.114    5.7295
 2.113    5.7900
 2.113    5.8525
 2.112    5.8086
 2.111    5.7895
 2.110    5.8188
 2.109    5.8208
 2.108    5.8428
 2.107    5.8086
 2.107    5.7734
 2.106    5.7021
 2.105    5.6543
 2.104    5.6933
 2.103    5.7910
 2.102    5.7910
 2.101    5.7485
 2.101    5.7500
 2.100    5.7637
 2.099    5.7036
 2.098    5.6645
 2.097    5.6587
 2.096    5.7392
 2.095    5.7192
 2.095    5.6484
 2.094    5.6357
 2.093    5.6997
 2.092    5.6802
 2.091    5.6728
 2.090    5.6250
 2.090    5.6528
 2.089    5.6592
 2.088    5.5981
 2.087    5.6216
 2.086    5.6865
 2.085    5.6348
 2.085    5.6255
 2.084    5.5957
 2.083    5.6474
 2.082    5.6118
 2.081    5.5664
 2.080    5.5571
 2.079    5.5766
