Name: Alkalic Granite
Type: Rocks
Class: Igneous
Subclass: Felsic
Particle Size: Solid
Sample No.: Granite.H1
Owner: JHU
Wavelength range: All
Origin: From Quincy, Norfolk, Massachusetts via Ward's Scientific (Cat. 
No. W-4)
Description: A gray, medium- to coarse-grained rock composed of quartz, 
feldspar, and a mafic mineral.




Measurement: Directional (10 degree) hemispherical reflectance
First Column: X
Second Column: Y
X Units: Wavelength (micrometers)
Y Units: Reflectance (percent)
First X Value: 14.0112
Last X Value: 0.4000
Number of X Values: 2844
Additional information: granit1a.txt
14.011    7.2712
13.973    7.4325
13.936    6.8484
13.899    5.8181
13.861    6.3610
13.824    7.2956
13.788    7.3312
13.751    7.3725
13.715    6.7969
13.679    5.4974
13.643    5.3015
13.607    5.0348
13.571    4.7963
13.536    5.1150
13.500    5.5237
13.465    5.7543
13.430    5.5462
13.396    5.2453
13.361    5.3405
13.327    5.7108
13.293    5.5500
13.259    5.5252
13.225    5.4478
13.191    5.7977
13.158    6.5109
13.124    6.4277
13.091    6.5393
13.058    6.8437
13.025    6.9628
12.993    6.9612
12.960    7.2314
12.928    7.7608
12.896    8.0564
12.864    8.1278
12.832    8.1654
12.800    8.1778
12.769    8.3371
12.738    7.9566
12.706    7.2300
12.675    6.7083
12.644    6.1566
12.614    6.0811
12.583    6.5946
12.552    7.0865
12.522    7.4116
12.492    7.6434
12.462    7.5304
12.432    6.9623
12.402    5.9672
12.373    4.7745
12.343    3.8055
12.314    3.2107
12.285    2.9629
12.256    2.9917
12.227    3.2397
12.198    3.4425
12.169    3.5184
12.141    3.7359
12.113    3.9244
12.084    3.9743
12.056    4.0294
12.028    4.1243
12.000    4.2724
11.973    4.3995
11.945    4.4602
11.918    4.6420
11.890    4.8023
11.863    4.8199
11.836    4.8878
11.809    5.0213
11.782    5.0845
11.756    5.1492
11.729    5.2645
11.702    5.3011
11.676    5.3330
11.650    5.3939
11.624    5.4782
11.598    5.5036
11.572    5.5688
11.546    5.6986
11.520    5.8746
11.495    5.9594
11.469    5.9309
11.444    6.0002
11.419    6.0907
11.394    6.1425
11.369    6.1725
11.344    6.2133
11.319    6.3077
11.294    6.4151
11.270    6.4906
11.246    6.5376
11.221    6.5885
11.197    6.7378
11.173    6.8095
11.149    6.8257
11.125    6.8880
11.101    6.9706
11.077    7.0151
11.054    7.1116
11.030    7.2433
11.007    7.3259
10.983    7.3924
10.960    7.4585
10.937    7.5494
10.914    7.6563
10.891    7.7761
10.868    7.8914
10.845    8.0025
10.823    8.0628
10.800    8.1567
10.778    8.2999
10.756    8.4016
10.733    8.5254
10.711    8.6913
10.689    8.8582
10.667    8.9652
10.645    9.1062
10.623    9.1966
10.602    9.2997
10.580    9.4692
10.558    9.6347
10.537    9.8194
10.515    9.9607
10.494   10.0877
10.473   10.2677
10.452   10.4194
10.431   10.5883
10.410   10.7531
10.389   10.9680
10.368   11.2256
10.348   11.4693
10.327   11.7039
10.307   11.9833
10.286   12.2636
10.266   12.5798
10.245   12.9506
10.225   13.3987
10.205   13.7681
10.185   14.0641
10.165   14.4958
10.145   14.9748
10.125   15.4171
10.106   15.8807
10.086   16.3333
10.066   16.7584
10.047   17.1937
10.027   17.6179
10.008   18.0890
 9.989   18.5695
 9.970   19.0345
 9.950   19.4852
 9.931   19.8733
 9.912   20.2164
 9.893   20.4900
 9.875   20.6514
 9.856   20.6395
 9.837   20.4651
 9.819   20.2958
 9.800   20.2010
 9.781   20.1878
 9.763   20.2820
 9.745   20.4947
 9.726   20.6418
 9.708   20.8015
 9.690   21.1633
 9.672   21.5418
 9.654   21.7708
 9.636   22.0413
 9.618   22.2974
 9.600   22.5407
 9.582   22.7796
 9.565   22.9690
 9.547   23.0571
 9.530   23.1229
 9.512   23.2692
 9.495   23.5119
 9.477   23.7979
 9.460   24.0852
 9.443   24.3428
 9.426   24.5843
 9.409   25.0256
 9.392   25.7554
 9.375   26.6748
 9.358   27.5868
 9.341   28.4067
 9.324   29.0763
 9.307   29.5975
 9.291   29.9718
 9.274   30.2462
 9.257   30.4162
 9.241   30.4778
 9.225   30.5336
 9.208   30.5591
 9.192   30.4166
 9.175   30.1527
 9.159   29.9004
 9.143   29.5851
 9.127   29.1568
 9.111   28.6956
 9.095   28.3051
 9.079   27.9116
 9.063   27.5121
 9.047   27.1591
 9.032   26.8350
 9.016   26.6123
 9.000   26.5019
 8.985   26.4888
 8.969   26.6001
 8.954   26.8225
 8.938   27.0527
 8.923   27.2943
 8.908   27.5399
 8.892   27.7952
 8.877   28.0518
 8.862   28.2874
 8.847   28.4319
 8.832   28.5248
 8.817   28.5548
 8.802   28.5355
 8.787   28.4917
 8.772   28.4282
 8.757   28.3537
 8.742   28.3314
 8.727   28.2285
 8.713   28.0391
 8.698   27.7064
 8.684   27.1241
 8.669   26.2061
 8.655   24.8308
 8.640   23.3451
 8.626   22.6921
 8.612   23.4363
 8.597   24.9093
 8.583   26.2190
 8.569   27.0609
 8.555   27.5125
 8.541   27.7380
 8.527   27.8345
 8.513   27.8558
 8.499   27.8160
 8.485   27.7563
 8.471   27.6677
 8.457   27.5315
 8.443   27.3939
 8.430   27.2678
 8.416   27.1082
 8.402   26.9170
 8.389   26.6669
 8.375   26.4147
 8.361   26.0851
 8.348   25.7025
 8.335   25.3035
 8.321   24.8672
 8.308   24.4101
 8.295   23.9484
 8.281   23.4712
 8.268   22.9937
 8.255   22.5100
 8.242   22.0539
 8.229   21.5721
 8.216   21.0225
 8.203   20.4234
 8.190   19.7493
 8.177   18.9794
 8.164   18.0825
 8.151   17.0400
 8.138   15.9182
 8.126   14.7550
 8.113   13.5823
 8.100   12.4701
 8.088   11.4433
 8.075   10.4753
 8.062    9.6026
 8.050    8.8026
 8.037    8.0939
 8.025    7.4334
 8.013    6.7938
 8.000    6.2217
 7.988    5.7330
 7.976    5.2556
 7.963    4.7756
 7.951    4.3282
 7.939    3.9340
 7.927    3.5963
 7.915    3.3122
 7.903    3.0644
 7.891    2.8207
 7.879    2.5823
 7.867    2.4110
 7.855    2.2437
 7.843    2.1033
 7.831    1.9847
 7.819    1.8642
 7.808    1.7709
 7.796    1.7032
 7.784    1.6254
 7.772    1.5426
 7.761    1.4772
 7.749    1.4236
 7.737    1.3504
 7.726    1.2727
 7.715    1.2195
 7.703    1.1916
 7.692    1.1465
 7.680    1.0865
 7.669    1.0317
 7.657    0.9870
 7.646    0.9682
 7.635    0.9413
 7.624    0.9174
 7.613    0.9140
 7.601    0.9176
 7.590    0.8841
 7.579    0.8482
 7.568    0.8506
 7.557    0.8506
 7.546    0.8330
 7.535    0.8198
 7.524    0.8177
 7.513    0.8096
 7.502    0.7957
 7.492    0.7852
 7.481    0.7777
 7.470    0.7863
 7.459    0.7997
 7.449    0.8100
 7.438    0.8055
 7.427    0.7875
 7.417    0.8091
 7.406    0.8231
 7.395    0.8203
 7.385    0.8431
 7.374    0.8606
 7.364    0.8608
 7.353    0.8491
 7.343    0.8499
 7.333    0.8700
 7.322    0.8644
 7.312    0.8700
 7.302    0.8855
 7.291    0.9023
 7.281    0.8937
 7.271    0.9060
 7.261    0.9220
 7.251    0.9182
 7.240    0.9347
 7.230    0.9530
 7.220    0.9628
 7.210    0.9678
 7.200    0.9745
 7.190    1.0064
 7.180    1.0164
 7.170    1.0423
 7.160    1.0545
 7.151    1.0528
 7.141    1.0624
 7.131    1.0714
 7.121    1.0932
 7.111    1.1172
 7.102    1.1142
 7.092    1.1395
 7.082    1.1489
 7.072    1.1444
 7.063    1.1510
 7.053    1.1738
 7.044    1.1935
 7.034    1.2047
 7.025    1.2197
 7.015    1.2296
 7.006    1.2132
 6.996    1.2185
 6.987    1.2403
 6.977    1.2436
 6.968    1.2593
 6.959    1.2855
 6.949    1.2949
 6.940    1.3067
 6.931    1.3200
 6.921    1.3188
 6.912    1.3064
 6.903    1.3286
 6.894    1.3579
 6.885    1.3525
 6.875    1.3428
 6.866    1.3732
 6.857    1.4011
 6.848    1.4055
 6.839    1.3982
 6.830    1.4198
 6.821    1.4273
 6.812    1.4280
 6.803    1.4337
 6.794    1.4239
 6.785    1.4236
 6.777    1.4325
 6.768    1.4421
 6.759    1.4712
 6.750    1.4813
 6.741    1.4733
 6.733    1.4709
 6.724    1.4927
 6.715    1.5298
 6.707    1.5488
 6.698    1.5450
 6.689    1.5541
 6.681    1.5483
 6.672    1.5516
 6.663    1.5769
 6.655    1.5930
 6.646    1.5907
 6.638    1.6068
 6.629    1.5989
 6.621    1.5860
 6.612    1.6045
 6.604    1.6125
 6.596    1.6118
 6.587    1.6200
 6.579    1.6329
 6.571    1.6453
 6.562    1.6667
 6.554    1.6737
 6.546    1.6735
 6.537    1.6831
 6.529    1.6922
 6.521    1.7121
 6.513    1.7096
 6.505    1.6997
 6.496    1.7088
 6.488    1.7278
 6.480    1.7670
 6.472    1.7646
 6.464    1.7414
 6.456    1.7522
 6.448    1.7768
 6.440    1.7714
 6.432    1.7486
 6.424    1.7714
 6.416    1.8145
 6.408    1.8202
 6.400    1.8065
 6.392    1.8228
 6.384    1.8096
 6.377    1.8082
 6.369    1.8155
 6.361    1.8080
 6.353    1.8185
 6.345    1.8330
 6.338    1.8347
 6.330    1.8132
 6.322    1.7904
 6.314    1.8031
 6.307    1.7963
 6.299    1.7925
 6.291    1.8033
 6.284    1.8244
 6.276    1.8278
 6.269    1.8106
 6.261    1.8089
 6.253    1.8178
 6.246    1.8239
 6.239    1.8089
 6.231    1.7939
 6.223    1.8143
 6.216    1.8276
 6.209    1.8197
 6.201    1.8112
 6.194    1.8251
 6.186    1.8389
 6.179    1.8375
 6.172    1.8569
 6.164    1.8639
 6.157    1.8636
 6.150    1.8828
 6.142    1.8925
 6.135    1.9073
 6.128    1.9657
 6.121    1.9891
 6.113    1.9716
 6.106    1.9504
 6.099    1.9568
 6.092    1.9763
 6.085    1.9826
 6.078    1.9896
 6.070    2.0002
 6.063    1.9966
 6.056    2.0037
 6.049    2.0343
 6.042    2.0285
 6.035    2.0156
 6.028    2.0072
 6.021    2.0179
 6.014    2.0215
 6.007    2.0147
 6.000    2.0255
 5.993    2.0538
 5.986    2.0538
 5.979    2.0543
 5.973    2.0566
 5.966    2.0506
 5.959    2.0524
 5.952    2.0465
 5.945    2.0395
 5.938    2.0608
 5.931    2.0733
 5.925    2.0637
 5.918    2.0592
 5.911    2.0707
 5.904    2.0847
 5.898    2.1091
 5.891    2.1063
 5.884    2.1174
 5.878    2.1480
 5.871    2.1694
 5.864    2.1776
 5.858    2.1849
 5.851    2.1883
 5.845    2.1982
 5.838    2.2059
 5.831    2.2322
 5.825    2.2540
 5.818    2.2572
 5.812    2.2475
 5.805    2.2444
 5.799    2.2547
 5.792    2.2863
 5.786    2.2884
 5.779    2.2903
 5.773    2.2903
 5.767    2.3163
 5.760    2.3205
 5.754    2.3124
 5.747    2.3142
 5.741    2.3379
 5.735    2.3486
 5.728    2.3522
 5.722    2.3494
 5.716    2.3620
 5.709    2.3796
 5.703    2.3766
 5.697    2.3597
 5.691    2.3489
 5.684    2.3540
 5.678    2.3820
 5.672    2.3979
 5.666    2.3932
 5.660    2.3914
 5.653    2.3943
 5.647    2.3963
 5.641    2.3935
 5.635    2.3787
 5.629    2.3892
 5.623    2.3981
 5.617    2.3935
 5.611    2.3963
 5.604    2.4068
 5.598    2.3986
 5.592    2.3922
 5.586    2.4161
 5.580    2.4420
 5.574    2.4413
 5.568    2.4330
 5.562    2.4288
 5.556    2.4366
 5.551    2.4525
 5.545    2.4694
 5.539    2.4857
 5.533    2.4954
 5.527    2.5013
 5.521    2.5184
 5.515    2.5411
 5.509    2.5500
 5.503    2.5594
 5.497    2.5807
 5.492    2.5971
 5.486    2.6221
 5.480    2.6400
 5.474    2.6414
 5.468    2.6714
 5.463    2.6873
 5.457    2.6675
 5.451    2.6784
 5.446    2.6897
 5.440    2.6836
 5.434    2.6784
 5.428    2.7002
 5.423    2.7082
 5.417    2.7014
 5.411    2.7155
 5.406    2.7197
 5.400    2.7257
 5.394    2.7260
 5.389    2.7220
 5.383    2.7049
 5.378    2.6920
 5.372    2.7145
 5.367    2.7328
 5.361    2.7384
 5.356    2.7283
 5.350    2.7304
 5.345    2.7296
 5.339    2.7251
 5.333    2.7372
 5.328    2.7499
 5.322    2.7408
 5.317    2.7405
 5.312    2.7597
 5.306    2.7804
 5.301    2.7703
 5.295    2.7665
 5.290    2.7998
 5.285    2.8223
 5.279    2.8088
 5.274    2.7947
 5.268    2.8073
 5.263    2.8298
 5.258    2.8535
 5.252    2.8638
 5.247    2.8502
 5.242    2.8638
 5.237    2.8816
 5.231    2.8969
 5.226    2.9121
 5.221    2.9290
 5.215    2.9447
 5.210    2.9688
 5.205    2.9768
 5.200    2.9948
 5.194    3.0275
 5.189    3.0234
 5.184    3.0405
 5.179    3.0633
 5.174    3.0644
 5.169    3.0675
 5.164    3.0954
 5.158    3.1096
 5.153    3.1073
 5.148    3.1043
 5.143    3.1094
 5.138    3.1233
 5.133    3.1260
 5.128    3.1504
 5.123    3.1722
 5.118    3.1912
 5.113    3.2166
 5.107    3.2330
 5.103    3.2459
 5.098    3.2611
 5.093    3.2592
 5.088    3.2670
 5.082    3.2721
 5.077    3.2922
 5.073    3.2932
 5.068    3.2772
 5.063    3.2771
 5.058    3.2745
 5.053    3.2771
 5.048    3.3065
 5.043    3.3249
 5.038    3.3300
 5.033    3.3421
 5.028    3.3504
 5.023    3.3564
 5.019    3.3703
 5.014    3.3811
 5.009    3.3893
 5.004    3.3841
 4.999    3.3971
 4.994    3.4181
 4.990    3.4308
 4.985    3.4289
 4.980    3.4451
 4.975    3.4676
 4.970    3.4927
 4.966    3.5154
 4.961    3.5395
 4.956    3.5506
 4.951    3.5501
 4.947    3.5536
 4.942    3.5716
 4.937    3.5943
 4.933    3.6070
 4.928    3.6232
 4.923    3.6208
 4.919    3.6228
 4.914    3.6309
 4.909    3.6485
 4.905    3.6764
 4.900    3.7057
 4.895    3.7306
 4.891    3.7690
 4.886    3.8096
 4.882    3.8367
 4.877    3.8904
 4.872    3.9182
 4.868    3.9485
 4.863    3.9893
 4.859    4.0333
 4.854    4.0772
 4.849    4.0795
 4.845    4.0974
 4.840    4.1325
 4.836    4.1702
 4.832    4.1930
 4.827    4.1990
 4.822    4.2075
 4.818    4.2042
 4.814    4.2082
 4.809    4.2405
 4.805    4.2511
 4.800    4.2447
 4.796    4.2517
 4.791    4.2579
 4.787    4.2732
 4.782    4.2994
 4.778    4.3226
 4.774    4.3408
 4.769    4.3378
 4.765    4.3561
 4.761    4.3896
 4.756    4.4208
 4.752    4.4395
 4.747    4.4436
 4.743    4.4595
 4.739    4.4894
 4.734    4.5080
 4.730    4.5140
 4.726    4.5140
 4.721    4.5267
 4.717    4.5457
 4.713    4.5316
 4.709    4.5153
 4.704    4.5232
 4.700    4.4946
 4.696    4.4550
 4.691    4.4636
 4.687    4.4522
 4.683    4.4304
 4.679    4.4275
 4.675    4.4484
 4.670    4.4800
 4.666    4.5204
 4.662    4.5450
 4.658    4.5738
 4.654    4.6186
 4.649    4.6610
 4.645    4.6912
 4.641    4.7311
 4.637    4.7794
 4.633    4.8166
 4.629    4.8389
 4.625    4.8977
 4.620    4.9462
 4.616    4.9600
 4.612    4.9652
 4.608    4.9805
 4.604    5.0393
 4.600    5.1054
 4.596    5.1349
 4.592    5.1204
 4.588    5.1251
 4.584    5.1281
 4.580    5.1475
 4.576    5.1755
 4.572    5.1756
 4.567    5.2059
 4.564    5.2476
 4.559    5.2432
 4.556    5.2306
 4.551    5.2535
 4.548    5.2690
 4.543    5.2571
 4.540    5.2512
 4.536    5.2359
 4.532    5.2205
 4.528    5.2148
 4.524    5.2122
 4.520    5.2008
 4.516    5.1804
 4.512    5.1670
 4.508    5.1631
 4.504    5.1309
 4.500    5.1156
 4.496    5.1340
 4.492    5.1420
 4.488    5.1553
 4.485    5.1506
 4.481    5.1450
 4.477    5.1727
 4.473    5.1963
 4.469    5.1912
 4.465    5.2237
 4.461    5.2711
 4.458    5.2743
 4.454    5.3102
 4.450    5.3646
 4.446    5.3810
 4.442    5.3920
 4.439    5.4257
 4.435    5.4530
 4.431    5.4534
 4.427    5.4761
 4.423    5.5218
 4.420    5.5671
 4.416    5.6070
 4.412    5.6311
 4.408    5.6629
 4.404    5.6986
 4.401    5.7371
 4.397    5.7639
 4.393    5.8003
 4.390    5.8364
 4.386    5.8626
 4.382    5.9166
 4.378    5.9704
 4.375    6.0138
 4.371    6.0719
 4.367    6.1117
 4.364    6.1406
 4.360    6.1943
 4.356    6.2412
 4.353    6.2745
 4.349    6.3082
 4.346    6.3215
 4.342    6.3663
 4.338    6.4153
 4.335    6.4528
 4.331    6.4795
 4.327    6.5083
 4.324    6.5447
 4.320    6.5561
 4.316    6.5704
 4.313    6.6010
 4.309    6.6089
 4.306    6.6114
 4.302    6.6304
 4.299    6.6522
 4.295    6.6914
 4.292    6.6979
 4.288    6.6727
 4.284    6.7153
 4.281    6.7673
 4.277    6.7645
 4.274    6.7537
 4.270    6.7532
 4.267    6.7645
 4.263    6.8034
 4.260    6.8758
 4.256    6.9166
 4.253    6.9530
 4.249    6.9787
 4.246    6.9898
 4.242    6.9987
 4.239    7.0151
 4.235    7.0406
 4.232    7.0571
 4.229    7.0664
 4.225    7.0781
 4.222    7.1076
 4.218    7.1496
 4.215    7.1657
 4.211    7.1740
 4.208    7.1888
 4.205    7.1958
 4.201    7.2108
 4.198    7.2166
 4.194    7.2358
 4.191    7.2392
 4.188    7.2504
 4.184    7.2851
 4.181    7.3096
 4.177    7.3174
 4.174    7.3633
 4.171    7.4107
 4.167    7.4196
 4.164    7.4091
 4.161    7.4384
 4.157    7.4501
 4.154    7.4646
 4.151    7.4913
 4.147    7.4934
 4.144    7.5166
 4.141    7.5403
 4.137    7.5511
 4.134    7.5602
 4.131    7.5820
 4.128    7.5971
 4.124    7.6308
 4.121    7.6621
 4.118    7.6764
 4.114    7.6807
 4.111    7.6898
 4.108    7.7192
 4.105    7.7566
 4.101    7.7634
 4.098    7.7871
 4.095    7.8106
 4.092    7.8171
 4.088    7.8314
 4.085    7.8613
 4.082    7.8748
 4.079    7.8792
 4.076    7.8992
 4.072    7.9221
 4.069    7.9188
 4.066    7.9333
 4.063    7.9652
 4.060    7.9781
 4.056    7.9776
 4.053    7.9690
 4.050    7.9730
 4.047    7.9875
 4.044    7.9781
 4.041    7.9654
 4.037    7.9889
 4.034    8.0187
 4.031    8.0088
 4.028    8.0031
 4.025    8.0264
 4.022    8.0346
 4.019    8.0332
 4.016    8.0198
 4.013    8.0078
 4.009    8.0147
 4.006    8.0299
 4.003    8.0652
 4.000    8.0906
 3.997    8.0878
 3.994    8.1012
 3.991    8.1028
 3.988    8.1096
 3.985    8.1225
 3.982    8.1231
 3.979    8.1513
 3.976    8.1693
 3.973    8.1590
 3.970    8.1595
 3.966    8.1968
 3.963    8.2317
 3.960    8.2355
 3.957    8.2356
 3.954    8.2643
 3.951    8.2802
 3.948    8.3006
 3.945    8.2990
 3.942    8.2982
 3.939    8.3405
 3.936    8.3599
 3.933    8.3524
 3.930    8.3486
 3.927    8.3691
 3.924    8.4002
 3.921    8.4098
 3.918    8.4208
 3.916    8.4145
 3.913    8.4236
 3.910    8.4349
 3.907    8.4543
 3.904    8.4506
 3.901    8.4190
 3.898    8.4215
 3.895    8.4361
 3.892    8.4314
 3.889    8.4138
 3.886    8.4106
 3.883    8.4252
 3.880    8.4358
 3.877    8.4335
 3.875    8.4251
 3.872    8.4420
 3.869    8.4396
 3.866    8.4396
 3.863    8.4539
 3.860    8.4607
 3.857    8.4527
 3.854    8.4551
 3.852    8.4605
 3.849    8.4628
 3.846    8.4691
 3.843    8.5021
 3.840    8.5158
 3.837    8.5242
 3.834    8.5329
 3.832    8.5402
 3.829    8.5605
 3.826    8.5582
 3.823    8.5537
 3.820    8.5813
 3.817    8.6023
 3.815    8.5927
 3.812    8.6070
 3.809    8.6229
 3.806    8.6217
 3.804    8.6376
 3.801    8.6334
 3.798    8.6376
 3.795    8.6480
 3.792    8.6484
 3.790    8.6423
 3.787    8.6463
 3.784    8.6514
 3.781    8.6548
 3.779    8.6524
 3.776    8.6535
 3.773    8.6636
 3.770    8.6550
 3.768    8.6725
 3.765    8.6796
 3.762    8.6498
 3.759    8.6449
 3.757    8.6498
 3.754    8.6524
 3.751    8.6442
 3.748    8.6367
 3.746    8.6355
 3.743    8.6456
 3.740    8.6620
 3.738    8.6426
 3.735    8.6233
 3.732    8.6259
 3.730    8.6475
 3.727    8.6623
 3.724    8.6941
 3.722    8.7156
 3.719    8.7135
 3.716    8.7155
 3.714    8.7234
 3.711    8.7361
 3.708    8.7298
 3.706    8.7607
 3.703    8.7804
 3.700    8.7857
 3.698    8.7949
 3.695    8.8212
 3.692    8.8402
 3.690    8.8282
 3.687    8.8310
 3.684    8.8452
 3.682    8.8662
 3.679    8.9156
 3.677    8.9137
 3.674    8.9317
 3.672    8.9390
 3.669    8.9205
 3.666    8.9316
 3.664    8.9456
 3.661    8.9392
 3.659    8.9482
 3.656    8.9545
 3.653    8.9753
 3.651    8.9768
 3.648    8.9686
 3.646    8.9817
 3.643    9.0007
 3.641    9.0056
 3.638    8.9988
 3.636    8.9657
 3.633    8.9571
 3.630    8.9867
 3.628    8.9868
 3.625    8.9875
 3.623    8.9742
 3.620    8.9808
 3.618    8.9955
 3.615    8.9873
 3.613    8.9885
 3.610    8.9981
 3.608    9.0012
 3.605    8.9761
 3.603    8.9529
 3.600    8.9527
 3.598    8.9548
 3.595    8.9470
 3.593    8.9683
 3.590    8.9850
 3.588    8.9803
 3.585    8.9784
 3.583    8.9810
 3.580    8.9981
 3.578    8.9747
 3.575    8.9418
 3.573    8.9412
 3.570    8.9371
 3.568    8.9388
 3.565    8.9381
 3.563    8.9426
 3.561    8.9430
 3.558    8.9428
 3.556    8.9236
 3.553    8.9299
 3.551    8.9296
 3.548    8.9149
 3.546    8.9145
 3.543    8.9174
 3.541    8.8966
 3.539    8.8624
 3.536    8.8460
 3.534    8.8483
 3.531    8.8404
 3.529    8.8237
 3.527    8.7942
 3.524    8.7782
 3.522    8.7335
 3.519    8.6878
 3.517    8.6353
 3.515    8.5481
 3.512    8.4530
 3.510    8.3510
 3.507    8.2810
 3.505    8.2439
 3.503    8.2547
 3.500    8.2906
 3.498    8.3052
 3.496    8.3550
 3.493    8.4026
 3.491    8.4131
 3.489    8.4124
 3.486    8.4103
 3.484    8.4075
 3.482    8.4056
 3.479    8.4278
 3.477    8.4368
 3.475    8.4314
 3.472    8.4211
 3.470    8.4007
 3.468    8.4112
 3.465    8.4241
 3.463    8.3967
 3.461    8.3688
 3.458    8.3810
 3.456    8.3484
 3.454    8.3065
 3.451    8.2823
 3.449    8.2600
 3.447    8.2355
 3.445    8.1998
 3.442    8.1584
 3.440    8.1234
 3.438    8.0812
 3.436    8.0254
 3.433    7.9478
 3.431    7.8717
 3.429    7.7986
 3.426    7.7288
 3.424    7.6652
 3.422    7.6169
 3.420    7.6078
 3.417    7.5797
 3.415    7.5586
 3.413    7.5998
 3.411    7.6160
 3.408    7.6127
 3.406    7.6329
 3.404    7.6645
 3.402    7.7104
 3.399    7.7413
 3.397    7.7573
 3.395    7.7906
 3.393    7.7899
 3.391    7.7559
 3.388    7.7379
 3.386    7.7367
 3.384    7.7121
 3.382    7.6914
 3.380    7.6896
 3.377    7.6933
 3.375    7.7158
 3.373    7.7316
 3.371    7.7412
 3.369    7.7702
 3.366    7.7670
 3.364    7.7768
 3.362    7.8005
 3.360    7.8096
 3.358    7.8119
 3.355    7.8108
 3.353    7.7963
 3.351    7.7674
 3.349    7.7930
 3.347    7.8133
 3.345    7.8028
 3.342    7.7810
 3.340    7.7517
 3.338    7.7254
 3.336    7.7168
 3.334    7.7116
 3.332    7.6992
 3.330    7.6854
 3.327    7.6816
 3.325    7.6842
 3.323    7.6500
 3.321    7.6146
 3.319    7.6127
 3.317    7.6188
 3.315    7.6083
 3.313    7.5539
 3.310    7.5319
 3.308    7.5325
 3.306    7.5143
 3.304    7.5056
 3.302    7.4974
 3.300    7.4714
 3.298    7.4447
 3.296    7.4431
 3.294    7.4124
 3.292    7.3800
 3.289    7.3571
 3.287    7.3452
 3.285    7.3308
 3.283    7.3000
 3.281    7.2914
 3.279    7.2886
 3.277    7.2522
 3.275    7.2103
 3.273    7.1686
 3.271    7.1753
 3.269    7.1927
 3.267    7.1660
 3.265    7.1130
 3.263    7.0805
 3.261    7.0525
 3.258    7.0380
 3.256    7.0184
 3.254    7.0366
 3.252    7.0186
 3.250    6.9665
 3.248    6.9665
 3.246    6.9755
 3.244    6.9288
 3.242    6.9103
 3.240    6.9206
 3.238    6.8829
 3.236    6.8496
 3.234    6.8355
 3.232    6.8337
 3.230    6.8264
 3.228    6.8243
 3.226    6.7987
 3.224    6.7509
 3.222    6.7242
 3.220    6.6974
 3.218    6.6776
 3.216    6.6607
 3.214    6.6501
 3.212    6.6091
 3.210    6.5943
 3.208    6.6211
 3.206    6.5979
 3.204    6.5268
 3.202    6.4884
 3.200    6.4797
 3.198    6.4603
 3.196    6.4592
 3.194    6.4737
 3.192    6.4415
 3.190    6.4125
 3.188    6.4008
 3.186    6.3886
 3.184    6.3834
 3.182    6.3808
 3.180    6.3253
 3.179    6.3096
 3.177    6.3007
 3.175    6.2435
 3.173    6.2121
 3.171    6.2187
 3.169    6.1896
 3.167    6.1910
 3.165    6.2078
 3.163    6.1955
 3.161    6.1603
 3.159    6.1385
 3.157    6.1385
 3.155    6.1193
 3.153    6.0703
 3.152    6.0527
 3.150    6.0623
 3.148    6.0471
 3.146    6.0106
 3.144    5.9997
 3.142    5.9749
 3.140    5.9946
 3.138    5.9930
 3.136    5.9533
 3.134    5.9452
 3.132    5.9688
 3.131    5.9470
 3.129    5.9100
 3.127    5.9055
 3.125    5.8908
 3.123    5.8893
 3.121    5.8688
 3.119    5.8355
 3.117    5.8249
 3.115    5.8268
 3.114    5.8160
 3.112    5.8015
 3.110    5.8085
 3.108    5.7878
 3.106    5.7727
 3.104    5.7849
 3.102    5.7708
 3.101    5.7574
 3.099    5.7389
 3.097    5.7140
 3.095    5.7363
 3.093    5.7516
 3.091    5.7363
 3.090    5.7089
 3.088    5.7013
 3.086    5.7016
 3.084    5.7438
 3.082    5.7190
 3.080    5.6691
 3.079    5.6514
 3.077    5.6463
 3.075    5.6482
 3.073    5.6275
 3.071    5.6363
 3.069    5.6374
 3.067    5.5997
 3.066    5.6184
 3.064    5.6325
 3.062    5.5994
 3.060    5.5932
 3.059    5.6314
 3.057    5.6325
 3.055    5.5790
 3.053    5.5654
 3.051    5.5748
 3.050    5.5849
 3.048    5.5519
 3.046    5.5425
 3.044    5.5636
 3.042    5.5549
 3.041    5.5572
 3.039    5.5746
 3.037    5.5643
 3.035    5.5584
 3.033    5.5540
 3.032    5.5332
 3.030    5.5542
 3.028    5.5613
 3.026    5.5193
 3.025    5.4878
 3.023    5.5216
 3.021    5.5369
 3.019    5.5247
 3.018    5.5493
 3.016    5.5453
 3.014    5.5244
 3.012    5.5345
 3.011    5.5385
 3.009    5.4954
 3.007    5.5075
 3.005    5.5041
 3.004    5.4774
 3.002    5.5270
 3.000    5.5579
 2.998    5.5286
 2.997    5.4825
 2.995    5.4802
 2.993    5.4792
 2.991    5.4576
 2.990    5.4511
 2.988    5.4670
 2.986    5.4876
 2.985    5.4804
 2.983    5.4785
 2.981    5.4933
 2.979    5.4829
 2.978    5.4872
 2.976    5.4857
 2.974    5.4659
 2.973    5.4600
 2.971    5.4665
 2.969    5.4668
 2.967    5.4785
 2.966    5.4509
 2.964    5.4431
 2.962    5.4607
 2.961    5.4371
 2.959    5.4084
 2.957    5.4077
 2.956    5.4649
 2.954    5.4717
 2.952    5.4567
 2.951    5.4665
 2.949    5.4738
 2.947    5.4616
 2.946    5.4537
 2.944    5.4857
 2.942    5.4849
 2.941    5.4623
 2.939    5.4811
 2.937    5.4886
 2.936    5.4834
 2.934    5.5146
 2.932    5.5205
 2.931    5.4525
 2.929    5.4392
 2.927    5.4727
 2.926    5.4883
 2.924    5.5235
 2.922    5.5404
 2.921    5.5008
 2.919    5.5359
 2.917    5.5884
 2.916    5.5481
 2.914    5.5810
 2.912    5.5985
 2.911    5.5784
 2.909    5.5908
 2.908    5.6243
 2.906    5.5927
 2.904    5.6114
 2.903    5.6702
 2.901    5.6527
 2.899    5.6632
 2.898    5.6937
 2.896    5.7286
 2.895    5.7413
 2.893    5.7286
 2.891    5.7283
 2.890    5.6934
 2.888    5.6836
 2.886    5.7153
 2.885    5.7276
 2.883    5.7413
 2.882    5.7574
 2.880    5.7358
 2.878    5.7785
 2.877    5.8280
 2.875    5.7928
 2.874    5.8088
 2.872    5.8200
 2.870    5.8158
 2.869    5.8350
 2.867    5.8685
 2.866    5.8837
 2.864    5.8441
 2.863    5.8286
 2.861    5.8935
 2.859    5.9317
 2.858    5.9257
 2.856    5.8999
 2.855    5.8690
 2.853    5.8613
 2.852    5.8875
 2.850    5.9599
 2.848    5.9749
 2.847    5.9611
 2.845    5.9465
 2.844    5.9555
 2.842    5.9904
 2.841    5.9794
 2.839    6.0037
 2.837    6.0680
 2.836    6.0633
 2.834    6.0593
 2.833    6.0904
 2.831    6.0660
 2.830    6.0553
 2.828    6.1101
 2.827    6.1763
 2.825    6.1598
 2.824    6.1242
 2.822    6.1664
 2.821    6.2062
 2.819    6.1908
 2.817    6.1903
 2.816    6.2317
 2.814    6.2402
 2.813    6.2805
 2.811    6.2883
 2.810    6.2803
 2.808    6.3108
 2.807    6.2925
 2.805    6.3145
 2.804    6.3942
 2.802    6.4036
 2.801    6.3806
 2.799    6.4228
 2.798    6.4865
 2.796    6.5051
 2.795    6.4994
 2.793    6.5226
 2.792    6.5625
 2.790    6.5334
 2.789    6.5395
 2.787    6.6101
 2.786    6.6563
 2.784    6.6405
 2.783    6.6431
 2.781    6.6499
 2.780    6.6895
 2.778    6.7335
 2.777    6.7720
 2.775    6.8093
 2.774    6.7776
 2.772    6.7739
 2.771    6.8444
 2.769    6.8400
 2.768    6.8259
 2.766    6.8325
 2.765    6.7833
 2.763    6.7207
 2.762    6.7455
 2.761    6.8036
 2.759    6.8916
 2.757    7.0026
 2.756    7.1205
 2.755    7.2060
 2.753    7.2496
 2.752    7.2987
 2.750    7.3624
 2.749    7.4306
 2.747    7.4772
 2.746    7.5621
 2.744    7.6603
 2.743    7.7325
 2.741    7.8417
 2.740    7.9831
 2.739    8.0611
 2.737    8.0925
 2.736    8.1769
 2.734    8.3104
 2.733    8.4567
 2.731    8.5945
 2.730    8.6901
 2.728    8.7517
 2.727    8.8685
 2.726    9.0680
 2.724    9.2704
 2.723    9.3530
 2.721    9.4429
 2.720    9.6213
 2.719    9.7355
 2.717    9.8360
 2.716    9.9398
 2.714   10.0826
 2.713   10.1784
 2.711   10.3288
 2.710   10.4789
 2.708   10.5122
 2.707   10.5452
 2.706   10.6577
 2.704   10.7873
 2.703   10.8989
 2.701   11.0254
 2.700   11.1470
 2.699   11.2511
 2.697   11.3264
 2.696   11.4499
 2.695   11.5891
 2.693   11.6721
 2.692   11.6740
 2.690   11.6988
 2.689   11.7609
 2.688   11.8286
 2.686   11.9268
 2.685   11.9890
 2.683   11.9925
 2.682   11.9958
 2.680   12.0199
 2.679   12.0789
 2.678   12.1764
 2.676   12.2363
 2.675   12.1997
 2.674   12.1893
 2.672   12.2437
 2.671   12.2948
 2.670   12.3088
 2.668   12.3049
 2.667   12.4277
 2.665   12.4293
 2.664   12.3560
 2.663   12.3156
 2.661   12.3447
 2.660   12.3248
 2.659   12.2950
 2.657   12.3563
 2.656   12.3977
 2.655   12.3639
 2.653   12.3605
 2.652   12.4134
 2.650   12.4096
 2.649   12.4166
 2.648   12.4045
 2.646   12.4397
 2.645   12.4940
 2.644   12.4851
 2.642   12.4556
 2.641   12.4999
 2.640   12.5292
 2.638   12.5078
 2.637   12.4971
 2.636   12.5088
 2.634   12.5067
 2.633   12.4818
 2.632   12.5329
 2.630   12.5971
 2.629   12.5791
 2.627   12.5435
 2.626   12.5805
 2.625   12.5976
 2.624   12.5836
 2.622   12.5748
 2.621   12.6874
 2.620   12.7439
 2.618   12.7150
 2.617   12.7176
 2.616   12.6712
 2.614   12.7116
 2.613   12.7410
 2.612   12.6590
 2.610   12.6257
 2.609   12.6804
 2.608   12.6827
 2.606   12.6872
 2.605   12.7509
 2.604   12.7725
 2.603   12.7439
 2.601   12.7223
 2.600   12.7221
 2.599   12.7319
 2.597   12.7472
 2.596   12.8142
 2.595   12.9168
 2.593   12.8475
 2.592   12.7143
 2.591   12.7176
 2.590   12.7439
 2.588   12.7720
 2.587   12.7556
 2.586   12.6924
 2.584   12.7837
 2.583   12.8125
 2.582   12.7631
 2.580   12.7524
 2.579   12.7368
 2.578   12.7924
 2.577   12.8095
 2.575   12.7903
 2.574   12.8161
 2.573   12.8451
 2.571   12.7739
 2.570   12.7917
 2.569   12.8186
 2.568   12.7607
 2.566   12.7748
 2.565   12.8503
 2.564   12.8911
 2.563   12.8418
 2.561   12.8104
 2.560   12.7940
 2.559   12.7668
 2.558   12.7472
 2.556   12.8114
 2.555   12.8690
 2.554   12.8390
 2.553   12.8433
 2.551   12.8179
 2.550   12.7992
 2.549   12.8400
 2.547   12.8348
 2.546   12.7968
 2.545   12.8198
 2.544   12.8418
 2.543   12.8665
 2.541   12.8512
 2.540   12.7976
 2.539   12.8231
 2.538   12.8444
 2.536   12.8400
 2.535   12.8512
 2.534   12.8459
 2.533   12.8559
 2.531   12.8493
 2.530   12.8371
 2.529   12.8348
 2.528   12.8339
 2.526   12.8625
 2.525   12.8280
 2.524   12.7706
 2.523   12.8311
 2.522   12.9164
 2.520   12.9356
 2.519   12.9205
 2.518   12.9342
 2.517   12.9595
 2.515   12.9351
 2.514   12.8906
 2.513   12.8950
 2.512   12.8986
 2.511   12.8669
 2.509   12.8236
 2.508   12.8488
 2.507   12.9056
 2.506   12.9449
 2.504   12.9670
 2.503   13.0073
 2.502   12.9787
 2.501   12.9150
 2.500   12.9225
 2.498   12.9904
 2.497   12.9948
 2.496   12.9630
 2.495   13.0158
 2.494   13.0429
 2.492   12.9876
 2.491   12.9613
 2.490   12.9778
 2.489   13.0301
 2.488   13.0288
 2.486   12.9773
 2.485   13.0265
 2.484   13.0603
 2.483   13.0111
 2.482   13.0548
 2.481   13.0743
 2.479   13.0286
 2.478   12.9724
 2.477   13.0083
 2.476   13.0771
 2.474   13.0668
 2.473   13.0600
 2.472   13.1142
 2.471   13.0860
 2.470   13.0880
 2.469   13.1503
 2.467   13.1283
 2.466   13.1311
 2.465   13.0978
 2.464   13.0654
 2.463   13.1360
 2.462   13.1737
 2.460   13.1925
 2.459   13.2281
 2.458   13.2438
 2.457   13.2122
 2.456   13.2159
 2.455   13.2566
 2.454   13.2468
 2.452   13.2140
 2.451   13.2516
 2.450   13.2595
 2.449   13.2093
 2.448   13.1747
 2.446   13.1648
 2.445   13.1506
 2.444   13.2205
 2.443   13.3213
 2.442   13.3368
 2.441   13.2782
 2.440   13.2319
 2.438   13.3049
 2.437   13.3425
 2.436   13.2272
 2.435   13.2382
 2.434   13.2970
 2.433   13.3303
 2.432   13.2787
 2.430   13.2468
 2.429   13.2300
 2.428   13.2187
 2.427   13.2348
 2.426   13.2909
 2.425   13.2684
 2.424   13.1841
 2.422   13.1911
 2.421   13.2262
 2.420   13.2187
 2.419   13.2051
 2.418   13.2065
 2.417   13.3028
 2.416   13.3260
 2.415   13.3472
 2.414   13.3228
 2.412   13.2890
 2.411   13.2942
 2.410   13.2862
 2.409   13.2844
 2.408   13.3462
 2.407   13.3758
 2.406   13.3504
 2.405   13.3636
 2.403   13.3397
 2.402   13.3678
 2.401   13.4132
 2.400   13.4348
 2.399   13.4156
 2.398   13.3973
 2.397   13.4220
 2.396   13.4854
 2.394   13.4798
 2.393   13.4943
 2.392   13.5042
 2.391   13.4868
 2.390   13.4597
 2.389   13.4868
 2.388   13.4325
 2.387   13.4278
 2.386   13.5595
 2.385   13.4756
 2.384   13.3922
 2.382   13.4156
 2.381   13.4249
 2.380   13.4413
 2.379   13.4807
 2.378   13.5182
 2.377   13.5590
 2.376   13.5202
 2.375   13.4841
 2.374   13.4916
 2.373   13.5290
 2.372   13.5210
 2.370   13.5056
 2.369   13.5628
 2.368   13.5909
 2.367   13.5595
 2.366   13.5412
 2.365   13.5553
 2.364   13.5356
 2.363   13.4812
 2.362   13.4859
 2.361   13.4929
 2.360   13.4798
 2.359   13.5351
 2.357   13.6031
 2.356   13.6641
 2.355   13.5989
 2.354   13.5314
 2.353   13.5501
 2.352   13.5431
 2.351   13.4610
 2.350   13.3865
 2.349   13.3978
 2.348   13.3987
 2.347   13.4147
 2.346   13.4667
 2.345   13.4929
 2.344   13.4777
 2.343   13.5213
 2.341   13.4585
 2.341   13.4221
 2.339   13.4454
 2.338   13.4636
 2.337   13.4843
 2.336   13.5302
 2.335   13.6033
 2.334   13.5708
 2.333   13.5365
 2.332   13.6200
 2.331   13.5537
 2.330   13.4477
 2.329   13.5302
 2.328   13.5706
 2.327   13.5945
 2.326   13.6926
 2.325   13.5851
 2.324   13.5178
 2.323   13.6070
 2.322   13.7205
 2.321   13.7020
 2.320   13.6713
 2.318   13.6875
 2.317   13.7186
 2.316   13.7023
 2.315   13.6192
 2.314   13.5602
 2.313   13.6090
 2.312   13.6329
 2.311   13.6101
 2.310   13.6704
 2.309   13.6624
 2.308   13.6696
 2.307   13.6870
 2.306   13.7287
 2.305   13.7700
 2.304   13.7243
 2.303   13.6758
 2.302   13.7217
 2.301   13.7472
 2.300   13.7662
 2.299   13.7065
 2.298   13.7207
 2.297   13.8213
 2.296   13.8592
 2.295   13.7798
 2.294   13.7446
 2.293   13.6955
 2.292   13.6275
 2.291   13.6687
 2.290   13.8005
 2.289   13.8808
 2.288   13.7774
 2.287   13.7430
 2.286   13.8227
 2.285   13.7932
 2.284   13.7623
 2.283   13.7711
 2.282   13.7639
 2.281   13.8033
 2.280   13.8457
 2.279   13.8566
 2.278   13.8675
 2.277   13.8126
 2.276   13.7296
 2.275   13.7301
 2.274   13.7883
 2.273   13.7890
 2.272   13.7953
 2.271   13.8213
 2.270   13.8396
 2.269   13.8236
 2.268   13.8208
 2.267   13.7798
 2.266   13.8012
 2.265   13.9033
 2.264   13.9317
 2.263   13.8805
 2.262   13.9160
 2.261   13.8335
 2.260   13.8147
 2.259   13.8400
 2.258   13.8417
 2.257   13.9052
 2.256   13.8839
 2.255   13.8300
 2.254   13.8646
 2.253   13.8970
 2.252   13.8942
 2.251   13.8747
 2.250   13.8290
 2.249   13.7969
 2.248   13.8194
 2.247   13.8808
 2.246   13.8633
 2.245   13.9200
 2.244   13.9221
 2.243   13.9188
 2.242   13.9326
 2.241   13.9096
 2.240   13.8764
 2.239   13.9166
 2.238   13.8846
 2.237   13.9083
 2.236   13.8956
 2.236   13.8490
 2.235   13.8942
 2.234   13.9434
 2.233   13.8792
 2.232   13.7913
 2.231   13.8722
 2.230   13.9249
 2.229   13.8595
 2.228   13.8714
 2.227   13.9350
 2.226   13.9309
 2.225   13.8945
 2.224   13.8867
 2.223   13.8420
 2.222   13.8724
 2.221   13.9446
 2.220   13.8867
 2.219   13.8319
 2.218   13.8792
 2.217   13.9364
 2.216   13.9867
 2.216   13.9584
 2.215   13.9251
 2.214   13.8384
 2.213   13.8628
 2.212   13.8867
 2.211   13.8703
 2.210   13.8255
 2.209   13.8288
 2.208   13.8883
 2.207   13.9005
 2.206   13.9049
 2.205   13.9225
 2.204   13.8340
 2.203   13.8368
 2.202   13.9303
 2.201   13.9699
 2.200   13.8947
 2.200   13.8091
 2.199   13.9335
 2.198   14.0212
 2.197   13.8862
 2.196   13.8977
 2.195   13.9476
 2.194   13.9218
 2.193   13.9402
 2.192   13.9839
 2.191   13.9537
 2.190   13.9047
 2.189   13.8799
 2.188   13.8670
 2.187   13.9041
 2.187   13.9044
 2.186   13.8511
 2.185   13.9239
 2.184   13.9284
 2.183   13.8646
 2.182   13.8152
 2.181   13.8543
 2.180   13.9596
 2.179   13.9242
 2.178   13.9267
 2.177   13.9242
 2.176   13.8443
 2.176   13.8462
 2.175   13.9725
 2.174   13.9753
 2.173   13.9192
 2.172   13.9108
 2.171   13.8714
 2.170   13.8319
 2.169   13.8932
 2.168   13.9891
 2.167   14.0413
 2.166   14.0618
 2.166   13.9737
 2.165   13.9378
 2.164   13.9706
 2.163   13.9164
 2.162   13.9127
 2.161   13.9399
 2.160   13.8970
 2.159   13.9075
 2.158   13.9561
 2.157   13.9282
 2.156   13.9267
 2.156   13.9305
 2.155   13.8625
 2.154   13.9312
 2.153   13.9737
 2.152   13.9059
 2.151   13.9570
 2.150   14.0114
 2.149   14.0067
 2.148   13.9519
 2.148   13.9282
 2.147   13.8780
 2.146   13.9099
 2.145   13.9382
 2.144   13.9108
 2.143   13.9589
 2.142   13.9797
 2.141   13.9603
 2.140   13.9418
 2.140   13.9792
 2.139   13.9771
 2.138   14.0008
 2.137   13.9865
 2.136   13.9361
 2.135   13.9021
 2.134   13.8914
 2.133   13.9308
 2.132   13.9509
 2.132   13.8637
 2.131   13.8283
 2.130   13.8855
 2.129   13.8780
 2.128   13.8810
 2.127   13.8722
 2.126   13.9249
 2.126   13.9837
 2.125   13.9359
 2.124   13.9209
 2.123   13.9308
 2.122   13.9525
 2.121   13.9387
 2.120   13.8705
 2.119   13.9122
 2.119   13.9099
 2.118   13.8984
 2.117   13.9239
 2.116   13.9312
 2.115   13.9155
 2.114   13.9397
 2.113   13.8881
 2.112   13.8574
 2.112   13.8881
 2.111   13.9080
 2.110   13.9296
 2.109   13.9275
 2.108   13.8810
 2.107   13.8755
 2.107   13.9021
 2.106   13.8733
 2.105   13.9080
 2.104   13.9139
 2.103   13.8394
 2.102   13.8424
 2.101   13.8405
 2.100   13.8449
 2.100   13.8586
 2.099   13.8548
 2.098   13.8745
 2.097   13.8883
 2.096   13.8612
 2.095   13.8633
 2.095   13.8996
 2.094   13.9005
 2.093   13.8906
 2.092   13.9085
 2.091   13.8846
 2.090   13.8932
 2.090   13.9148
 2.089   13.9399
 2.088   13.9612
 2.087   13.8860
 2.086   13.8909
 2.085   13.9326
 2.084   13.9296
 2.084   13.9415
 2.083   13.8792
 2.082   13.8919
 2.081   13.9143
 2.080   13.8785
 2.079   13.8351
 2.076   13.6980
 2.072   13.6725
 2.068   13.7137
 2.064   13.7335
 2.060   13.6912
 2.056   13.5921
 2.052   13.6233
 2.048   13.6559
 2.044   13.6230
 2.040   13.6244
 2.036   13.7477
 2.032   13.6383
 2.028   13.7259
 2.024   13.7013
 2.020   13.6223
 2.016   13.6177
 2.012   13.4657
 2.008   13.5958
 2.004   13.5637
 2.000   13.5654
 1.996   13.4994
 1.992   13.4531
 1.988   13.4711
 1.984   13.4475
 1.980   13.4092
 1.976   13.3554
 1.972   13.4012
 1.968   13.3461
 1.964   13.3435
 1.960   13.2723
 1.956   13.2077
 1.952   13.1932
 1.948   13.2070
 1.944   13.1186
 1.940   13.1613
 1.936   13.1261
 1.932   13.1107
 1.928   13.1165
 1.924   13.1690
 1.920   13.3220
 1.916   13.2949
 1.912   13.2600
 1.908   13.2990
 1.904   13.5000
 1.900   13.6343
 1.896   13.5689
 1.892   13.6087
 1.888   13.8471
 1.884   13.9729
 1.880   14.0299
 1.876   13.9928
 1.872   14.2014
 1.868   14.2849
 1.864   14.2728
 1.860   14.2993
 1.856   14.4187
 1.852   14.4492
 1.848   14.4311
 1.844   14.4643
 1.840   14.4944
 1.836   14.4897
 1.832   14.4007
 1.828   14.3733
 1.824   14.3779
 1.820   14.4335
 1.816   14.4769
 1.812   14.5395
 1.808   14.5015
 1.804   14.4816
 1.800   14.4130
 1.796   14.4788
 1.792   14.5550
 1.788   14.4542
 1.784   14.5815
 1.780   14.4792
 1.776   14.6023
 1.772   14.5362
 1.768   14.6035
 1.764   14.6340
 1.760   14.6851
 1.756   14.6990
 1.752   14.6206
 1.748   14.5971
 1.744   14.5418
 1.740   14.6796
 1.736   14.6701
 1.732   14.6378
 1.728   14.6741
 1.724   14.7855
 1.720   14.7509
 1.716   14.7216
 1.712   14.6797
 1.708   14.6852
 1.704   14.6626
 1.700   14.7259
 1.696   14.6821
 1.692   14.7289
 1.688   14.8171
 1.684   14.7731
 1.680   14.6500
 1.676   14.7736
 1.672   14.8548
 1.668   14.7752
 1.664   14.8506
 1.660   14.8869
 1.656   14.8466
 1.652   14.8744
 1.648   14.8869
 1.644   14.8681
 1.640   14.7816
 1.636   14.7534
 1.632   14.7790
 1.628   14.8450
 1.624   14.8928
 1.620   14.9194
 1.616   14.9959
 1.612   14.9042
 1.608   14.9019
 1.604   14.9529
 1.600   15.0278
 1.596   15.0330
 1.592   15.0289
 1.588   15.1209
 1.584   15.0713
 1.580   14.9884
 1.576   14.9895
 1.572   14.9798
 1.568   15.0099
 1.564   14.9508
 1.560   15.0934
 1.556   15.1065
 1.552   15.0958
 1.548   15.0150
 1.544   14.9090
 1.540   14.9854
 1.536   15.1600
 1.532   15.0318
 1.528   15.0683
 1.524   15.0255
 1.520   14.8539
 1.516   15.0085
 1.512   14.8834
 1.508   15.0054
 1.504   15.0178
 1.500   14.9808
 1.496   14.4858
 1.492   14.5363
 1.488   14.5012
 1.484   14.7577
 1.480   14.8388
 1.476   14.8622
 1.472   14.9311
 1.468   14.8700
 1.464   14.8110
 1.460   14.8737
 1.456   14.9586
 1.452   15.0457
 1.448   15.0877
 1.444   15.1074
 1.440   15.1339
 1.436   15.0636
 1.432   15.0877
 1.428   15.0839
 1.424   15.0275
 1.420   15.0005
 1.416   14.9164
 1.412   14.8349
 1.408   14.6961
 1.404   14.8884
 1.400   14.8627
 1.396   14.7811
 1.392   14.8813
 1.388   14.8959
 1.384   15.0586
 1.380   15.0026
 1.376   15.0211
 1.372   15.1870
 1.368   15.1896
 1.364   15.0231
 1.360   15.0821
 1.356   15.1974
 1.352   15.2969
 1.348   15.3512
 1.344   15.3961
 1.340   15.1104
 1.336   15.2301
 1.332   15.2193
 1.328   15.2352
 1.324   15.3633
 1.320   15.4086
 1.316   15.3339
 1.312   15.3855
 1.308   15.4270
 1.304   15.4163
 1.300   15.3849
 1.296   15.3031
 1.292   15.3297
 1.288   15.2541
 1.284   15.3373
 1.280   15.3898
 1.276   15.2096
 1.272   15.2571
 1.268   15.3749
 1.264   15.3303
 1.260   15.4160
 1.256   15.3894
 1.252   15.4329
 1.248   15.4317
 1.244   15.3156
 1.240   15.1446
 1.236   15.1660
 1.232   15.1889
 1.228   15.1665
 1.224   15.1404
 1.220   15.0355
 1.216   14.9936
 1.212   15.0307
 1.208   15.2158
 1.204   15.2864
 1.200   15.2799
 1.196   15.3006
 1.192   15.4340
 1.188   15.3885
 1.184   15.4236
 1.180   15.4156
 1.176   15.4356
 1.172   15.4581
 1.168   15.4214
 1.164   15.3459
 1.160   15.3710
 1.156   15.3902
 1.152   15.4102
 1.148   15.1784
 1.144   15.0621
 1.140   15.1958
 1.136   15.3867
 1.132   15.3310
 1.128   15.4343
 1.124   15.3578
 1.120   15.4404
 1.116   15.4825
 1.112   15.4471
 1.108   15.3881
 1.104   15.4066
 1.100   15.4516
 1.096   15.5353
 1.092   15.5834
 1.088   15.5741
 1.084   15.5102
 1.080   15.5483
 1.076   15.5320
 1.072   15.6316
 1.068   15.5328
 1.064   15.5181
 1.060   15.5841
 1.056   15.4922
 1.052   15.4959
 1.048   15.2881
 1.044   15.5872
 1.040   15.5234
 1.036   15.4160
 1.032   15.4612
 1.028   15.4418
 1.024   15.7726
 1.020   15.7747
 1.016   15.4428
 1.012   15.6361
 1.008   15.7868
 1.004   15.6181
 1.000   15.7634
 0.996   15.7072
 0.992   15.6755
 0.988   15.8011
 0.984   15.7162
 0.980   15.7438
 0.976   15.7976
 0.972   15.7586
 0.968   15.8392
 0.964   15.8797
 0.960   15.9093
 0.956   15.8846
 0.952   15.9624
 0.948   15.9638
 0.944   15.8861
 0.940   15.9171
 0.936   15.8902
 0.932   16.0677
 0.928   16.0050
 0.924   16.0026
 0.920   16.1216
 0.916   16.1088
 0.912   16.2010
 0.908   16.0865
 0.904   16.0377
 0.900   16.0729
 0.896   16.0622
 0.892   16.1966
 0.888   16.1664
 0.884   15.8861
 0.880   16.0746
 0.876   15.9104
 0.872   15.9548
 0.868   15.9580
 0.864   16.0637
 0.860   16.0909
 0.856   16.1864
 0.852   16.0580
 0.848   16.0305
 0.844   16.1108
 0.840   16.2073
 0.836   16.0698
 0.832   16.3226
 0.828   16.0618
 0.824   16.2833
 0.820   16.2918
 0.816   16.2857
 0.812   16.4529
 0.808   16.3141
 0.804   16.4105
 0.800   16.3412
 0.799   16.2715
 0.798   16.2682
 0.797   16.4325
 0.796   16.5356
 0.795   16.1019
 0.794   15.8574
 0.793   15.9270
 0.792   15.6558
 0.791   15.9027
 0.790   16.3354
 0.789   16.2869
 0.788   15.9996
 0.787   16.3830
 0.786   16.4641
 0.785   16.0207
 0.784   16.1616
 0.783   16.1993
 0.782   16.1554
 0.781   16.1133
 0.780   15.9725
 0.779   15.9922
 0.778   16.0576
 0.777   16.0955
 0.776   16.3712
 0.775   16.0576
 0.774   16.3514
 0.773   16.2135
 0.772   16.0614
 0.771   16.0390
 0.770   15.7756
 0.769   16.1514
 0.768   16.1537
 0.767   16.0800
 0.766   16.4132
 0.765   16.3250
 0.764   16.2832
 0.763   16.1654
 0.762   16.3478
 0.761   16.1825
 0.760   16.1347
 0.759   16.4917
 0.758   16.3355
 0.757   16.2459
 0.756   16.0679
 0.755   16.1160
 0.754   16.3625
 0.753   16.3331
 0.752   16.3379
 0.751   16.1011
 0.750   16.2248
 0.749   16.5552
 0.748   16.2911
 0.747   16.4387
 0.746   16.3961
 0.745   16.3132
 0.744   16.0951
 0.743   16.1686
 0.742   16.0741
 0.741   16.0492
 0.740   16.0554
 0.739   16.1375
 0.738   16.1375
 0.737   16.1754
 0.736   16.5365
 0.735   16.4564
 0.734   16.4002
 0.733   16.1996
 0.732   16.3277
 0.731   16.1384
 0.730   15.9367
 0.729   16.2068
 0.728   16.2451
 0.727   16.1928
 0.726   16.1405
 0.725   16.3924
 0.724   16.2799
 0.723   16.2323
 0.722   16.0378
 0.721   15.9612
 0.720   16.1024
 0.719   16.3499
 0.718   16.1187
 0.717   16.2064
 0.716   16.2732
 0.715   16.3725
 0.714   16.2021
 0.713   16.2032
 0.712   16.5352
 0.711   16.3630
 0.710   16.1019
 0.709   15.9268
 0.708   15.9636
 0.707   16.3731
 0.706   16.1030
 0.705   16.0683
 0.704   16.1259
 0.703   16.3478
 0.702   16.3881
 0.701   16.3197
 0.700   16.0837
 0.699   16.2797
 0.698   16.3986
 0.697   16.4047
 0.696   16.4788
 0.695   16.4417
 0.694   16.1000
 0.693   16.2406
 0.692   16.3010
 0.691   16.0538
 0.690   16.2016
 0.689   16.4550
 0.688   16.2309
 0.687   16.4408
 0.686   16.4895
 0.685   16.2893
 0.684   16.4929
 0.683   16.0293
 0.682   16.1019
 0.681   16.2827
 0.680   16.3222
 0.679   16.4150
 0.678   16.4760
 0.677   16.1057
 0.676   16.3115
 0.675   16.3756
 0.674   16.2641
 0.673   16.3088
 0.672   16.2711
 0.671   16.3131
 0.670   16.1389
 0.669   16.1472
 0.668   16.3674
 0.667   16.1582
 0.666   16.6583
 0.665   16.7711
 0.664   16.6079
 0.663   16.6126
 0.662   16.4935
 0.661   16.4176
 0.660   16.3964
 0.659   16.7541
 0.658   16.4245
 0.657   16.3986
 0.656   16.4430
 0.655   16.6694
 0.654   16.6954
 0.653   16.6625
 0.652   16.3526
 0.651   16.4441
 0.650   16.2412
 0.649   16.4163
 0.648   16.4960
 0.647   16.6602
 0.646   16.4071
 0.645   16.4751
 0.644   16.5492
 0.643   16.8477
 0.642   16.8683
 0.641   16.8543
 0.640   16.8885
 0.639   16.8210
 0.638   16.5376
 0.637   16.6262
 0.636   16.4804
 0.635   16.7501
 0.634   16.9054
 0.633   16.6270
 0.632   16.8051
 0.631   16.8576
 0.630   16.7280
 0.629   16.8156
 0.628   16.8763
 0.627   16.6358
 0.626   16.8346
 0.625   16.6467
 0.624   16.6352
 0.623   16.6760
 0.622   16.6633
 0.621   16.8433
 0.620   16.6196
 0.619   16.6030
 0.618   16.6891
 0.617   16.5190
 0.616   16.8162
 0.615   17.0243
 0.614   16.7433
 0.613   16.6890
 0.612   16.7906
 0.611   16.9718
 0.610   17.1261
 0.609   16.9955
 0.608   16.9151
 0.607   17.0260
 0.606   17.0292
 0.605   16.9600
 0.604   16.8940
 0.603   17.0347
 0.602   16.7650
 0.601   16.8837
 0.600   16.6890
 0.599   16.7754
 0.598   16.8523
 0.597   16.9419
 0.596   16.7915
 0.595   16.8941
 0.594   16.7719
 0.593   16.6917
 0.592   17.3029
 0.591   16.8641
 0.590   16.8773
 0.589   17.1628
 0.588   16.9599
 0.587   16.9732
 0.586   16.9391
 0.585   17.0801
 0.584   17.0920
 0.583   17.1750
 0.582   17.3441
 0.581   17.0220
 0.580   17.0273
 0.579   17.1295
 0.578   17.1345
 0.577   16.9742
 0.576   17.1544
 0.575   17.2334
 0.574   17.0871
 0.573   16.9149
 0.572   16.9651
 0.571   16.9940
 0.570   17.0150
 0.569   16.8572
 0.568   17.0024
 0.567   16.9869
 0.566   17.0066
 0.565   17.1220
 0.564   17.1568
 0.563   17.1029
 0.562   17.2924
 0.561   17.2434
 0.560   17.1312
 0.559   17.1223
 0.558   16.8787
 0.557   16.7650
 0.556   16.6982
 0.555   17.0925
 0.554   16.9983
 0.553   16.8520
 0.552   16.8161
 0.551   16.8536
 0.550   17.0123
 0.549   16.8869
 0.548   17.2073
 0.547   17.0238
 0.546   16.7929
 0.545   16.9380
 0.544   17.2330
 0.543   17.0634
 0.542   16.8329
 0.541   17.0316
 0.540   17.1272
 0.539   17.2246
 0.538   17.0660
 0.537   17.0304
 0.536   16.8432
 0.535   16.7773
 0.534   17.2146
 0.533   16.8334
 0.532   16.9400
 0.531   17.0333
 0.530   17.2099
 0.529   17.0582
 0.528   16.8507
 0.527   16.9159
 0.526   17.1558
 0.525   16.7402
 0.524   16.8556
 0.523   16.9105
 0.522   17.0867
 0.521   16.9951
 0.520   16.7598
 0.519   17.0328
 0.518   16.6975
 0.517   17.0798
 0.516   16.9923
 0.515   16.7953
 0.514   17.1532
 0.513   16.8900
 0.512   16.6230
 0.511   16.6334
 0.510   16.6322
 0.509   16.5837
 0.508   16.6552
 0.507   16.3940
 0.506   16.4869
 0.505   16.6024
 0.504   16.3879
 0.503   16.6879
 0.502   16.3479
 0.501   16.6535
 0.500   16.7400
 0.499   16.7417
 0.498   16.8634
 0.497   16.6456
 0.496   16.3922
 0.495   16.5876
 0.494   16.4904
 0.493   16.5422
 0.492   16.2139
 0.491   16.2366
 0.490   16.4451
 0.489   16.6107
 0.488   16.3939
 0.487   16.1909
 0.486   16.6531
 0.485   16.4173
 0.484   16.2124
 0.483   16.4159
 0.482   16.2271
 0.481   16.0597
 0.480   16.1220
 0.479   15.9947
 0.478   16.0612
 0.477   16.2732
 0.476   16.0084
 0.475   15.9795
 0.474   15.9966
 0.473   15.8115
 0.472   16.0696
 0.471   15.7604
 0.470   16.0104
 0.469   15.9730
 0.468   16.2506
 0.467   15.6906
 0.466   15.6112
 0.465   15.5192
 0.464   16.0289
 0.463   15.7923
 0.462   15.8280
 0.461   15.6783
 0.460   15.3941
 0.459   15.6121
 0.458   15.8754
 0.457   15.7161
 0.456   15.5100
 0.455   15.3697
 0.454   15.8232
 0.453   15.7115
 0.452   15.6218
 0.451   15.3246
 0.450   15.4687
 0.449   15.4901
 0.448   15.1844
 0.447   15.3018
 0.446   15.3907
 0.445   15.2507
 0.444   15.1444
 0.443   15.3958
 0.442   15.0724
 0.441   14.9046
 0.440   15.0234
 0.439   15.1579
 0.438   14.8213
 0.437   15.0474
 0.436   14.9843
 0.435   14.8592
 0.434   14.8731
 0.433   14.8917
 0.432   15.0311
 0.431   14.5888
 0.430   14.5771
 0.429   14.6136
 0.428   14.4335
 0.427   14.5913
 0.426   14.3503
 0.425   14.6028
 0.424   14.3082
 0.423   13.7906
 0.422   14.3167
 0.421   14.0826
 0.420   14.1186
 0.419   14.1264
 0.418   13.7920
 0.417   13.9905
 0.416   13.7486
 0.415   13.9769
 0.414   13.9978
 0.413   13.9289
 0.412   13.8621
 0.411   13.4665
 0.410   13.4620
 0.409   13.4046
 0.408   13.3290
 0.407   13.0731
 0.406   13.0996
 0.405   13.4814
 0.404   13.3458
 0.403   13.0549
 0.402   13.2015
 0.401   13.3402
 0.400   13.0566
