Name: 64801.34
Type: Soil
Class: Lunar
Subclass: Highlands
Particle Size: Fine
Sample No.: 64801.34
Owner: JHU
Wavelength range: IR
Origin: Apollo 16 landing site via the NASA Lunar Sample Repository at Johnson 
Space Center, Houston, TX.
Description:  This sample is one of a suite of relatively more aluminous soils 
at the Apollo 16 site, and has the oldest exposure age of the four soils of that 
suite (Is/FeO=78).



Measurement:  Directional (10 degree) hemispherical reflectance
First Column:  X
Second Column:  Y
X Units:  Wavelength (micrometers)
Y Units:  Reflectance (percent)
First X Value:  14.011
Last X Value:  2.079
Number of X Values:  2124
Additional information:  None
14.011    0.6361
13.973    0.6554
13.936    0.6353
13.899    0.7086
13.861    0.8081
13.824    0.8003
13.788    0.6989
13.751    0.7249
13.715    0.7855
13.679    0.7981
13.643    0.8634
13.607    0.8876
13.571    0.8464
13.536    0.8587
13.500    0.9093
13.465    0.9132
13.430    0.9431
13.396    0.9646
13.361    0.9891
13.327    0.9520
13.293    0.9696
13.259    1.0031
13.225    1.0201
13.191    1.0114
13.158    1.0133
13.124    1.0199
13.091    0.9960
13.058    1.0234
13.026    1.0751
12.993    1.0810
12.960    1.1238
12.928    1.1363
12.896    1.1641
12.864    1.1929
12.832    1.2177
12.800    1.2572
12.769    1.3401
12.737    1.4215
12.706    1.4815
12.675    1.5612
12.644    1.6319
12.614    1.6752
12.583    1.7234
12.552    1.7959
12.522    1.8666
12.492    1.8906
12.462    1.9215
12.432    1.9943
12.402    2.0765
12.373    2.1058
12.343    2.1381
12.314    2.1508
12.285    2.1444
12.256    2.1633
12.227    2.2069
12.198    2.2069
12.169    2.1822
12.141    2.1752
12.113    2.1695
12.084    2.1523
12.056    2.1389
12.028    2.1173
12.000    2.1027
11.973    2.0911
11.945    2.0806
11.918    2.0506
11.890    2.0478
11.863    2.0501
11.836    2.0482
11.809    2.0382
11.782    2.0333
11.755    2.0266
11.729    2.0169
11.702    2.0113
11.676    2.0149
11.650    2.0154
11.624    2.0121
11.598    2.0174
11.572    2.0175
11.546    2.0218
11.520    2.0193
11.495    2.0020
11.469    1.9832
11.444    1.9956
11.419    2.0222
11.394    1.9918
11.369    1.9900
11.344    1.9882
11.319    1.9878
11.294    1.9772
11.270    1.9770
11.245    1.9703
11.221    1.9735
11.197    1.9739
11.173    1.9827
11.149    1.9825
11.125    1.9727
11.101    1.9548
11.077    1.9457
11.054    1.9559
11.030    1.9615
11.007    1.9493
10.983    1.9571
10.960    1.9608
10.937    1.9563
10.914    1.9638
10.891    1.9791
10.868    1.9833
10.846    1.9881
10.823    1.9778
10.800    1.9692
10.778    1.9711
10.755    1.9703
10.733    1.9413
10.711    1.9225
10.689    1.9288
10.667    1.9074
10.645    1.8941
10.623    1.8633
10.602    1.8319
10.580    1.8343
10.558    1.8223
10.537    1.7968
10.516    1.7939
10.494    1.7891
10.473    1.7592
10.452    1.7278
10.431    1.6884
10.410    1.6634
10.389    1.6440
10.368    1.5998
10.348    1.5669
10.327    1.5682
10.306    1.5426
10.286    1.5076
10.266    1.4807
10.245    1.4659
10.225    1.4297
10.205    1.4069
10.185    1.3957
10.165    1.3960
10.145    1.3822
10.125    1.3861
10.106    1.3715
10.086    1.3382
10.066    1.3243
10.047    1.3191
10.027    1.3276
10.008    1.3012
 9.989    1.2719
 9.970    1.2767
 9.950    1.2504
 9.931    1.2395
 9.912    1.2444
 9.893    1.2467
 9.875    1.2350
 9.856    1.2391
 9.837    1.2330
 9.819    1.2426
 9.800    1.2572
 9.781    1.2309
 9.763    1.2196
 9.745    1.2290
 9.726    1.2134
 9.708    1.1980
 9.690    1.1911
 9.672    1.1995
 9.654    1.1639
 9.636    1.1566
 9.618    1.1657
 9.600    1.1267
 9.582    1.1256
 9.565    1.1122
 9.547    1.0893
 9.530    1.0893
 9.512    1.0897
 9.495    1.0758
 9.477    1.0469
 9.460    1.0180
 9.443    1.0089
 9.426    1.0231
 9.409    1.0197
 9.392    0.9828
 9.375    0.9694
 9.358    0.9839
 9.341    0.9819
 9.324    0.9897
 9.307    0.9987
 9.291    1.0037
 9.274    1.0082
 9.257    0.9948
 9.241    0.9724
 9.225    0.9987
 9.208    1.0223
 9.192    1.0046
 9.175    1.0232
 9.159    1.0502
 9.143    1.0342
 9.127    1.0281
 9.111    1.0195
 9.095    0.9870
 9.079    0.9927
 9.063    1.0221
 9.047    1.0325
 9.032    1.0425
 9.016    1.0159
 9.000    0.9960
 8.985    0.9980
 8.969    0.9880
 8.954    0.9742
 8.938    0.9704
 8.923    0.9859
 8.908    0.9771
 8.892    0.9631
 8.877    0.9599
 8.862    0.9494
 8.847    0.9399
 8.832    0.9440
 8.817    0.9325
 8.802    0.9225
 8.787    0.9420
 8.772    0.9391
 8.757    0.9312
 8.742    0.9378
 8.727    0.9347
 8.713    0.9268
 8.698    0.9250
 8.684    0.8935
 8.669    0.8832
 8.655    0.9069
 8.640    0.9212
 8.626    0.8947
 8.612    0.8727
 8.597    0.8415
 8.583    0.7875
 8.569    0.7940
 8.555    0.7978
 8.541    0.7706
 8.527    0.7624
 8.513    0.7339
 8.499    0.6960
 8.485    0.6795
 8.471    0.6829
 8.457    0.6706
 8.443    0.6454
 8.430    0.6236
 8.416    0.5835
 8.402    0.5350
 8.389    0.5289
 8.375    0.5203
 8.361    0.5002
 8.348    0.4680
 8.335    0.4471
 8.321    0.4498
 8.308    0.4168
 8.295    0.3896
 8.281    0.4032
 8.268    0.3806
 8.255    0.3504
 8.242    0.3540
 8.229    0.3607
 8.216    0.3610
 8.203    0.3715
 8.190    0.3875
 8.177    0.4002
 8.164    0.3950
 8.151    0.3950
 8.138    0.4178
 8.126    0.4421
 8.113    0.4417
 8.100    0.4785
 8.088    0.5399
 8.075    0.5813
 8.062    0.6014
 8.050    0.6422
 8.037    0.6812
 8.025    0.7363
 8.013    0.7953
 8.000    0.8451
 7.988    0.8947
 7.976    0.9639
 7.963    1.0288
 7.951    1.0891
 7.939    1.1396
 7.927    1.2092
 7.915    1.3127
 7.903    1.4032
 7.891    1.4855
 7.879    1.5674
 7.867    1.6416
 7.855    1.7244
 7.843    1.8266
 7.831    1.9202
 7.819    2.0018
 7.808    2.0975
 7.796    2.1968
 7.784    2.2991
 7.772    2.4055
 7.761    2.4996
 7.749    2.5726
 7.737    2.6813
 7.726    2.8100
 7.715    2.9227
 7.703    3.0216
 7.692    3.1356
 7.680    3.2524
 7.669    3.3597
 7.657    3.4536
 7.646    3.5456
 7.635    3.6554
 7.624    3.7663
 7.613    3.8754
 7.601    3.9866
 7.590    4.1024
 7.579    4.1922
 7.568    4.2750
 7.557    4.3945
 7.546    4.5076
 7.535    4.6140
 7.524    4.7348
 7.513    4.8398
 7.502    4.9265
 7.492    5.0227
 7.481    5.1336
 7.470    5.2488
 7.459    5.3580
 7.449    5.4636
 7.438    5.5635
 7.427    5.6812
 7.417    5.7910
 7.406    5.8701
 7.395    5.9726
 7.385    6.0898
 7.374    6.1914
 7.364    6.2792
 7.353    6.3628
 7.343    6.4737
 7.333    6.5953
 7.322    6.6846
 7.312    6.7705
 7.302    6.8664
 7.291    6.9430
 7.281    7.0322
 7.271    7.1377
 7.261    7.2155
 7.251    7.2904
 7.240    7.3888
 7.230    7.4787
 7.220    7.5633
 7.210    7.6442
 7.200    7.7343
 7.190    7.8287
 7.180    7.9091
 7.170    7.9904
 7.160    8.0835
 7.151    8.1672
 7.141    8.2298
 7.131    8.3005
 7.121    8.3617
 7.111    8.4400
 7.102    8.5183
 7.092    8.5750
 7.082    8.6406
 7.072    8.7187
 7.063    8.7885
 7.053    8.8636
 7.044    8.9441
 7.034    9.0153
 7.025    9.0852
 7.015    9.1464
 7.006    9.2129
 6.996    9.2911
 6.987    9.3646
 6.977    9.4267
 6.968    9.4674
 6.959    9.5168
 6.949    9.5972
 6.940    9.6619
 6.931    9.7107
 6.921    9.7585
 6.912    9.8029
 6.903    9.8554
 6.894    9.9053
 6.885    9.9411
 6.875    9.9689
 6.866    9.9691
 6.857    9.9963
 6.848   10.0650
 6.839   10.1120
 6.830   10.1280
 6.821   10.1730
 6.812   10.2640
 6.803   10.3310
 6.794   10.3460
 6.785   10.4060
 6.777   10.4810
 6.768   10.5420
 6.759   10.6070
 6.750   10.6500
 6.741   10.6700
 6.733   10.6970
 6.724   10.7290
 6.715   10.7540
 6.707   10.7870
 6.698   10.8340
 6.689   10.8460
 6.681   10.8770
 6.672   10.9060
 6.663   10.9250
 6.655   10.9640
 6.646   10.9580
 6.638   10.9400
 6.629   10.9930
 6.621   11.0620
 6.612   11.1100
 6.604   11.1550
 6.596   11.1860
 6.587   11.2230
 6.579   11.2330
 6.571   11.2570
 6.562   11.3320
 6.554   11.3920
 6.546   11.4380
 6.537   11.4910
 6.529   11.5190
 6.521   11.5500
 6.513   11.5900
 6.505   11.5930
 6.496   11.5610
 6.488   11.6170
 6.480   11.7020
 6.472   11.7380
 6.464   11.7940
 6.456   11.8510
 6.448   11.9030
 6.440   11.9310
 6.432   11.9230
 6.424   11.9150
 6.416   11.8820
 6.408   11.9330
 6.400   12.0080
 6.392   12.0390
 6.384   12.0600
 6.377   12.0470
 6.369   12.0320
 6.361   12.0420
 6.353   12.0300
 6.345   12.0110
 6.338   12.0670
 6.330   12.0940
 6.322   12.1080
 6.314   12.1360
 6.307   12.1570
 6.299   12.1930
 6.291   12.2040
 6.284   12.2190
 6.276   12.2470
 6.269   12.2810
 6.261   12.3020
 6.253   12.3090
 6.246   12.3270
 6.239   12.3510
 6.231   12.3610
 6.223   12.3770
 6.216   12.4060
 6.209   12.4430
 6.201   12.4690
 6.194   12.4610
 6.186   12.4520
 6.179   12.4970
 6.172   12.5390
 6.164   12.5380
 6.157   12.5690
 6.150   12.6350
 6.142   12.6690
 6.135   12.6920
 6.128   12.7360
 6.121   12.7390
 6.113   12.7430
 6.106   12.8000
 6.099   12.8530
 6.092   12.8800
 6.085   12.9060
 6.078   12.8890
 6.070   12.9180
 6.063   12.9710
 6.056   12.9640
 6.049   12.9120
 6.042   12.9960
 6.035   13.1190
 6.028   13.1740
 6.021   13.2230
 6.014   13.2760
 6.007   13.3490
 6.000   13.4350
 5.993   13.5040
 5.986   13.5900
 5.979   13.7040
 5.973   13.7880
 5.966   13.8550
 5.959   13.9790
 5.952   14.1040
 5.945   14.1990
 5.938   14.2220
 5.931   14.3220
 5.925   14.4750
 5.918   14.5800
 5.911   14.6910
 5.904   14.7790
 5.898   14.8130
 5.891   14.9260
 5.884   15.0000
 5.878   15.0920
 5.871   15.2600
 5.864   15.3780
 5.858   15.4850
 5.851   15.5830
 5.845   15.6740
 5.838   15.7690
 5.831   15.8580
 5.825   15.9210
 5.818   16.0330
 5.812   16.1780
 5.805   16.2870
 5.799   16.3730
 5.792   16.4790
 5.786   16.5690
 5.779   16.6560
 5.773   16.6980
 5.767   16.7160
 5.760   16.8450
 5.754   16.9630
 5.747   17.0110
 5.741   17.0910
 5.735   17.1760
 5.728   17.2380
 5.722   17.2730
 5.716   17.3080
 5.709   17.3600
 5.703   17.4250
 5.697   17.4630
 5.691   17.4950
 5.684   17.5520
 5.678   17.5840
 5.672   17.6200
 5.666   17.6730
 5.660   17.7240
 5.653   17.7660
 5.647   17.8020
 5.641   17.8560
 5.635   17.9320
 5.629   18.0040
 5.623   18.0740
 5.617   18.1340
 5.611   18.1840
 5.604   18.2170
 5.598   18.2800
 5.592   18.3330
 5.586   18.3580
 5.580   18.3840
 5.574   18.4310
 5.568   18.4800
 5.562   18.4990
 5.556   18.5150
 5.551   18.5310
 5.545   18.5620
 5.539   18.5860
 5.533   18.5860
 5.527   18.5760
 5.521   18.5820
 5.515   18.5840
 5.509   18.5830
 5.503   18.5870
 5.497   18.5870
 5.492   18.5920
 5.486   18.6010
 5.480   18.6040
 5.474   18.6150
 5.468   18.6230
 5.463   18.6330
 5.457   18.6690
 5.451   18.7050
 5.446   18.7390
 5.440   18.7810
 5.434   18.8240
 5.428   18.8530
 5.423   18.8810
 5.417   18.9630
 5.411   19.0420
 5.406   19.1020
 5.400   19.1800
 5.394   19.2410
 5.389   19.3050
 5.383   19.3850
 5.378   19.4680
 5.372   19.5430
 5.367   19.6110
 5.361   19.6900
 5.356   19.7330
 5.350   19.7830
 5.345   19.8650
 5.339   19.9490
 5.333   19.9900
 5.328   20.0200
 5.322   20.0700
 5.317   20.1480
 5.312   20.2140
 5.306   20.2730
 5.301   20.3310
 5.295   20.3900
 5.290   20.4570
 5.285   20.5270
 5.279   20.5920
 5.274   20.6690
 5.268   20.7330
 5.263   20.8060
 5.258   20.8840
 5.252   20.9610
 5.247   21.0250
 5.242   21.0750
 5.237   21.1410
 5.231   21.2250
 5.226   21.3050
 5.221   21.3700
 5.215   21.4370
 5.210   21.5070
 5.205   21.5990
 5.200   21.6850
 5.194   21.7520
 5.189   21.8270
 5.184   21.9110
 5.179   21.9910
 5.174   22.0710
 5.169   22.1500
 5.164   22.2330
 5.158   22.3230
 5.153   22.4080
 5.148   22.5040
 5.143   22.6080
 5.138   22.7040
 5.133   22.7940
 5.128   22.8850
 5.123   22.9810
 5.118   23.0710
 5.113   23.1690
 5.107   23.2580
 5.103   23.3470
 5.098   23.4290
 5.093   23.5150
 5.088   23.5910
 5.082   23.6550
 5.077   23.7150
 5.073   23.7970
 5.068   23.8840
 5.063   23.9800
 5.058   24.0590
 5.053   24.1390
 5.048   24.2370
 5.043   24.3330
 5.038   24.4100
 5.033   24.4800
 5.028   24.5690
 5.023   24.6590
 5.019   24.7440
 5.014   24.8320
 5.009   24.9250
 5.004   25.0230
 4.999   25.1140
 4.994   25.1930
 4.990   25.2720
 4.985   25.3640
 4.980   25.4390
 4.975   25.5220
 4.970   25.5950
 4.966   25.6780
 4.961   25.7770
 4.956   25.8520
 4.951   25.9250
 4.947   26.0110
 4.942   26.1120
 4.937   26.2050
 4.933   26.2700
 4.928   26.3480
 4.923   26.4480
 4.919   26.5440
 4.914   26.6090
 4.909   26.6760
 4.905   26.7530
 4.900   26.8520
 4.895   26.9280
 4.891   26.9870
 4.886   27.0540
 4.882   27.1360
 4.877   27.2110
 4.872   27.2770
 4.868   27.3570
 4.863   27.4410
 4.859   27.5050
 4.854   27.5900
 4.849   27.6730
 4.845   27.7440
 4.840   27.8130
 4.836   27.8740
 4.832   27.9260
 4.827   28.0060
 4.822   28.0990
 4.818   28.1360
 4.814   28.1950
 4.809   28.2930
 4.805   28.3590
 4.800   28.4030
 4.796   28.4590
 4.791   28.5260
 4.787   28.5740
 4.782   28.6300
 4.778   28.7020
 4.774   28.7530
 4.769   28.8020
 4.765   28.8660
 4.761   28.9310
 4.756   28.9910
 4.752   29.0650
 4.747   29.1100
 4.743   29.1650
 4.739   29.2500
 4.734   29.3140
 4.730   29.3800
 4.726   29.4290
 4.721   29.5000
 4.717   29.5690
 4.713   29.6300
 4.709   29.7070
 4.704   29.7900
 4.700   29.8490
 4.696   29.9040
 4.691   29.9870
 4.687   30.0590
 4.683   30.1000
 4.679   30.1620
 4.675   30.2210
 4.670   30.2610
 4.666   30.3210
 4.662   30.3760
 4.658   30.4350
 4.654   30.4970
 4.649   30.5700
 4.645   30.6550
 4.641   30.7180
 4.637   30.7820
 4.633   30.8580
 4.629   30.9260
 4.625   30.9920
 4.620   31.0650
 4.616   31.1460
 4.612   31.2200
 4.608   31.2810
 4.604   31.3630
 4.600   31.4210
 4.596   31.4800
 4.592   31.5440
 4.588   31.5970
 4.584   31.6500
 4.580   31.7060
 4.576   31.7590
 4.572   31.8180
 4.567   31.8870
 4.564   31.9200
 4.559   31.9470
 4.556   32.0070
 4.551   32.0610
 4.548   32.0900
 4.543   32.1330
 4.540   32.1810
 4.536   32.2400
 4.532   32.2860
 4.528   32.3230
 4.524   32.3600
 4.520   32.4090
 4.516   32.4390
 4.512   32.4580
 4.508   32.5090
 4.504   32.5580
 4.500   32.5860
 4.496   32.5990
 4.492   32.6280
 4.488   32.6400
 4.485   32.6760
 4.481   32.7330
 4.477   32.7540
 4.473   32.7640
 4.469   32.7800
 4.465   32.8010
 4.461   32.8210
 4.458   32.8340
 4.454   32.8500
 4.450   32.8850
 4.446   32.8970
 4.442   32.9050
 4.439   32.9150
 4.435   32.9250
 4.431   32.9430
 4.427   32.9660
 4.423   32.9790
 4.420   32.9770
 4.416   32.9820
 4.412   32.9850
 4.408   33.0110
 4.404   33.0500
 4.401   33.0810
 4.397   33.0930
 4.393   33.0910
 4.390   33.1150
 4.386   33.1560
 4.382   33.1700
 4.378   33.1920
 4.375   33.1920
 4.371   33.2150
 4.367   33.2580
 4.364   33.2900
 4.360   33.3120
 4.356   33.3380
 4.353   33.3630
 4.349   33.3860
 4.346   33.4110
 4.342   33.4250
 4.338   33.4500
 4.335   33.4700
 4.331   33.4840
 4.327   33.5170
 4.324   33.5460
 4.320   33.5610
 4.316   33.5910
 4.313   33.6250
 4.309   33.6410
 4.306   33.6630
 4.302   33.6970
 4.299   33.7150
 4.295   33.7360
 4.292   33.7830
 4.288   33.8070
 4.284   33.8240
 4.281   33.8460
 4.277   33.8780
 4.274   33.9110
 4.270   33.9020
 4.267   33.9050
 4.263   33.9420
 4.260   33.9800
 4.256   33.9850
 4.253   33.9850
 4.249   34.0080
 4.246   34.0220
 4.242   34.0380
 4.239   34.0460
 4.235   34.0630
 4.232   34.0820
 4.229   34.0830
 4.225   34.0870
 4.222   34.1140
 4.218   34.1030
 4.215   34.1130
 4.211   34.1510
 4.208   34.1580
 4.205   34.1510
 4.201   34.1650
 4.198   34.1830
 4.194   34.1930
 4.191   34.1910
 4.188   34.1920
 4.184   34.2090
 4.181   34.2060
 4.177   34.2070
 4.174   34.2170
 4.171   34.2140
 4.167   34.2240
 4.164   34.2260
 4.161   34.2320
 4.157   34.2460
 4.154   34.2270
 4.151   34.2420
 4.147   34.2520
 4.144   34.2560
 4.141   34.2530
 4.137   34.2590
 4.134   34.2680
 4.131   34.2690
 4.128   34.2690
 4.124   34.2780
 4.121   34.2720
 4.118   34.2740
 4.114   34.2850
 4.111   34.2840
 4.108   34.2960
 4.105   34.2900
 4.101   34.2800
 4.098   34.2760
 4.095   34.2830
 4.092   34.3000
 4.088   34.3080
 4.085   34.3030
 4.082   34.2980
 4.079   34.3110
 4.076   34.3130
 4.072   34.3260
 4.069   34.3260
 4.066   34.3180
 4.063   34.3170
 4.060   34.3120
 4.056   34.3120
 4.053   34.3210
 4.050   34.3410
 4.047   34.3360
 4.044   34.3170
 4.041   34.3150
 4.037   34.3200
 4.034   34.3280
 4.031   34.3280
 4.028   34.3390
 4.025   34.3540
 4.022   34.3430
 4.019   34.3320
 4.016   34.3370
 4.013   34.3470
 4.009   34.3600
 4.006   34.3600
 4.003   34.3510
 4.000   34.3620
 3.997   34.3700
 3.994   34.3640
 3.991   34.3640
 3.988   34.3660
 3.985   34.3500
 3.982   34.3450
 3.979   34.3470
 3.976   34.3580
 3.973   34.3730
 3.970   34.3600
 3.966   34.3370
 3.963   34.3370
 3.960   34.3370
 3.957   34.3350
 3.954   34.3500
 3.951   34.3580
 3.948   34.3460
 3.945   34.3350
 3.942   34.3340
 3.939   34.3250
 3.936   34.3170
 3.933   34.3230
 3.930   34.3230
 3.927   34.3140
 3.924   34.2990
 3.921   34.2910
 3.918   34.2790
 3.916   34.2780
 3.913   34.2720
 3.910   34.2440
 3.907   34.2410
 3.904   34.2560
 3.901   34.2580
 3.898   34.2450
 3.895   34.2360
 3.892   34.2460
 3.889   34.2430
 3.886   34.2340
 3.883   34.2200
 3.880   34.2230
 3.877   34.2250
 3.875   34.2080
 3.872   34.1890
 3.869   34.1920
 3.866   34.1970
 3.863   34.1970
 3.860   34.1750
 3.857   34.1600
 3.854   34.1520
 3.852   34.1570
 3.849   34.1520
 3.846   34.1370
 3.843   34.1240
 3.840   34.1320
 3.837   34.1370
 3.834   34.1110
 3.832   34.0960
 3.829   34.0790
 3.826   34.0760
 3.823   34.0820
 3.820   34.0580
 3.817   34.0460
 3.815   34.0630
 3.812   34.0530
 3.809   34.0180
 3.806   34.0160
 3.804   34.0250
 3.801   33.9960
 3.798   33.9800
 3.795   33.9740
 3.792   33.9800
 3.790   33.9950
 3.787   33.9750
 3.784   33.9520
 3.781   33.9380
 3.779   33.9210
 3.776   33.9060
 3.773   33.8790
 3.770   33.8660
 3.768   33.8740
 3.765   33.8720
 3.762   33.8460
 3.759   33.8120
 3.757   33.8050
 3.754   33.8090
 3.751   33.7990
 3.748   33.7680
 3.746   33.7530
 3.743   33.7610
 3.740   33.7370
 3.738   33.7110
 3.735   33.7000
 3.732   33.6900
 3.730   33.6820
 3.727   33.6830
 3.724   33.6850
 3.722   33.6630
 3.719   33.6450
 3.716   33.6290
 3.714   33.6170
 3.711   33.6010
 3.708   33.5740
 3.706   33.5700
 3.703   33.5590
 3.700   33.5570
 3.698   33.5400
 3.695   33.4990
 3.692   33.4680
 3.690   33.4940
 3.687   33.4860
 3.684   33.4360
 3.682   33.4050
 3.679   33.4100
 3.677   33.4100
 3.674   33.4030
 3.672   33.3960
 3.669   33.3760
 3.666   33.3380
 3.664   33.3190
 3.661   33.3160
 3.659   33.3000
 3.656   33.3140
 3.653   33.3040
 3.651   33.2640
 3.648   33.2360
 3.646   33.2210
 3.643   33.2020
 3.641   33.1990
 3.638   33.1990
 3.636   33.1960
 3.633   33.1980
 3.630   33.1810
 3.628   33.1390
 3.625   33.1090
 3.623   33.1090
 3.620   33.1230
 3.618   33.1040
 3.615   33.0820
 3.613   33.0840
 3.610   33.0650
 3.608   33.0100
 3.605   32.9920
 3.603   32.9970
 3.600   32.9960
 3.598   32.9660
 3.595   32.9520
 3.593   32.9480
 3.590   32.9210
 3.588   32.9000
 3.585   32.9080
 3.583   32.9030
 3.580   32.8720
 3.578   32.8260
 3.575   32.8010
 3.573   32.7970
 3.570   32.7830
 3.568   32.7780
 3.565   32.7550
 3.563   32.7390
 3.561   32.7250
 3.558   32.7080
 3.556   32.6930
 3.553   32.6590
 3.551   32.6290
 3.548   32.6000
 3.546   32.5800
 3.543   32.5790
 3.541   32.5640
 3.539   32.5390
 3.536   32.4950
 3.534   32.4700
 3.531   32.4450
 3.529   32.4250
 3.527   32.3990
 3.524   32.3480
 3.522   32.2900
 3.519   32.2180
 3.517   32.1360
 3.515   32.0480
 3.512   31.9260
 3.510   31.7790
 3.507   31.6180
 3.505   31.4890
 3.503   31.4110
 3.500   31.3660
 3.498   31.3820
 3.496   31.4210
 3.493   31.4700
 3.491   31.5270
 3.489   31.5680
 3.486   31.6040
 3.484   31.6340
 3.482   31.6410
 3.479   31.6180
 3.477   31.5860
 3.475   31.5580
 3.472   31.5750
 3.470   31.6090
 3.468   31.6110
 3.465   31.5970
 3.463   31.5800
 3.461   31.5570
 3.458   31.5310
 3.456   31.5010
 3.454   31.4450
 3.451   31.4010
 3.449   31.3390
 3.447   31.2610
 3.445   31.1980
 3.442   31.1410
 3.440   31.0630
 3.438   31.0070
 3.436   30.9270
 3.433   30.7910
 3.431   30.6600
 3.429   30.5250
 3.426   30.3620
 3.424   30.2100
 3.422   30.0850
 3.420   29.9690
 3.417   29.8840
 3.415   29.8620
 3.413   29.9020
 3.411   30.0070
 3.408   30.1150
 3.406   30.2070
 3.404   30.3230
 3.402   30.4560
 3.399   30.5830
 3.397   30.6730
 3.395   30.7620
 3.393   30.8290
 3.391   30.8180
 3.388   30.8040
 3.386   30.7780
 3.384   30.6880
 3.382   30.6020
 3.380   30.5000
 3.377   30.4190
 3.375   30.4160
 3.373   30.4330
 3.371   30.4440
 3.369   30.5120
 3.366   30.6570
 3.364   30.7910
 3.362   30.8800
 3.360   30.9590
 3.358   31.0270
 3.355   31.0700
 3.353   31.0570
 3.351   31.0580
 3.349   31.1070
 3.347   31.1390
 3.345   31.1320
 3.342   31.1210
 3.340   31.1060
 3.338   31.0830
 3.336   31.0600
 3.334   31.0540
 3.332   31.0360
 3.330   31.0190
 3.327   31.0230
 3.325   31.0120
 3.323   30.9970
 3.321   31.0030
 3.319   30.9980
 3.317   30.9750
 3.315   30.9460
 3.313   30.9250
 3.310   30.8930
 3.308   30.9050
 3.306   30.8930
 3.304   30.8590
 3.302   30.8580
 3.300   30.8320
 3.298   30.8000
 3.296   30.8050
 3.294   30.8110
 3.292   30.7890
 3.289   30.7600
 3.287   30.7320
 3.285   30.6940
 3.283   30.6660
 3.281   30.6560
 3.279   30.6570
 3.277   30.6660
 3.275   30.6360
 3.273   30.6110
 3.271   30.5870
 3.269   30.5710
 3.267   30.5530
 3.265   30.5330
 3.263   30.5400
 3.261   30.5190
 3.258   30.4810
 3.256   30.4700
 3.254   30.4530
 3.252   30.4270
 3.250   30.4260
 3.248   30.4140
 3.246   30.3860
 3.244   30.3700
 3.242   30.3570
 3.240   30.3240
 3.238   30.3000
 3.236   30.2790
 3.234   30.2880
 3.232   30.2980
 3.230   30.2540
 3.228   30.2060
 3.226   30.1750
 3.224   30.1390
 3.222   30.1360
 3.220   30.1430
 3.218   30.1320
 3.216   30.1100
 3.214   30.1030
 3.212   30.0750
 3.210   30.0460
 3.208   30.0090
 3.206   29.9980
 3.204   29.9840
 3.202   29.9690
 3.200   29.9500
 3.198   29.9060
 3.196   29.8670
 3.194   29.8570
 3.192   29.8230
 3.190   29.8240
 3.188   29.8290
 3.186   29.8020
 3.184   29.7690
 3.182   29.7770
 3.180   29.7900
 3.179   29.7620
 3.177   29.7250
 3.175   29.7010
 3.173   29.6730
 3.171   29.6670
 3.169   29.6500
 3.167   29.6100
 3.165   29.6070
 3.163   29.5920
 3.161   29.5570
 3.159   29.5380
 3.157   29.5260
 3.155   29.4960
 3.153   29.4660
 3.152   29.4540
 3.150   29.4560
 3.148   29.4430
 3.146   29.4490
 3.144   29.4650
 3.142   29.4300
 3.140   29.4150
 3.138   29.3700
 3.136   29.3470
 3.134   29.3420
 3.132   29.3340
 3.131   29.2910
 3.129   29.2580
 3.127   29.2420
 3.125   29.2440
 3.123   29.2380
 3.121   29.2180
 3.119   29.1710
 3.117   29.1720
 3.115   29.1520
 3.114   29.1390
 3.112   29.1630
 3.110   29.1320
 3.108   29.0610
 3.106   29.0470
 3.104   29.0570
 3.102   29.0760
 3.101   29.0540
 3.099   29.0260
 3.097   29.0100
 3.095   29.0000
 3.093   28.9680
 3.091   28.9350
 3.090   28.9400
 3.088   28.9510
 3.086   28.9380
 3.084   28.8880
 3.082   28.8970
 3.080   28.9070
 3.079   28.8660
 3.077   28.8430
 3.075   28.8620
 3.073   28.8520
 3.071   28.8010
 3.069   28.7560
 3.067   28.7630
 3.066   28.7780
 3.064   28.7560
 3.062   28.7590
 3.060   28.7560
 3.059   28.7480
 3.057   28.6900
 3.055   28.6680
 3.053   28.7040
 3.051   28.7200
 3.050   28.6960
 3.048   28.6550
 3.046   28.6510
 3.044   28.6500
 3.042   28.6330
 3.041   28.5840
 3.039   28.5730
 3.037   28.6080
 3.035   28.6120
 3.033   28.5800
 3.032   28.5680
 3.030   28.5340
 3.028   28.5200
 3.026   28.5150
 3.025   28.5070
 3.023   28.4950
 3.021   28.4550
 3.019   28.4540
 3.018   28.4690
 3.016   28.4340
 3.014   28.4170
 3.012   28.4510
 3.011   28.4370
 3.009   28.3780
 3.007   28.3730
 3.005   28.3730
 3.004   28.3340
 3.002   28.2870
 3.000   28.3200
 2.998   28.3070
 2.997   28.2450
 2.995   28.2480
 2.993   28.2550
 2.991   28.2730
 2.990   28.2550
 2.988   28.2060
 2.986   28.2080
 2.985   28.2170
 2.983   28.2010
 2.981   28.1960
 2.979   28.1910
 2.978   28.1500
 2.976   28.1380
 2.974   28.1450
 2.973   28.1810
 2.971   28.1770
 2.969   28.1050
 2.967   28.0580
 2.966   28.0660
 2.964   28.0910
 2.962   28.0870
 2.961   28.0770
 2.959   28.0630
 2.957   28.0490
 2.956   28.0350
 2.954   28.0490
 2.952   28.0340
 2.951   28.0000
 2.949   27.9980
 2.947   27.9890
 2.946   28.0300
 2.944   28.0570
 2.942   28.0050
 2.941   27.9770
 2.939   27.9900
 2.937   28.0020
 2.936   27.9770
 2.934   27.9710
 2.932   27.9900
 2.931   27.9750
 2.929   27.9700
 2.927   27.9550
 2.926   27.9600
 2.924   27.9830
 2.922   27.9430
 2.921   27.9350
 2.919   27.9560
 2.917   27.9560
 2.916   27.9300
 2.914   27.8970
 2.912   27.8940
 2.911   27.8970
 2.909   27.9010
 2.908   27.8940
 2.906   27.9240
 2.904   27.9310
 2.903   27.8980
 2.901   27.8740
 2.899   27.8720
 2.898   27.8880
 2.896   27.9020
 2.895   27.8710
 2.893   27.8700
 2.891   27.8770
 2.890   27.8870
 2.888   27.8840
 2.886   27.8770
 2.885   27.8800
 2.883   27.9130
 2.882   27.9040
 2.880   27.8700
 2.878   27.8920
 2.877   27.9050
 2.875   27.8960
 2.874   27.8970
 2.872   27.8860
 2.870   27.8660
 2.869   27.8750
 2.867   27.8890
 2.866   27.9180
 2.864   27.9180
 2.863   27.9030
 2.861   27.8620
 2.859   27.8410
 2.858   27.8630
 2.856   27.8780
 2.855   27.8780
 2.853   27.8960
 2.852   27.8590
 2.850   27.8620
 2.848   27.8900
 2.847   27.8690
 2.845   27.8730
 2.844   27.8760
 2.842   27.8820
 2.841   27.8950
 2.839   27.8960
 2.837   27.8930
 2.836   27.9170
 2.834   27.9380
 2.833   27.9070
 2.831   27.9080
 2.830   27.9340
 2.828   27.9370
 2.827   27.9420
 2.825   27.9790
 2.824   27.9980
 2.822   27.9910
 2.821   27.9640
 2.819   27.9840
 2.817   28.0140
 2.816   28.0250
 2.814   27.9990
 2.813   28.0120
 2.811   28.0590
 2.810   28.0650
 2.808   28.0840
 2.807   28.1280
 2.805   28.1330
 2.804   28.1080
 2.802   28.1450
 2.801   28.2100
 2.799   28.2640
 2.798   28.2990
 2.796   28.3160
 2.795   28.3650
 2.793   28.4000
 2.792   28.4370
 2.790   28.4590
 2.789   28.4430
 2.787   28.4770
 2.786   28.5130
 2.784   28.5640
 2.783   28.6050
 2.781   28.6530
 2.780   28.6750
 2.778   28.7060
 2.777   28.7630
 2.775   28.8390
 2.774   28.8500
 2.772   28.8330
 2.771   28.8600
 2.769   28.9400
 2.768   29.0240
 2.766   29.0700
 2.765   29.1230
 2.763   29.1720
 2.762   29.2340
 2.761   29.3160
 2.759   29.3600
 2.757   29.3870
 2.756   29.3820
 2.755   29.4300
 2.753   29.5410
 2.752   29.6360
 2.750   29.7040
 2.749   29.7460
 2.747   29.8080
 2.746   29.8730
 2.744   29.9350
 2.743   29.9600
 2.741   29.9570
 2.740   29.9470
 2.739   30.0010
 2.737   30.1180
 2.736   30.1940
 2.734   30.2220
 2.733   30.2860
 2.731   30.3430
 2.730   30.3680
 2.728   30.3720
 2.727   30.3960
 2.726   30.3850
 2.724   30.3670
 2.723   30.4350
 2.721   30.4440
 2.720   30.4890
 2.719   30.5790
 2.717   30.6020
 2.716   30.6500
 2.714   30.7030
 2.713   30.7090
 2.711   30.6330
 2.710   30.6590
 2.708   30.7690
 2.707   30.8530
 2.706   30.8580
 2.704   30.8730
 2.703   30.9020
 2.701   30.9020
 2.700   30.8890
 2.699   30.9000
 2.697   30.9300
 2.696   30.9390
 2.695   30.9000
 2.693   30.8800
 2.692   30.9580
 2.690   31.0180
 2.689   31.0350
 2.688   31.0080
 2.686   30.9930
 2.685   31.0090
 2.683   31.0040
 2.682   31.0210
 2.680   30.9900
 2.679   30.9330
 2.678   30.9270
 2.676   30.9350
 2.675   30.9750
 2.674   31.0060
 2.672   30.9800
 2.671   30.8460
 2.670   30.8540
 2.668   30.9260
 2.667   30.8790
 2.665   30.8640
 2.664   30.9610
 2.663   31.0380
 2.661   31.0050
 2.660   30.9870
 2.659   30.9800
 2.657   31.0020
 2.656   30.9940
 2.655   30.9830
 2.653   30.9670
 2.652   30.9860
 2.650   30.9920
 2.649   30.9580
 2.648   30.9490
 2.646   30.9640
 2.645   30.9780
 2.644   30.9560
 2.642   30.9030
 2.641   30.9060
 2.640   30.9210
 2.638   30.9580
 2.637   30.9470
 2.636   30.9150
 2.634   30.8560
 2.633   30.8570
 2.632   30.8290
 2.630   30.7820
 2.629   30.8210
 2.627   30.8250
 2.626   30.8230
 2.625   30.8530
 2.624   30.8670
 2.622   30.8410
 2.621   30.7640
 2.620   30.7420
 2.618   30.7530
 2.617   30.7190
 2.616   30.7510
 2.614   30.8020
 2.613   30.8260
 2.612   30.8140
 2.610   30.7690
 2.609   30.7300
 2.608   30.6750
 2.606   30.5980
 2.605   30.5790
 2.604   30.6610
 2.603   30.7180
 2.601   30.7020
 2.600   30.6800
 2.599   30.7160
 2.597   30.6890
 2.596   30.5590
 2.595   30.4760
 2.593   30.5450
 2.592   30.6350
 2.591   30.6760
 2.590   30.6790
 2.588   30.6450
 2.587   30.5850
 2.586   30.5740
 2.584   30.5610
 2.583   30.5600
 2.582   30.5740
 2.580   30.5700
 2.579   30.5920
 2.578   30.5700
 2.577   30.5360
 2.575   30.5640
 2.574   30.5220
 2.573   30.4830
 2.571   30.5120
 2.570   30.5210
 2.569   30.5170
 2.568   30.5490
 2.566   30.5290
 2.565   30.4440
 2.564   30.4350
 2.563   30.4390
 2.561   30.4240
 2.560   30.4550
 2.559   30.4640
 2.558   30.4480
 2.556   30.4370
 2.555   30.4180
 2.554   30.4100
 2.553   30.4300
 2.551   30.4290
 2.550   30.3990
 2.549   30.3740
 2.547   30.3700
 2.546   30.4000
 2.545   30.3970
 2.544   30.3730
 2.543   30.3530
 2.541   30.3620
 2.540   30.3390
 2.539   30.3340
 2.538   30.3330
 2.536   30.3020
 2.535   30.2760
 2.534   30.2910
 2.533   30.3030
 2.531   30.2880
 2.530   30.2870
 2.529   30.2860
 2.528   30.2880
 2.526   30.2670
 2.525   30.2610
 2.524   30.2850
 2.523   30.2660
 2.522   30.2230
 2.520   30.2080
 2.519   30.1990
 2.518   30.2200
 2.517   30.2490
 2.515   30.2110
 2.514   30.1960
 2.513   30.1800
 2.512   30.1460
 2.511   30.1520
 2.509   30.1890
 2.508   30.1600
 2.507   30.1270
 2.506   30.1290
 2.504   30.1460
 2.503   30.1340
 2.502   30.1150
 2.501   30.1100
 2.500   30.1000
 2.498   30.0730
 2.497   30.0460
 2.496   30.0690
 2.495   30.0600
 2.494   30.0370
 2.492   30.0170
 2.491   30.0360
 2.490   30.0510
 2.489   30.0040
 2.488   29.9930
 2.486   29.9980
 2.485   29.9950
 2.484   30.0090
 2.483   29.9850
 2.482   29.9690
 2.481   29.9610
 2.479   29.9500
 2.478   29.9150
 2.477   29.9210
 2.476   29.9530
 2.474   29.9170
 2.473   29.8940
 2.472   29.8840
 2.471   29.8910
 2.470   29.9060
 2.469   29.8960
 2.467   29.8880
 2.466   29.8440
 2.465   29.8320
 2.464   29.8400
 2.463   29.8240
 2.462   29.7900
 2.460   29.7930
 2.459   29.8050
 2.458   29.8120
 2.457   29.7960
 2.456   29.7690
 2.455   29.7920
 2.454   29.7960
 2.452   29.7620
 2.451   29.7700
 2.450   29.7780
 2.449   29.7160
 2.448   29.6910
 2.446   29.7150
 2.445   29.6940
 2.444   29.6580
 2.443   29.6760
 2.442   29.7160
 2.441   29.6930
 2.440   29.6510
 2.438   29.6670
 2.437   29.6590
 2.436   29.6210
 2.435   29.5940
 2.434   29.6190
 2.433   29.6230
 2.432   29.5930
 2.430   29.5890
 2.429   29.5840
 2.428   29.5760
 2.427   29.5560
 2.426   29.5580
 2.425   29.5480
 2.424   29.5550
 2.422   29.5740
 2.421   29.5350
 2.420   29.5170
 2.419   29.5350
 2.418   29.5480
 2.417   29.5180
 2.416   29.4910
 2.415   29.4970
 2.414   29.5090
 2.412   29.4740
 2.411   29.4390
 2.410   29.4450
 2.409   29.4480
 2.408   29.4390
 2.407   29.4260
 2.406   29.4070
 2.405   29.4240
 2.403   29.4210
 2.402   29.3800
 2.401   29.3880
 2.400   29.3810
 2.399   29.3320
 2.398   29.3330
 2.397   29.3680
 2.396   29.3860
 2.394   29.3680
 2.393   29.3330
 2.392   29.2970
 2.391   29.3120
 2.390   29.3230
 2.389   29.2830
 2.388   29.2500
 2.387   29.2570
 2.386   29.2390
 2.385   29.2560
 2.384   29.3010
 2.382   29.2800
 2.381   29.2480
 2.380   29.2450
 2.379   29.2410
 2.378   29.2180
 2.377   29.2090
 2.376   29.1990
 2.375   29.1790
 2.374   29.1870
 2.373   29.1820
 2.372   29.1710
 2.370   29.1860
 2.369   29.1620
 2.368   29.1480
 2.367   29.1240
 2.366   29.1090
 2.365   29.0990
 2.364   29.1130
 2.363   29.0730
 2.362   29.0830
 2.361   29.1090
 2.360   29.0940
 2.359   29.0900
 2.357   29.0640
 2.356   29.0550
 2.355   29.0670
 2.354   29.0240
 2.353   29.0050
 2.352   28.9900
 2.351   29.0070
 2.350   29.0280
 2.349   29.0220
 2.348   28.9930
 2.347   28.9630
 2.346   28.9590
 2.345   28.9850
 2.344   28.9690
 2.343   28.9310
 2.341   28.9240
 2.341   28.9240
 2.339   28.9170
 2.338   28.8730
 2.337   28.8750
 2.336   28.8990
 2.335   28.9030
 2.334   28.8770
 2.333   28.8510
 2.332   28.8460
 2.331   28.8500
 2.330   28.8300
 2.329   28.8180
 2.328   28.8110
 2.327   28.8270
 2.326   28.7940
 2.325   28.7460
 2.324   28.7490
 2.323   28.7620
 2.322   28.8240
 2.321   28.8200
 2.320   28.7710
 2.318   28.7870
 2.317   28.7940
 2.316   28.7730
 2.315   28.7550
 2.314   28.7260
 2.313   28.7140
 2.312   28.7310
 2.311   28.6920
 2.310   28.6810
 2.309   28.7030
 2.308   28.6850
 2.307   28.6540
 2.306   28.6370
 2.305   28.6290
 2.304   28.6700
 2.303   28.6390
 2.302   28.6120
 2.301   28.6070
 2.300   28.6030
 2.299   28.6480
 2.298   28.6270
 2.297   28.5820
 2.296   28.5950
 2.295   28.5690
 2.294   28.5800
 2.293   28.5850
 2.292   28.5380
 2.291   28.4970
 2.290   28.5280
 2.289   28.5520
 2.288   28.4880
 2.287   28.4880
 2.286   28.5210
 2.285   28.5240
 2.284   28.5000
 2.283   28.4640
 2.282   28.4220
 2.281   28.4080
 2.280   28.4330
 2.279   28.4450
 2.278   28.4440
 2.277   28.4230
 2.276   28.4070
 2.275   28.4040
 2.274   28.4210
 2.273   28.4310
 2.272   28.3850
 2.271   28.3750
 2.270   28.3960
 2.269   28.4160
 2.268   28.3850
 2.267   28.3520
 2.266   28.3780
 2.265   28.3840
 2.264   28.3420
 2.263   28.3180
 2.262   28.2990
 2.261   28.2690
 2.260   28.2730
 2.259   28.2710
 2.258   28.2730
 2.257   28.2490
 2.256   28.2300
 2.255   28.2520
 2.254   28.2390
 2.253   28.2140
 2.252   28.2070
 2.251   28.2140
 2.250   28.1960
 2.249   28.2050
 2.248   28.1900
 2.247   28.1750
 2.246   28.1780
 2.245   28.2190
 2.244   28.2100
 2.243   28.1390
 2.242   28.0920
 2.241   28.0880
 2.240   28.1180
 2.239   28.1190
 2.238   28.0840
 2.237   28.0800
 2.236   28.1360
 2.236   28.1260
 2.235   28.0730
 2.234   28.0720
 2.233   28.0760
 2.232   28.0520
 2.231   28.0380
 2.230   28.0520
 2.229   28.0020
 2.228   27.9810
 2.227   27.9880
 2.226   27.9820
 2.225   27.9760
 2.224   27.9960
 2.223   28.0360
 2.222   27.9890
 2.221   27.9760
 2.220   28.0020
 2.219   27.9750
 2.218   27.9360
 2.217   27.9080
 2.216   27.9160
 2.216   27.9620
 2.215   27.9680
 2.214   27.9120
 2.213   27.8890
 2.212   27.9050
 2.211   27.8980
 2.210   27.9220
 2.209   27.9420
 2.208   27.8830
 2.207   27.8740
 2.206   27.8570
 2.205   27.8220
 2.204   27.8110
 2.203   27.8420
 2.202   27.8460
 2.201   27.8000
 2.200   27.8240
 2.200   27.8330
 2.199   27.8290
 2.198   27.7980
 2.197   27.7790
 2.196   27.7920
 2.195   27.7700
 2.194   27.7660
 2.193   27.7890
 2.192   27.7750
 2.191   27.6950
 2.190   27.6710
 2.189   27.7140
 2.188   27.7450
 2.187   27.7110
 2.187   27.7150
 2.186   27.7110
 2.185   27.7060
 2.184   27.7020
 2.183   27.6840
 2.182   27.6610
 2.181   27.6770
 2.180   27.6770
 2.179   27.6410
 2.178   27.6100
 2.177   27.6110
 2.176   27.6360
 2.176   27.6420
 2.175   27.6420
 2.174   27.6300
 2.173   27.6140
 2.172   27.6080
 2.171   27.6190
 2.170   27.6160
 2.169   27.5860
 2.168   27.5480
 2.167   27.5690
 2.166   27.5700
 2.166   27.5950
 2.165   27.5920
 2.164   27.5920
 2.163   27.5930
 2.162   27.5750
 2.161   27.5110
 2.160   27.4790
 2.159   27.5050
 2.158   27.5240
 2.157   27.4950
 2.156   27.4820
 2.156   27.4530
 2.155   27.4350
 2.154   27.4280
 2.153   27.4240
 2.152   27.4290
 2.151   27.4410
 2.150   27.4400
 2.149   27.4290
 2.148   27.4020
 2.148   27.3930
 2.147   27.4160
 2.146   27.3990
 2.145   27.3310
 2.144   27.3180
 2.143   27.3770
 2.142   27.3930
 2.141   27.3490
 2.140   27.3270
 2.140   27.2560
 2.139   27.2950
 2.138   27.3600
 2.137   27.3110
 2.136   27.3270
 2.135   27.3230
 2.134   27.2590
 2.133   27.2670
 2.132   27.2800
 2.132   27.2680
 2.131   27.2950
 2.130   27.2900
 2.129   27.2460
 2.128   27.1920
 2.127   27.2090
 2.126   27.2310
 2.126   27.2480
 2.125   27.2410
 2.124   27.2080
 2.123   27.2600
 2.122   27.2640
 2.121   27.1830
 2.120   27.1830
 2.119   27.1840
 2.119   27.1230
 2.118   27.1470
 2.117   27.1640
 2.116   27.1350
 2.115   27.0890
 2.114   27.0870
 2.113   27.0950
 2.112   27.0800
 2.112   27.1360
 2.111   27.1190
 2.110   27.0990
 2.109   27.1110
 2.108   27.0830
 2.107   27.1000
 2.107   27.0660
 2.106   27.0360
 2.105   27.0580
 2.104   27.0920
 2.103   27.0770
 2.102   27.0120
 2.101   27.0430
 2.100   27.0580
 2.100   27.0340
 2.099   27.0240
 2.098   27.0440
 2.097   27.0290
 2.096   27.0150
 2.095   26.9990
 2.095   26.9880
 2.094   27.0110
 2.093   27.0050
 2.092   26.9480
 2.091   26.9580
 2.090   27.0030
 2.090   26.9920
 2.089   26.8970
 2.088   26.8750
 2.087   26.9490
 2.086   26.9590
 2.085   26.9300
 2.084   26.9530
 2.084   26.9460
 2.083   26.9090
 2.082   26.9200
 2.081   26.8760
 2.080   26.8710
 2.079   26.8560
