Name: Shale (Arenaceous)
Type:  Rocks
Class:  Sedimentary
Subclass: Shale 
Particle Size:  0 - 75 Micrometers
Sample No.:  shale.1
Owner:  JHU
Wavelength Range:  All
Origin:  Sample No. 387,  The Hunt and Salisbury Collection at the U.S. 
Geological Survey, Denver, Co.
Description: A well-sorted sample, consisting of medium fine-grained 
subangular to subrounded quartz grains set in an abundant matrix of 
yellowish-brown clay (kaolinite and/or illite?). The quartz grains 
contain numerous fluid inclusions, and there are trace amounts of 
plagioclase, tourmaline (schorlite), microcline, and opaques.

Measurement:  Directional (10 Degree) Hemispherical Reflectance
First Column:  X
Second Column:  Y  
X Units:  Wavelength (micrometers)
Y Units:  Reflectance (percent)
First X Value: 14.0112
Last X Value:  0.4
Number of X Values: 2844
Additional Information:  None
14.983    2.0186
14.940    1.9073
14.897    1.7378
14.854    1.5523
14.812    1.4169
14.770    1.4098
14.728    1.4801
14.686    1.5232
14.645    1.4917
14.603    1.4064
14.562    1.2895
14.521    1.1706
14.481    1.0751
14.441    1.0202
14.400    0.9913
14.361    0.9764
14.321    0.9714
14.281    0.9908
14.242    1.0515
14.203    1.1590
14.164    1.3127
14.126    1.4924
14.087    1.6819
14.049    1.8803
14.011    2.0688
13.973    2.2341
13.936    2.3788
13.899    2.5126
13.861    2.6417
13.824    2.7530
13.788    2.8420
13.751    2.9138
13.715    2.9585
13.679    2.9716
13.643    2.9593
13.607    2.9330
13.571    2.8958
13.536    2.8423
13.500    2.7715
13.465    2.6879
13.430    2.5953
13.396    2.5012
13.361    2.4179
13.327    2.3570
13.293    2.3243
13.259    2.3168
13.225    2.3267
13.191    2.3461
13.158    2.3693
13.124    2.3907
13.091    2.4065
13.058    2.4091
13.026    2.3888
12.993    2.3355
12.960    2.2457
12.928    2.1242
12.896    1.9821
12.864    1.8339
12.832    1.6992
12.800    1.5926
12.769    1.5187
12.737    1.4803
12.706    1.4723
12.675    1.4820
12.644    1.4929
12.614    1.4858
12.583    1.4548
12.552    1.3979
12.522    1.3169
12.492    1.2284
12.462    1.1526
12.432    1.1062
12.402    1.1040
12.373    1.1561
12.343    1.2660
12.314    1.4237
12.285    1.6134
12.256    1.8240
12.227    2.0409
12.198    2.2533
12.169    2.4589
12.141    2.6578
12.113    2.8475
12.084    3.0270
12.056    3.1987
12.028    3.3659
12.000    3.5319
11.973    3.6991
11.945    3.8670
11.918    4.0346
11.890    4.1995
11.863    4.3591
11.836    4.5123
11.809    4.6572
11.782    4.7915
11.755    4.9063
11.729    4.9930
11.702    5.0510
11.676    5.0792
11.650    5.0818
11.624    5.0671
11.598    5.0387
11.572    4.9961
11.546    4.9352
11.520    4.8569
11.495    4.7628
11.469    4.6525
11.444    4.5381
11.419    4.4315
11.394    4.3361
11.369    4.2506
11.344    4.1722
11.319    4.0981
11.294    4.0211
11.270    3.9328
11.245    3.8303
11.221    3.7109
11.197    3.5724
11.173    3.4146
11.149    3.2430
11.125    3.0634
11.101    2.8804
11.077    2.7004
11.054    2.5273
11.030    2.3644
11.007    2.2142
10.983    2.0804
10.960    1.9722
10.937    1.8924
10.914    1.8379
10.891    1.8083
10.868    1.8005
10.846    1.8086
10.823    1.8247
10.800    1.8450
10.778    1.8713
10.755    1.8990
10.733    1.9187
10.711    1.9255
10.689    1.9222
10.667    1.9151
10.645    1.9104
10.623    1.9177
10.602    1.9492
10.580    2.0075
10.558    2.0833
10.537    2.1688
10.516    2.2585
10.494    2.3442
10.473    2.4153
10.452    2.4690
10.431    2.5079
10.410    2.5337
10.389    2.5465
10.368    2.5541
10.348    2.5638
10.327    2.5749
10.306    2.5837
10.286    2.5905
10.266    2.5927
10.245    2.5872
10.225    2.5716
10.205    2.5493
10.185    2.5247
10.165    2.5001
10.145    2.4766
10.125    2.4572
10.106    2.4392
10.086    2.4236
10.066    2.4089
10.047    2.3961
10.027    2.3876
10.008    2.3836
 9.989    2.3836
 9.970    2.3847
 9.950    2.3821
 9.931    2.3743
 9.912    2.3570
 9.893    2.3288
 9.875    2.2940
 9.856    2.2599
 9.837    2.2360
 9.819    2.2308
 9.800    2.2498
 9.781    2.2933
 9.763    2.3532
 9.745    2.4188
 9.726    2.4823
 9.708    2.5382
 9.690    2.5844
 9.672    2.6220
 9.654    2.6516
 9.636    2.6777
 9.618    2.7042
 9.600    2.7321
 9.582    2.7622
 9.565    2.7961
 9.547    2.8330
 9.530    2.8707
 9.512    2.9053
 9.495    2.9420
 9.477    2.9865
 9.460    3.0365
 9.443    3.0902
 9.426    3.1478
 9.409    3.2053
 9.392    3.2600
 9.375    3.3112
 9.358    3.3628
 9.341    3.4123
 9.324    3.4495
 9.307    3.4689
 9.291    3.4689
 9.274    3.4483
 9.257    3.4128
 9.241    3.3687
 9.225    3.3218
 9.208    3.2688
 9.192    3.2062
 9.175    3.1364
 9.159    3.0616
 9.143    2.9855
 9.127    2.9143
 9.111    2.8484
 9.095    2.7857
 9.079    2.7165
 9.063    2.6400
 9.047    2.5626
 9.032    2.4889
 9.016    2.4274
 9.000    2.3904
 8.985    2.3864
 8.969    2.4188
 8.954    2.4809
 8.938    2.5661
 8.923    2.6642
 8.908    2.7589
 8.892    2.8366
 8.877    2.8937
 8.862    2.9294
 8.847    2.9465
 8.832    2.9474
 8.817    2.9394
 8.802    2.9266
 8.787    2.9088
 8.772    2.8877
 8.757    2.8681
 8.742    2.8472
 8.727    2.8198
 8.713    2.7826
 8.698    2.7345
 8.684    2.6689
 8.669    2.5829
 8.655    2.4882
 8.640    2.4051
 8.626    2.3483
 8.612    2.3307
 8.597    2.3592
 8.583    2.4276
 8.569    2.5133
 8.555    2.5957
 8.541    2.6642
 8.527    2.7139
 8.513    2.7456
 8.499    2.7670
 8.485    2.7840
 8.471    2.7992
 8.457    2.8134
 8.443    2.8276
 8.430    2.8413
 8.416    2.8555
 8.402    2.8747
 8.389    2.9012
 8.375    2.9323
 8.361    2.9661
 8.348    3.0057
 8.335    3.0504
 8.321    3.1016
 8.308    3.1610
 8.295    3.2323
 8.281    3.3176
 8.268    3.4137
 8.255    3.5181
 8.242    3.6294
 8.229    3.7431
 8.216    3.8537
 8.203    3.9517
 8.190    4.0292
 8.177    4.0806
 8.164    4.0986
 8.151    4.0770
 8.138    4.0181
 8.126    3.9274
 8.113    3.8125
 8.100    3.6811
 8.088    3.5428
 8.075    3.4068
 8.062    3.2756
 8.050    3.1506
 8.037    3.0362
 8.025    2.9311
 8.013    2.8326
 8.000    2.7362
 7.988    2.6391
 7.976    2.5389
 7.963    2.4330
 7.951    2.3246
 7.939    2.2168
 7.927    2.1119
 7.915    2.0129
 7.903    1.9199
 7.891    1.8346
 7.879    1.7584
 7.867    1.6913
 7.855    1.6347
 7.843    1.5883
 7.831    1.5549
 7.819    1.5336
 7.808    1.5225
 7.796    1.5196
 7.784    1.5223
 7.772    1.5260
 7.761    1.5289
 7.749    1.5308
 7.737    1.5324
 7.726    1.5331
 7.715    1.5346
 7.703    1.5376
 7.692    1.5410
 7.680    1.5417
 7.669    1.5417
 7.657    1.5424
 7.646    1.5421
 7.635    1.5433
 7.624    1.5492
 7.613    1.5599
 7.601    1.5744
 7.590    1.5907
 7.579    1.6111
 7.568    1.6343
 7.557    1.6568
 7.546    1.6814
 7.535    1.7070
 7.524    1.7304
 7.513    1.7503
 7.502    1.7693
 7.492    1.7903
 7.481    1.8140
 7.470    1.8398
 7.459    1.8687
 7.449    1.8983
 7.438    1.9248
 7.427    1.9502
 7.417    1.9793
 7.406    2.0118
 7.395    2.0454
 7.385    2.0790
 7.374    2.1131
 7.364    2.1470
 7.353    2.1818
 7.343    2.2201
 7.333    2.2637
 7.322    2.3080
 7.312    2.3518
 7.302    2.3985
 7.291    2.4503
 7.281    2.5107
 7.271    2.5813
 7.261    2.6599
 7.251    2.7416
 7.240    2.8217
 7.230    2.8977
 7.220    2.9687
 7.210    3.0320
 7.200    3.0862
 7.190    3.1343
 7.180    3.1785
 7.170    3.2221
 7.160    3.2709
 7.151    3.3287
 7.141    3.3933
 7.131    3.4570
 7.121    3.5165
 7.111    3.5726
 7.102    3.6230
 7.092    3.6664
 7.082    3.7064
 7.072    3.7460
 7.063    3.7843
 7.053    3.8210
 7.044    3.8636
 7.034    3.9200
 7.025    3.9889
 7.015    4.0666
 7.006    4.1492
 6.996    4.2317
 6.987    4.3134
 6.977    4.3955
 6.968    4.4839
 6.959    4.5829
 6.949    4.6899
 6.940    4.7995
 6.931    4.9052
 6.921    4.9997
 6.912    5.0797
 6.903    5.1427
 6.894    5.1922
 6.885    5.2339
 6.875    5.2734
 6.866    5.3182
 6.857    5.3762
 6.848    5.4461
 6.839    5.5185
 6.830    5.5853
 6.821    5.6447
 6.812    5.6957
 6.803    5.7364
 6.794    5.7714
 6.785    5.8089
 6.777    5.8486
 6.768    5.8825
 6.759    5.9083
 6.750    5.9287
 6.741    5.9457
 6.733    5.9621
 6.724    5.9848
 6.715    6.0215
 6.707    6.0786
 6.698    6.1612
 6.689    6.2659
 6.681    6.3817
 6.672    6.4985
 6.663    6.6036
 6.655    6.6853
 6.646    6.7403
 6.638    6.7817
 6.629    6.8279
 6.621    6.8724
 6.612    6.9029
 6.604    6.9157
 6.596    6.9046
 6.587    6.8688
 6.579    6.8231
 6.571    6.7926
 6.562    6.8006
 6.554    6.8570
 6.546    6.9662
 6.537    7.1222
 6.529    7.3100
 6.521    7.5153
 6.513    7.7297
 6.505    7.9407
 6.496    8.1476
 6.488    8.3622
 6.480    8.5808
 6.472    8.7897
 6.464    8.9682
 6.456    9.0914
 6.448    9.1463
 6.440    9.1326
 6.432    9.0715
 6.424    8.9964
 6.416    8.9251
 6.408    8.8733
 6.400    8.8335
 6.392    8.7731
 6.384    8.6696
 6.377    8.5180
 6.369    8.3281
 6.361    8.1183
 6.353    7.9047
 6.345    7.7088
 6.338    7.5386
 6.330    7.3775
 6.322    7.2089
 6.314    7.0277
 6.307    6.8333
 6.299    6.6282
 6.291    6.4187
 6.284    6.2164
 6.276    6.0308
 6.269    5.8605
 6.261    5.6997
 6.253    5.5474
 6.246    5.4065
 6.239    5.2817
 6.231    5.1737
 6.223    5.0785
 6.216    4.9959
 6.209    4.9291
 6.201    4.8784
 6.194    4.8486
 6.186    4.8516
 6.179    4.8926
 6.172    4.9667
 6.164    5.0631
 6.157    5.1702
 6.150    5.2779
 6.142    5.3769
 6.135    5.4664
 6.128    5.5564
 6.121    5.6537
 6.113    5.7610
 6.106    5.8820
 6.099    6.0173
 6.092    6.1537
 6.085    6.2756
 6.078    6.3791
 6.070    6.4741
 6.063    6.5709
 6.056    6.6765
 6.049    6.8092
 6.042    6.9816
 6.035    7.1736
 6.028    7.3553
 6.021    7.5082
 6.014    7.6300
 6.007    7.7185
 6.000    7.7766
 5.993    7.8185
 5.986    7.8635
 5.979    7.9073
 5.973    7.9338
 5.966    7.9423
 5.959    7.9445
 5.952    7.9542
 5.945    7.9956
 5.938    8.0865
 5.931    8.2462
 5.925    8.4678
 5.918    8.7165
 5.911    8.9685
 5.904    9.2117
 5.898    9.4468
 5.891    9.6919
 5.884    9.9550
 5.878   10.2510
 5.871   10.5760
 5.864   10.9000
 5.858   11.1990
 5.851   11.4560
 5.845   11.6720
 5.838   11.8590
 5.831   12.0380
 5.825   12.2350
 5.818   12.4720
 5.812   12.7480
 5.805   13.0350
 5.799   13.2960
 5.792   13.5150
 5.786   13.6880
 5.779   13.8250
 5.773   13.9530
 5.767   14.1050
 5.760   14.3020
 5.754   14.5230
 5.747   14.7350
 5.741   14.9240
 5.735   15.0740
 5.728   15.1800
 5.722   15.2520
 5.716   15.3060
 5.709   15.3480
 5.703   15.3720
 5.697   15.3630
 5.691   15.3160
 5.684   15.2270
 5.678   15.0850
 5.672   14.8870
 5.666   14.6340
 5.660   14.3320
 5.653   14.0010
 5.647   13.6640
 5.641   13.3480
 5.635   13.0750
 5.629   12.8470
 5.623   12.6620
 5.617   12.5100
 5.611   12.3800
 5.604   12.2660
 5.598   12.1640
 5.592   12.0790
 5.586   12.0160
 5.580   11.9800
 5.574   11.9780
 5.568   12.0080
 5.562   12.0600
 5.556   12.1220
 5.551   12.1890
 5.545   12.2590
 5.539   12.3330
 5.533   12.4120
 5.527   12.4970
 5.521   12.5870
 5.515   12.6730
 5.509   12.7510
 5.503   12.8220
 5.497   12.8940
 5.492   12.9730
 5.486   13.0690
 5.480   13.1920
 5.474   13.3470
 5.468   13.5240
 5.463   13.7080
 5.457   13.8750
 5.451   13.9970
 5.446   14.0470
 5.440   14.0120
 5.434   13.8940
 5.428   13.6970
 5.423   13.4320
 5.417   13.1110
 5.411   12.7380
 5.406   12.3130
 5.400   11.8460
 5.394   11.3530
 5.389   10.8610
 5.383   10.3950
 5.378    9.9799
 5.372    9.6322
 5.367    9.3580
 5.361    9.1584
 5.356    9.0317
 5.350    8.9722
 5.345    8.9730
 5.339    9.0203
 5.333    9.0994
 5.328    9.1977
 5.322    9.3057
 5.317    9.4193
 5.312    9.5425
 5.306    9.6808
 5.301    9.8402
 5.295   10.0250
 5.290   10.2390
 5.285   10.4850
 5.279   10.7630
 5.274   11.0690
 5.268   11.4070
 5.263   11.7730
 5.258   12.1640
 5.252   12.5810
 5.247   13.0240
 5.242   13.4860
 5.237   13.9570
 5.231   14.4230
 5.226   14.8630
 5.221   15.2570
 5.215   15.5890
 5.210   15.8540
 5.205   16.0520
 5.200   16.1900
 5.194   16.2750
 5.189   16.3180
 5.184   16.3300
 5.179   16.3190
 5.174   16.2980
 5.169   16.2750
 5.164   16.2600
 5.158   16.2530
 5.153   16.2560
 5.148   16.2700
 5.143   16.3010
 5.138   16.3510
 5.133   16.4200
 5.128   16.5090
 5.123   16.6120
 5.118   16.7190
 5.113   16.8120
 5.107   16.8780
 5.103   16.9100
 5.098   16.9030
 5.093   16.8610
 5.088   16.8010
 5.082   16.7410
 5.077   16.6970
 5.073   16.6780
 5.068   16.6910
 5.063   16.7330
 5.058   16.7970
 5.053   16.8750
 5.048   16.9540
 5.043   17.0260
 5.038   17.0880
 5.033   17.1390
 5.028   17.1860
 5.023   17.2360
 5.019   17.2990
 5.014   17.3830
 5.009   17.4930
 5.004   17.6340
 4.999   17.8140
 4.994   18.0420
 4.990   18.3300
 4.985   18.6880
 4.980   19.1220
 4.975   19.6270
 4.970   20.1850
 4.966   20.7650
 4.961   21.3290
 4.956   21.8410
 4.951   22.2830
 4.947   22.6500
 4.942   22.9590
 4.937   23.2430
 4.933   23.5450
 4.928   23.9000
 4.923   24.3360
 4.919   24.8710
 4.914   25.5070
 4.909   26.2330
 4.905   27.0240
 4.900   27.8500
 4.895   28.6730
 4.891   29.4570
 4.886   30.1810
 4.882   30.8310
 4.877   31.4080
 4.872   31.9150
 4.868   32.3640
 4.863   32.7660
 4.859   33.1280
 4.854   33.4550
 4.849   33.7560
 4.845   34.0340
 4.840   34.2920
 4.836   34.5350
 4.832   34.7670
 4.827   34.9920
 4.822   35.2090
 4.818   35.4210
 4.814   35.6280
 4.809   35.8280
 4.805   36.0230
 4.800   36.2120
 4.796   36.3970
 4.791   36.5760
 4.787   36.7450
 4.782   36.9060
 4.778   37.0560
 4.774   37.1940
 4.769   37.3190
 4.765   37.4320
 4.761   37.5340
 4.756   37.6240
 4.752   37.7030
 4.747   37.7710
 4.743   37.8310
 4.739   37.8850
 4.734   37.9340
 4.730   37.9780
 4.726   38.0140
 4.721   38.0350
 4.717   38.0340
 4.713   38.0040
 4.709   37.9430
 4.704   37.8540
 4.700   37.7440
 4.696   37.6250
 4.691   37.5160
 4.687   37.4420
 4.683   37.4200
 4.679   37.4630
 4.675   37.5720
 4.670   37.7370
 4.666   37.9390
 4.662   38.1580
 4.658   38.3830
 4.654   38.6110
 4.649   38.8390
 4.645   39.0680
 4.641   39.2990
 4.637   39.5310
 4.633   39.7580
 4.629   39.9750
 4.625   40.1800
 4.620   40.3730
 4.616   40.5530
 4.612   40.7220
 4.608   40.8800
 4.604   41.0290
 4.600   41.1660
 4.596   41.2900
 4.592   41.4020
 4.588   41.5030
 4.584   41.5930
 4.580   41.6730
 4.576   41.7460
 4.572   41.8110
 4.567   41.8660
 4.564   41.9080
 4.559   41.9340
 4.556   41.9440
 4.551   41.9340
 4.548   41.9030
 4.543   41.8550
 4.540   41.7900
 4.536   41.7030
 4.532   41.5950
 4.528   41.4630
 4.524   41.3050
 4.520   41.1240
 4.516   40.9260
 4.512   40.7220
 4.508   40.5240
 4.504   40.3390
 4.500   40.1810
 4.496   40.0500
 4.492   39.9470
 4.488   39.8690
 4.485   39.8130
 4.481   39.7740
 4.477   39.7580
 4.473   39.7690
 4.469   39.8160
 4.465   39.9020
 4.461   40.0260
 4.458   40.1790
 4.454   40.3470
 4.450   40.5150
 4.446   40.6740
 4.442   40.8210
 4.439   40.9560
 4.435   41.0830
 4.431   41.2070
 4.427   41.3300
 4.423   41.4560
 4.420   41.5850
 4.416   41.7200
 4.412   41.8630
 4.408   42.0160
 4.404   42.1750
 4.401   42.3380
 4.397   42.5030
 4.393   42.6700
 4.390   42.8380
 4.386   43.0050
 4.382   43.1710
 4.378   43.3350
 4.375   43.4930
 4.371   43.6440
 4.367   43.7900
 4.364   43.9310
 4.360   44.0640
 4.356   44.1880
 4.353   44.3040
 4.349   44.4110
 4.346   44.5070
 4.342   44.5970
 4.338   44.6810
 4.335   44.7580
 4.331   44.8290
 4.327   44.8940
 4.324   44.9510
 4.320   44.9960
 4.316   45.0280
 4.313   45.0490
 4.309   45.0600
 4.306   45.0630
 4.302   45.0620
 4.299   45.0600
 4.295   45.0560
 4.292   45.0470
 4.288   45.0260
 4.284   44.9900
 4.281   44.9360
 4.277   44.8720
 4.274   44.8190
 4.270   44.7990
 4.267   44.8330
 4.263   44.9290
 4.260   45.0750
 4.256   45.2480
 4.253   45.4240
 4.249   45.5790
 4.246   45.7060
 4.242   45.8070
 4.239   45.8860
 4.235   45.9510
 4.232   46.0070
 4.229   46.0570
 4.225   46.1040
 4.222   46.1480
 4.218   46.1890
 4.215   46.2260
 4.211   46.2570
 4.208   46.2830
 4.205   46.3050
 4.201   46.3300
 4.198   46.3620
 4.194   46.4040
 4.191   46.4560
 4.188   46.5160
 4.184   46.5780
 4.181   46.6380
 4.177   46.6950
 4.174   46.7490
 4.171   46.8010
 4.167   46.8540
 4.164   46.9100
 4.161   46.9680
 4.157   47.0260
 4.154   47.0860
 4.151   47.1440
 4.147   47.2010
 4.144   47.2540
 4.141   47.3050
 4.137   47.3540
 4.134   47.4030
 4.131   47.4530
 4.128   47.5050
 4.124   47.5600
 4.121   47.6150
 4.118   47.6680
 4.114   47.7200
 4.111   47.7700
 4.108   47.8210
 4.105   47.8730
 4.101   47.9260
 4.098   47.9790
 4.095   48.0270
 4.092   48.0720
 4.088   48.1130
 4.085   48.1520
 4.082   48.1900
 4.079   48.2300
 4.076   48.2730
 4.072   48.3140
 4.069   48.3500
 4.066   48.3820
 4.063   48.4080
 4.060   48.4300
 4.056   48.4490
 4.053   48.4670
 4.050   48.4880
 4.047   48.5070
 4.044   48.5240
 4.041   48.5400
 4.037   48.5540
 4.034   48.5660
 4.031   48.5750
 4.028   48.5820
 4.025   48.5910
 4.022   48.6030
 4.019   48.6160
 4.016   48.6300
 4.013   48.6430
 4.009   48.6520
 4.006   48.6570
 4.003   48.6600
 4.000   48.6610
 3.997   48.6630
 3.994   48.6660
 3.991   48.6730
 3.988   48.6840
 3.985   48.7000
 3.982   48.7210
 3.979   48.7440
 3.976   48.7670
 3.973   48.7850
 3.970   48.8010
 3.966   48.8150
 3.963   48.8240
 3.960   48.8320
 3.957   48.8420
 3.954   48.8530
 3.951   48.8640
 3.948   48.8740
 3.945   48.8870
 3.942   48.9000
 3.939   48.9110
 3.936   48.9180
 3.933   48.9200
 3.930   48.9160
 3.927   48.9030
 3.924   48.8870
 3.921   48.8710
 3.918   48.8570
 3.916   48.8440
 3.913   48.8310
 3.910   48.8140
 3.907   48.7900
 3.904   48.7600
 3.901   48.7240
 3.898   48.6860
 3.895   48.6470
 3.892   48.6070
 3.889   48.5680
 3.886   48.5290
 3.883   48.4930
 3.880   48.4590
 3.877   48.4250
 3.875   48.3910
 3.872   48.3550
 3.869   48.3140
 3.866   48.2690
 3.863   48.2260
 3.860   48.1860
 3.857   48.1510
 3.854   48.1220
 3.852   48.0970
 3.849   48.0720
 3.846   48.0410
 3.843   48.0030
 3.840   47.9640
 3.837   47.9240
 3.834   47.8820
 3.832   47.8390
 3.829   47.7980
 3.826   47.7590
 3.823   47.7180
 3.820   47.6770
 3.817   47.6380
 3.815   47.5980
 3.812   47.5510
 3.809   47.4990
 3.806   47.4450
 3.804   47.3880
 3.801   47.3290
 3.798   47.2680
 3.795   47.2090
 3.792   47.1500
 3.790   47.0880
 3.787   47.0230
 3.784   46.9570
 3.781   46.8880
 3.779   46.8150
 3.776   46.7390
 3.773   46.6600
 3.770   46.5790
 3.768   46.4980
 3.765   46.4200
 3.762   46.3490
 3.759   46.2790
 3.757   46.2010
 3.754   46.1090
 3.751   45.9990
 3.748   45.8770
 3.746   45.7550
 3.743   45.6490
 3.740   45.5720
 3.738   45.5170
 3.735   45.4730
 3.732   45.4300
 3.730   45.3800
 3.727   45.3200
 3.724   45.2480
 3.722   45.1650
 3.719   45.0680
 3.716   44.9520
 3.714   44.8160
 3.711   44.6680
 3.708   44.5230
 3.706   44.3910
 3.703   44.2790
 3.700   44.1880
 3.698   44.1140
 3.695   44.0530
 3.692   44.0000
 3.690   43.9560
 3.687   43.9290
 3.684   43.9210
 3.682   43.9270
 3.679   43.9370
 3.677   43.9410
 3.674   43.9310
 3.672   43.9010
 3.669   43.8540
 3.666   43.7940
 3.664   43.7300
 3.661   43.6620
 3.659   43.5920
 3.656   43.5200
 3.653   43.4460
 3.651   43.3690
 3.648   43.2900
 3.646   43.2070
 3.643   43.1210
 3.641   43.0340
 3.638   42.9470
 3.636   42.8580
 3.633   42.7690
 3.630   42.6780
 3.628   42.5830
 3.625   42.4830
 3.623   42.3770
 3.620   42.2710
 3.618   42.1710
 3.615   42.0760
 3.613   41.9850
 3.610   41.8960
 3.608   41.8010
 3.605   41.6980
 3.603   41.5860
 3.600   41.4700
 3.598   41.3570
 3.595   41.2490
 3.593   41.1440
 3.590   41.0400
 3.588   40.9360
 3.585   40.8330
 3.583   40.7270
 3.580   40.6220
 3.578   40.5200
 3.575   40.4180
 3.573   40.3140
 3.570   40.2030
 3.568   40.0870
 3.565   39.9690
 3.563   39.8450
 3.561   39.7190
 3.558   39.5920
 3.556   39.4640
 3.553   39.3350
 3.551   39.2070
 3.548   39.0800
 3.546   38.9530
 3.543   38.8260
 3.541   38.6980
 3.539   38.5680
 3.536   38.4330
 3.534   38.2970
 3.531   38.1620
 3.529   38.0230
 3.527   37.8750
 3.524   37.7210
 3.522   37.5590
 3.519   37.3860
 3.517   37.2020
 3.515   37.0140
 3.512   36.8300
 3.510   36.6510
 3.507   36.4840
 3.505   36.3420
 3.503   36.2400
 3.500   36.1840
 3.498   36.1730
 3.496   36.2010
 3.493   36.2510
 3.491   36.2980
 3.489   36.3200
 3.486   36.3120
 3.484   36.2730
 3.482   36.2120
 3.479   36.1360
 3.477   36.0540
 3.475   35.9710
 3.472   35.8820
 3.470   35.7800
 3.468   35.6630
 3.465   35.5290
 3.463   35.3780
 3.461   35.2120
 3.458   35.0350
 3.456   34.8530
 3.454   34.6670
 3.451   34.4810
 3.449   34.3000
 3.447   34.1300
 3.445   33.9740
 3.442   33.8350
 3.440   33.7170
 3.438   33.6190
 3.436   33.5370
 3.433   33.4620
 3.431   33.3850
 3.429   33.2970
 3.426   33.1860
 3.424   33.0520
 3.422   32.9070
 3.420   32.7570
 3.417   32.6140
 3.415   32.4890
 3.413   32.3790
 3.411   32.2760
 3.408   32.1740
 3.406   32.0680
 3.404   31.9550
 3.402   31.8340
 3.399   31.7110
 3.397   31.5870
 3.395   31.4580
 3.393   31.3250
 3.391   31.1890
 3.388   31.0530
 3.386   30.9170
 3.384   30.7860
 3.382   30.6620
 3.380   30.5390
 3.377   30.4140
 3.375   30.2840
 3.373   30.1500
 3.371   30.0160
 3.369   29.8880
 3.366   29.7720
 3.364   29.6700
 3.362   29.5800
 3.360   29.4990
 3.358   29.4220
 3.355   29.3460
 3.353   29.2670
 3.351   29.1870
 3.349   29.1050
 3.347   29.0160
 3.345   28.9230
 3.342   28.8280
 3.340   28.7300
 3.338   28.6290
 3.336   28.5260
 3.334   28.4200
 3.332   28.3140
 3.330   28.2050
 3.327   28.0940
 3.325   27.9800
 3.323   27.8640
 3.321   27.7460
 3.319   27.6280
 3.317   27.5110
 3.315   27.3960
 3.313   27.2800
 3.310   27.1620
 3.308   27.0380
 3.306   26.9060
 3.304   26.7700
 3.302   26.6330
 3.300   26.4990
 3.298   26.3680
 3.296   26.2430
 3.294   26.1250
 3.292   26.0080
 3.289   25.8850
 3.287   25.7580
 3.285   25.6260
 3.283   25.4930
 3.281   25.3640
 3.279   25.2450
 3.277   25.1360
 3.275   25.0290
 3.273   24.9180
 3.271   24.7980
 3.269   24.6710
 3.267   24.5420
 3.265   24.4170
 3.263   24.3020
 3.261   24.1960
 3.258   24.0930
 3.256   23.9880
 3.254   23.8800
 3.252   23.7650
 3.250   23.6460
 3.248   23.5280
 3.246   23.4120
 3.244   23.3020
 3.242   23.1980
 3.240   23.1000
 3.238   23.0030
 3.236   22.8960
 3.234   22.7770
 3.232   22.6480
 3.230   22.5110
 3.228   22.3720
 3.226   22.2370
 3.224   22.1090
 3.222   21.9860
 3.220   21.8630
 3.218   21.7420
 3.216   21.6250
 3.214   21.5090
 3.212   21.3870
 3.210   21.2590
 3.208   21.1220
 3.206   20.9800
 3.204   20.8370
 3.202   20.6990
 3.200   20.5720
 3.198   20.4510
 3.196   20.3330
 3.194   20.2170
 3.192   20.1030
 3.190   19.9920
 3.188   19.8830
 3.186   19.7730
 3.184   19.6610
 3.182   19.5430
 3.180   19.4220
 3.179   19.3000
 3.177   19.1840
 3.175   19.0730
 3.173   18.9630
 3.171   18.8530
 3.169   18.7420
 3.167   18.6280
 3.165   18.5110
 3.163   18.3970
 3.161   18.2860
 3.159   18.1780
 3.157   18.0720
 3.155   17.9690
 3.153   17.8690
 3.152   17.7620
 3.150   17.6470
 3.148   17.5280
 3.146   17.4070
 3.144   17.2890
 3.142   17.1780
 3.140   17.0780
 3.138   16.9870
 3.136   16.8930
 3.134   16.7940
 3.132   16.6910
 3.131   16.5870
 3.129   16.4800
 3.127   16.3730
 3.125   16.2720
 3.123   16.1770
 3.121   16.0820
 3.119   15.9880
 3.117   15.8950
 3.115   15.8020
 3.114   15.7100
 3.112   15.6230
 3.110   15.5430
 3.108   15.4710
 3.106   15.3980
 3.104   15.3200
 3.102   15.2360
 3.101   15.1490
 3.099   15.0610
 3.097   14.9780
 3.095   14.9060
 3.093   14.8450
 3.091   14.7890
 3.090   14.7360
 3.088   14.6820
 3.086   14.6250
 3.084   14.5630
 3.082   14.4970
 3.080   14.4330
 3.079   14.3760
 3.077   14.3240
 3.075   14.2790
 3.073   14.2430
 3.071   14.2150
 3.069   14.1880
 3.067   14.1570
 3.066   14.1170
 3.064   14.0660
 3.062   14.0070
 3.060   13.9440
 3.059   13.8900
 3.057   13.8520
 3.055   13.8260
 3.053   13.8030
 3.051   13.7800
 3.050   13.7540
 3.048   13.7180
 3.046   13.6730
 3.044   13.6270
 3.042   13.5820
 3.041   13.5370
 3.039   13.4910
 3.037   13.4510
 3.035   13.4170
 3.033   13.3790
 3.032   13.3330
 3.030   13.2840
 3.028   13.2350
 3.026   13.1850
 3.025   13.1380
 3.023   13.0960
 3.021   13.0540
 3.019   13.0080
 3.018   12.9590
 3.016   12.9120
 3.014   12.8650
 3.012   12.8190
 3.011   12.7730
 3.009   12.7270
 3.007   12.6810
 3.005   12.6370
 3.004   12.5980
 3.002   12.5580
 3.000   12.5140
 2.998   12.4660
 2.997   12.4130
 2.995   12.3580
 2.993   12.3000
 2.991   12.2440
 2.990   12.1890
 2.988   12.1350
 2.986   12.0870
 2.985   12.0470
 2.983   12.0140
 2.981   11.9810
 2.979   11.9420
 2.978   11.8960
 2.976   11.8420
 2.974   11.7800
 2.973   11.7190
 2.971   11.6640
 2.969   11.6110
 2.967   11.5560
 2.966   11.5050
 2.964   11.4620
 2.962   11.4240
 2.961   11.3900
 2.959   11.3650
 2.957   11.3500
 2.956   11.3350
 2.954   11.3150
 2.952   11.2960
 2.951   11.2830
 2.949   11.2720
 2.947   11.2610
 2.946   11.2530
 2.944   11.2490
 2.942   11.2360
 2.941   11.2080
 2.939   11.1710
 2.937   11.1370
 2.936   11.1110
 2.934   11.0970
 2.932   11.0930
 2.931   11.0950
 2.929   11.0920
 2.927   11.0740
 2.926   11.0480
 2.924   11.0220
 2.922   11.0040
 2.921   10.9950
 2.919   10.9930
 2.917   10.9900
 2.916   10.9800
 2.914   10.9620
 2.912   10.9440
 2.911   10.9290
 2.909   10.9200
 2.908   10.9190
 2.906   10.9210
 2.904   10.9190
 2.903   10.9090
 2.901   10.8900
 2.899   10.8680
 2.898   10.8460
 2.896   10.8250
 2.895   10.8090
 2.893   10.7940
 2.891   10.7790
 2.890   10.7650
 2.888   10.7510
 2.886   10.7420
 2.885   10.7390
 2.883   10.7410
 2.882   10.7410
 2.880   10.7310
 2.878   10.7170
 2.877   10.7060
 2.875   10.6950
 2.874   10.6850
 2.872   10.6790
 2.870   10.6720
 2.869   10.6560
 2.867   10.6300
 2.866   10.6080
 2.864   10.5960
 2.863   10.5890
 2.861   10.5810
 2.859   10.5700
 2.858   10.5560
 2.856   10.5390
 2.855   10.5160
 2.853   10.4930
 2.852   10.4770
 2.850   10.4630
 2.848   10.4490
 2.847   10.4330
 2.845   10.4210
 2.844   10.4080
 2.842   10.3830
 2.841   10.3480
 2.839   10.3120
 2.837   10.2800
 2.836   10.2490
 2.834   10.2220
 2.833   10.2020
 2.831   10.1790
 2.830   10.1410
 2.828   10.0850
 2.827   10.0150
 2.825    9.9356
 2.824    9.8499
 2.822    9.7668
 2.821    9.6926
 2.819    9.6275
 2.817    9.5645
 2.816    9.4951
 2.814    9.4137
 2.813    9.3194
 2.811    9.2117
 2.810    9.0930
 2.808    8.9682
 2.807    8.8420
 2.805    8.7136
 2.804    8.5815
 2.802    8.4479
 2.801    8.3153
 2.799    8.1825
 2.798    8.0475
 2.796    7.9099
 2.795    7.7652
 2.793    7.6068
 2.792    7.4351
 2.790    7.2520
 2.789    7.0555
 2.787    6.8452
 2.786    6.6202
 2.784    6.3846
 2.783    6.1430
 2.781    5.9062
 2.780    5.6893
 2.778    5.4982
 2.777    5.3269
 2.775    5.1609
 2.774    4.9791
 2.772    4.7586
 2.771    4.4749
 2.769    4.1076
 2.768    3.6564
 2.766    3.1489
 2.765    2.6407
 2.763    2.2045
 2.762    1.9135
 2.761    1.8124
 2.759    1.8974
 2.757    2.1195
 2.756    2.4075
 2.755    2.6995
 2.753    2.9517
 2.752    3.1376
 2.750    3.2482
 2.749    3.2799
 2.747    3.2323
 2.746    3.1094
 2.744    2.9228
 2.743    2.7021
 2.741    2.4856
 2.740    2.3090
 2.739    2.1998
 2.737    2.1692
 2.736    2.2147
 2.734    2.3170
 2.733    2.4378
 2.731    2.5434
 2.730    2.6152
 2.728    2.6500
 2.727    2.6658
 2.726    2.6928
 2.724    2.7596
 2.723    2.8754
 2.721    3.0168
 2.720    3.1511
 2.719    3.2432
 2.717    3.2574
 2.716    3.1859
 2.714    3.0431
 2.713    2.8553
 2.711    2.6512
 2.710    2.4551
 2.708    2.2938
 2.707    2.1877
 2.706    2.1524
 2.704    2.2107
 2.703    2.3755
 2.701    2.6469
 2.700    3.0185
 2.699    3.4862
 2.697    4.0569
 2.696    4.7484
 2.695    5.5926
 2.693    6.6218
 2.692    7.8372
 2.690    9.2100
 2.689   10.6950
 2.688   12.2300
 2.686   13.7570
 2.685   15.2210
 2.683   16.5840
 2.682   17.8360
 2.680   18.9940
 2.679   20.0740
 2.678   21.0870
 2.676   22.0480
 2.675   22.9680
 2.674   23.8210
 2.672   24.5770
 2.671   25.2550
 2.670   25.9170
 2.668   26.5860
 2.667   27.2660
 2.665   27.9860
 2.664   28.7390
 2.663   29.4790
 2.661   30.1520
 2.660   30.7480
 2.659   31.2770
 2.657   31.7320
 2.656   32.1230
 2.655   32.4890
 2.653   32.8450
 2.652   33.1950
 2.650   33.5360
 2.649   33.8600
 2.648   34.1590
 2.646   34.4330
 2.645   34.6970
 2.644   34.9660
 2.642   35.2320
 2.641   35.5020
 2.640   35.7810
 2.638   36.0300
 2.637   36.2290
 2.636   36.3820
 2.634   36.4930
 2.633   36.5780
 2.632   36.6590
 2.630   36.7960
 2.629   37.0250
 2.627   37.2870
 2.626   37.5530
 2.625   37.7940
 2.624   37.9450
 2.622   37.9950
 2.621   37.9790
 2.620   37.9830
 2.618   38.0530
 2.617   38.1680
 2.616   38.3490
 2.614   38.5700
 2.613   38.7470
 2.612   38.8410
 2.610   38.8460
 2.609   38.7970
 2.608   38.7220
 2.606   38.6610
 2.605   38.7010
 2.604   38.8790
 2.603   39.1060
 2.601   39.2750
 2.600   39.3170
 2.599   39.2160
 2.597   39.0130
 2.596   38.8030
 2.595   38.7230
 2.593   38.8640
 2.592   39.1370
 2.591   39.4110
 2.590   39.6120
 2.588   39.7100
 2.587   39.7250
 2.586   39.7170
 2.584   39.7420
 2.583   39.8570
 2.582   40.0220
 2.580   40.1630
 2.579   40.2600
 2.578   40.3080
 2.577   40.3220
 2.575   40.3280
 2.574   40.3450
 2.573   40.4210
 2.571   40.5590
 2.570   40.7180
 2.569   40.8780
 2.568   41.0080
 2.566   41.0840
 2.565   41.1140
 2.564   41.1330
 2.563   41.2010
 2.561   41.3460
 2.560   41.5560
 2.559   41.7960
 2.558   42.0130
 2.556   42.1650
 2.555   42.2420
 2.554   42.2590
 2.553   42.2550
 2.551   42.2570
 2.550   42.2690
 2.549   42.2810
 2.547   42.2890
 2.546   42.3020
 2.545   42.3250
 2.544   42.3640
 2.543   42.4290
 2.541   42.5190
 2.540   42.6160
 2.539   42.7010
 2.538   42.7660
 2.536   42.8140
 2.535   42.8510
 2.534   42.8820
 2.533   42.9220
 2.531   42.9790
 2.530   43.0490
 2.529   43.1230
 2.528   43.1910
 2.526   43.2540
 2.525   43.3110
 2.524   43.3600
 2.523   43.4030
 2.522   43.4420
 2.520   43.4780
 2.519   43.5090
 2.518   43.5360
 2.517   43.5640
 2.515   43.5980
 2.514   43.6390
 2.513   43.6810
 2.512   43.7260
 2.511   43.7760
 2.509   43.8290
 2.508   43.8820
 2.507   43.9370
 2.506   43.9940
 2.504   44.0520
 2.503   44.1050
 2.502   44.1550
 2.501   44.2010
 2.500   44.2400
 2.498   44.2710
 2.497   44.2930
 2.496   44.3040
 2.495   44.3130
 2.494   44.3190
 2.492   44.3240
 2.491   44.3340
 2.490   44.3590
 2.489   44.4040
 2.488   44.4650
 2.486   44.5410
 2.485   44.6360
 2.484   44.7430
 2.483   44.8530
 2.482   44.9650
 2.481   45.0820
 2.479   45.1970
 2.478   45.2980
 2.477   45.3820
 2.476   45.4540
 2.474   45.5160
 2.473   45.5720
 2.472   45.6320
 2.471   45.6980
 2.470   45.7690
 2.469   45.8340
 2.467   45.8880
 2.466   45.9300
 2.465   45.9560
 2.464   45.9710
 2.463   45.9820
 2.462   45.9910
 2.460   46.0060
 2.459   46.0260
 2.458   46.0510
 2.457   46.0800
 2.456   46.1100
 2.455   46.1440
 2.454   46.1790
 2.452   46.2160
 2.451   46.2530
 2.450   46.2910
 2.449   46.3300
 2.448   46.3690
 2.446   46.4120
 2.445   46.4630
 2.444   46.5230
 2.443   46.5900
 2.442   46.6630
 2.441   46.7430
 2.440   46.8260
 2.438   46.9160
 2.437   47.0230
 2.436   47.1530
 2.435   47.3050
 2.434   47.4700
 2.433   47.6400
 2.432   47.8030
 2.430   47.9440
 2.429   48.0660
 2.428   48.1760
 2.427   48.2760
 2.426   48.3680
 2.425   48.4550
 2.424   48.5420
 2.422   48.6240
 2.421   48.7020
 2.420   48.7800
 2.419   48.8580
 2.418   48.9360
 2.417   49.0140
 2.416   49.0910
 2.415   49.1640
 2.414   49.2260
 2.412   49.2760
 2.411   49.3130
 2.410   49.3350
 2.409   49.3480
 2.408   49.3600
 2.407   49.3740
 2.406   49.3880
 2.405   49.3970
 2.403   49.4040
 2.402   49.4020
 2.401   49.3830
 2.400   49.3470
 2.399   49.2920
 2.398   49.2220
 2.397   49.1400
 2.396   49.0520
 2.394   48.9680
 2.393   48.8870
 2.392   48.8070
 2.391   48.7230
 2.390   48.6340
 2.389   48.5430
 2.388   48.4580
 2.387   48.3890
 2.386   48.3440
 2.385   48.3280
 2.384   48.3370
 2.382   48.3680
 2.381   48.4190
 2.380   48.4890
 2.379   48.5780
 2.378   48.6840
 2.377   48.8080
 2.376   48.9430
 2.375   49.0800
 2.374   49.2130
 2.373   49.3410
 2.372   49.4600
 2.370   49.5650
 2.369   49.6520
 2.368   49.7180
 2.367   49.7620
 2.366   49.7780
 2.365   49.7720
 2.364   49.7550
 2.363   49.7280
 2.362   49.6930
 2.361   49.6550
 2.360   49.6230
 2.359   49.6010
 2.357   49.5920
 2.356   49.6010
 2.355   49.6300
 2.354   49.6740
 2.353   49.7310
 2.352   49.8000
 2.351   49.8790
 2.350   49.9630
 2.349   50.0490
 2.348   50.1320
 2.347   50.2110
 2.346   50.2840
 2.345   50.3540
 2.344   50.4280
 2.343   50.5070
 2.341   50.5930
 2.341   50.6780
 2.339   50.7540
 2.338   50.8160
 2.337   50.8570
 2.336   50.8770
 2.335   50.8830
 2.334   50.8810
 2.333   50.8760
 2.332   50.8650
 2.331   50.8520
 2.330   50.8380
 2.329   50.8260
 2.328   50.8190
 2.327   50.8210
 2.326   50.8390
 2.325   50.8710
 2.324   50.9150
 2.323   50.9660
 2.322   51.0190
 2.321   51.0660
 2.320   51.1050
 2.318   51.1390
 2.317   51.1720
 2.316   51.2060
 2.315   51.2520
 2.314   51.3100
 2.313   51.3740
 2.312   51.4440
 2.311   51.5220
 2.310   51.6050
 2.309   51.6920
 2.308   51.7830
 2.307   51.8820
 2.306   51.9730
 2.305   52.0480
 2.304   52.1130
 2.303   52.1710
 2.302   52.2220
 2.301   52.2750
 2.300   52.3380
 2.299   52.4060
 2.298   52.4700
 2.297   52.5260
 2.296   52.5840
 2.295   52.6400
 2.294   52.6930
 2.293   52.7460
 2.292   52.7960
 2.291   52.8370
 2.290   52.8690
 2.289   52.9000
 2.288   52.9400
 2.287   52.9870
 2.286   53.0450
 2.285   53.1100
 2.284   53.1710
 2.283   53.2210
 2.282   53.2570
 2.281   53.2800
 2.280   53.2980
 2.279   53.3170
 2.278   53.3450
 2.277   53.3830
 2.276   53.4250
 2.275   53.4660
 2.274   53.4980
 2.273   53.5130
 2.272   53.5170
 2.271   53.5180
 2.270   53.5240
 2.269   53.5430
 2.268   53.5720
 2.267   53.6060
 2.266   53.6350
 2.265   53.6460
 2.264   53.6370
 2.263   53.6110
 2.262   53.5750
 2.261   53.5400
 2.260   53.5120
 2.259   53.4960
 2.258   53.4970
 2.257   53.5080
 2.256   53.5240
 2.255   53.5400
 2.254   53.5530
 2.253   53.5600
 2.252   53.5570
 2.251   53.5470
 2.250   53.5260
 2.249   53.4950
 2.248   53.4580
 2.247   53.4210
 2.246   53.3890
 2.245   53.3620
 2.244   53.3320
 2.243   53.2970
 2.242   53.2560
 2.241   53.2140
 2.240   53.1810
 2.239   53.1680
 2.238   53.1770
 2.237   53.2070
 2.236   53.2380
 2.236   53.2560
 2.235   53.2530
 2.234   53.2280
 2.233   53.1840
 2.232   53.1280
 2.231   53.0690
 2.230   53.0090
 2.229   52.9430
 2.228   52.8630
 2.227   52.7750
 2.226   52.6800
 2.225   52.5740
 2.224   52.4540
 2.223   52.3170
 2.222   52.1560
 2.221   51.9640
 2.220   51.7380
 2.219   51.4840
 2.218   51.2010
 2.217   50.8750
 2.216   50.4770
 2.216   49.9580
 2.215   49.2660
 2.214   48.3750
 2.213   47.3080
 2.212   46.1620
 2.211   45.0900
 2.210   44.2660
 2.209   43.8320
 2.208   43.8410
 2.207   44.2520
 2.206   44.9450
 2.205   45.7650
 2.204   46.5750
 2.203   47.2880
 2.202   47.8640
 2.201   48.3070
 2.200   48.6380
 2.200   48.8800
 2.199   49.0510
 2.198   49.1610
 2.197   49.2300
 2.196   49.2780
 2.195   49.3250
 2.194   49.3800
 2.193   49.4570
 2.192   49.5540
 2.191   49.6610
 2.190   49.7680
 2.189   49.8660
 2.188   49.9540
 2.187   50.0290
 2.187   50.0920
 2.186   50.1480
 2.185   50.1940
 2.184   50.2280
 2.183   50.2530
 2.182   50.2660
 2.181   50.2760
 2.180   50.2890
 2.179   50.3130
 2.178   50.3510
 2.177   50.3930
 2.176   50.4290
 2.176   50.4580
 2.175   50.4790
 2.174   50.4960
 2.173   50.5130
 2.172   50.5310
 2.171   50.5450
 2.170   50.5460
 2.169   50.5410
 2.168   50.5430
 2.167   50.5530
 2.166   50.5720
 2.166   50.6020
 2.165   50.6340
 2.164   50.6610
 2.163   50.6850
 2.162   50.7250
 2.161   50.7900
 2.160   50.8840
 2.159   51.0090
 2.158   51.1640
 2.157   51.3330
 2.156   51.5070
 2.156   51.6790
 2.155   51.8460
 2.154   52.0130
 2.153   52.1890
 2.152   52.3810
 2.151   52.5860
 2.150   52.7990
 2.149   53.0180
 2.148   53.2310
 2.148   53.4350
 2.147   53.6350
 2.146   53.8330
 2.145   54.0250
 2.144   54.2070
 2.143   54.3770
 2.142   54.5220
 2.141   54.6340
 2.140   54.7210
 2.140   54.7990
 2.139   54.8760
 2.138   54.9590
 2.137   55.0550
 2.136   55.1640
 2.135   55.2650
 2.134   55.3400
 2.133   55.3950
 2.132   55.4420
 2.132   55.4810
 2.131   55.5140
 2.130   55.5440
 2.129   55.5750
 2.128   55.5960
 2.127   55.5990
 2.126   55.6000
 2.126   55.6070
 2.125   55.6230
 2.124   55.6430
 2.123   55.6660
 2.122   55.6900
 2.121   55.7130
 2.120   55.7280
 2.119   55.7450
 2.119   55.7620
 2.118   55.7770
 2.117   55.7850
 2.116   55.7870
 2.115   55.7800
 2.114   55.7630
 2.113   55.7440
 2.112   55.7380
 2.112   55.7500
 2.111   55.7800
 2.110   55.8280
 2.109   55.8900
 2.108   55.9510
 2.107   55.9980
 2.107   56.0350
 2.106   56.0640
 2.105   56.0870
 2.104   56.0990
 2.103   56.1010
 2.102   56.0970
 2.101   56.0890
 2.100   56.0820
 2.100   56.0830
 2.099   56.0980
 2.098   56.1260
 2.097   56.1540
 2.096   56.1760
 2.095   56.1890
 2.095   56.1940
 2.094   56.1920
 2.093   56.1900
 2.092   56.1940
 2.091   56.2000
 2.090   56.2020
 2.090   56.2050
 2.089   56.2060
 2.088   56.2030
 2.087   56.2060
 2.086   56.2210
 2.085   56.2500
 2.084   56.2840
 2.084   56.3260
 2.083   56.3630
 2.082   56.3720
 2.081   56.3940
 2.080   56.3370
 2.079   56.2640
 2.076   56.2640
 2.072   56.7000
 2.068   56.7580
 2.064   56.4210
 2.060   56.1650
 2.056   56.8350
 2.052   57.0210
 2.048   56.7270
 2.044   56.6350
 2.040   56.0170
 2.036   55.9680
 2.032   55.9680
 2.028   55.6800
 2.024   55.1200
 2.020   55.3570
 2.016   55.5400
 2.012   55.2650
 2.008   54.5680
 2.004   54.3820
 2.000   54.4260
 1.996   54.0450
 1.992   54.1000
 1.988   54.2840
 1.984   54.2370
 1.980   53.2350
 1.976   52.8750
 1.972   52.4680
 1.968   52.2420
 1.964   52.0160
 1.960   51.3410
 1.956   50.9830
 1.952   51.1080
 1.948   50.9270
 1.944   50.5200
 1.940   50.1580
 1.936   49.7480
 1.932   49.6000
 1.928   49.5850
 1.924   49.8410
 1.920   49.6520
 1.916   49.4680
 1.912   49.3370
 1.908   49.6470
 1.904   50.0220
 1.900   50.8110
 1.896   51.5470
 1.892   51.8370
 1.888   52.2420
 1.884   52.3780
 1.880   52.5110
 1.876   53.0450
 1.872   53.3570
 1.868   53.6300
 1.864   54.5930
 1.860   55.8400
 1.856   56.5000
 1.852   56.5840
 1.848   56.3200
 1.844   55.8330
 1.840   55.6760
 1.836   55.6070
 1.832   55.7820
 1.828   56.1530
 1.824   56.0240
 1.820   55.6850
 1.816   55.4030
 1.812   55.2540
 1.808   55.1700
 1.804   55.3570
 1.800   55.3470
 1.796   55.5240
 1.792   55.0360
 1.788   54.7180
 1.784   54.8550
 1.780   55.1240
 1.776   55.0820
 1.772   55.2630
 1.768   55.2630
 1.764   55.0360
 1.760   54.9010
 1.756   54.8550
 1.752   54.5030
 1.748   54.4540
 1.744   54.4120
 1.740   54.6400
 1.736   54.5490
 1.732   54.5520
 1.728   54.6900
 1.724   54.7360
 1.720   54.7400
 1.716   54.8330
 1.712   54.9180
 1.708   54.7290
 1.704   54.8210
 1.700   54.5060
 1.696   54.3720
 1.692   54.4180
 1.688   54.5060
 1.684   54.3400
 1.680   54.5060
 1.676   54.3720
 1.672   54.3270
 1.668   53.9720
 1.664   53.8970
 1.660   54.1240
 1.656   53.8970
 1.652   54.0300
 1.648   53.7190
 1.644   53.6310
 1.640   53.6790
 1.636   53.5890
 1.632   53.7210
 1.628   53.8150
 1.624   53.8560
 1.620   53.8090
 1.616   53.8070
 1.612   53.8090
 1.608   53.7210
 1.604   53.4560
 1.600   53.4550
 1.596   53.4550
 1.592   53.4160
 1.588   53.2400
 1.584   53.0180
 1.580   52.9740
 1.576   52.9740
 1.572   52.9280
 1.568   52.9280
 1.564   53.0610
 1.560   52.6850
 1.556   52.7510
 1.552   52.6400
 1.548   52.7520
 1.544   52.6400
 1.540   52.4650
 1.536   52.4220
 1.532   52.0270
 1.528   51.8960
 1.524   51.7240
 1.520   51.9390
 1.516   52.1560
 1.512   51.9820
 1.508   51.7220
 1.504   51.1600
 1.500   50.9740
 1.496   50.8350
 1.492   51.0910
 1.488   51.6560
 1.484   50.9730
 1.480   50.8770
 1.476   50.7890
 1.472   50.7470
 1.468   50.6620
 1.464   50.4970
 1.460   50.5740
 1.456   50.4550
 1.452   50.2830
 1.448   50.0620
 1.444   49.8080
 1.440   49.3870
 1.436   49.3000
 1.432   49.3710
 1.428   49.3700
 1.424   49.2820
 1.420   48.8900
 1.416   48.0580
 1.412   46.8430
 1.408   46.0190
 1.404   45.9470
 1.400   46.1760
 1.396   46.8210
 1.392   47.1480
 1.388   47.4480
 1.384   47.5870
 1.380   47.8240
 1.376   48.2720
 1.372   49.2820
 1.368   49.7330
 1.364   49.8840
 1.360   49.8780
 1.356   49.8800
 1.352   49.8980
 1.348   50.3020
 1.344   50.4900
 1.340   49.9960
 1.336   49.4560
 1.332   48.7860
 1.328   48.5260
 1.324   48.5510
 1.320   48.7910
 1.316   48.8720
 1.312   48.6300
 1.308   48.5100
 1.304   48.4310
 1.300   48.2640
 1.296   48.1770
 1.292   48.1210
 1.288   48.0250
 1.284   47.8500
 1.280   47.7450
 1.276   47.8540
 1.272   47.9650
 1.268   48.0850
 1.264   48.5450
 1.260   48.4980
 1.256   48.6110
 1.252   48.6120
 1.248   48.5550
 1.244   48.5550
 1.240   48.4570
 1.236   48.4480
 1.232   48.4480
 1.228   48.2290
 1.224   48.0290
 1.220   47.9790
 1.216   48.0010
 1.212   48.1130
 1.208   48.1770
 1.204   48.2990
 1.200   47.6910
 1.196   47.0990
 1.192   46.9050
 1.188   46.8280
 1.184   46.7120
 1.180   46.6360
 1.176   46.5590
 1.172   46.3960
 1.168   46.2050
 1.164   45.9550
 1.160   45.8460
 1.156   45.5190
 1.152   45.2430
 1.148   45.3910
 1.144   45.4480
 1.140   45.7480
 1.136   46.1700
 1.132   45.8100
 1.128   45.8250
 1.124   45.4920
 1.120   45.6290
 1.116   45.6530
 1.112   45.0980
 1.108   44.9720
 1.104   44.9350
 1.100   44.9720
 1.096   45.0980
 1.092   45.2470
 1.088   44.8400
 1.084   44.7150
 1.080   44.4270
 1.076   44.8030
 1.072   44.4270
 1.068   44.4840
 1.064   44.2130
 1.060   43.8490
 1.056   43.8490
 1.052   43.7500
 1.048   43.7340
 1.044   43.3360
 1.040   43.1590
 1.036   43.1410
 1.032   43.4500
 1.028   43.3080
 1.024   43.5210
 1.020   43.4780
 1.016   43.2830
 1.012   43.3440
 1.008   42.9540
 1.004   42.6380
 1.000   42.4270
 0.996   42.5120
 0.992   43.0600
 0.988   42.7240
 0.984   42.2660
 0.980   41.8500
 0.976   41.9320
 0.972   41.8780
 0.968   41.7360
 0.964   41.6140
 0.960   41.4710
 0.956   41.5390
 0.952   41.2840
 0.948   41.0070
 0.944   41.1750
 0.940   41.0190
 0.936   41.0190
 0.932   40.7540
 0.928   40.7430
 0.924   40.5880
 0.920   40.4780
 0.916   40.4230
 0.912   40.2260
 0.908   40.0730
 0.904   40.0600
 0.900   40.0930
 0.896   39.8510
 0.892   39.7080
 0.888   39.5310
 0.884   39.5430
 0.880   39.5290
 0.876   39.4080
 0.872   39.2630
 0.868   39.2480
 0.864   39.2890
 0.860   39.0440
 0.856   38.9220
 0.852   38.7510
 0.848   38.4850
 0.844   38.5650
 0.840   38.3700
 0.836   38.4250
 0.832   38.1340
 0.828   38.0440
 0.824   38.0290
 0.820   37.9920
 0.816   37.7200
 0.812   37.8090
 0.808   37.6060
 0.804   37.3030
 0.800   37.2110
 0.799   37.2110
 0.798   37.2110
 0.797   37.0920
 0.796   36.9470
 0.795   36.8260
 0.794   36.6960
 0.793   36.5700
 0.792   36.6330
 0.791   36.6330
 0.790   36.6360
 0.789   36.7290
 0.788   36.4140
 0.787   36.7000
 0.786   36.4440
 0.785   36.3470
 0.784   36.4440
 0.783   36.5740
 0.782   36.4100
 0.781   36.2440
 0.780   36.2470
 0.779   36.3770
 0.778   36.2840
 0.777   36.1210
 0.776   35.8620
 0.775   35.9780
 0.774   35.8260
 0.773   35.8310
 0.772   35.9570
 0.771   35.7670
 0.770   35.8640
 0.769   35.9570
 0.768   35.6660
 0.767   35.7640
 0.766   35.9510
 0.765   35.7640
 0.764   35.6030
 0.763   35.4740
 0.762   35.3440
 0.761   35.4970
 0.760   35.4410
 0.759   35.4100
 0.758   35.4420
 0.757   35.4750
 0.756   35.3130
 0.755   35.2810
 0.754   35.3130
 0.753   35.3460
 0.752   34.9910
 0.751   34.9590
 0.750   34.7970
 0.749   34.7010
 0.748   34.6050
 0.747   34.9520
 0.746   34.8610
 0.745   34.9840
 0.744   34.7580
 0.743   34.6940
 0.742   34.5980
 0.741   34.8550
 0.740   34.8870
 0.739   34.5980
 0.738   34.5980
 0.737   34.5330
 0.736   34.5010
 0.735   34.4040
 0.734   34.3460
 0.733   34.4680
 0.732   34.3360
 0.731   34.2720
 0.730   34.2090
 0.729   34.3040
 0.728   33.9870
 0.727   34.0150
 0.726   33.6110
 0.725   34.0150
 0.724   34.0150
 0.723   33.8270
 0.722   33.8270
 0.721   33.8870
 0.720   33.9840
 0.719   33.8870
 0.718   33.8180
 0.717   33.6900
 0.716   33.2150
 0.715   33.4950
 0.714   33.6160
 0.713   33.6830
 0.712   33.7500
 0.711   33.4070
 0.710   33.3100
 0.709   33.1880
 0.708   33.0010
 0.707   33.0460
 0.706   33.3290
 0.705   33.3560
 0.704   33.4540
 0.703   33.2010
 0.702   33.0990
 0.701   33.1630
 0.700   33.1320
 0.699   33.4390
 0.698   33.3900
 0.697   33.3960
 0.696   33.2070
 0.695   33.2120
 0.694   33.1480
 0.693   32.7590
 0.692   32.5600
 0.691   32.8530
 0.690   32.5220
 0.689   32.6780
 0.688   32.9850
 0.687   32.7530
 0.686   32.6530
 0.685   32.6470
 0.684   32.9850
 0.683   32.9480
 0.682   32.7410
 0.681   32.4770
 0.680   32.3840
 0.679   32.1920
 0.678   31.9920
 0.677   32.1990
 0.676   32.0370
 0.675   32.0450
 0.674   32.0760
 0.673   31.9450
 0.672   31.6930
 0.671   32.0760
 0.670   32.0450
 0.669   32.0530
 0.668   32.2000
 0.667   32.0590
 0.666   31.7960
 0.665   31.6440
 0.664   31.4830
 0.663   31.5030
 0.662   31.6250
 0.661   31.5950
 0.660   31.5030
 0.659   31.6950
 0.658   31.8890
 0.657   31.7790
 0.656   31.7170
 0.655   31.2930
 0.654   31.3130
 0.653   31.1810
 0.652   31.2700
 0.651   31.3010
 0.650   31.1090
 0.649   31.0910
 0.648   31.0910
 0.647   31.0800
 0.646   31.1100
 0.645   30.8780
 0.644   30.7890
 0.643   30.7890
 0.642   31.0500
 0.641   30.9080
 0.640   30.8060
 0.639   30.7050
 0.638   30.7040
 0.637   30.7470
 0.636   30.6160
 0.635   30.4860
 0.634   30.4150
 0.633   30.5150
 0.632   30.5450
 0.631   30.4860
 0.630   30.5620
 0.629   30.5620
 0.628   30.5620
 0.627   30.1700
 0.626   30.2710
 0.625   30.2710
 0.624   30.1990
 0.623   30.3170
 0.622   30.2150
 0.621   30.0840
 0.620   29.9100
 0.619   29.9100
 0.618   29.8370
 0.617   29.8810
 0.616   29.8520
 0.615   29.6930
 0.614   29.5920
 0.613   29.6360
 0.612   29.5630
 0.611   29.3610
 0.610   29.4620
 0.609   29.5630
 0.608   29.4620
 0.607   29.3900
 0.606   29.2440
 0.605   29.1700
 0.604   28.9670
 0.603   28.9200
 0.602   29.0350
 0.601   29.1480
 0.600   29.1650
 0.599   28.8300
 0.598   28.9430
 0.597   28.8970
 0.596   28.9080
 0.595   28.9930
 0.594   29.0400
 0.593   28.9650
 0.592   29.0110
 0.591   28.9080
 0.590   28.7200
 0.589   28.8330
 0.588   28.8610
 0.587   28.8050
 0.586   28.5980
 0.585   28.4110
 0.584   28.3920
 0.583   28.4760
 0.582   28.2050
 0.581   28.4480
 0.580   28.4950
 0.579   28.4480
 0.578   28.3920
 0.577   28.3920
 0.576   28.1860
 0.575   28.1860
 0.574   28.1000
 0.573   28.2920
 0.572   28.2760
 0.571   28.1280
 0.570   27.9790
 0.569   27.9520
 0.568   28.0270
 0.567   27.8240
 0.566   27.9520
 0.565   27.8510
 0.564   27.5460
 0.563   27.4180
 0.562   27.4180
 0.561   27.3700
 0.560   27.3470
 0.559   26.4990
 0.558   27.4050
 0.557   27.3310
 0.556   27.0820
 0.555   26.9830
 0.554   26.9830
 0.553   26.8140
 0.552   26.9100
 0.551   26.8670
 0.550   26.9170
 0.549   27.1720
 0.548   26.9730
 0.547   26.5980
 0.546   26.7490
 0.545   26.5490
 0.544   26.4270
 0.543   26.6480
 0.542   26.5750
 0.541   26.8250
 0.540   26.5500
 0.539   26.3030
 0.538   26.6000
 0.537   26.4030
 0.536   26.4020
 0.535   26.4020
 0.534   26.3780
 0.533   26.2780
 0.532   26.2780
 0.531   26.2030
 0.530   26.1780
 0.529   26.1040
 0.528   26.1290
 0.527   26.0550
 0.526   25.6850
 0.525   25.6820
 0.524   25.8040
 0.523   25.5620
 0.522   25.5390
 0.521   25.5860
 0.520   25.6080
 0.519   25.7280
 0.518   25.5120
 0.517   25.3900
 0.516   25.6070
 0.515   25.1440
 0.514   24.9530
 0.513   25.1440
 0.512   25.3850
 0.511   25.0460
 0.510   24.9890
 0.509   25.1340
 0.508   24.6540
 0.507   24.7520
 0.506   24.6160
 0.505   24.7520
 0.504   24.7220
 0.503   24.6810
 0.502   24.8470
 0.501   24.4560
 0.500   24.5780
 0.499   24.3260
 0.498   24.4340
 0.497   24.6230
 0.496   24.4350
 0.495   24.4030
 0.494   24.3660
 0.493   24.0940
 0.492   24.0490
 0.491   24.0400
 0.490   24.1070
 0.489   23.9970
 0.488   23.9750
 0.487   23.9310
 0.486   23.7580
 0.485   23.8560
 0.484   23.9530
 0.483   23.8440
 0.482   23.9970
 0.481   23.8110
 0.480   23.7460
 0.479   23.5850
 0.478   23.5740
 0.477   23.4750
 0.476   23.5170
 0.475   23.2000
 0.474   23.1790
 0.473   23.2150
 0.472   23.1170
 0.471   23.1590
 0.470   23.1180
 0.469   22.9600
 0.468   22.8620
 0.467   23.0010
 0.466   22.8620
 0.465   22.8980
 0.464   22.8020
 0.463   23.0810
 0.462   22.8060
 0.461   22.9240
 0.460   22.7870
 0.459   22.7520
 0.458   22.7950
 0.457   22.6700
 0.456   22.7920
 0.455   22.5450
 0.454   22.5670
 0.453   22.4270
 0.452   22.2620
 0.451   22.0550
 0.450   22.3550
 0.449   22.3360
 0.448   22.1310
 0.447   22.2560
 0.446   22.0640
 0.445   21.9670
 0.444   21.7580
 0.443   21.9230
 0.442   22.0390
 0.441   21.7800
 0.440   21.8560
 0.439   21.7390
 0.438   21.7480
 0.437   21.8440
 0.436   21.7390
 0.435   21.4250
 0.434   21.5660
 0.433   21.7070
 0.432   21.4590
 0.431   21.4620
 0.430   21.3920
 0.429   21.3980
 0.428   21.1760
 0.427   21.3390
 0.426   21.3020
 0.425   20.7230
 0.424   20.8750
 0.423   21.0710
 0.422   20.6720
 0.421   20.4240
 0.420   20.8640
 0.419   20.7370
 0.418   20.5770
 0.417   20.7850
 0.416   20.5770
 0.415   20.7850
 0.414   20.4860
 0.413   20.1880
 0.412   20.5920
 0.411   20.2530
 0.410   20.0520
 0.409   20.0170
 0.408   20.2880
 0.407   20.0250
 0.406   20.0250
 0.405   19.9330
 0.404   19.8400
 0.403   19.8450
 0.402   19.8330
 0.401   19.7100
 0.400   19.8760
 0.000    0.0000
