Name: Serpentine Marble 
Type:  Rocks
Class:  Metamorphic 
Subclass:  Marble 
Particle Size:  0-75 Micrometer
File Name:  marble2.doc
Owner:  JHU
Wavelength Range:  All
Origin:  Sample No. 460, The Hunt and Salisbury Collection at the U.S. 
Geological Survey, Denver, Co.
Description: This sample consists of coarse-grained anhedral carbonate with 
numerous regions of serpentine (possibly brucite--MgOH2, at least in part) as an 
alteration/reaction of the carbonate.  There are scattered subhedra of 
monticellite, tremolite, and phlogopite, with a few grains of idocrase (?) also 
noted in this section.

Measurement:  Directional (10 Degree) Hemispherical Reflectance
First Column:  X
Second Column:  Y  
X Units:  Wavelength (micrometers)
Y Units:  Reflectance (percent)
First X Value:  14.9831
Last X Value:  0.4
Number of X Values:  2868
Additional Information:  None
14.983    5.1976
14.940    5.3276
14.897    5.4662
14.854    5.6118
14.812    5.7518
14.770    5.8702
14.728    5.9595
14.686    6.0310
14.645    6.1106
14.603    6.2242
14.562    6.3862
14.521    6.5956
14.481    6.8371
14.441    7.0862
14.400    7.3103
14.361    7.4708
14.321    7.5206
14.281    7.4022
14.242    7.0630
14.203    6.4769
14.164    5.6696
14.126    4.7304
14.087    3.8044
14.049    3.0542
14.011    2.6071
13.973    2.5076
13.936    2.7014
13.899    3.0620
13.861    3.4440
13.824    3.7450
13.788    3.9442
13.751    4.1009
13.715    4.3176
13.679    4.6866
13.643    5.2481
13.607    5.9770
13.571    6.7978
13.536    7.6179
13.500    8.3622
13.465    8.9905
13.430    9.4994
13.396    9.9091
13.361   10.2480
13.327   10.5420
13.293   10.8040
13.259   11.0410
13.225   11.2560
13.191   11.4470
13.158   11.6140
13.124   11.7580
13.091   11.8810
13.058   11.9890
13.026   12.0860
12.993   12.1790
12.960   12.2720
12.928   12.3670
12.896   12.4650
12.864   12.5650
12.832   12.6720
12.800   12.7850
12.769   12.9100
12.737   13.0450
12.706   13.1870
12.675   13.3300
12.644   13.4640
12.614   13.5820
12.583   13.6820
12.552   13.7670
12.522   13.8410
12.492   13.9120
12.462   13.9860
12.432   14.0660
12.402   14.1530
12.373   14.2500
12.343   14.3610
12.314   14.4900
12.285   14.6420
12.256   14.8170
12.227   15.0130
12.198   15.2250
12.169   15.4400
12.141   15.6530
12.113   15.8630
12.084   16.0750
12.056   16.2980
12.028   16.5300
12.000   16.7460
11.973   16.8850
11.945   16.8520
11.918   16.5610
11.890   15.9790
11.863   15.1580
11.836   14.2420
11.809   13.4310
11.782   12.9140
11.755   12.7880
11.729   13.0110
11.702   13.4200
11.676   13.7820
11.650   13.8640
11.624   13.5020
11.598   12.6440
11.572   11.3550
11.546    9.7814
11.520    8.1098
11.495    6.5323
11.469    5.2052
11.444    4.2262
11.419    3.6339
11.394    3.4251
11.369    3.5736
11.344    4.0460
11.319    4.8071
11.294    5.8134
11.270    6.9951
11.245    8.2497
11.221    9.4511
11.197   10.4750
11.173   11.2280
11.149   11.6680
11.125   11.8090
11.101   11.7130
11.077   11.4590
11.054   11.1230
11.030   10.7620
11.007   10.4080
10.983   10.0710
10.960    9.7478
10.937    9.4302
10.914    9.1098
10.891    8.7809
10.868    8.4411
10.846    8.0908
10.823    7.7346
10.800    7.3799
10.778    7.0351
10.755    6.7097
10.733    6.4120
10.711    6.1466
10.689    5.9147
10.667    5.7141
10.645    5.5401
10.623    5.3876
10.602    5.2516
10.580    5.1294
10.558    5.0191
10.537    4.9206
10.516    4.8336
10.494    4.7572
10.473    4.6892
10.452    4.6276
10.431    4.5710
10.410    4.5201
10.389    4.4772
10.368    4.4465
10.348    4.4299
10.327    4.4277
10.306    4.4365
10.286    4.4510
10.266    4.4654
10.245    4.4775
10.225    4.4877
10.205    4.4993
10.185    4.5158
10.165    4.5400
10.145    4.5727
10.125    4.6125
10.106    4.6575
10.086    4.7062
10.066    4.7586
10.047    4.8138
10.027    4.8715
10.008    4.9307
 9.989    4.9902
 9.970    5.0491
 9.950    5.1086
 9.931    5.1709
 9.912    5.2395
 9.893    5.3184
 9.875    5.4093
 9.856    5.5121
 9.837    5.6239
 9.819    5.7414
 9.800    5.8610
 9.781    5.9810
 9.763    6.1001
 9.745    6.2185
 9.726    6.3355
 9.708    6.4497
 9.690    6.5584
 9.672    6.6585
 9.654    6.7485
 9.636    6.8281
 9.618    6.8984
 9.600    6.9626
 9.582    7.0240
 9.565    7.0851
 9.547    7.1478
 9.530    7.2127
 9.512    7.2790
 9.495    7.3444
 9.477    7.4069
 9.460    7.4635
 9.443    7.5111
 9.426    7.5485
 9.409    7.5767
 9.392    7.5980
 9.375    7.6165
 9.358    7.6352
 9.341    7.6555
 9.324    7.6752
 9.307    7.6904
 9.291    7.6986
 9.274    7.7034
 9.257    7.7155
 9.241    7.7510
 9.225    7.8282
 9.208    7.9620
 9.192    8.1609
 9.175    8.4271
 9.159    8.7624
 9.143    9.1726
 9.127    9.6701
 9.111   10.2720
 9.095   10.9900
 9.079   11.8270
 9.063   12.7650
 9.047   13.7660
 9.032   14.7810
 9.016   15.7570
 9.000   16.6510
 8.985   17.4340
 8.969   18.0960
 8.954   18.6430
 8.938   19.0920
 8.923   19.4650
 8.908   19.7860
 8.892   20.0750
 8.877   20.3430
 8.862   20.5920
 8.847   20.8160
 8.832   21.0040
 8.817   21.1420
 8.802   21.2200
 8.787   21.2340
 8.772   21.1860
 8.757   21.0870
 8.742   20.9450
 8.727   20.7700
 8.713   20.5640
 8.698   20.3220
 8.684   20.0370
 8.669   19.7000
 8.655   19.3150
 8.640   18.8980
 8.626   18.4770
 8.612   18.0890
 8.597   17.7680
 8.583   17.5310
 8.569   17.3750
 8.555   17.2790
 8.541   17.2120
 8.527   17.1430
 8.513   17.0590
 8.499   16.9610
 8.485   16.8660
 8.471   16.7950
 8.457   16.7650
 8.443   16.7880
 8.430   16.8650
 8.416   16.9970
 8.402   17.1790
 8.389   17.4040
 8.375   17.6650
 8.361   17.9450
 8.348   18.2260
 8.335   18.4890
 8.321   18.7200
 8.308   18.9110
 8.295   19.0630
 8.281   19.1810
 8.268   19.2710
 8.255   19.3370
 8.242   19.3730
 8.229   19.3730
 8.216   19.3270
 8.203   19.2340
 8.190   19.0980
 8.177   18.9350
 8.164   18.7640
 8.151   18.6040
 8.138   18.4670
 8.126   18.3570
 8.113   18.2740
 8.100   18.2150
 8.088   18.1790
 8.075   18.1700
 8.062   18.1940
 8.050   18.2530
 8.037   18.3430
 8.025   18.4530
 8.013   18.5630
 8.000   18.6540
 7.988   18.7060
 7.976   18.7070
 7.963   18.6530
 7.951   18.5540
 7.939   18.4260
 7.927   18.2910
 7.915   18.1730
 7.903   18.0900
 7.891   18.0440
 7.879   18.0270
 7.867   18.0150
 7.855   17.9860
 7.843   17.9180
 7.831   17.8040
 7.819   17.6520
 7.808   17.4780
 7.796   17.3020
 7.784   17.1390
 7.772   16.9930
 7.761   16.8570
 7.749   16.7190
 7.737   16.5660
 7.726   16.3850
 7.715   16.1710
 7.703   15.9270
 7.692   15.6560
 7.680   15.3660
 7.669   15.0670
 7.657   14.7670
 7.646   14.4740
 7.635   14.1940
 7.624   13.9360
 7.613   13.7020
 7.601   13.4940
 7.590   13.3100
 7.579   13.1460
 7.568   12.9970
 7.557   12.8570
 7.546   12.7200
 7.535   12.5800
 7.524   12.4350
 7.513   12.2800
 7.502   12.1150
 7.492   11.9380
 7.481   11.7500
 7.470   11.5510
 7.459   11.3440
 7.449   11.1310
 7.438   10.9140
 7.427   10.6960
 7.417   10.4740
 7.406   10.2450
 7.395   10.0030
 7.385    9.7417
 7.374    9.4553
 7.364    9.1416
 7.353    8.8017
 7.343    8.4411
 7.333    8.0690
 7.322    7.6953
 7.312    7.3304
 7.302    6.9828
 7.291    6.6578
 7.281    6.3573
 7.271    6.0805
 7.261    5.8250
 7.251    5.5877
 7.240    5.3667
 7.230    5.1621
 7.220    4.9741
 7.210    4.8048
 7.200    4.6553
 7.190    4.5263
 7.180    4.4190
 7.170    4.3356
 7.160    4.2795
 7.151    4.2542
 7.141    4.2615
 7.131    4.2994
 7.121    4.3607
 7.111    4.4337
 7.102    4.5049
 7.092    4.5637
 7.082    4.6028
 7.072    4.6215
 7.063    4.6224
 7.053    4.6115
 7.044    4.5930
 7.034    4.5698
 7.025    4.5428
 7.015    4.5111
 7.006    4.4739
 6.996    4.4306
 6.987    4.3820
 6.977    4.3318
 6.968    4.2838
 6.959    4.2433
 6.949    4.2137
 6.940    4.1966
 6.931    4.1900
 6.921    4.1897
 6.912    4.1912
 6.903    4.1914
 6.894    4.1905
 6.885    4.1905
 6.875    4.1947
 6.866    4.2056
 6.857    4.2236
 6.848    4.2473
 6.839    4.2738
 6.830    4.3008
 6.821    4.3269
 6.812    4.3520
 6.803    4.3766
 6.794    4.4024
 6.785    4.4311
 6.777    4.4640
 6.768    4.5014
 6.759    4.5438
 6.750    4.5902
 6.741    4.6402
 6.733    4.6925
 6.724    4.7477
 6.715    4.8064
 6.707    4.8706
 6.698    4.9419
 6.689    5.0203
 6.681    5.1050
 6.672    5.1943
 6.663    5.2871
 6.655    5.3833
 6.646    5.4847
 6.638    5.5943
 6.629    5.7139
 6.621    5.8446
 6.612    5.9853
 6.604    6.1340
 6.596    6.2891
 6.587    6.4506
 6.579    6.6197
 6.571    6.7978
 6.562    6.9856
 6.554    7.1814
 6.546    7.3825
 6.537    7.5854
 6.529    7.7879
 6.521    7.9916
 6.513    8.2012
 6.505    8.4247
 6.496    8.6708
 6.488    8.9448
 6.480    9.2443
 6.472    9.5581
 6.464    9.8655
 6.456   10.1420
 6.448   10.3640
 6.440   10.5180
 6.432   10.6030
 6.424   10.6280
 6.416   10.6130
 6.408   10.5760
 6.400   10.5270
 6.392   10.4670
 6.384   10.3870
 6.377   10.2650
 6.369   10.0860
 6.361    9.8354
 6.353    9.5129
 6.345    9.1304
 6.338    8.7108
 6.330    8.2836
 6.322    7.8784
 6.314    7.5208
 6.307    7.2267
 6.299    7.0017
 6.291    6.8416
 6.284    6.7334
 6.276    6.6595
 6.269    6.6022
 6.261    6.5477
 6.253    6.4890
 6.246    6.4248
 6.239    6.3604
 6.231    6.3012
 6.223    6.2524
 6.216    6.2155
 6.209    6.1897
 6.201    6.1731
 6.194    6.1643
 6.186    6.1619
 6.179    6.1660
 6.172    6.1757
 6.164    6.1908
 6.157    6.2100
 6.150    6.2320
 6.142    6.2564
 6.135    6.2841
 6.128    6.3166
 6.121    6.3564
 6.113    6.4063
 6.106    6.4696
 6.099    6.5475
 6.092    6.6401
 6.085    6.7462
 6.078    6.8639
 6.070    6.9915
 6.063    7.1291
 6.056    7.2766
 6.049    7.4355
 6.042    7.6051
 6.035    7.7832
 6.028    7.9653
 6.021    8.1467
 6.014    8.3236
 6.007    8.4939
 6.000    8.6575
 5.993    8.8164
 5.986    8.9732
 5.979    9.1295
 5.973    9.2870
 5.966    9.4480
 5.959    9.6152
 5.952    9.7919
 5.945    9.9804
 5.938   10.1810
 5.931   10.3890
 5.925   10.6000
 5.918   10.8040
 5.911   10.9950
 5.904   11.1700
 5.898   11.3330
 5.891   11.4880
 5.884   11.6410
 5.878   11.7960
 5.871   11.9490
 5.864   12.0940
 5.858   12.2200
 5.851   12.3230
 5.845   12.3990
 5.838   12.4540
 5.831   12.4960
 5.825   12.5340
 5.818   12.5770
 5.812   12.6260
 5.805   12.6750
 5.799   12.7160
 5.792   12.7430
 5.786   12.7550
 5.779   12.7570
 5.773   12.7630
 5.767   12.7890
 5.760   12.8480
 5.754   12.9500
 5.747   13.0920
 5.741   13.2700
 5.735   13.4730
 5.728   13.6890
 5.722   13.9100
 5.716   14.1290
 5.709   14.3460
 5.703   14.5630
 5.697   14.7850
 5.691   15.0180
 5.684   15.2650
 5.678   15.5280
 5.672   15.8010
 5.666   16.0730
 5.660   16.3260
 5.653   16.5410
 5.647   16.6930
 5.641   16.7490
 5.635   16.6680
 5.629   16.3970
 5.623   15.8770
 5.617   15.0560
 5.611   13.9110
 5.604   12.4670
 5.598   10.8080
 5.592    9.0691
 5.586    7.4204
 5.580    6.0383
 5.574    5.0733
 5.568    4.6245
 5.562    4.7252
 5.556    5.3383
 5.551    6.3630
 5.545    7.6510
 5.539    9.0338
 5.533   10.3560
 5.527   11.5020
 5.521   12.4180
 5.515   13.1110
 5.509   13.6390
 5.503   14.0930
 5.497   14.5660
 5.492   15.1410
 5.486   15.8750
 5.480   16.7950
 5.474   17.8960
 5.468   19.1430
 5.463   20.4840
 5.457   21.8520
 5.451   23.1840
 5.446   24.4300
 5.440   25.5590
 5.434   26.5660
 5.428   27.4560
 5.423   28.2450
 5.417   28.9520
 5.411   29.5920
 5.406   30.1750
 5.400   30.7110
 5.394   31.2110
 5.389   31.6830
 5.383   32.1360
 5.378   32.5760
 5.372   33.0080
 5.367   33.4320
 5.361   33.8520
 5.356   34.2680
 5.350   34.6810
 5.345   35.0910
 5.339   35.4970
 5.333   35.8950
 5.328   36.2840
 5.322   36.6590
 5.317   37.0210
 5.312   37.3690
 5.306   37.7050
 5.301   38.0320
 5.295   38.3510
 5.290   38.6630
 5.285   38.9680
 5.279   39.2670
 5.274   39.5590
 5.268   39.8440
 5.263   40.1230
 5.258   40.3940
 5.252   40.6590
 5.247   40.9150
 5.242   41.1600
 5.237   41.3910
 5.231   41.6070
 5.226   41.8070
 5.221   41.9920
 5.215   42.1650
 5.210   42.3280
 5.205   42.4830
 5.200   42.6290
 5.194   42.7640
 5.189   42.8880
 5.184   42.9970
 5.179   43.0910
 5.174   43.1690
 5.169   43.2350
 5.164   43.2900
 5.158   43.3400
 5.153   43.3920
 5.148   43.4480
 5.143   43.5060
 5.138   43.5480
 5.133   43.5470
 5.128   43.4720
 5.123   43.3030
 5.118   43.0520
 5.113   42.7600
 5.107   42.4960
 5.103   42.3290
 5.098   42.3040
 5.093   42.4220
 5.088   42.6370
 5.082   42.8840
 5.077   43.1000
 5.073   43.2530
 5.068   43.3420
 5.063   43.3930
 5.058   43.4370
 5.053   43.4960
 5.048   43.5710
 5.043   43.6510
 5.038   43.7240
 5.033   43.7810
 5.028   43.8220
 5.023   43.8540
 5.019   43.8870
 5.014   43.9290
 5.009   43.9850
 5.004   44.0550
 4.999   44.1420
 4.994   44.2460
 4.990   44.3660
 4.985   44.4990
 4.980   44.6420
 4.975   44.7890
 4.970   44.9330
 4.966   45.0670
 4.961   45.1870
 4.956   45.2890
 4.951   45.3750
 4.947   45.4480
 4.942   45.5120
 4.937   45.5750
 4.933   45.6420
 4.928   45.7220
 4.923   45.8190
 4.919   45.9360
 4.914   46.0720
 4.909   46.2240
 4.905   46.3860
 4.900   46.5500
 4.895   46.7090
 4.891   46.8570
 4.886   46.9920
 4.882   47.1110
 4.877   47.2130
 4.872   47.2990
 4.868   47.3670
 4.863   47.4150
 4.859   47.4440
 4.854   47.4510
 4.849   47.4390
 4.845   47.4080
 4.840   47.3610
 4.836   47.3020
 4.832   47.2370
 4.827   47.1770
 4.822   47.1300
 4.818   47.1060
 4.814   47.1150
 4.809   47.1590
 4.805   47.2380
 4.800   47.3490
 4.796   47.4820
 4.791   47.6310
 4.787   47.7850
 4.782   47.9380
 4.778   48.0810
 4.774   48.2090
 4.769   48.3190
 4.765   48.4070
 4.761   48.4720
 4.756   48.5140
 4.752   48.5300
 4.747   48.5200
 4.743   48.4750
 4.739   48.3860
 4.734   48.2390
 4.730   48.0180
 4.726   47.7060
 4.721   47.2960
 4.717   46.7900
 4.713   46.2000
 4.709   45.5510
 4.704   44.8750
 4.700   44.2070
 4.696   43.5760
 4.691   43.0040
 4.687   42.5070
 4.683   42.0910
 4.679   41.7560
 4.675   41.5050
 4.670   41.3430
 4.666   41.2820
 4.662   41.3320
 4.658   41.5050
 4.654   41.8010
 4.649   42.2060
 4.645   42.6920
 4.641   43.2220
 4.637   43.7570
 4.633   44.2650
 4.629   44.7250
 4.625   45.1310
 4.620   45.4890
 4.616   45.8090
 4.612   46.1050
 4.608   46.3870
 4.604   46.6590
 4.600   46.9260
 4.596   47.1850
 4.592   47.4340
 4.588   47.6690
 4.584   47.8880
 4.580   48.0870
 4.576   48.2690
 4.572   48.4350
 4.567   48.5890
 4.564   48.7350
 4.559   48.8740
 4.556   49.0080
 4.551   49.1340
 4.548   49.2510
 4.543   49.3620
 4.540   49.4660
 4.536   49.5670
 4.532   49.6690
 4.528   49.7750
 4.524   49.8880
 4.520   50.0070
 4.516   50.1350
 4.512   50.2720
 4.508   50.4180
 4.504   50.5730
 4.500   50.7360
 4.496   50.9040
 4.492   51.0750
 4.488   51.2410
 4.485   51.3990
 4.481   51.5420
 4.477   51.6660
 4.473   51.7690
 4.469   51.8510
 4.465   51.9140
 4.461   51.9640
 4.458   52.0080
 4.454   52.0550
 4.450   52.1120
 4.446   52.1850
 4.442   52.2770
 4.439   52.3860
 4.435   52.5110
 4.431   52.6460
 4.427   52.7870
 4.423   52.9320
 4.420   53.0770
 4.416   53.2200
 4.412   53.3590
 4.408   53.4920
 4.404   53.6170
 4.401   53.7340
 4.397   53.8410
 4.393   53.9400
 4.390   54.0300
 4.386   54.1130
 4.382   54.1880
 4.378   54.2540
 4.375   54.3070
 4.371   54.3430
 4.367   54.3570
 4.364   54.3420
 4.360   54.2980
 4.356   54.2240
 4.353   54.1280
 4.349   54.0190
 4.346   53.9080
 4.342   53.8050
 4.338   53.7150
 4.335   53.6410
 4.331   53.5830
 4.327   53.5380
 4.324   53.5050
 4.320   53.4820
 4.316   53.4700
 4.313   53.4690
 4.309   53.4790
 4.306   53.4970
 4.302   53.5200
 4.299   53.5440
 4.295   53.5640
 4.292   53.5790
 4.288   53.5870
 4.284   53.5910
 4.281   53.5940
 4.277   53.6010
 4.274   53.6160
 4.270   53.6430
 4.267   53.6810
 4.263   53.7270
 4.260   53.7730
 4.256   53.8100
 4.253   53.8340
 4.249   53.8410
 4.246   53.8350
 4.242   53.8210
 4.239   53.8050
 4.235   53.7920
 4.232   53.7860
 4.229   53.7880
 4.225   53.7980
 4.222   53.8150
 4.218   53.8380
 4.215   53.8640
 4.211   53.8900
 4.208   53.9110
 4.205   53.9210
 4.201   53.9160
 4.198   53.8950
 4.194   53.8590
 4.191   53.8090
 4.188   53.7500
 4.184   53.6820
 4.181   53.6070
 4.177   53.5230
 4.174   53.4280
 4.171   53.3200
 4.167   53.1980
 4.164   53.0640
 4.161   52.9220
 4.157   52.7770
 4.154   52.6290
 4.151   52.4820
 4.147   52.3330
 4.144   52.1790
 4.141   52.0170
 4.137   51.8440
 4.134   51.6590
 4.131   51.4620
 4.128   51.2530
 4.124   51.0330
 4.121   50.8020
 4.118   50.5590
 4.114   50.3040
 4.111   50.0380
 4.108   49.7610
 4.105   49.4750
 4.101   49.1780
 4.098   48.8670
 4.095   48.5390
 4.092   48.1850
 4.088   47.8000
 4.085   47.3780
 4.082   46.9170
 4.079   46.4200
 4.076   45.8920
 4.072   45.3370
 4.069   44.7580
 4.066   44.1480
 4.063   43.4910
 4.060   42.7590
 4.056   41.9180
 4.053   40.9370
 4.050   39.7950
 4.047   38.4880
 4.044   37.0340
 4.041   35.4710
 4.037   33.8470
 4.034   32.2130
 4.031   30.6100
 4.028   29.0620
 4.025   27.5740
 4.022   26.1290
 4.019   24.7030
 4.016   23.2670
 4.013   21.8020
 4.009   20.3080
 4.006   18.8000
 4.003   17.3160
 4.000   15.8970
 3.997   14.5900
 3.994   13.4300
 3.991   12.4430
 3.988   11.6390
 3.985   11.0150
 3.982   10.5590
 3.979   10.2530
 3.976   10.0800
 3.973   10.0230
 3.970   10.0740
 3.966   10.2300
 3.963   10.4960
 3.960   10.8810
 3.957   11.3920
 3.954   12.0320
 3.951   12.7870
 3.948   13.6270
 3.945   14.5060
 3.942   15.3680
 3.939   16.1550
 3.936   16.8300
 3.933   17.3760
 3.930   17.8040
 3.927   18.1470
 3.924   18.4460
 3.921   18.7420
 3.918   19.0610
 3.916   19.4140
 3.913   19.7990
 3.910   20.2020
 3.907   20.6030
 3.904   20.9840
 3.901   21.3250
 3.898   21.6160
 3.895   21.8520
 3.892   22.0390
 3.889   22.1900
 3.886   22.3170
 3.883   22.4350
 3.880   22.5540
 3.877   22.6810
 3.875   22.8220
 3.872   22.9830
 3.869   23.1730
 3.866   23.4000
 3.863   23.6720
 3.860   23.9900
 3.857   24.3490
 3.854   24.7390
 3.852   25.1480
 3.849   25.5660
 3.846   25.9920
 3.843   26.4290
 3.840   26.8840
 3.837   27.3640
 3.834   27.8650
 3.832   28.3750
 3.829   28.8750
 3.826   29.3400
 3.823   29.7560
 3.820   30.1220
 3.817   30.4580
 3.815   30.8040
 3.812   31.2110
 3.809   31.7310
 3.806   32.4040
 3.804   33.2440
 3.801   34.2420
 3.798   35.3620
 3.795   36.5550
 3.792   37.7650
 3.790   38.9430
 3.787   40.0530
 3.784   41.0750
 3.781   42.0040
 3.779   42.8470
 3.776   43.6200
 3.773   44.3400
 3.770   45.0270
 3.768   45.6900
 3.765   46.3400
 3.762   46.9770
 3.759   47.5990
 3.757   48.2010
 3.754   48.7770
 3.751   49.3210
 3.748   49.8250
 3.746   50.2850
 3.743   50.6950
 3.740   51.0500
 3.738   51.3500
 3.735   51.5970
 3.732   51.7940
 3.730   51.9500
 3.727   52.0740
 3.724   52.1740
 3.722   52.2570
 3.719   52.3270
 3.716   52.3890
 3.714   52.4400
 3.711   52.4790
 3.708   52.5050
 3.706   52.5190
 3.703   52.5230
 3.700   52.5260
 3.698   52.5340
 3.695   52.5560
 3.692   52.5940
 3.690   52.6460
 3.687   52.7040
 3.684   52.7590
 3.682   52.7990
 3.679   52.8190
 3.677   52.8180
 3.674   52.7960
 3.672   52.7600
 3.669   52.7170
 3.666   52.6710
 3.664   52.6250
 3.661   52.5820
 3.659   52.5410
 3.656   52.4990
 3.653   52.4540
 3.651   52.4030
 3.648   52.3420
 3.646   52.2730
 3.643   52.1970
 3.641   52.1160
 3.638   52.0350
 3.636   51.9560
 3.633   51.8780
 3.630   51.8000
 3.628   51.7190
 3.625   51.6310
 3.623   51.5360
 3.620   51.4330
 3.618   51.3230
 3.615   51.2080
 3.613   51.0860
 3.610   50.9550
 3.608   50.8140
 3.605   50.6610
 3.603   50.4910
 3.600   50.3040
 3.598   50.0970
 3.595   49.8640
 3.593   49.6010
 3.590   49.3000
 3.588   48.9540
 3.585   48.5640
 3.583   48.1390
 3.580   47.6990
 3.578   47.2690
 3.575   46.8800
 3.573   46.5490
 3.570   46.2830
 3.568   46.0660
 3.565   45.8720
 3.563   45.6680
 3.561   45.4250
 3.558   45.1250
 3.556   44.7690
 3.553   44.3620
 3.551   43.9160
 3.548   43.4370
 3.546   42.9200
 3.543   42.3500
 3.541   41.7040
 3.539   40.9540
 3.536   40.0740
 3.534   39.0420
 3.531   37.8520
 3.529   36.5110
 3.527   35.0480
 3.524   33.5110
 3.522   31.9610
 3.519   30.4650
 3.517   29.0760
 3.515   27.8340
 3.512   26.7470
 3.510   25.8040
 3.507   24.9720
 3.505   24.2170
 3.503   23.5040
 3.500   22.8100
 3.498   22.1240
 3.496   21.4430
 3.493   20.7720
 3.491   20.1180
 3.489   19.4950
 3.486   18.9200
 3.484   18.4200
 3.482   18.0330
 3.479   17.8050
 3.477   17.7770
 3.475   17.9770
 3.472   18.4010
 3.470   19.0120
 3.468   19.7410
 3.465   20.5030
 3.463   21.2140
 3.461   21.8140
 3.458   22.2740
 3.456   22.6040
 3.454   22.8340
 3.451   23.0090
 3.449   23.1710
 3.447   23.3510
 3.445   23.5620
 3.442   23.8060
 3.440   24.0730
 3.438   24.3470
 3.436   24.6110
 3.433   24.8500
 3.431   25.0540
 3.429   25.2170
 3.426   25.3400
 3.424   25.4280
 3.422   25.4870
 3.420   25.5230
 3.417   25.5390
 3.415   25.5380
 3.413   25.5200
 3.411   25.4860
 3.408   25.4410
 3.406   25.3890
 3.404   25.3370
 3.402   25.2880
 3.399   25.2440
 3.397   25.2030
 3.395   25.1620
 3.393   25.1150
 3.391   25.0610
 3.388   25.0030
 3.386   24.9450
 3.384   24.8930
 3.382   24.8490
 3.380   24.8110
 3.377   24.7690
 3.375   24.7090
 3.373   24.6150
 3.371   24.4700
 3.369   24.2580
 3.366   23.9690
 3.364   23.5970
 3.362   23.1510
 3.360   22.6530
 3.358   22.1490
 3.355   21.7070
 3.353   21.4140
 3.351   21.3610
 3.349   21.6220
 3.347   22.2340
 3.345   23.1820
 3.342   24.3950
 3.340   25.7600
 3.338   27.1470
 3.336   28.4360
 3.334   29.5400
 3.332   30.4150
 3.330   31.0590
 3.327   31.4980
 3.325   31.7690
 3.323   31.9130
 3.321   31.9650
 3.319   31.9530
 3.317   31.9070
 3.315   31.8600
 3.313   31.8510
 3.310   31.9230
 3.308   32.1150
 3.306   32.4590
 3.304   32.9650
 3.302   33.6210
 3.300   34.3890
 3.298   35.2110
 3.296   36.0230
 3.294   36.7650
 3.292   37.3920
 3.289   37.8850
 3.287   38.2450
 3.285   38.4930
 3.283   38.6540
 3.281   38.7590
 3.279   38.8280
 3.277   38.8770
 3.275   38.9130
 3.273   38.9410
 3.271   38.9600
 3.269   38.9710
 3.267   38.9740
 3.265   38.9720
 3.263   38.9670
 3.261   38.9620
 3.258   38.9580
 3.256   38.9510
 3.254   38.9400
 3.252   38.9210
 3.250   38.8900
 3.248   38.8490
 3.246   38.7990
 3.244   38.7430
 3.242   38.6810
 3.240   38.6160
 3.238   38.5480
 3.236   38.4800
 3.234   38.4130
 3.232   38.3480
 3.230   38.2890
 3.228   38.2350
 3.226   38.1850
 3.224   38.1390
 3.222   38.0950
 3.220   38.0500
 3.218   38.0000
 3.216   37.9420
 3.214   37.8750
 3.212   37.7990
 3.210   37.7170
 3.208   37.6300
 3.206   37.5400
 3.204   37.4490
 3.202   37.3550
 3.200   37.2590
 3.198   37.1580
 3.196   37.0550
 3.194   36.9490
 3.192   36.8400
 3.190   36.7270
 3.188   36.6100
 3.186   36.4890
 3.184   36.3660
 3.182   36.2420
 3.180   36.1190
 3.179   35.9980
 3.177   35.8760
 3.175   35.7510
 3.173   35.6170
 3.171   35.4730
 3.169   35.3170
 3.167   35.1520
 3.165   34.9800
 3.163   34.8070
 3.161   34.6340
 3.159   34.4670
 3.157   34.3060
 3.155   34.1540
 3.153   34.0100
 3.152   33.8730
 3.150   33.7430
 3.148   33.6140
 3.146   33.4860
 3.144   33.3580
 3.142   33.2300
 3.140   33.1060
 3.138   32.9870
 3.136   32.8760
 3.134   32.7710
 3.132   32.6700
 3.131   32.5660
 3.129   32.4540
 3.127   32.3310
 3.125   32.1950
 3.123   32.0500
 3.121   31.9010
 3.119   31.7540
 3.117   31.6150
 3.115   31.4890
 3.114   31.3760
 3.112   31.2740
 3.110   31.1800
 3.108   31.0880
 3.106   30.9960
 3.104   30.9000
 3.102   30.8020
 3.101   30.7050
 3.099   30.6160
 3.097   30.5390
 3.095   30.4740
 3.093   30.4210
 3.091   30.3720
 3.090   30.3210
 3.088   30.2660
 3.086   30.2040
 3.084   30.1390
 3.082   30.0720
 3.080   30.0060
 3.079   29.9400
 3.077   29.8740
 3.075   29.8060
 3.073   29.7360
 3.071   29.6630
 3.069   29.5870
 3.067   29.5060
 3.066   29.4220
 3.064   29.3330
 3.062   29.2410
 3.060   29.1480
 3.059   29.0550
 3.057   28.9630
 3.055   28.8730
 3.053   28.7840
 3.051   28.6950
 3.050   28.6030
 3.048   28.5070
 3.046   28.4100
 3.044   28.3120
 3.042   28.2150
 3.041   28.1220
 3.039   28.0320
 3.037   27.9430
 3.035   27.8540
 3.033   27.7620
 3.032   27.6670
 3.030   27.5700
 3.028   27.4740
 3.026   27.3800
 3.025   27.2870
 3.023   27.1930
 3.021   27.0960
 3.019   26.9940
 3.018   26.8870
 3.016   26.7780
 3.014   26.6690
 3.012   26.5620
 3.011   26.4600
 3.009   26.3600
 3.007   26.2600
 3.005   26.1590
 3.004   26.0550
 3.002   25.9480
 3.000   25.8380
 2.998   25.7290
 2.997   25.6220
 2.995   25.5170
 2.993   25.4150
 2.991   25.3160
 2.990   25.2160
 2.988   25.1150
 2.986   25.0110
 2.985   24.9070
 2.983   24.8040
 2.981   24.7020
 2.979   24.6050
 2.978   24.5100
 2.976   24.4150
 2.974   24.3190
 2.973   24.2200
 2.971   24.1180
 2.969   24.0140
 2.967   23.9100
 2.966   23.8060
 2.964   23.7040
 2.962   23.6030
 2.961   23.5030
 2.959   23.4040
 2.957   23.3060
 2.956   23.2090
 2.954   23.1160
 2.952   23.0280
 2.951   22.9450
 2.949   22.8670
 2.947   22.7940
 2.946   22.7220
 2.944   22.6500
 2.942   22.5770
 2.941   22.5050
 2.939   22.4330
 2.937   22.3650
 2.936   22.3030
 2.934   22.2470
 2.932   22.1970
 2.931   22.1510
 2.929   22.1070
 2.927   22.0630
 2.926   22.0190
 2.924   21.9770
 2.922   21.9390
 2.921   21.9080
 2.919   21.8860
 2.917   21.8710
 2.916   21.8610
 2.914   21.8530
 2.912   21.8450
 2.911   21.8350
 2.909   21.8220
 2.908   21.8070
 2.906   21.7910
 2.904   21.7770
 2.903   21.7650
 2.901   21.7560
 2.899   21.7490
 2.898   21.7430
 2.896   21.7390
 2.895   21.7340
 2.893   21.7290
 2.891   21.7260
 2.890   21.7240
 2.888   21.7260
 2.886   21.7300
 2.885   21.7380
 2.883   21.7460
 2.882   21.7530
 2.880   21.7560
 2.878   21.7530
 2.877   21.7430
 2.875   21.7260
 2.874   21.7040
 2.872   21.6780
 2.870   21.6500
 2.869   21.6230
 2.867   21.5940
 2.866   21.5640
 2.864   21.5320
 2.863   21.4980
 2.861   21.4610
 2.859   21.4220
 2.858   21.3830
 2.856   21.3420
 2.855   21.3000
 2.853   21.2560
 2.852   21.2080
 2.850   21.1560
 2.848   21.0980
 2.847   21.0350
 2.845   20.9650
 2.844   20.8920
 2.842   20.8150
 2.841   20.7350
 2.839   20.6510
 2.837   20.5600
 2.836   20.4610
 2.834   20.3520
 2.833   20.2320
 2.831   20.1040
 2.830   19.9680
 2.828   19.8280
 2.827   19.6870
 2.825   19.5450
 2.824   19.4040
 2.822   19.2650
 2.821   19.1280
 2.819   18.9940
 2.817   18.8650
 2.816   18.7400
 2.814   18.6240
 2.813   18.5140
 2.811   18.4130
 2.810   18.3200
 2.808   18.2340
 2.807   18.1590
 2.805   18.0990
 2.804   18.0600
 2.802   18.0460
 2.801   18.0610
 2.799   18.1010
 2.798   18.1570
 2.796   18.2170
 2.795   18.2680
 2.793   18.3020
 2.792   18.3170
 2.790   18.3150
 2.789   18.3030
 2.787   18.2890
 2.786   18.2750
 2.784   18.2630
 2.783   18.2480
 2.781   18.2240
 2.780   18.1870
 2.778   18.1340
 2.777   18.0680
 2.775   17.9930
 2.774   17.9210
 2.772   17.8620
 2.771   17.8260
 2.769   17.8170
 2.768   17.8320
 2.766   17.8580
 2.765   17.8770
 2.763   17.8670
 2.762   17.8110
 2.761   17.6980
 2.759   17.5250
 2.757   17.2960
 2.756   17.0180
 2.755   16.6970
 2.753   16.3420
 2.752   15.9560
 2.750   15.5470
 2.749   15.1270
 2.747   14.7110
 2.746   14.3210
 2.744   13.9800
 2.743   13.7060
 2.741   13.5110
 2.740   13.3910
 2.739   13.3320
 2.737   13.3070
 2.736   13.2850
 2.734   13.2410
 2.733   13.1580
 2.731   13.0340
 2.730   12.8740
 2.728   12.6880
 2.727   12.4790
 2.726   12.2410
 2.724   11.9630
 2.723   11.6280
 2.721   11.2280
 2.720   10.7670
 2.719   10.2690
 2.717    9.7734
 2.716    9.3410
 2.714    9.0376
 2.713    8.9201
 2.711    9.0227
 2.710    9.3431
 2.708    9.8463
 2.707   10.4840
 2.706   11.2320
 2.704   12.1240
 2.703   13.2550
 2.701   14.7620
 2.700   16.7600
 2.699   19.2920
 2.697   22.2830
 2.696   25.5480
 2.695   28.8440
 2.693   31.9480
 2.692   34.7080
 2.690   37.0760
 2.689   39.0890
 2.688   40.8400
 2.686   42.4310
 2.685   43.9420
 2.683   45.4230
 2.682   46.8990
 2.680   48.3710
 2.679   49.8210
 2.678   51.2160
 2.676   52.5120
 2.675   53.6640
 2.674   54.6370
 2.672   55.4210
 2.671   56.0340
 2.670   56.5160
 2.668   56.9130
 2.667   57.2640
 2.665   57.5930
 2.664   57.9040
 2.663   58.1850
 2.661   58.4170
 2.660   58.5900
 2.659   58.7020
 2.657   58.7640
 2.656   58.7950
 2.655   58.8260
 2.653   58.8840
 2.652   58.9880
 2.650   59.1500
 2.649   59.3670
 2.648   59.6280
 2.646   59.9120
 2.645   60.2010
 2.644   60.4770
 2.642   60.7260
 2.641   60.9380
 2.640   61.1070
 2.638   61.2250
 2.637   61.2890
 2.636   61.3030
 2.634   61.2810
 2.633   61.2420
 2.632   61.2080
 2.630   61.1980
 2.629   61.2190
 2.627   61.2620
 2.626   61.3090
 2.625   61.3390
 2.624   61.3350
 2.622   61.2960
 2.621   61.2310
 2.620   61.1620
 2.618   61.1110
 2.617   61.0850
 2.616   61.0850
 2.614   61.0950
 2.613   61.0930
 2.612   61.0590
 2.610   60.9890
 2.609   60.8980
 2.608   60.8080
 2.606   60.7460
 2.605   60.7300
 2.604   60.7550
 2.603   60.7960
 2.601   60.8140
 2.600   60.7840
 2.599   60.6970
 2.597   60.5730
 2.596   60.4450
 2.595   60.3470
 2.593   60.2920
 2.592   60.2670
 2.591   60.2390
 2.590   60.1780
 2.588   60.0710
 2.587   59.9290
 2.586   59.7790
 2.584   59.6540
 2.583   59.5760
 2.582   59.5450
 2.580   59.5390
 2.579   59.5320
 2.578   59.4990
 2.577   59.4300
 2.575   59.3280
 2.574   59.2070
 2.573   59.0810
 2.571   58.9570
 2.570   58.8310
 2.569   58.6890
 2.568   58.5210
 2.566   58.3190
 2.565   58.0900
 2.564   57.8500
 2.563   57.6210
 2.561   57.4230
 2.560   57.2660
 2.559   57.1470
 2.558   57.0550
 2.556   56.9740
 2.555   56.8890
 2.554   56.7930
 2.553   56.6790
 2.551   56.5470
 2.550   56.3950
 2.549   56.2230
 2.547   56.0320
 2.546   55.8250
 2.545   55.6080
 2.544   55.3910
 2.543   55.1850
 2.541   54.9980
 2.540   54.8390
 2.539   54.7130
 2.538   54.6220
 2.536   54.5670
 2.535   54.5470
 2.534   54.5570
 2.533   54.5890
 2.531   54.6320
 2.530   54.6750
 2.529   54.7100
 2.528   54.7290
 2.526   54.7330
 2.525   54.7210
 2.524   54.6940
 2.523   54.6530
 2.522   54.6010
 2.520   54.5380
 2.519   54.4660
 2.518   54.3890
 2.517   54.3110
 2.515   54.2340
 2.514   54.1610
 2.513   54.0920
 2.512   54.0290
 2.511   53.9780
 2.509   53.9460
 2.508   53.9440
 2.507   53.9820
 2.506   54.0670
 2.504   54.1970
 2.503   54.3670
 2.502   54.5650
 2.501   54.7770
 2.500   54.9920
 2.498   55.2020
 2.497   55.4060
 2.496   55.6040
 2.495   55.8000
 2.494   55.9910
 2.492   56.1730
 2.491   56.3360
 2.490   56.4670
 2.489   56.5580
 2.488   56.6080
 2.486   56.6230
 2.485   56.6190
 2.484   56.6180
 2.483   56.6410
 2.482   56.7040
 2.481   56.8150
 2.479   56.9730
 2.478   57.1720
 2.477   57.3980
 2.476   57.6380
 2.474   57.8810
 2.473   58.1200
 2.472   58.3520
 2.471   58.5750
 2.470   58.7880
 2.469   58.9900
 2.467   59.1770
 2.466   59.3470
 2.465   59.4980
 2.464   59.6330
 2.463   59.7510
 2.462   59.8550
 2.460   59.9460
 2.459   60.0200
 2.458   60.0760
 2.457   60.1110
 2.456   60.1260
 2.455   60.1230
 2.454   60.1050
 2.452   60.0740
 2.451   60.0310
 2.450   59.9750
 2.449   59.9050
 2.448   59.8190
 2.446   59.7220
 2.445   59.6170
 2.444   59.5090
 2.443   59.4050
 2.442   59.3110
 2.441   59.2320
 2.440   59.1750
 2.438   59.1430
 2.437   59.1440
 2.436   59.1820
 2.435   59.2590
 2.434   59.3750
 2.433   59.5280
 2.432   59.7060
 2.430   59.8970
 2.429   60.0830
 2.428   60.2500
 2.427   60.3860
 2.426   60.4870
 2.425   60.5560
 2.424   60.5980
 2.422   60.6230
 2.421   60.6360
 2.420   60.6390
 2.419   60.6340
 2.418   60.6220
 2.417   60.6070
 2.416   60.5940
 2.415   60.5910
 2.414   60.6050
 2.412   60.6370
 2.411   60.6860
 2.410   60.7420
 2.409   60.7990
 2.408   60.8480
 2.407   60.8850
 2.406   60.9100
 2.405   60.9260
 2.403   60.9380
 2.402   60.9500
 2.401   60.9640
 2.400   60.9830
 2.399   61.0060
 2.398   61.0330
 2.397   61.0650
 2.396   61.1060
 2.394   61.1570
 2.393   61.2190
 2.392   61.2910
 2.391   61.3650
 2.390   61.4350
 2.389   61.4920
 2.388   61.5340
 2.387   61.5620
 2.386   61.5820
 2.385   61.6010
 2.384   61.6230
 2.382   61.6480
 2.381   61.6710
 2.380   61.6850
 2.379   61.6880
 2.378   61.6780
 2.377   61.6570
 2.376   61.6330
 2.375   61.6100
 2.374   61.5960
 2.373   61.5960
 2.372   61.6140
 2.370   61.6530
 2.369   61.7140
 2.368   61.7910
 2.367   61.8790
 2.366   61.9650
 2.365   62.0390
 2.364   62.0920
 2.363   62.1190
 2.362   62.1160
 2.361   62.0830
 2.360   62.0170
 2.359   61.9180
 2.357   61.7850
 2.356   61.6210
 2.355   61.4300
 2.354   61.2170
 2.353   60.9880
 2.352   60.7410
 2.351   60.4710
 2.350   60.1730
 2.349   59.8360
 2.348   59.4600
 2.347   59.0470
 2.346   58.6050
 2.345   58.1450
 2.344   57.6810
 2.343   57.2250
 2.341   56.7870
 2.341   56.3790
 2.339   56.0160
 2.338   55.7130
 2.337   55.4840
 2.336   55.3400
 2.335   55.2790
 2.334   55.2890
 2.333   55.3450
 2.332   55.4180
 2.331   55.4770
 2.330   55.5030
 2.329   55.4900
 2.328   55.4490
 2.327   55.4010
 2.326   55.3750
 2.325   55.3930
 2.324   55.4730
 2.323   55.6180
 2.322   55.8230
 2.321   56.0720
 2.320   56.3490
 2.318   56.6350
 2.317   56.9160
 2.316   57.1850
 2.315   57.4370
 2.314   57.6740
 2.313   57.9020
 2.312   58.1220
 2.311   58.3370
 2.310   58.5460
 2.309   58.7490
 2.308   58.9420
 2.307   59.1230
 2.306   59.2920
 2.305   59.4500
 2.304   59.5980
 2.303   59.7410
 2.302   59.8790
 2.301   60.0140
 2.300   60.1460
 2.299   60.2690
 2.298   60.3820
 2.297   60.4810
 2.296   60.5680
 2.295   60.6450
 2.294   60.7180
 2.293   60.7910
 2.292   60.8710
 2.291   60.9610
 2.290   61.0630
 2.289   61.1760
 2.288   61.2990
 2.287   61.4250
 2.286   61.5480
 2.285   61.6570
 2.284   61.7490
 2.283   61.8210
 2.282   61.8760
 2.281   61.9180
 2.280   61.9480
 2.279   61.9660
 2.278   61.9700
 2.277   61.9590
 2.276   61.9340
 2.275   61.9050
 2.274   61.8850
 2.273   61.8910
 2.272   61.9380
 2.271   62.0360
 2.270   62.1880
 2.269   62.3900
 2.268   62.6310
 2.267   62.8970
 2.266   63.1700
 2.265   63.4330
 2.264   63.6730
 2.263   63.8800
 2.262   64.0490
 2.261   64.1840
 2.260   64.2890
 2.259   64.3700
 2.258   64.4290
 2.257   64.4700
 2.256   64.4920
 2.255   64.4980
 2.254   64.4950
 2.253   64.4890
 2.252   64.4900
 2.251   64.5040
 2.250   64.5340
 2.249   64.5750
 2.248   64.6200
 2.247   64.6640
 2.246   64.7000
 2.245   64.7320
 2.244   64.7650
 2.243   64.8070
 2.242   64.8650
 2.241   64.9430
 2.240   65.0400
 2.239   65.1550
 2.238   65.2840
 2.237   65.4240
 2.236   65.5740
 2.236   65.7350
 2.235   65.9010
 2.234   66.0680
 2.233   66.2290
 2.232   66.3770
 2.231   66.5100
 2.230   66.6280
 2.229   66.7370
 2.228   66.8380
 2.227   66.9350
 2.226   67.0230
 2.225   67.1010
 2.224   67.1620
 2.223   67.2060
 2.222   67.2340
 2.221   67.2550
 2.220   67.2760
 2.219   67.3030
 2.218   67.3420
 2.217   67.3920
 2.216   67.4490
 2.216   67.5070
 2.215   67.5590
 2.214   67.6020
 2.213   67.6330
 2.212   67.6540
 2.211   67.6650
 2.210   67.6710
 2.209   67.6750
 2.208   67.6810
 2.207   67.6910
 2.206   67.7070
 2.205   67.7280
 2.204   67.7510
 2.203   67.7740
 2.202   67.7930
 2.201   67.8060
 2.200   67.8110
 2.200   67.8070
 2.199   67.7990
 2.198   67.7880
 2.197   67.7780
 2.196   67.7720
 2.195   67.7730
 2.194   67.7840
 2.193   67.8020
 2.192   67.8260
 2.191   67.8500
 2.190   67.8710
 2.189   67.8840
 2.188   67.8890
 2.187   67.8880
 2.187   67.8870
 2.186   67.8870
 2.185   67.8900
 2.184   67.8940
 2.183   67.8970
 2.182   67.8970
 2.181   67.8940
 2.180   67.8930
 2.179   67.8940
 2.178   67.8970
 2.177   67.9000
 2.176   67.8990
 2.176   67.8890
 2.175   67.8720
 2.174   67.8500
 2.173   67.8290
 2.172   67.8120
 2.171   67.8020
 2.170   67.7990
 2.169   67.8010
 2.168   67.8040
 2.167   67.8060
 2.166   67.8080
 2.166   67.8080
 2.165   67.8070
 2.164   67.8060
 2.163   67.8060
 2.162   67.8070
 2.161   67.8080
 2.160   67.8060
 2.159   67.8000
 2.158   67.7850
 2.157   67.7590
 2.156   67.7230
 2.156   67.6800
 2.155   67.6350
 2.154   67.5950
 2.153   67.5650
 2.152   67.5480
 2.151   67.5390
 2.150   67.5350
 2.149   67.5300
 2.148   67.5210
 2.148   67.5050
 2.147   67.4810
 2.146   67.4500
 2.145   67.4100
 2.144   67.3630
 2.143   67.3090
 2.142   67.2560
 2.141   67.2110
 2.140   67.1810
 2.140   67.1690
 2.139   67.1700
 2.138   67.1740
 2.137   67.1650
 2.136   67.1340
 2.135   67.0810
 2.134   67.0160
 2.133   66.9560
 2.132   66.9180
 2.132   66.9160
 2.131   66.9510
 2.130   67.0150
 2.129   67.0930
 2.128   67.1710
 2.127   67.2370
 2.126   67.2810
 2.126   67.3050
 2.125   67.3130
 2.124   67.3100
 2.123   67.3060
 2.122   67.3030
 2.121   67.3020
 2.120   67.3020
 2.119   67.2980
 2.119   67.2850
 2.118   67.2610
 2.117   67.2290
 2.116   67.1920
 2.115   67.1550
 2.114   67.1220
 2.113   67.0980
 2.112   67.0830
 2.112   67.0800
 2.111   67.0910
 2.110   67.1160
 2.109   67.1550
 2.108   67.2050
 2.107   67.2590
 2.107   67.3090
 2.106   67.3460
 2.105   67.3660
 2.104   67.3680
 2.103   67.3560
 2.102   67.3400
 2.101   67.3290
 2.100   67.3310
 2.100   67.3480
 2.099   67.3780
 2.098   67.4120
 2.097   67.4420
 2.096   67.4590
 2.095   67.4640
 2.095   67.4630
 2.094   67.4650
 2.093   67.4790
 2.092   67.5050
 2.091   67.5410
 2.090   67.5770
 2.090   67.6070
 2.089   67.6270
 2.088   67.6450
 2.087   67.6620
 2.086   67.6820
 2.085   67.7130
 2.084   67.7270
 2.084   67.7460
 2.083   67.7720
 2.082   67.7330
 2.081   67.8530
 2.080   67.8850
 2.079   67.8820
 2.076   67.8820
 2.072   67.9760
 2.068   67.9200
 2.064   68.1100
 2.060   68.2430
 2.056   68.1100
 2.052   68.0540
 2.048   67.8850
 2.044   67.7350
 2.040   67.3030
 2.036   67.0430
 2.032   66.7700
 2.028   66.6070
 2.024   66.5680
 2.020   66.5830
 2.016   66.4350
 2.012   66.0870
 2.008   65.7930
 2.004   65.6870
 2.000   65.2630
 1.996   65.0130
 1.992   64.9720
 1.988   64.8680
 1.984   64.5900
 1.980   64.3940
 1.976   64.1480
 1.972   64.0040
 1.968   64.0450
 1.964   63.9430
 1.960   63.7280
 1.956   63.8710
 1.952   64.0040
 1.948   63.9530
 1.944   63.7690
 1.940   63.6360
 1.936   63.6560
 1.932   63.6680
 1.928   63.4670
 1.924   63.8070
 1.920   63.6210
 1.916   63.5690
 1.912   63.8490
 1.908   64.0360
 1.904   64.3170
 1.900   64.6480
 1.896   64.7740
 1.892   65.0640
 1.888   65.4620
 1.884   65.3470
 1.880   65.9200
 1.876   66.2620
 1.872   66.4400
 1.868   66.1770
 1.864   66.2940
 1.860   66.3680
 1.856   66.2830
 1.852   66.5400
 1.848   66.5110
 1.844   66.5680
 1.840   66.7340
 1.836   66.8020
 1.832   66.9560
 1.828   66.9560
 1.824   66.7150
 1.820   66.6190
 1.816   66.6570
 1.812   66.5010
 1.808   66.4490
 1.804   66.6950
 1.800   66.6050
 1.796   66.3460
 1.792   66.4490
 1.788   66.3220
 1.784   66.4110
 1.780   66.6050
 1.776   66.5010
 1.772   66.2190
 1.768   66.0680
 1.764   66.0680
 1.760   65.8990
 1.756   66.1160
 1.752   65.9620
 1.748   65.9490
 1.744   66.1910
 1.740   65.9370
 1.736   66.4020
 1.732   66.2880
 1.728   66.1210
 1.724   66.0300
 1.720   66.2880
 1.716   66.2980
 1.712   66.6190
 1.708   66.5240
 1.704   66.7180
 1.700   66.2010
 1.696   66.3550
 1.692   66.2010
 1.688   66.5720
 1.684   65.9460
 1.680   66.2560
 1.676   66.3970
 1.672   66.3170
 1.668   66.3040
 1.664   66.2660
 1.660   66.2280
 1.656   66.0360
 1.652   65.5140
 1.648   65.5770
 1.644   66.0380
 1.640   65.6530
 1.636   65.4740
 1.632   65.6270
 1.628   65.5250
 1.624   65.6020
 1.620   65.6790
 1.616   65.4760
 1.612   65.4250
 1.608   65.8190
 1.604   65.8070
 1.600   65.6780
 1.596   65.7040
 1.592   65.5880
 1.588   65.3580
 1.584   65.4990
 1.580   65.7040
 1.576   65.5290
 1.572   65.6970
 1.568   65.4930
 1.564   65.2280
 1.560   64.9780
 1.556   64.9670
 1.552   65.1670
 1.548   65.3680
 1.544   64.7830
 1.540   64.0030
 1.536   64.3590
 1.532   64.5980
 1.528   64.9170
 1.524   64.9450
 1.520   64.3880
 1.516   64.4670
 1.512   64.7940
 1.508   65.2480
 1.504   65.1920
 1.500   65.0690
 1.496   64.8060
 1.492   63.8690
 1.488   63.7610
 1.484   63.7520
 1.480   63.7340
 1.476   63.6370
 1.472   63.5880
 1.468   63.9990
 1.464   64.1980
 1.460   63.9990
 1.456   64.1290
 1.452   63.5330
 1.448   63.1180
 1.444   63.0450
 1.440   63.0280
 1.436   63.0360
 1.432   63.1340
 1.428   63.0360
 1.424   62.9790
 1.420   62.9310
 1.416   62.8410
 1.412   62.6340
 1.408   62.4230
 1.404   62.0290
 1.400   61.7640
 1.396   61.1740
 1.392   59.8020
 1.388   58.5290
 1.384   57.7610
 1.380   58.1180
 1.376   59.3530
 1.372   60.0290
 1.368   61.5030
 1.364   62.1970
 1.360   62.5080
 1.356   62.4100
 1.352   62.5870
 1.348   62.3890
 1.344   62.5600
 1.340   62.5000
 1.336   62.3290
 1.332   62.5250
 1.328   62.6210
 1.324   62.3210
 1.320   62.2700
 1.316   62.1420
 1.312   62.0950
 1.308   62.0950
 1.304   61.9110
 1.300   61.9110
 1.296   61.8220
 1.292   61.7850
 1.288   61.6110
 1.284   61.4870
 1.280   61.3670
 1.276   61.6530
 1.272   61.4710
 1.268   61.6140
 1.264   61.4440
 1.260   61.4440
 1.256   61.2580
 1.252   61.0750
 1.248   61.2100
 1.244   60.9270
 1.240   60.7540
 1.236   60.8010
 1.232   60.7570
 1.228   60.8540
 1.224   60.4850
 1.220   60.8010
 1.216   60.8950
 1.212   60.5730
 1.208   60.2070
 1.204   60.4780
 1.200   60.5680
 1.196   60.5310
 1.192   60.4820
 1.188   60.2740
 1.184   60.2290
 1.180   60.1830
 1.176   60.2260
 1.172   60.1350
 1.168   60.1350
 1.164   59.8760
 1.160   59.9130
 1.156   59.7800
 1.152   59.4300
 1.148   59.6480
 1.144   59.6030
 1.140   59.6480
 1.136   59.4300
 1.132   59.1130
 1.128   59.4300
 1.124   59.5660
 1.120   59.2120
 1.116   58.9840
 1.112   59.8030
 1.108   59.8480
 1.104   59.5740
 1.100   59.0670
 1.096   59.6200
 1.092   59.3480
 1.088   59.4830
 1.084   59.3920
 1.080   59.0770
 1.076   58.9400
 1.072   58.5890
 1.068   58.4070
 1.064   59.1780
 1.060   59.4470
 1.056   59.0900
 1.052   58.7330
 1.048   58.9730
 1.044   59.2680
 1.040   59.2210
 1.036   59.2650
 1.032   58.9930
 1.028   59.0850
 1.024   59.1750
 1.020   59.3560
 1.016   59.4920
 1.012   58.9970
 1.008   58.8140
 1.004   58.9030
 1.000   58.8610
 0.996   58.6720
 0.992   59.0200
 0.988   58.9540
 0.984   58.8090
 0.980   58.9470
 0.976   58.4910
 0.972   58.6790
 0.968   58.6260
 0.964   58.8040
 0.960   58.8070
 0.956   58.6700
 0.952   58.6270
 0.948   58.5370
 0.944   58.4470
 0.940   58.4490
 0.936   58.3610
 0.932   58.5850
 0.928   58.3210
 0.924   58.4450
 0.920   58.1420
 0.916   58.3570
 0.912   58.2240
 0.908   58.2220
 0.904   58.1350
 0.900   58.1320
 0.896   58.0890
 0.892   57.9100
 0.888   57.9540
 0.884   57.8620
 0.880   57.8520
 0.876   57.8930
 0.872   58.0200
 0.868   57.7520
 0.864   57.8840
 0.860   57.9550
 0.856   57.6500
 0.852   57.6940
 0.848   57.5840
 0.844   57.6440
 0.840   57.6440
 0.836   57.6830
 0.832   57.5130
 0.828   57.4690
 0.824   57.7910
 0.820   57.8740
 0.816   57.7580
 0.812   57.5400
 0.808   57.9880
 0.804   57.9000
 0.800   57.9000
 0.799   57.1560
 0.798   57.1560
 0.797   57.2040
 0.796   57.2050
 0.795   57.3020
 0.794   57.2510
 0.793   56.8150
 0.792   56.8640
 0.791   56.8120
 0.790   57.0080
 0.789   56.8640
 0.788   56.6690
 0.787   57.0090
 0.786   56.9600
 0.785   57.0590
 0.784   57.1530
 0.783   56.9590
 0.782   56.5240
 0.781   56.2300
 0.780   56.8610
 0.779   56.8130
 0.778   56.5210
 0.777   56.4230
 0.776   56.4750
 0.775   56.3750
 0.774   56.1820
 0.773   56.1820
 0.772   56.4210
 0.771   56.4240
 0.770   55.7050
 0.769   55.5100
 0.768   55.9370
 0.767   56.3240
 0.766   56.4210
 0.765   56.2760
 0.764   56.7050
 0.763   56.6640
 0.762   56.0840
 0.761   56.2690
 0.760   55.6460
 0.759   55.8900
 0.758   55.9860
 0.757   55.8900
 0.756   55.7910
 0.755   56.2750
 0.754   56.0260
 0.753   55.5510
 0.752   55.8890
 0.751   55.9850
 0.750   55.5030
 0.749   55.7910
 0.748   55.9850
 0.747   55.9850
 0.746   55.5020
 0.745   55.6940
 0.744   55.7370
 0.743   54.9270
 0.742   55.2050
 0.741   55.7300
 0.740   55.7320
 0.739   55.4960
 0.738   55.7880
 0.737   55.5970
 0.736   55.3510
 0.735   55.3060
 0.734   55.4960
 0.733   55.5400
 0.732   55.8290
 0.731   55.7340
 0.730   55.4970
 0.729   55.8810
 0.728   55.6360
 0.727   55.2960
 0.726   55.4400
 0.725   55.7330
 0.724   55.4430
 0.723   55.4430
 0.722   55.4910
 0.721   55.8800
 0.720   55.5410
 0.719   55.8270
 0.718   56.0730
 0.717   56.2190
 0.716   55.8270
 0.715   55.4390
 0.714   55.4390
 0.713   55.5380
 0.712   55.7770
 0.711   55.2890
 0.710   55.5800
 0.709   55.4350
 0.708   55.6300
 0.707   55.2430
 0.706   55.3390
 0.705   55.4850
 0.704   55.5320
 0.703   55.5800
 0.702   55.5800
 0.701   55.1930
 0.700   55.5310
 0.699   55.9710
 0.698   55.6680
 0.697   56.0200
 0.696   55.8200
 0.695   55.7190
 0.694   55.9200
 0.693   56.0700
 0.692   55.7210
 0.691   56.0200
 0.690   56.1700
 0.689   56.2210
 0.688   56.0200
 0.687   55.8200
 0.686   55.8200
 0.685   55.9190
 0.684   55.9200
 0.683   55.9200
 0.682   55.9700
 0.681   56.0700
 0.680   56.0200
 0.679   56.1700
 0.678   56.5210
 0.677   55.9200
 0.676   56.1200
 0.675   56.2710
 0.674   56.2710
 0.673   56.3720
 0.672   55.9700
 0.671   56.3720
 0.670   56.2210
 0.669   56.1710
 0.668   55.9190
 0.667   56.1200
 0.666   56.1700
 0.665   56.0200
 0.664   55.7700
 0.663   55.8200
 0.662   56.1700
 0.661   56.2710
 0.660   56.3720
 0.659   56.8290
 0.658   56.8290
 0.657   56.6250
 0.656   56.3720
 0.655   56.2210
 0.654   56.0200
 0.653   56.1200
 0.652   56.1200
 0.651   56.4200
 0.650   56.3190
 0.649   55.9710
 0.648   56.2690
 0.647   56.7230
 0.646   57.1330
 0.645   57.0310
 0.644   57.1330
 0.643   56.9290
 0.642   56.6730
 0.641   56.5210
 0.640   56.9800
 0.639   57.0810
 0.638   56.8240
 0.637   56.6700
 0.636   56.7180
 0.635   56.5700
 0.634   56.6210
 0.633   56.6700
 0.632   56.6200
 0.631   56.6720
 0.630   56.6210
 0.629   56.9190
 0.628   56.9680
 0.627   56.7690
 0.626   56.7190
 0.625   56.8740
 0.624   56.7220
 0.623   56.6700
 0.622   56.5690
 0.621   56.7170
 0.620   56.9250
 0.619   56.8810
 0.618   57.1400
 0.617   57.2880
 0.616   57.1330
 0.615   57.0300
 0.614   56.9250
 0.613   57.0210
 0.612   57.5340
 0.611   57.8410
 0.610   57.6870
 0.609   57.6350
 0.608   57.5830
 0.607   57.2800
 0.606   57.0790
 0.605   57.1300
 0.604   57.0290
 0.603   57.1330
 0.602   57.1870
 0.601   56.9360
 0.600   57.1460
 0.599   57.4070
 0.598   57.0960
 0.597   57.0500
 0.596   57.1040
 0.595   56.9440
 0.594   56.7900
 0.593   56.8990
 0.592   57.1080
 0.591   57.0550
 0.590   57.0520
 0.589   56.8970
 0.588   57.1080
 0.587   57.0020
 0.586   57.2110
 0.585   57.4740
 0.584   56.7880
 0.583   56.9980
 0.582   56.7900
 0.581   56.4290
 0.580   57.1030
 0.579   57.3120
 0.578   57.4660
 0.577   57.0490
 0.576   56.8430
 0.575   56.8950
 0.574   57.5100
 0.573   57.4980
 0.572   57.2340
 0.571   57.7470
 0.570   57.5370
 0.569   57.1810
 0.568   57.0810
 0.567   56.7800
 0.566   56.9340
 0.565   56.8830
 0.564   56.7800
 0.563   56.8850
 0.562   56.7310
 0.561   56.6300
 0.560   56.7380
 0.559   56.5330
 0.558   56.5330
 0.557   56.7290
 0.556   56.5350
 0.555   56.2420
 0.554   56.3380
 0.553   56.4350
 0.552   56.4820
 0.551   56.3300
 0.550   56.0780
 0.549   56.6690
 0.548   55.9780
 0.547   55.9300
 0.546   56.0710
 0.545   56.2690
 0.544   56.0740
 0.543   56.4670
 0.542   56.7170
 0.541   56.3150
 0.540   56.3150
 0.539   56.3560
 0.538   56.6090
 0.537   56.3590
 0.536   56.0560
 0.535   56.0070
 0.534   56.0040
 0.533   55.6200
 0.532   55.1870
 0.531   55.0400
 0.530   54.7370
 0.529   54.6730
 0.528   54.9560
 0.527   54.5070
 0.526   54.8070
 0.525   55.3100
 0.524   55.1040
 0.523   55.1620
 0.522   55.4110
 0.521   55.1620
 0.520   55.1460
 0.519   55.2990
 0.518   54.9560
 0.517   55.0030
 0.516   54.7550
 0.515   54.6950
 0.514   54.3520
 0.513   54.4990
 0.512   54.5200
 0.511   54.3730
 0.510   54.1580
 0.509   53.8660
 0.508   54.2980
 0.507   54.5800
 0.506   54.3290
 0.505   54.2900
 0.504   54.1820
 0.503   54.4160
 0.502   53.9260
 0.501   54.1140
 0.500   54.2610
 0.499   53.6940
 0.498   53.2820
 0.497   52.8230
 0.496   53.0450
 0.495   53.0800
 0.494   52.8890
 0.493   53.1260
 0.492   52.9490
 0.491   53.2800
 0.490   53.0500
 0.489   52.7450
 0.488   52.8900
 0.487   52.5190
 0.486   52.2040
 0.485   52.4360
 0.484   52.6420
 0.483   52.7780
 0.482   52.4510
 0.481   52.0460
 0.480   52.0360
 0.479   51.9210
 0.478   52.2600
 0.477   51.4660
 0.476   51.4370
 0.475   51.3500
 0.474   51.4090
 0.473   51.1150
 0.472   50.9260
 0.471   50.5930
 0.470   50.3900
 0.469   49.8920
 0.468   49.7380
 0.467   49.1660
 0.466   49.2070
 0.465   48.6200
 0.464   48.5590
 0.463   48.3960
 0.462   48.2120
 0.461   47.7050
 0.460   47.2030
 0.459   48.5720
 0.458   48.6130
 0.457   48.4270
 0.456   48.3020
 0.455   48.0780
 0.454   48.2400
 0.453   47.8770
 0.452   47.8290
 0.451   47.6710
 0.450   47.9720
 0.449   47.9890
 0.448   47.6610
 0.447   47.3920
 0.446   47.5220
 0.445   47.2080
 0.444   47.2120
 0.443   46.5800
 0.442   46.7300
 0.441   47.2220
 0.440   47.0070
 0.439   46.7730
 0.438   46.7190
 0.437   46.3630
 0.436   46.6800
 0.435   46.4440
 0.434   46.6480
 0.433   46.6050
 0.432   46.6440
 0.431   46.6540
 0.430   46.8370
 0.429   46.8430
 0.428   46.4110
 0.427   46.4580
 0.426   46.5440
 0.425   46.2490
 0.424   46.3240
 0.423   46.7370
 0.422   46.3800
 0.421   46.1330
 0.420   46.6200
 0.419   46.4210
 0.418   46.0570
 0.417   45.8960
 0.416   46.1010
 0.415   46.2790
 0.414   46.3240
 0.413   45.9580
 0.412   45.6050
 0.411   45.5270
 0.410   45.6270
 0.409   45.8480
 0.408   46.0640
 0.407   46.1020
 0.406   45.9580
 0.405   45.9900
 0.404   45.7820
 0.403   45.3570
 0.402   45.7130
 0.401   46.0300
 0.400   45.8240
