Name:  Warrenton
Type:  Stony Meteorites
Class:  Carbonaceous Chondrite
Subclass:  CO
Particle Size:  0-75 micrometers
Sample No.:  Warrenton
Owner:  JHU
Wavelength range:  IR
Origin:  Meteorite seen to fall in Missouri in 1877.  Smithsonian sample No. 
AMNH 4151 obtained via Tom Jones.
Description:  None.





Measurement:  Bidirectional reflectance
First Column:  X
Second Column:  Y
X Units:  Wavelength (micrometers)
Y Units:  Reflectance (percent)
First X Value:  25.044
Last X Value:  2.0795
Number of X Values:  2286
Additional information:  None
25.044    0.5483
24.924    0.5852
24.805    0.6328
24.686    0.6804
24.569    0.7190
24.454    0.7424
24.339    0.7471
24.225    0.7344
24.112    0.7114
24.001    0.6873
23.890    0.6682
23.781    0.6570
23.672    0.6526
23.564    0.6511
23.458    0.6470
23.352    0.6365
23.247    0.6199
23.144    0.6011
23.041    0.5835
22.939    0.5713
22.838    0.5671
22.738    0.5706
22.638    0.5808
22.540    0.5955
22.442    0.6130
22.345    0.6309
22.250    0.6470
22.154    0.6587
22.060    0.6653
21.967    0.6665
21.874    0.6643
21.782    0.6609
21.691    0.6587
21.601    0.6594
21.511    0.6628
21.422    0.6672
21.334    0.6716
21.247    0.6750
21.160    0.6794
21.074    0.6853
20.988    0.6936
20.904    0.7034
20.820    0.7122
20.737    0.7163
20.654    0.7136
20.572    0.7048
20.491    0.6934
20.410    0.6829
20.330    0.6780
20.251    0.6804
20.172    0.6897
20.094    0.7021
20.016    0.7148
19.939    0.7256
19.863    0.7334
19.787    0.7390
19.712    0.7439
19.637    0.7498
19.563    0.7563
19.489    0.7629
19.416    0.7690
19.344    0.7737
19.272    0.7773
19.201    0.7803
19.130    0.7832
19.059    0.7866
18.990    0.7893
18.920    0.7905
18.851    0.7895
18.783    0.7861
18.715    0.7808
18.648    0.7751
18.581    0.7698
18.515    0.7649
18.449    0.7598
18.384    0.7524
18.319    0.7419
18.254    0.7273
18.190    0.7092
18.126    0.6885
18.063    0.6660
18.001    0.6438
17.938    0.6230
17.876    0.6055
17.815    0.5923
17.754    0.5840
17.693    0.5806
17.633    0.5798
17.573    0.5801
17.514    0.5796
17.455    0.5771
17.396    0.5730
17.338    0.5686
17.280    0.5649
17.223    0.5625
17.166    0.5608
17.109    0.5596
17.053    0.5569
16.997    0.5527
16.942    0.5469
16.886    0.5408
16.832    0.5352
16.777    0.5300
16.723    0.5264
16.669    0.5234
16.616    0.5208
16.563    0.5178
16.510    0.5149
16.458    0.5124
16.406    0.5105
16.354    0.5098
16.302    0.5103
16.251    0.5124
16.200    0.5156
16.150    0.5195
16.100    0.5229
16.050    0.5256
16.000    0.5266
15.951    0.5254
15.902    0.5227
15.854    0.5193
15.805    0.5161
15.757    0.5149
15.710    0.5159
15.662    0.5186
15.615    0.5225
15.568    0.5264
15.521    0.5293
15.475    0.5315
15.429    0.5334
15.383    0.5356
15.338    0.5395
15.292    0.5447
15.248    0.5515
15.203    0.5591
15.158    0.5676
15.114    0.5767
15.070    0.5857
15.027    0.5952
14.983    0.6045
14.940    0.6133
14.897    0.6216
14.854    0.6294
14.812    0.6374
14.770    0.6460
14.728    0.6555
14.686    0.6660
14.645    0.6770
14.603    0.6880
14.562    0.6987
14.521    0.7087
14.481    0.7185
14.441    0.7283
14.400    0.7388
14.361    0.7510
14.321    0.7649
14.281    0.7795
14.242    0.7942
14.203    0.8076
14.164    0.8186
14.126    0.8271
14.087    0.8342
14.049    0.8408
14.011    0.8481
13.973    0.8562
13.936    0.8650
13.899    0.8745
13.861    0.8840
13.824    0.8936
13.788    0.9023
13.751    0.9111
13.715    0.9197
13.679    0.9285
13.643    0.9390
13.607    0.9521
13.571    0.9697
13.536    0.9919
13.500    1.0178
13.465    1.0466
13.430    1.0759
13.396    1.1042
13.361    1.1304
13.327    1.1540
13.293    1.1753
13.259    1.1948
13.225    1.2126
13.191    1.2290
13.158    1.2446
13.124    1.2590
13.091    1.2725
13.058    1.2849
13.026    1.2961
12.993    1.3061
12.960    1.3147
12.928    1.3215
12.896    1.3262
12.864    1.3289
12.832    1.3289
12.800    1.3269
12.769    1.3237
12.737    1.3196
12.706    1.3149
12.675    1.3101
12.644    1.3052
12.614    1.2993
12.583    1.2927
12.552    1.2847
12.522    1.2751
12.492    1.2632
12.462    1.2485
12.432    1.2302
12.402    1.2075
12.373    1.1809
12.343    1.1504
12.314    1.1172
12.285    1.0823
12.256    1.0466
12.227    1.0103
12.198    0.9731
12.169    0.9351
12.141    0.8955
12.113    0.8557
12.084    0.8164
12.056    0.7795
12.028    0.7468
12.000    0.7207
11.973    0.7019
11.945    0.6914
11.918    0.6892
11.890    0.6938
11.863    0.7039
11.836    0.7163
11.809    0.7288
11.782    0.7395
11.755    0.7471
11.729    0.7520
11.702    0.7549
11.676    0.7576
11.650    0.7612
11.624    0.7668
11.598    0.7747
11.572    0.7842
11.546    0.7942
11.520    0.8035
11.495    0.8110
11.469    0.8159
11.444    0.8186
11.419    0.8196
11.394    0.8201
11.369    0.8206
11.344    0.8213
11.319    0.8225
11.294    0.8235
11.270    0.8237
11.245    0.8232
11.221    0.8218
11.197    0.8201
11.173    0.8188
11.149    0.8184
11.125    0.8184
11.101    0.8191
11.077    0.8198
11.054    0.8203
11.030    0.8201
11.007    0.8198
10.983    0.8203
10.960    0.8228
10.937    0.8279
10.914    0.8354
10.891    0.8447
10.868    0.8538
10.846    0.8611
10.823    0.8660
10.800    0.8687
10.778    0.8699
10.755    0.8706
10.733    0.8711
10.711    0.8701
10.689    0.8660
10.667    0.8574
10.645    0.8442
10.623    0.8281
10.602    0.8118
10.580    0.7976
10.558    0.7874
10.537    0.7805
10.516    0.7754
10.494    0.7703
10.473    0.7639
10.452    0.7571
10.431    0.7510
10.410    0.7476
10.389    0.7478
10.368    0.7505
10.348    0.7544
10.327    0.7568
10.306    0.7559
10.286    0.7507
10.266    0.7417
10.245    0.7300
10.225    0.7166
10.205    0.7026
10.185    0.6887
10.165    0.6755
10.145    0.6631
10.125    0.6516
10.106    0.6418
10.086    0.6343
10.066    0.6291
10.047    0.6265
10.027    0.6260
10.008    0.6274
 9.989    0.6301
 9.970    0.6340
 9.950    0.6387
 9.931    0.6433
 9.912    0.6477
 9.893    0.6511
 9.875    0.6533
 9.856    0.6543
 9.837    0.6541
 9.819    0.6536
 9.800    0.6533
 9.781    0.6548
 9.763    0.6582
 9.745    0.6636
 9.726    0.6707
 9.708    0.6787
 9.690    0.6877
 9.672    0.6973
 9.654    0.7080
 9.636    0.7207
 9.618    0.7353
 9.600    0.7520
 9.582    0.7698
 9.565    0.7871
 9.547    0.8027
 9.530    0.8157
 9.512    0.8252
 9.495    0.8320
 9.477    0.8364
 9.460    0.8394
 9.443    0.8411
 9.426    0.8416
 9.409    0.8403
 9.392    0.8367
 9.375    0.8306
 9.358    0.8220
 9.341    0.8115
 9.324    0.8000
 9.307    0.7886
 9.291    0.7783
 9.274    0.7698
 9.257    0.7637
 9.241    0.7600
 9.225    0.7590
 9.208    0.7598
 9.192    0.7622
 9.175    0.7654
 9.159    0.7690
 9.143    0.7732
 9.127    0.7786
 9.111    0.7859
 9.095    0.7952
 9.079    0.8064
 9.063    0.8196
 9.047    0.8330
 9.032    0.8462
 9.016    0.8579
 9.000    0.8682
 8.985    0.8770
 8.969    0.8853
 8.954    0.8943
 8.938    0.9050
 8.923    0.9177
 8.908    0.9324
 8.892    0.9487
 8.877    0.9658
 8.862    0.9827
 8.847    0.9985
 8.832    1.0120
 8.817    1.0222
 8.802    1.0286
 8.787    1.0310
 8.772    1.0305
 8.757    1.0288
 8.742    1.0288
 8.727    1.0325
 8.713    1.0420
 8.698    1.0576
 8.684    1.0771
 8.669    1.0989
 8.655    1.1196
 8.640    1.1377
 8.626    1.1528
 8.612    1.1650
 8.597    1.1763
 8.583    1.1870
 8.569    1.1980
 8.555    1.2090
 8.541    1.2200
 8.527    1.2305
 8.513    1.2410
 8.499    1.2515
 8.485    1.2627
 8.471    1.2751
 8.457    1.2886
 8.443    1.3027
 8.430    1.3169
 8.416    1.3306
 8.402    1.3435
 8.389    1.3562
 8.375    1.3686
 8.361    1.3816
 8.348    1.3957
 8.335    1.4106
 8.321    1.4263
 8.308    1.4421
 8.295    1.4575
 8.281    1.4719
 8.268    1.4853
 8.255    1.4980
 8.242    1.5105
 8.229    1.5234
 8.216    1.5366
 8.203    1.5508
 8.190    1.5652
 8.177    1.5798
 8.164    1.5942
 8.151    1.6086
 8.138    1.6226
 8.126    1.6360
 8.113    1.6484
 8.100    1.6604
 8.088    1.6719
 8.075    1.6831
 8.062    1.6943
 8.050    1.7053
 8.037    1.7165
 8.025    1.7275
 8.013    1.7378
 8.000    1.7468
 7.988    1.7549
 7.976    1.7617
 7.963    1.7676
 7.951    1.7734
 7.939    1.7795
 7.927    1.7866
 7.915    1.7944
 7.903    1.8027
 7.891    1.8105
 7.879    1.8176
 7.867    1.8232
 7.855    1.8279
 7.843    1.8320
 7.831    1.8364
 7.819    1.8418
 7.808    1.8481
 7.796    1.8552
 7.784    1.8625
 7.772    1.8691
 7.761    1.8750
 7.749    1.8796
 7.737    1.8833
 7.726    1.8862
 7.715    1.8887
 7.703    1.8906
 7.692    1.8928
 7.680    1.8953
 7.669    1.8987
 7.657    1.9023
 7.646    1.9067
 7.635    1.9116
 7.624    1.9163
 7.613    1.9209
 7.601    1.9255
 7.590    1.9302
 7.579    1.9346
 7.568    1.9392
 7.557    1.9441
 7.546    1.9497
 7.535    1.9558
 7.524    1.9624
 7.513    1.9690
 7.502    1.9753
 7.492    1.9812
 7.481    1.9866
 7.470    1.9917
 7.459    1.9971
 7.449    2.0029
 7.438    2.0090
 7.427    2.0154
 7.417    2.0217
 7.406    2.0273
 7.395    2.0325
 7.385    2.0371
 7.374    2.0417
 7.364    2.0464
 7.353    2.0510
 7.343    2.0561
 7.333    2.0613
 7.322    2.0664
 7.312    2.0718
 7.302    2.0771
 7.291    2.0825
 7.281    2.0876
 7.271    2.0930
 7.261    2.0986
 7.251    2.1040
 7.240    2.1094
 7.230    2.1143
 7.220    2.1186
 7.210    2.1230
 7.200    2.1272
 7.190    2.1318
 7.180    2.1372
 7.170    2.1433
 7.160    2.1497
 7.151    2.1560
 7.141    2.1621
 7.131    2.1682
 7.121    2.1748
 7.111    2.1821
 7.102    2.1902
 7.092    2.1990
 7.082    2.2078
 7.072    2.2161
 7.063    2.2236
 7.053    2.2307
 7.044    2.2373
 7.034    2.2444
 7.025    2.2519
 7.015    2.2600
 7.006    2.2683
 6.996    2.2761
 6.987    2.2830
 6.977    2.2888
 6.968    2.2937
 6.959    2.2978
 6.949    2.3013
 6.940    2.3044
 6.931    2.3074
 6.921    2.3101
 6.912    2.3122
 6.903    2.3142
 6.894    2.3162
 6.885    2.3179
 6.875    2.3203
 6.866    2.3230
 6.857    2.3264
 6.848    2.3303
 6.839    2.3345
 6.830    2.3389
 6.821    2.3433
 6.812    2.3479
 6.803    2.3530
 6.794    2.3584
 6.785    2.3638
 6.777    2.3691
 6.768    2.3740
 6.759    2.3779
 6.750    2.3811
 6.741    2.3833
 6.733    2.3845
 6.724    2.3852
 6.715    2.3852
 6.707    2.3848
 6.698    2.3838
 6.689    2.3823
 6.681    2.3806
 6.672    2.3784
 6.663    2.3762
 6.655    2.3743
 6.646    2.3728
 6.638    2.3723
 6.629    2.3728
 6.621    2.3743
 6.612    2.3762
 6.604    2.3777
 6.596    2.3787
 6.587    2.3789
 6.579    2.3787
 6.571    2.3782
 6.562    2.3779
 6.554    2.3777
 6.546    2.3767
 6.537    2.3745
 6.529    2.3704
 6.521    2.3647
 6.513    2.3579
 6.505    2.3511
 6.496    2.3452
 6.488    2.3408
 6.480    2.3379
 6.472    2.3352
 6.464    2.3320
 6.456    2.3274
 6.448    2.3208
 6.440    2.3130
 6.432    2.3049
 6.424    2.2978
 6.416    2.2920
 6.408    2.2876
 6.400    2.2834
 6.392    2.2788
 6.384    2.2727
 6.377    2.2654
 6.369    2.2571
 6.361    2.2485
 6.353    2.2407
 6.345    2.2341
 6.338    2.2290
 6.330    2.2246
 6.322    2.2205
 6.314    2.2163
 6.307    2.2119
 6.299    2.2075
 6.291    2.2036
 6.284    2.2009
 6.276    2.1997
 6.269    2.1995
 6.261    2.2004
 6.253    2.2019
 6.246    2.2036
 6.239    2.2051
 6.231    2.2065
 6.223    2.2080
 6.216    2.2097
 6.209    2.2112
 6.201    2.2131
 6.194    2.2156
 6.186    2.2185
 6.179    2.2219
 6.172    2.2261
 6.164    2.2305
 6.157    2.2346
 6.150    2.2378
 6.142    2.2395
 6.135    2.2395
 6.128    2.2380
 6.121    2.2351
 6.113    2.2307
 6.106    2.2253
 6.099    2.2183
 6.092    2.2100
 6.085    2.1997
 6.078    2.1885
 6.070    2.1765
 6.063    2.1653
 6.056    2.1562
 6.049    2.1501
 6.042    2.1482
 6.035    2.1499
 6.028    2.1548
 6.021    2.1619
 6.014    2.1699
 6.007    2.1787
 6.000    2.1875
 5.993    2.1965
 5.986    2.2058
 5.979    2.2158
 5.973    2.2261
 5.966    2.2363
 5.959    2.2463
 5.952    2.2561
 5.945    2.2654
 5.938    2.2744
 5.931    2.2830
 5.925    2.2910
 5.918    2.2981
 5.911    2.3042
 5.904    2.3098
 5.898    2.3152
 5.891    2.3213
 5.884    2.3284
 5.878    2.3364
 5.871    2.3450
 5.864    2.3530
 5.858    2.3601
 5.851    2.3652
 5.845    2.3689
 5.838    2.3716
 5.831    2.3743
 5.825    2.3777
 5.818    2.3818
 5.812    2.3862
 5.805    2.3901
 5.799    2.3921
 5.792    2.3918
 5.786    2.3892
 5.779    2.3843
 5.773    2.3784
 5.767    2.3718
 5.760    2.3652
 5.754    2.3579
 5.747    2.3501
 5.741    2.3408
 5.735    2.3303
 5.728    2.3188
 5.722    2.3074
 5.716    2.2964
 5.709    2.2866
 5.703    2.2788
 5.697    2.2725
 5.691    2.2681
 5.684    2.2651
 5.678    2.2637
 5.672    2.2634
 5.666    2.2651
 5.660    2.2683
 5.653    2.2732
 5.647    2.2800
 5.641    2.2883
 5.635    2.2981
 5.629    2.3086
 5.623    2.3198
 5.617    2.3313
 5.611    2.3425
 5.604    2.3530
 5.598    2.3625
 5.592    2.3711
 5.586    2.3784
 5.580    2.3848
 5.574    2.3901
 5.568    2.3945
 5.562    2.3982
 5.556    2.4014
 5.551    2.4043
 5.545    2.4070
 5.539    2.4094
 5.533    2.4116
 5.527    2.4133
 5.521    2.4145
 5.515    2.4155
 5.509    2.4160
 5.503    2.4165
 5.497    2.4172
 5.492    2.4187
 5.486    2.4206
 5.480    2.4233
 5.474    2.4268
 5.468    2.4309
 5.463    2.4358
 5.457    2.4409
 5.451    2.4458
 5.446    2.4507
 5.440    2.4551
 5.434    2.4595
 5.428    2.4636
 5.423    2.4680
 5.417    2.4726
 5.411    2.4775
 5.406    2.4827
 5.400    2.4878
 5.394    2.4929
 5.389    2.4980
 5.383    2.5027
 5.378    2.5068
 5.372    2.5100
 5.367    2.5120
 5.361    2.5132
 5.356    2.5142
 5.350    2.5151
 5.345    2.5166
 5.339    2.5193
 5.333    2.5229
 5.328    2.5271
 5.322    2.5312
 5.317    2.5347
 5.312    2.5371
 5.306    2.5383
 5.301    2.5393
 5.295    2.5400
 5.290    2.5413
 5.285    2.5432
 5.279    2.5454
 5.274    2.5481
 5.268    2.5505
 5.263    2.5527
 5.258    2.5547
 5.252    2.5566
 5.247    2.5586
 5.242    2.5608
 5.237    2.5632
 5.231    2.5657
 5.226    2.5681
 5.221    2.5701
 5.215    2.5713
 5.210    2.5720
 5.205    2.5723
 5.200    2.5720
 5.194    2.5718
 5.189    2.5718
 5.184    2.5723
 5.179    2.5732
 5.174    2.5740
 5.169    2.5745
 5.164    2.5742
 5.158    2.5735
 5.153    2.5720
 5.148    2.5706
 5.143    2.5693
 5.138    2.5691
 5.133    2.5698
 5.128    2.5715
 5.123    2.5742
 5.118    2.5774
 5.113    2.5806
 5.107    2.5830
 5.103    2.5845
 5.098    2.5847
 5.093    2.5842
 5.088    2.5835
 5.082    2.5830
 5.077    2.5835
 5.073    2.5854
 5.068    2.5884
 5.063    2.5923
 5.058    2.5967
 5.053    2.6008
 5.048    2.6045
 5.043    2.6074
 5.038    2.6096
 5.033    2.6111
 5.028    2.6121
 5.023    2.6133
 5.019    2.6147
 5.014    2.6169
 5.009    2.6201
 5.004    2.6243
 4.999    2.6294
 4.994    2.6350
 4.990    2.6406
 4.985    2.6460
 4.980    2.6511
 4.975    2.6555
 4.970    2.6597
 4.966    2.6633
 4.961    2.6667
 4.956    2.6699
 4.951    2.6726
 4.947    2.6753
 4.942    2.6782
 4.937    2.6814
 4.933    2.6853
 4.928    2.6894
 4.923    2.6938
 4.919    2.6985
 4.914    2.7029
 4.909    2.7070
 4.905    2.7107
 4.900    2.7136
 4.895    2.7163
 4.891    2.7185
 4.886    2.7205
 4.882    2.7224
 4.877    2.7244
 4.872    2.7266
 4.868    2.7290
 4.863    2.7314
 4.859    2.7341
 4.854    2.7366
 4.849    2.7388
 4.845    2.7407
 4.840    2.7427
 4.836    2.7446
 4.832    2.7466
 4.827    2.7490
 4.822    2.7512
 4.818    2.7537
 4.814    2.7556
 4.809    2.7573
 4.805    2.7593
 4.800    2.7615
 4.796    2.7637
 4.791    2.7661
 4.787    2.7683
 4.782    2.7703
 4.778    2.7717
 4.774    2.7729
 4.769    2.7742
 4.765    2.7759
 4.761    2.7778
 4.756    2.7800
 4.752    2.7820
 4.747    2.7834
 4.743    2.7844
 4.739    2.7851
 4.734    2.7861
 4.730    2.7876
 4.726    2.7898
 4.721    2.7927
 4.717    2.7956
 4.713    2.7988
 4.709    2.8015
 4.704    2.8037
 4.700    2.8057
 4.696    2.8076
 4.691    2.8096
 4.687    2.8118
 4.683    2.8137
 4.679    2.8157
 4.675    2.8176
 4.670    2.8196
 4.666    2.8215
 4.662    2.8235
 4.658    2.8257
 4.654    2.8279
 4.649    2.8298
 4.645    2.8315
 4.641    2.8328
 4.637    2.8337
 4.633    2.8345
 4.629    2.8357
 4.625    2.8376
 4.620    2.8403
 4.616    2.8440
 4.612    2.8481
 4.608    2.8520
 4.604    2.8557
 4.600    2.8584
 4.596    2.8606
 4.592    2.8625
 4.588    2.8645
 4.584    2.8662
 4.580    2.8684
 4.576    2.8706
 4.572    2.8728
 4.567    2.8745
 4.564    2.8760
 4.559    2.8774
 4.556    2.8787
 4.551    2.8796
 4.548    2.8809
 4.543    2.8823
 4.540    2.8840
 4.536    2.8860
 4.532    2.8877
 4.528    2.8894
 4.524    2.8906
 4.520    2.8916
 4.516    2.8926
 4.512    2.8933
 4.508    2.8943
 4.504    2.8953
 4.500    2.8962
 4.496    2.8972
 4.492    2.8977
 4.488    2.8979
 4.485    2.8984
 4.481    2.8989
 4.477    2.8999
 4.473    2.9009
 4.469    2.9018
 4.465    2.9031
 4.461    2.9043
 4.458    2.9055
 4.454    2.9072
 4.450    2.9089
 4.446    2.9109
 4.442    2.9128
 4.439    2.9150
 4.435    2.9165
 4.431    2.9177
 4.427    2.9180
 4.423    2.9175
 4.420    2.9163
 4.416    2.9150
 4.412    2.9143
 4.408    2.9141
 4.404    2.9145
 4.401    2.9158
 4.397    2.9172
 4.393    2.9189
 4.390    2.9206
 4.386    2.9224
 4.382    2.9236
 4.378    2.9248
 4.375    2.9253
 4.371    2.9253
 4.367    2.9250
 4.364    2.9246
 4.360    2.9241
 4.356    2.9238
 4.353    2.9241
 4.349    2.9241
 4.346    2.9241
 4.342    2.9236
 4.338    2.9228
 4.335    2.9214
 4.331    2.9202
 4.327    2.9192
 4.324    2.9184
 4.320    2.9180
 4.316    2.9177
 4.313    2.9177
 4.309    2.9175
 4.306    2.9172
 4.302    2.9175
 4.299    2.9184
 4.295    2.9199
 4.292    2.9221
 4.288    2.9243
 4.284    2.9263
 4.281    2.9277
 4.277    2.9287
 4.274    2.9287
 4.270    2.9285
 4.267    2.9280
 4.263    2.9272
 4.260    2.9268
 4.256    2.9263
 4.253    2.9260
 4.249    2.9258
 4.246    2.9255
 4.242    2.9255
 4.239    2.9258
 4.235    2.9263
 4.232    2.9270
 4.229    2.9285
 4.225    2.9299
 4.222    2.9316
 4.218    2.9333
 4.215    2.9346
 4.211    2.9353
 4.208    2.9358
 4.205    2.9358
 4.201    2.9360
 4.198    2.9363
 4.194    2.9365
 4.191    2.9368
 4.188    2.9368
 4.184    2.9368
 4.181    2.9363
 4.177    2.9360
 4.174    2.9358
 4.171    2.9358
 4.167    2.9363
 4.164    2.9368
 4.161    2.9375
 4.157    2.9377
 4.154    2.9380
 4.151    2.9382
 4.147    2.9380
 4.144    2.9377
 4.141    2.9380
 4.137    2.9382
 4.134    2.9387
 4.131    2.9394
 4.128    2.9399
 4.124    2.9404
 4.121    2.9407
 4.118    2.9409
 4.114    2.9414
 4.111    2.9424
 4.108    2.9436
 4.105    2.9448
 4.101    2.9463
 4.098    2.9470
 4.095    2.9475
 4.092    2.9473
 4.088    2.9470
 4.085    2.9468
 4.082    2.9473
 4.079    2.9482
 4.076    2.9499
 4.072    2.9517
 4.069    2.9531
 4.066    2.9546
 4.063    2.9556
 4.060    2.9565
 4.056    2.9575
 4.053    2.9587
 4.050    2.9597
 4.047    2.9604
 4.044    2.9604
 4.041    2.9595
 4.037    2.9580
 4.034    2.9560
 4.031    2.9546
 4.028    2.9536
 4.025    2.9536
 4.022    2.9543
 4.019    2.9553
 4.016    2.9563
 4.013    2.9568
 4.009    2.9568
 4.006    2.9568
 4.003    2.9573
 4.000    2.9580
 3.997    2.9592
 3.994    2.9607
 3.991    2.9614
 3.988    2.9614
 3.985    2.9609
 3.982    2.9600
 3.979    2.9592
 3.976    2.9585
 3.973    2.9578
 3.970    2.9573
 3.966    2.9568
 3.963    2.9563
 3.960    2.9560
 3.957    2.9563
 3.954    2.9575
 3.951    2.9595
 3.948    2.9614
 3.945    2.9626
 3.942    2.9631
 3.939    2.9629
 3.936    2.9619
 3.933    2.9609
 3.930    2.9604
 3.927    2.9607
 3.924    2.9614
 3.921    2.9619
 3.918    2.9622
 3.916    2.9619
 3.913    2.9614
 3.910    2.9612
 3.907    2.9617
 3.904    2.9624
 3.901    2.9636
 3.898    2.9646
 3.895    2.9653
 3.892    2.9656
 3.889    2.9653
 3.886    2.9648
 3.883    2.9643
 3.880    2.9636
 3.877    2.9629
 3.875    2.9619
 3.872    2.9607
 3.869    2.9592
 3.866    2.9578
 3.863    2.9565
 3.860    2.9560
 3.857    2.9558
 3.854    2.9556
 3.852    2.9553
 3.849    2.9546
 3.846    2.9536
 3.843    2.9524
 3.840    2.9512
 3.837    2.9502
 3.834    2.9495
 3.832    2.9487
 3.829    2.9477
 3.826    2.9470
 3.823    2.9463
 3.820    2.9458
 3.817    2.9453
 3.815    2.9448
 3.812    2.9441
 3.809    2.9431
 3.806    2.9416
 3.804    2.9402
 3.801    2.9390
 3.798    2.9382
 3.795    2.9380
 3.792    2.9380
 3.790    2.9380
 3.787    2.9382
 3.784    2.9382
 3.781    2.9382
 3.779    2.9382
 3.776    2.9385
 3.773    2.9390
 3.770    2.9394
 3.768    2.9397
 3.765    2.9397
 3.762    2.9392
 3.759    2.9387
 3.757    2.9382
 3.754    2.9377
 3.751    2.9375
 3.748    2.9370
 3.746    2.9365
 3.743    2.9360
 3.740    2.9353
 3.738    2.9346
 3.735    2.9338
 3.732    2.9331
 3.730    2.9324
 3.727    2.9316
 3.724    2.9307
 3.722    2.9297
 3.719    2.9287
 3.716    2.9277
 3.714    2.9265
 3.711    2.9253
 3.708    2.9241
 3.706    2.9228
 3.703    2.9216
 3.700    2.9202
 3.698    2.9184
 3.695    2.9167
 3.692    2.9148
 3.690    2.9131
 3.687    2.9114
 3.684    2.9094
 3.682    2.9080
 3.679    2.9062
 3.677    2.9045
 3.674    2.9028
 3.672    2.9016
 3.669    2.9004
 3.666    2.8999
 3.664    2.8994
 3.661    2.8994
 3.659    2.8994
 3.656    2.8994
 3.653    2.8994
 3.651    2.8989
 3.648    2.8982
 3.646    2.8972
 3.643    2.8962
 3.641    2.8957
 3.638    2.8955
 3.636    2.8957
 3.633    2.8962
 3.630    2.8965
 3.628    2.8965
 3.625    2.8962
 3.623    2.8955
 3.620    2.8950
 3.618    2.8950
 3.615    2.8950
 3.613    2.8953
 3.610    2.8953
 3.608    2.8948
 3.605    2.8938
 3.603    2.8926
 3.600    2.8911
 3.598    2.8896
 3.595    2.8882
 3.593    2.8865
 3.590    2.8843
 3.588    2.8816
 3.585    2.8794
 3.583    2.8774
 3.580    2.8765
 3.578    2.8765
 3.575    2.8772
 3.573    2.8777
 3.570    2.8777
 3.568    2.8772
 3.565    2.8757
 3.563    2.8735
 3.561    2.8711
 3.558    2.8686
 3.556    2.8664
 3.553    2.8643
 3.551    2.8625
 3.548    2.8608
 3.546    2.8596
 3.543    2.8584
 3.541    2.8572
 3.539    2.8555
 3.536    2.8535
 3.534    2.8511
 3.531    2.8484
 3.529    2.8457
 3.527    2.8433
 3.524    2.8411
 3.522    2.8384
 3.519    2.8352
 3.517    2.8313
 3.515    2.8267
 3.512    2.8215
 3.510    2.8164
 3.507    2.8118
 3.505    2.8081
 3.503    2.8054
 3.500    2.8039
 3.498    2.8032
 3.496    2.8030
 3.493    2.8030
 3.491    2.8032
 3.489    2.8035
 3.486    2.8039
 3.484    2.8044
 3.482    2.8049
 3.479    2.8059
 3.477    2.8071
 3.475    2.8086
 3.472    2.8096
 3.470    2.8101
 3.468    2.8098
 3.465    2.8086
 3.463    2.8064
 3.461    2.8039
 3.458    2.8013
 3.456    2.7988
 3.454    2.7964
 3.451    2.7939
 3.449    2.7910
 3.447    2.7878
 3.445    2.7842
 3.442    2.7800
 3.440    2.7756
 3.438    2.7710
 3.436    2.7659
 3.433    2.7607
 3.431    2.7551
 3.429    2.7493
 3.426    2.7436
 3.424    2.7383
 3.422    2.7336
 3.420    2.7302
 3.417    2.7283
 3.415    2.7275
 3.413    2.7280
 3.411    2.7295
 3.408    2.7317
 3.406    2.7339
 3.404    2.7363
 3.402    2.7383
 3.399    2.7397
 3.397    2.7405
 3.395    2.7405
 3.393    2.7397
 3.391    2.7385
 3.388    2.7373
 3.386    2.7358
 3.384    2.7349
 3.382    2.7341
 3.380    2.7334
 3.377    2.7331
 3.375    2.7331
 3.373    2.7336
 3.371    2.7344
 3.369    2.7353
 3.366    2.7361
 3.364    2.7366
 3.362    2.7366
 3.360    2.7363
 3.358    2.7361
 3.355    2.7361
 3.353    2.7368
 3.351    2.7380
 3.349    2.7393
 3.347    2.7400
 3.345    2.7400
 3.342    2.7388
 3.340    2.7368
 3.338    2.7346
 3.336    2.7331
 3.334    2.7324
 3.332    2.7327
 3.330    2.7334
 3.327    2.7339
 3.325    2.7334
 3.323    2.7324
 3.321    2.7305
 3.319    2.7283
 3.317    2.7261
 3.315    2.7239
 3.313    2.7217
 3.310    2.7192
 3.308    2.7168
 3.306    2.7146
 3.304    2.7129
 3.302    2.7117
 3.300    2.7104
 3.298    2.7095
 3.296    2.7082
 3.294    2.7065
 3.292    2.7048
 3.289    2.7031
 3.287    2.7017
 3.285    2.7002
 3.283    2.6985
 3.281    2.6960
 3.279    2.6934
 3.277    2.6904
 3.275    2.6882
 3.273    2.6870
 3.271    2.6863
 3.269    2.6860
 3.267    2.6853
 3.265    2.6838
 3.263    2.6819
 3.261    2.6792
 3.258    2.6765
 3.256    2.6746
 3.254    2.6728
 3.252    2.6716
 3.250    2.6704
 3.248    2.6689
 3.246    2.6672
 3.244    2.6655
 3.242    2.6641
 3.240    2.6626
 3.238    2.6616
 3.236    2.6606
 3.234    2.6592
 3.232    2.6575
 3.230    2.6550
 3.228    2.6523
 3.226    2.6497
 3.224    2.6470
 3.222    2.6448
 3.220    2.6431
 3.218    2.6421
 3.216    2.6416
 3.214    2.6416
 3.212    2.6416
 3.210    2.6418
 3.208    2.6411
 3.206    2.6396
 3.204    2.6372
 3.202    2.6343
 3.200    2.6311
 3.198    2.6279
 3.196    2.6250
 3.194    2.6226
 3.192    2.6201
 3.190    2.6179
 3.188    2.6160
 3.186    2.6147
 3.184    2.6135
 3.182    2.6123
 3.180    2.6113
 3.179    2.6099
 3.177    2.6081
 3.175    2.6067
 3.173    2.6052
 3.171    2.6045
 3.169    2.6038
 3.167    2.6033
 3.165    2.6025
 3.163    2.6016
 3.161    2.6003
 3.159    2.5989
 3.157    2.5972
 3.155    2.5955
 3.153    2.5933
 3.152    2.5906
 3.150    2.5876
 3.148    2.5845
 3.146    2.5815
 3.144    2.5793
 3.142    2.5774
 3.140    2.5762
 3.138    2.5749
 3.136    2.5735
 3.134    2.5715
 3.132    2.5693
 3.131    2.5669
 3.129    2.5647
 3.127    2.5627
 3.125    2.5610
 3.123    2.5591
 3.121    2.5566
 3.119    2.5542
 3.117    2.5515
 3.115    2.5488
 3.114    2.5471
 3.112    2.5459
 3.110    2.5454
 3.108    2.5454
 3.106    2.5452
 3.104    2.5447
 3.102    2.5437
 3.101    2.5427
 3.099    2.5420
 3.097    2.5415
 3.095    2.5413
 3.093    2.5410
 3.091    2.5400
 3.090    2.5381
 3.088    2.5356
 3.086    2.5332
 3.084    2.5312
 3.082    2.5303
 3.080    2.5300
 3.079    2.5298
 3.077    2.5288
 3.075    2.5273
 3.073    2.5251
 3.071    2.5227
 3.069    2.5205
 3.067    2.5188
 3.066    2.5176
 3.064    2.5161
 3.062    2.5149
 3.060    2.5132
 3.059    2.5117
 3.057    2.5105
 3.055    2.5095
 3.053    2.5090
 3.051    2.5088
 3.050    2.5083
 3.048    2.5081
 3.046    2.5076
 3.044    2.5073
 3.042    2.5068
 3.041    2.5063
 3.039    2.5051
 3.037    2.5034
 3.035    2.5012
 3.033    2.4990
 3.032    2.4971
 3.030    2.4956
 3.028    2.4944
 3.026    2.4936
 3.025    2.4929
 3.023    2.4924
 3.021    2.4914
 3.019    2.4905
 3.018    2.4893
 3.016    2.4875
 3.014    2.4856
 3.012    2.4836
 3.011    2.4817
 3.009    2.4797
 3.007    2.4778
 3.005    2.4761
 3.004    2.4744
 3.002    2.4729
 3.000    2.4719
 2.998    2.4714
 2.997    2.4714
 2.995    2.4709
 2.993    2.4700
 2.991    2.4683
 2.990    2.4658
 2.988    2.4631
 2.986    2.4607
 2.985    2.4590
 2.983    2.4587
 2.981    2.4597
 2.979    2.4614
 2.978    2.4629
 2.976    2.4634
 2.974    2.4624
 2.973    2.4602
 2.971    2.4575
 2.969    2.4553
 2.967    2.4541
 2.966    2.4541
 2.964    2.4548
 2.962    2.4556
 2.961    2.4558
 2.959    2.4546
 2.957    2.4526
 2.956    2.4499
 2.954    2.4477
 2.952    2.4463
 2.951    2.4460
 2.949    2.4468
 2.947    2.4482
 2.946    2.4497
 2.944    2.4509
 2.942    2.4514
 2.941    2.4509
 2.939    2.4497
 2.937    2.4482
 2.936    2.4470
 2.934    2.4463
 2.932    2.4458
 2.931    2.4458
 2.929    2.4460
 2.927    2.4456
 2.926    2.4451
 2.924    2.4438
 2.922    2.4429
 2.921    2.4424
 2.919    2.4421
 2.917    2.4421
 2.916    2.4426
 2.914    2.4429
 2.912    2.4429
 2.911    2.4431
 2.909    2.4434
 2.908    2.4441
 2.906    2.4453
 2.904    2.4473
 2.903    2.4492
 2.901    2.4512
 2.899    2.4524
 2.898    2.4531
 2.896    2.4529
 2.895    2.4519
 2.893    2.4509
 2.891    2.4504
 2.890    2.4502
 2.888    2.4509
 2.886    2.4521
 2.885    2.4530
1666.700    2.8833
 2.455    2.8817
 2.457    2.8801
 2.457    2.8785
 2.457    2.8769
 2.456    2.8753
 2.455    2.8737
 2.454    2.8721
 2.452    2.8705
 2.452    2.8689
 2.452    2.8673
 2.452    2.8658
 2.453    2.8642
 2.454    2.8626
 2.456    2.8610
 2.457    2.8594
 2.458    2.8579
 2.460    2.8563
 2.461    2.8547
 2.463    2.8531
 2.464    2.8516
 2.466    2.8500
 2.467    2.8484
 2.469    2.8469
 2.470    2.8453
 2.471    2.8437
 2.472    2.8422
 2.473    2.8406
 2.474    2.8391
 2.474    2.8375
 2.475    2.8360
 2.476    2.8344
 2.478    2.8329
 2.481    2.8313
 2.484    2.8298
 2.487    2.8282
 2.490    2.8267
 2.493    2.8252
 2.495    2.8236
 2.496    2.8221
 2.498    2.8205
 2.498    2.8190
 2.498    2.8175
 2.499    2.8159
 2.500    2.8144
 2.502    2.8129
 2.505    2.8114
 2.509    2.8098
 2.512    2.8083
 2.515    2.8068
 2.518    2.8053
 2.521    2.8038
 2.523    2.8022
 2.525    2.8007
 2.527    2.7992
 2.529    2.7977
 2.530    2.7962
 2.529    2.7947
 2.529    2.7932
 2.528    2.7917
 2.528    2.7902
 2.529    2.7887
 2.532    2.7872
 2.536    2.7857
 2.541    2.7842
 2.546    2.7827
 2.551    2.7812
 2.557    2.7797
 2.561    2.7782
 2.564    2.7767
 2.566    2.7752
 2.568    2.7738
 2.569    2.7723
 2.571    2.7708
 2.574    2.7693
 2.576    2.7678
 2.578    2.7664
 2.579    2.7649
 2.579    2.7634
 2.580    2.7619
 2.580    2.7605
 2.582    2.7590
 2.584    2.7575
 2.588    2.7561
 2.592    2.7546
 2.597    2.7531
 2.602    2.7517
 2.606    2.7502
 2.609    2.7488
 2.612    2.7473
 2.613    2.7458
 2.614    2.7444
 2.615    2.7429
 2.616    2.7415
 2.616    2.7400
 2.617    2.7386
 2.618    2.7371
 2.620    2.7357
 2.624    2.7343
 2.628    2.7328
 2.633    2.7314
 2.638    2.7299
 2.642    2.7285
 2.644    2.7271
 2.643    2.7256
 2.642    2.7242
 2.641    2.7228
 2.640    2.7213
 2.641    2.7199
 2.644    2.7185
 2.647    2.7171
 2.650    2.7156
 2.652    2.7142
 2.654    2.7128
 2.654    2.7114
 2.655    2.7100
 2.657    2.7085
 2.661    2.7071
 2.665    2.7057
 2.670    2.7043
 2.673    2.7029
 2.676    2.7015
 2.676    2.7001
 2.674    2.6987
 2.671    2.6973
 2.669    2.6959
 2.668    2.6945
 2.669    2.6931
 2.673    2.6917
 2.679    2.6903
 2.684    2.6889
 2.688    2.6875
 2.691    2.6861
 2.693    2.6847
 2.693    2.6833
 2.693    2.6819
 2.694    2.6805
 2.695    2.6791
 2.696    2.6778
 2.697    2.6764
 2.696    2.6750
 2.693    2.6736
 2.688    2.6722
 2.683    2.6709
 2.679    2.6695
 2.677    2.6681
 2.679    2.6667
 2.683    2.6654
 2.690    2.6640
 2.696    2.6626
 2.701    2.6613
 2.703    2.6599
 2.703    2.6585
 2.702    2.6572
 2.700    2.6558
 2.700    2.6545
 2.700    2.6531
 2.701    2.6517
 2.702    2.6504
 2.702    2.6490
 2.702    2.6477
 2.702    2.6463
 2.702    2.6450
 2.704    2.6436
 2.706    2.6423
 2.708    2.6409
 2.709    2.6396
 2.708    2.6382
 2.707    2.6369
 2.704    2.6356
 2.700    2.6342
 2.696    2.6329
 2.693    2.6315
 2.690    2.6302
 2.688    2.6289
 2.688    2.6275
 2.688    2.6262
 2.689    2.6249
 2.689    2.6236
 2.690    2.6222
 2.690    2.6209
 2.690    2.6196
 2.690    2.6183
 2.692    2.6169
 2.694    2.6156
 2.697    2.6143
 2.700    2.6130
 2.702    2.6117
 2.703    2.6103
 2.702    2.6090
 2.700    2.6077
 2.697    2.6064
 2.695    2.6051
 2.693    2.6038
 2.692    2.6025
 2.692    2.6012
 2.693    2.5999
 2.693    2.5986
 2.694    2.5973
 2.694    2.5960
 2.694    2.5947
 2.694    2.5934
 2.695    2.5921
 2.696    2.5908
 2.697    2.5895
 2.698    2.5882
 2.699    2.5869
 2.697    2.5856
 2.695    2.5843
 2.692    2.5830
 2.689    2.5817
 2.688    2.5805
 2.688    2.5792
 2.691    2.5779
 2.693    2.5766
 2.695    2.5753
 2.696    2.5741
 2.695    2.5728
 2.693    2.5715
 2.690    2.5702
 2.688    2.5690
 2.685    2.5677
 2.684    2.5664
 2.682    2.5651
 2.680    2.5639
 2.679    2.5626
 2.678    2.5613
 2.679    2.5601
 2.681    2.5588
 2.684    2.5575
 2.687    2.5563
 2.688    2.5550
 2.689    2.5538
 2.689    2.5525
 2.690    2.5513
 2.691    2.5500
 2.694    2.5487
 2.696    2.5475
 2.697    2.5462
 2.696    2.5450
 2.694    2.5437
 2.689    2.5425
 2.685    2.5413
 2.683    2.5400
 2.682    2.5388
 2.683    2.5375
 2.685    2.5363
 2.688    2.5350
 2.690    2.5338
 2.691    2.5326
 2.691    2.5313
 2.690    2.5301
 2.689    2.5289
 2.687    2.5276
 2.686    2.5264
 2.685    2.5252
 2.685    2.5239
 2.686    2.5227
 2.687    2.5215
 2.688    2.5202
 2.689    2.5190
 2.690    2.5178
 2.690    2.5166
 2.690    2.5154
 2.688    2.5141
 2.685    2.5129
 2.681    2.5117
 2.677    2.5105
 2.674    2.5093
 2.672    2.5081
 2.672    2.5068
 2.674    2.5056
 2.678    2.5044
 2.680    2.5032
 2.683    2.5020
 2.683    2.5008
 2.682    2.4996
 2.680    2.4984
 2.677    2.4972
 2.675    2.4960
 2.674    2.4948
 2.674    2.4936
 2.676    2.4924
 2.678    2.4912
 2.679    2.4900
 2.679    2.4888
 2.679    2.4876
 2.679    2.4864
 2.677    2.4852
 2.676    2.4840
 2.675    2.4828
 2.672    2.4816
 2.670    2.4805
 2.667    2.4793
 2.664    2.4781
 2.662    2.4769
 2.661    2.4757
 2.661    2.4745
 2.662    2.4734
 2.663    2.4722
 2.664    2.4710
 2.664    2.4698
 2.664    2.4686
 2.664    2.4675
 2.664    2.4663
 2.664    2.4651
 2.664    2.4640
 2.666    2.4628
 2.667    2.4616
 2.669    2.4604
 2.670    2.4593
 2.670    2.4581
 2.670    2.4569
 2.668    2.4558
 2.666    2.4546
 2.663    2.4535
 2.660    2.4523
 2.657    2.4511
 2.655    2.4500
 2.653    2.4488
 2.652    2.4477
 2.652    2.4465
 2.652    2.4454
 2.653    2.4442
 2.654    2.4431
 2.655    2.4419
 2.656    2.4408
 2.658    2.4396
 2.660    2.4385
 2.662    2.4373
 2.663    2.4362
 2.664    2.4350
 2.664    2.4339
 2.663    2.4327
 2.662    2.4316
 2.661    2.4305
 2.659    2.4293
 2.658    2.4282
 2.656    2.4270
 2.654    2.4259
 2.654    2.4248
 2.655    2.4236
 2.656    2.4225
 2.658    2.4214
 2.659    2.4202
 2.660    2.4191
 2.659    2.4180
 2.658    2.4169
 2.657    2.4157
 2.656    2.4146
 2.656    2.4135
 2.656    2.4124
 2.657    2.4112
 2.657    2.4101
 2.657    2.4090
 2.657    2.4079
 2.656    2.4068
 2.655    2.4056
 2.653    2.4045
 2.650    2.4034
 2.648    2.4023
 2.646    2.4012
 2.644    2.4001
 2.646    2.3990
 2.648    2.3979
 2.651    2.3967
 2.654    2.3956
 2.657    2.3945
 2.659    2.3934
 2.660    2.3923
 2.661    2.3912
 2.662    2.3901
 2.663    2.3890
 2.662    2.3879
 2.661    2.3868
 2.658    2.3857
 2.654    2.3846
 2.651    2.3835
 2.648    2.3824
 2.647    2.3813
 2.648    2.3802
 2.649    2.3791
 2.652    2.3781
 2.655    2.3770
 2.656    2.3759
 2.657    2.3748
 2.657    2.3737
 2.656    2.3726
 2.654    2.3715
 2.652    2.3704
 2.649    2.3694
 2.647    2.3683
 2.645    2.3672
 2.644    2.3661
 2.646    2.3650
 2.649    2.3640
 2.653    2.3629
 2.657    2.3618
 2.660    2.3607
 2.661    2.3597
 2.660    2.3586
 2.658    2.3575
 2.655    2.3564
 2.652    2.3554
 2.650    2.3543
 2.649    2.3532
 2.650    2.3522
 2.653    2.3511
 2.656    2.3500
 2.661    2.3490
 2.665    2.3479
 2.668    2.3468
 2.667    2.3458
 2.664    2.3447
 2.658    2.3436
 2.650    2.3426
 2.643    2.3415
 2.638    2.3405
 2.636    2.3394
 2.638    2.3384
 2.643    2.3373
 2.648    2.3363
 2.652    2.3352
 2.654    2.3342
 2.654    2.3331
 2.654    2.3321
 2.653    2.3310
 2.653    2.3300
 2.653    2.3289
 2.654    2.3279
 2.654    2.3268
 2.654    2.3258
 2.654    2.3247
 2.653    2.3237
 2.653    2.3226
 2.654    2.3216
 2.654    2.3206
 2.655    2.3195
 2.656    2.3185
 2.655    2.3175
 2.654    2.3164
 2.652    2.3154
 2.650    2.3144
 2.649    2.3133
 2.648    2.3123
 2.647    2.3113
 2.646    2.3102
 2.645    2.3092
 2.644    2.3082
 2.644    2.3071
 2.644    2.3061
 2.645    2.3051
 2.646    2.3041
 2.647    2.3030
 2.648    2.3020
 2.650    2.3010
 2.651    2.3000
 2.653    2.2990
 2.654    2.2979
 2.655    2.2969
 2.654    2.2959
 2.653    2.2949
 2.652    2.2939
 2.652    2.2929
 2.655    2.2918
 2.657    2.2908
 2.659    2.2898
 2.659    2.2888
 2.656    2.2878
 2.652    2.2868
 2.647    2.2858
 2.644    2.2848
 2.644    2.2838
 2.647    2.2828
 2.650    2.2818
 2.654    2.2808
 2.656    2.2798
 2.657    2.2787
 2.656    2.2777
 2.654    2.2767
 2.651    2.2757
 2.648    2.2747
 2.647    2.2738
 2.646    2.2728
 2.645    2.2718
 2.646    2.2708
 2.646    2.2698
 2.646    2.2688
 2.647    2.2678
 2.646    2.2668
 2.646    2.2658
 2.644    2.2648
 2.644    2.2638
 2.643    2.2628
 2.642    2.2618
 2.642    2.2609
 2.643    2.2599
 2.644    2.2589
 2.645    2.2579
 2.647    2.2569
 2.649    2.2559
 2.651    2.2550
 2.654    2.2540
 2.656    2.2530
 2.658    2.2520
 2.659    2.2510
 2.658    2.2501
 2.656    2.2491
 2.652    2.2481
 2.649    2.2471
 2.645    2.2462
 2.643    2.2452
 2.642    2.2442
 2.642    2.2433
 2.642    2.2423
 2.642    2.2413
 2.641    2.2403
 2.639    2.2394
 2.636    2.2384
 2.635    2.2374
 2.635    2.2365
 2.636    2.2355
 2.637    2.2345
 2.639    2.2336
 2.640    2.2326
 2.641    2.2317
 2.642    2.2307
 2.642    2.2297
 2.644    2.2288
 2.646    2.2278
 2.648    2.2269
 2.651    2.2259
 2.652    2.2250
 2.652    2.2240
 2.651    2.2231
 2.649    2.2221
 2.647    2.2211
 2.646    2.2202
 2.645    2.2192
 2.640  200.0000
 2.218    2.6457
 2.217    2.6465
 2.216    2.6465
 2.216    2.6457
 2.215    2.6438
 2.214    2.6411
 2.213    2.6389
 2.212    2.6384
 2.211    2.6399
 2.210    2.6435
 2.209    2.6482
 2.208    2.6523
 2.207    2.6545
 2.206    2.6548
 2.205    2.6531
 2.204    2.6497
 2.203    2.6460
 2.202    2.6426
 2.201    2.6404
 2.200    2.6394
 2.200    2.6396
 2.199    2.6404
 2.198    2.6409
 2.197    2.6409
 2.196    2.6401
 2.195    2.6392
 2.194    2.6384
 2.193    2.6382
 2.192    2.6384
 2.191    2.6387
 2.190    2.6387
 2.189    2.6384
 2.188    2.6389
 2.187    2.6406
 2.187    2.6440
 2.186    2.6482
 2.185    2.6523
 2.184    2.6550
 2.183    2.6555
 2.182    2.6538
 2.181    2.6516
 2.180    2.6504
 2.179    2.6514
 2.178    2.6550
 2.177    2.6604
 2.176    2.6658
 2.176    2.6697
 2.175    2.6706
 2.174    2.6689
 2.173    2.6655
 2.172    2.6614
 2.171    2.6582
 2.170    2.6562
 2.169    2.6558
 2.168    2.6565
 2.167    2.6582
 2.166    2.6604
 2.166    2.6636
 2.165    2.6663
 2.164    2.6677
 2.163    2.6672
 2.162    2.6643
 2.161    2.6589
 2.160    2.6528
 2.159    2.6477
 2.158    2.6450
 2.157    2.6445
 2.156    2.6465
 2.156    2.6494
 2.155    2.6526
 2.154    2.6553
 2.153    2.6570
 2.152    2.6580
 2.151    2.6584
 2.150    2.6587
 2.149    2.6582
 2.148    2.6572
 2.148    2.6560
 2.147    2.6548
 2.146    2.6548
 2.145    2.6562
 2.144    2.6592
 2.143    2.6623
 2.142    2.6645
 2.141    2.6643
 2.140    2.6616
 2.140    2.6570
 2.139    2.6528
 2.138    2.6509
 2.137    2.6521
 2.136    2.6562
 2.135    2.6621
 2.134    2.6675
 2.133    2.6709
 2.132    2.6721
 2.132    2.6709
 2.131    2.6682
 2.130    2.6648
 2.129    2.6616
 2.128    2.6592
 2.127    2.6582
 2.126    2.6584
 2.126    2.6599
 2.125    2.6621
 2.124    2.6643
 2.123    2.6658
 2.122    2.6665
 2.121    2.6667
 2.120    2.6665
 2.119    2.6663
 2.119    2.6660
 2.118    2.6658
 2.117    2.6650
 2.116    2.6638
 2.115    2.6626
 2.114    2.6616
 2.113    2.6611
 2.112    2.6616
 2.112    2.6626
 2.111    2.6631
 2.110    2.6621
 2.109    2.6594
 2.108    2.6555
 2.107    2.6518
 2.107    2.6501
 2.106    2.6516
 2.105    2.6562
 2.104    2.6626
 2.103    2.6687
 2.102    2.6724
 2.101    2.6731
 2.100    2.6709
 2.100    2.6680
 2.099    2.6658
 2.098    2.6648
 2.097    2.6653
 2.096    2.6663
 2.095    2.6660
 2.095    2.6638
 2.094    2.6589
 2.093    2.6521
 2.092    2.6445
 2.091    2.6372
 2.090    2.6323
 2.090    2.6306
 2.089    2.6328
 2.088    2.6384
 2.087    2.6460
 2.086    2.6545
 2.085    2.6616
 2.084    2.6672
 2.084    2.6697
 2.083    2.6685
 2.082    2.6687
 2.081    2.6587
 2.080    2.6521
 2.079    2.6499
