Name: Basalt
Type: Rocks
Class: Igneous
Subclass: Mafic
Particle Size: Solid
Sample No.: Basalt.H1
Owner: JHU
Wavelength range: All
Origin: from Chimney Rock, Somerset County, New Jersey, via Ward's 
Scientific (Cat. No. W-36)
Description: A greenish-black aphanitic rock.





Measurement: Directional (10 degree) hemispherical reflectance
First Column: X
Second Column: Y
X Units: Wavelength (micrometers)
Y Units: Reflectance (percent)
First X Value: 14.0112
Last X Value: 0.4000
Number of X Values: 2844
Additional information: basal1a.txt
14.011    3.5616
13.973    3.0000
13.936    1.9767
13.899    2.7182
13.861    2.4686
13.824    1.9618
13.788    2.7302
13.751    2.9384
13.715    2.0958
13.679    2.3138
13.643    2.7234
13.607    1.9345
13.571    2.4140
13.536    3.1284
13.500    3.3738
13.465    2.9356
13.430    2.4736
13.396    2.2990
13.361    2.5685
13.327    2.9655
13.293    2.9578
13.259    3.0494
13.225    3.1382
13.191    3.1114
13.158    3.0190
13.124    3.0488
13.091    2.9847
13.058    2.9704
13.025    3.0525
12.993    3.0476
12.960    3.0849
12.928    3.1714
12.896    3.2941
12.864    3.2367
12.832    3.1641
12.800    3.2060
12.769    3.1884
12.738    3.1540
12.706    3.0551
12.675    3.1446
12.644    3.3084
12.614    3.4038
12.583    3.3670
12.552    3.4176
12.522    3.5381
12.492    3.7500
12.462    3.6816
12.432    3.6249
12.402    3.6049
12.373    3.6075
12.343    3.7008
12.314    3.9354
12.285    4.1049
12.256    4.1486
12.227    4.1175
12.198    4.2028
12.169    4.2891
12.141    4.4327
12.113    4.5371
12.084    4.5475
12.056    4.5389
12.028    4.6818
12.000    4.8143
11.973    4.8509
11.945    4.9193
11.918    5.1473
11.890    5.2690
11.863    5.3200
11.836    5.4328
11.809    5.5233
11.782    5.6698
11.756    5.8130
11.729    5.9051
11.702    6.0232
11.676    6.1662
11.650    6.2792
11.624    6.3316
11.598    6.5280
11.572    6.7005
11.546    6.8433
11.520    6.9387
11.495    7.0237
11.469    7.1514
11.444    7.2626
11.419    7.4187
11.394    7.5586
11.369    7.6823
11.344    7.7976
11.319    7.9212
11.294    8.0109
11.270    8.1084
11.246    8.1914
11.221    8.2673
11.197    8.3826
11.173    8.4756
11.149    8.5296
11.125    8.6086
11.101    8.6678
11.077    8.7612
11.054    8.9093
11.030    9.0084
11.007    9.0654
10.983    9.1631
10.960    9.2745
10.937    9.3560
10.914    9.4594
10.891    9.5711
10.868    9.6844
10.845    9.7312
10.823    9.7722
10.800    9.8606
10.778    9.9748
10.756   10.0296
10.733   10.0319
10.711   10.0795
10.689   10.1311
10.667   10.1847
10.645   10.2468
10.623   10.2426
10.602   10.2269
10.580   10.2468
10.558   10.3158
10.537   10.3301
10.515   10.3284
10.494   10.3410
10.473   10.3600
10.452   10.3781
10.431   10.3875
10.410   10.3720
10.389   10.3891
10.368   10.3418
10.348   10.2820
10.327   10.2363
10.307   10.1608
10.286   10.0976
10.266   10.0898
10.245   10.0547
10.225    9.9823
10.205   10.0350
10.185   10.1116
10.165   10.1198
10.145   10.1732
10.125   10.2252
10.106   10.3237
10.086   10.4069
10.066   10.4381
10.047   10.5251
10.027   10.6031
10.008   10.6366
 9.989   10.6776
 9.970   10.7400
 9.950   10.7777
 9.931   10.7550
 9.912   10.7200
 9.893   10.7039
 9.875   10.7290
 9.856   10.7060
 9.837   10.6922
 9.819   10.6886
 9.800   10.6615
 9.781   10.6197
 9.763   10.5590
 9.745   10.4810
 9.726   10.4651
 9.708   10.4735
 9.690   10.3239
 9.672   10.1602
 9.654   10.2410
 9.636   10.2374
 9.618   10.1937
 9.600   10.1221
 9.582   10.0638
 9.565   10.0209
 9.547    9.9961
 9.530    9.9546
 9.512    9.9056
 9.495    9.8093
 9.477    9.7818
 9.460    9.8205
 9.443    9.7680
 9.426    9.7090
 9.409    9.7331
 9.392    9.7906
 9.375    9.8025
 9.358    9.8514
 9.341    9.9059
 9.324    9.8875
 9.307    9.8896
 9.291    9.8695
 9.274    9.8566
 9.257    9.8761
 9.241    9.8875
 9.225    9.8885
 9.208    9.8888
 9.192    9.8566
 9.175    9.8735
 9.159    9.8742
 9.143    9.8498
 9.127    9.8374
 9.111    9.8301
 9.095    9.7769
 9.079    9.7312
 9.063    9.6670
 9.047    9.5418
 9.032    9.4624
 9.016    9.3668
 9.000    9.1886
 8.985    9.0298
 8.969    8.8833
 8.954    8.7319
 8.938    8.5402
 8.923    8.3034
 8.908    8.0714
 8.892    7.8689
 8.877    7.6205
 8.862    7.3959
 8.847    7.1934
 8.832    6.9860
 8.817    6.7476
 8.802    6.5473
 8.787    6.3605
 8.772    6.1919
 8.757    6.0295
 8.742    5.8647
 8.727    5.7574
 8.713    5.6611
 8.698    5.5319
 8.684    5.4255
 8.669    5.3639
 8.655    5.2720
 8.640    5.1706
 8.626    5.0813
 8.612    5.0154
 8.597    4.9730
 8.583    4.9073
 8.569    4.8511
 8.555    4.7986
 8.541    4.7280
 8.527    4.6335
 8.513    4.5724
 8.499    4.5511
 8.485    4.4943
 8.471    4.4255
 8.457    4.3528
 8.443    4.2857
 8.430    4.1904
 8.416    4.0709
 8.402    3.9780
 8.389    3.9056
 8.375    3.8083
 8.361    3.7164
 8.348    3.6119
 8.335    3.4922
 8.321    3.3766
 8.308    3.2459
 8.295    3.0907
 8.281    2.9238
 8.268    2.7782
 8.255    2.6309
 8.242    2.5106
 8.229    2.3751
 8.216    2.2378
 8.203    2.1387
 8.190    2.0309
 8.177    1.9282
 8.164    1.8569
 8.151    1.7850
 8.138    1.7337
 8.126    1.6769
 8.113    1.5825
 8.100    1.5321
 8.088    1.5124
 8.075    1.4735
 8.062    1.4229
 8.050    1.3860
 8.037    1.3549
 8.025    1.3402
 8.013    1.3467
 8.000    1.3184
 7.988    1.3057
 7.976    1.2876
 7.963    1.2642
 7.951    1.2490
 7.939    1.2593
 7.927    1.2546
 7.915    1.2241
 7.903    1.2138
 7.891    1.2096
 7.879    1.2206
 7.867    1.2180
 7.855    1.2136
 7.843    1.2070
 7.831    1.2241
 7.819    1.2387
 7.808    1.2312
 7.796    1.2197
 7.784    1.1998
 7.772    1.2124
 7.761    1.2431
 7.749    1.2546
 7.737    1.2577
 7.726    1.2497
 7.715    1.2556
 7.703    1.2610
 7.692    1.2535
 7.680    1.2647
 7.669    1.2771
 7.657    1.2251
 7.646    1.2459
 7.635    1.2979
 7.624    1.3181
 7.613    1.3446
 7.601    1.3547
 7.590    1.3571
 7.579    1.3462
 7.568    1.3547
 7.557    1.3631
 7.546    1.3690
 7.535    1.3826
 7.524    1.3781
 7.513    1.3739
 7.502    1.3788
 7.492    1.3938
 7.481    1.4200
 7.470    1.4316
 7.459    1.4363
 7.449    1.4398
 7.438    1.4536
 7.427    1.4557
 7.417    1.4651
 7.406    1.4901
 7.395    1.4878
 7.385    1.4826
 7.374    1.4761
 7.364    1.4868
 7.353    1.4977
 7.343    1.4974
 7.333    1.5202
 7.322    1.5471
 7.312    1.5593
 7.302    1.5462
 7.291    1.5478
 7.281    1.5621
 7.271    1.5785
 7.261    1.5896
 7.251    1.5949
 7.240    1.6020
 7.230    1.5912
 7.220    1.5912
 7.210    1.6104
 7.200    1.6408
 7.190    1.6451
 7.180    1.6268
 7.170    1.6355
 7.160    1.6692
 7.151    1.6697
 7.141    1.6652
 7.131    1.6772
 7.121    1.6758
 7.111    1.6818
 7.102    1.6793
 7.092    1.7041
 7.082    1.7192
 7.072    1.7421
 7.063    1.7395
 7.053    1.7278
 7.044    1.7346
 7.034    1.7431
 7.025    1.7390
 7.015    1.7501
 7.006    1.7632
 6.996    1.7855
 6.987    1.7894
 6.977    1.7974
 6.968    1.8007
 6.959    1.8037
 6.949    1.7867
 6.940    1.7702
 6.931    1.7995
 6.921    1.8272
 6.912    1.8239
 6.903    1.8155
 6.894    1.8213
 6.885    1.8394
 6.875    1.8314
 6.866    1.8272
 6.857    1.8400
 6.848    1.8535
 6.839    1.8621
 6.830    1.8712
 6.821    1.8607
 6.812    1.8673
 6.803    1.9083
 6.794    1.8998
 6.785    1.8987
 6.777    1.9057
 6.768    1.8900
 6.759    1.8900
 6.750    1.9005
 6.741    1.9167
 6.733    1.9378
 6.724    1.9350
 6.715    1.9327
 6.707    1.9594
 6.698    1.9673
 6.689    1.9549
 6.681    1.9455
 6.672    1.9676
 6.663    1.9763
 6.655    1.9662
 6.646    1.9662
 6.638    1.9758
 6.629    1.9812
 6.621    2.0046
 6.612    2.0032
 6.604    1.9857
 6.596    1.9821
 6.587    1.9844
 6.579    2.0041
 6.571    1.9999
 6.562    1.9906
 6.554    2.0051
 6.546    2.0051
 6.537    1.9933
 6.529    1.9903
 6.521    2.0117
 6.513    2.0200
 6.505    2.0149
 6.496    2.0041
 6.488    1.9976
 6.480    1.9880
 6.472    1.9849
 6.464    1.9910
 6.456    1.9961
 6.448    1.9953
 6.440    1.9852
 6.432    1.9868
 6.424    1.9912
 6.416    2.0044
 6.408    1.9966
 6.400    1.9814
 6.392    1.9910
 6.384    2.0006
 6.377    2.0078
 6.369    2.0147
 6.361    2.0138
 6.353    2.0109
 6.345    1.9987
 6.338    1.9884
 6.330    2.0067
 6.322    2.0226
 6.314    2.0037
 6.307    1.9865
 6.299    1.9860
 6.291    1.9990
 6.284    2.0075
 6.276    2.0194
 6.269    2.0088
 6.261    2.0086
 6.253    2.0016
 6.246    1.9953
 6.239    1.9945
 6.231    1.9978
 6.223    2.0098
 6.216    2.0025
 6.209    1.9969
 6.201    2.0062
 6.194    2.0104
 6.186    1.9980
 6.179    2.0018
 6.172    2.0029
 6.164    1.9959
 6.157    1.9932
 6.150    1.9976
 6.142    1.9969
 6.135    1.9943
 6.128    2.0135
 6.121    2.0133
 6.113    2.0107
 6.106    2.0075
 6.099    2.0179
 6.092    2.0290
 6.085    2.0037
 6.078    2.0032
 6.070    2.0102
 6.063    2.0337
 6.056    2.0496
 6.049    2.0496
 6.042    2.0405
 6.035    2.0341
 6.028    2.0320
 6.021    2.0271
 6.014    2.0486
 6.007    2.0756
 6.000    2.0943
 5.993    2.0805
 5.986    2.0810
 5.979    2.0899
 5.973    2.0885
 5.966    2.0852
 5.959    2.0986
 5.952    2.1124
 5.945    2.1080
 5.938    2.1145
 5.931    2.1213
 5.925    2.1384
 5.918    2.1600
 5.911    2.1501
 5.904    2.1478
 5.898    2.1598
 5.891    2.1771
 5.884    2.1862
 5.878    2.1942
 5.871    2.1994
 5.864    2.2130
 5.858    2.2265
 5.851    2.2202
 5.845    2.2446
 5.838    2.2624
 5.831    2.2746
 5.825    2.2882
 5.818    2.2898
 5.812    2.3062
 5.805    2.3179
 5.799    2.3203
 5.792    2.3189
 5.786    2.3218
 5.779    2.3592
 5.773    2.3735
 5.767    2.3826
 5.760    2.3794
 5.754    2.3686
 5.747    2.3728
 5.741    2.3930
 5.735    2.4068
 5.728    2.3909
 5.722    2.3826
 5.716    2.4150
 5.709    2.4174
 5.703    2.4108
 5.697    2.4283
 5.691    2.4418
 5.684    2.4511
 5.678    2.4492
 5.672    2.4345
 5.666    2.4321
 5.660    2.4420
 5.653    2.4614
 5.647    2.4628
 5.641    2.4670
 5.635    2.4701
 5.629    2.4832
 5.623    2.4947
 5.617    2.4968
 5.611    2.4893
 5.604    2.4958
 5.598    2.5169
 5.592    2.5135
 5.586    2.5021
 5.580    2.5047
 5.574    2.5116
 5.568    2.5076
 5.562    2.5195
 5.556    2.5268
 5.551    2.5319
 5.545    2.5429
 5.539    2.5425
 5.533    2.5475
 5.527    2.5509
 5.521    2.5483
 5.515    2.5514
 5.509    2.5673
 5.503    2.5680
 5.497    2.5636
 5.492    2.5680
 5.486    2.5823
 5.480    2.5763
 5.474    2.5739
 5.468    2.5833
 5.463    2.5746
 5.457    2.5688
 5.451    2.6051
 5.446    2.6107
 5.440    2.6039
 5.434    2.5992
 5.428    2.5790
 5.423    2.5807
 5.417    2.6004
 5.411    2.5839
 5.406    2.5683
 5.400    2.6161
 5.394    2.6262
 5.389    2.6044
 5.383    2.6142
 5.378    2.6215
 5.372    2.6078
 5.367    2.6107
 5.361    2.6218
 5.356    2.6297
 5.350    2.6257
 5.345    2.6194
 5.339    2.6322
 5.333    2.6395
 5.328    2.6388
 5.322    2.6348
 5.317    2.6543
 5.312    2.6470
 5.306    2.6283
 5.301    2.6369
 5.295    2.6465
 5.290    2.6585
 5.285    2.6543
 5.279    2.6620
 5.274    2.6686
 5.268    2.6580
 5.263    2.6414
 5.258    2.6494
 5.252    2.6724
 5.247    2.6897
 5.242    2.6724
 5.237    2.6691
 5.231    2.6927
 5.226    2.6836
 5.221    2.6653
 5.215    2.6920
 5.210    2.6995
 5.205    2.6972
 5.200    2.7174
 5.194    2.7288
 5.189    2.7304
 5.184    2.7300
 5.179    2.7190
 5.174    2.7347
 5.169    2.7468
 5.164    2.7366
 5.158    2.7330
 5.153    2.7476
 5.148    2.7530
 5.143    2.7270
 5.138    2.7347
 5.133    2.7497
 5.128    2.7532
 5.123    2.7875
 5.118    2.8127
 5.113    2.8163
 5.107    2.8399
 5.103    2.8141
 5.098    2.7806
 5.093    2.7844
 5.088    2.7966
 5.082    2.8117
 5.077    2.8104
 5.073    2.8078
 5.068    2.8013
 5.063    2.8003
 5.058    2.8090
 5.053    2.8212
 5.048    2.8317
 5.043    2.8252
 5.038    2.8356
 5.033    2.8486
 5.028    2.8416
 5.023    2.8322
 5.019    2.8392
 5.014    2.8525
 5.009    2.8535
 5.004    2.8547
 4.999    2.8758
 4.994    2.8748
 4.990    2.8624
 4.985    2.8795
 4.980    2.8943
 4.975    2.9075
 4.970    2.8953
 4.966    2.8722
 4.961    2.8839
 4.956    2.9023
 4.951    2.9198
 4.947    2.9198
 4.942    2.9125
 4.937    2.9177
 4.933    2.9364
 4.928    2.9536
 4.923    2.9477
 4.919    2.9436
 4.914    2.9407
 4.909    2.9496
 4.905    2.9599
 4.900    2.9670
 4.895    2.9725
 4.891    2.9904
 4.886    2.9867
 4.882    2.9829
 4.877    3.0010
 4.872    3.0140
 4.868    3.0075
 4.863    3.0039
 4.859    3.0059
 4.854    3.0042
 4.849    2.9946
 4.845    2.9867
 4.840    2.9688
 4.836    2.9916
 4.832    3.0324
 4.827    3.0296
 4.822    3.0335
 4.818    3.0504
 4.814    3.0408
 4.809    3.0410
 4.805    3.0543
 4.800    3.0745
 4.796    3.0724
 4.791    3.0750
 4.787    3.0919
 4.782    3.0820
 4.778    3.0883
 4.774    3.0994
 4.769    3.0898
 4.765    3.0818
 4.761    3.0722
 4.756    3.0799
 4.752    3.1188
 4.747    3.1332
 4.743    3.1284
 4.739    3.0987
 4.734    3.0928
 4.730    3.1216
 4.726    3.1338
 4.721    3.1160
 4.717    3.1141
 4.713    3.1317
 4.709    3.1624
 4.704    3.1641
 4.700    3.1629
 4.696    3.1615
 4.691    3.1549
 4.687    3.1610
 4.683    3.1805
 4.679    3.1795
 4.675    3.1716
 4.670    3.1711
 4.666    3.1694
 4.662    3.1647
 4.658    3.1774
 4.654    3.1997
 4.649    3.1943
 4.645    3.1898
 4.641    3.2060
 4.637    3.2267
 4.633    3.2096
 4.629    3.2008
 4.625    3.2060
 4.620    3.2078
 4.616    3.2098
 4.612    3.2311
 4.608    3.2465
 4.604    3.2540
 4.600    3.2175
 4.596    3.1748
 4.592    3.2194
 4.588    3.2510
 4.584    3.2728
 4.580    3.2838
 4.576    3.2864
 4.572    3.2821
 4.567    3.2709
 4.564    3.2824
 4.559    3.2914
 4.556    3.2834
 4.551    3.2871
 4.548    3.2958
 4.543    3.2922
 4.540    3.2988
 4.536    3.3117
 4.532    3.3164
 4.528    3.3098
 4.524    3.3185
 4.520    3.3325
 4.516    3.3185
 4.512    3.3321
 4.508    3.3260
 4.504    3.3073
 4.500    3.3098
 4.496    3.3333
 4.492    3.3530
 4.488    3.3522
 4.485    3.3333
 4.481    3.3228
 4.477    3.3410
 4.473    3.3445
 4.469    3.3375
 4.465    3.3300
 4.461    3.3394
 4.458    3.3506
 4.454    3.3614
 4.450    3.3792
 4.446    3.3764
 4.442    3.3689
 4.439    3.3631
 4.435    3.3684
 4.431    3.3849
 4.427    3.3790
 4.423    3.3715
 4.420    3.3607
 4.416    3.3708
 4.412    3.3857
 4.408    3.3961
 4.404    3.4008
 4.401    3.3834
 4.397    3.3806
 4.393    3.3797
 4.390    3.3769
 4.386    3.4010
 4.382    3.4135
 4.378    3.4127
 4.375    3.3914
 4.371    3.3942
 4.367    3.4020
 4.364    3.4096
 4.360    3.4047
 4.356    3.4127
 4.353    3.4164
 4.349    3.4214
 4.346    3.4143
 4.342    3.3876
 4.338    3.3851
 4.335    3.4120
 4.331    3.4333
 4.327    3.4390
 4.324    3.4392
 4.320    3.4184
 4.316    3.4202
 4.313    3.4226
 4.309    3.4371
 4.306    3.4366
 4.302    3.4327
 4.299    3.4481
 4.295    3.4572
 4.292    3.4470
 4.288    3.4556
 4.284    3.4594
 4.281    3.4488
 4.277    3.4364
 4.274    3.4132
 4.270    3.4397
 4.267    3.4680
 4.263    3.4500
 4.260    3.4404
 4.256    3.4514
 4.253    3.4528
 4.249    3.4556
 4.246    3.4671
 4.242    3.4528
 4.239    3.4537
 4.235    3.4694
 4.232    3.4767
 4.229    3.4842
 4.225    3.4982
 4.222    3.4945
 4.218    3.4779
 4.215    3.4772
 4.211    3.4953
 4.208    3.4870
 4.205    3.4898
 4.201    3.4940
 4.198    3.4886
 4.194    3.4982
 4.191    3.5203
 4.188    3.5200
 4.184    3.4992
 4.181    3.4964
 4.177    3.5008
 4.174    3.4966
 4.171    3.4980
 4.167    3.4938
 4.164    3.5023
 4.161    3.5147
 4.157    3.5002
 4.154    3.4950
 4.151    3.4943
 4.147    3.5158
 4.144    3.5229
 4.141    3.5192
 4.137    3.5304
 4.134    3.5194
 4.131    3.5250
 4.128    3.5447
 4.124    3.5196
 4.121    3.5245
 4.118    3.5439
 4.114    3.5304
 4.111    3.5267
 4.108    3.5358
 4.105    3.5316
 4.101    3.5388
 4.098    3.5299
 4.095    3.5156
 4.092    3.5217
 4.088    3.5311
 4.085    3.5290
 4.082    3.5412
 4.079    3.5657
 4.076    3.5548
 4.072    3.5390
 4.069    3.5569
 4.066    3.5772
 4.063    3.5540
 4.060    3.5369
 4.056    3.5294
 4.053    3.5292
 4.050    3.5473
 4.047    3.5512
 4.044    3.5519
 4.041    3.5611
 4.037    3.5538
 4.034    3.5241
 4.031    3.5196
 4.028    3.5433
 4.025    3.5564
 4.022    3.5602
 4.019    3.5725
 4.016    3.5796
 4.013    3.5777
 4.009    3.5653
 4.006    3.5691
 4.003    3.5847
 4.000    3.5733
 3.997    3.5367
 3.994    3.5296
 3.991    3.5691
 3.988    3.5850
 3.985    3.5636
 3.982    3.5571
 3.979    3.5707
 3.976    3.5606
 3.973    3.5616
 3.970    3.5805
 3.966    3.5857
 3.963    3.5845
 3.960    3.5782
 3.957    3.5620
 3.954    3.5670
 3.951    3.5779
 3.948    3.5649
 3.945    3.5538
 3.942    3.5561
 3.939    3.5766
 3.936    3.5794
 3.933    3.5704
 3.930    3.5651
 3.927    3.5742
 3.924    3.5602
 3.921    3.5590
 3.918    3.5899
 3.916    3.5920
 3.913    3.5683
 3.910    3.5749
 3.907    3.5904
 3.904    3.5990
 3.901    3.5925
 3.898    3.5756
 3.895    3.5896
 3.892    3.6005
 3.889    3.5766
 3.886    3.5810
 3.883    3.5922
 3.880    3.5911
 3.877    3.6080
 3.875    3.5946
 3.872    3.6037
 3.869    3.6145
 3.866    3.6103
 3.863    3.5981
 3.860    3.5932
 3.857    3.5990
 3.854    3.5932
 3.852    3.5960
 3.849    3.6054
 3.846    3.6063
 3.843    3.6002
 3.840    3.5960
 3.837    3.5820
 3.834    3.5754
 3.832    3.5916
 3.829    3.6047
 3.826    3.6103
 3.823    3.6052
 3.820    3.5993
 3.817    3.5876
 3.815    3.5824
 3.812    3.5719
 3.809    3.5880
 3.806    3.6094
 3.804    3.5964
 3.801    3.5749
 3.798    3.5700
 3.795    3.5686
 3.792    3.5880
 3.790    3.5984
 3.787    3.5896
 3.784    3.5883
 3.781    3.5843
 3.779    3.5714
 3.776    3.5855
 3.773    3.5990
 3.770    3.5841
 3.768    3.5779
 3.765    3.5935
 3.762    3.5843
 3.759    3.5803
 3.757    3.5956
 3.754    3.5917
 3.751    3.5794
 3.748    3.5904
 3.746    3.5958
 3.743    3.5510
 3.740    3.5489
 3.738    3.5894
 3.735    3.5956
 3.732    3.5813
 3.730    3.5974
 3.727    3.6073
 3.724    3.5824
 3.722    3.5688
 3.719    3.5700
 3.716    3.5681
 3.714    3.5730
 3.711    3.5885
 3.708    3.5941
 3.706    3.6073
 3.703    3.5824
 3.700    3.5754
 3.698    3.5857
 3.695    3.5644
 3.692    3.5686
 3.690    3.5958
 3.687    3.6063
 3.684    3.5880
 3.682    3.5636
 3.679    3.5433
 3.677    3.5346
 3.674    3.5580
 3.672    3.5670
 3.669    3.5712
 3.666    3.5796
 3.664    3.5808
 3.661    3.5779
 3.659    3.5843
 3.656    3.5688
 3.653    3.5657
 3.651    3.5899
 3.648    3.5979
 3.646    3.5707
 3.643    3.5538
 3.641    3.5553
 3.638    3.5556
 3.636    3.5728
 3.633    3.5655
 3.630    3.5602
 3.628    3.5691
 3.625    3.5597
 3.623    3.5421
 3.620    3.5574
 3.618    3.5683
 3.615    3.5595
 3.613    3.5423
 3.610    3.5374
 3.608    3.5390
 3.605    3.5559
 3.603    3.5602
 3.600    3.5543
 3.598    3.5337
 3.595    3.5163
 3.593    3.5262
 3.590    3.5374
 3.588    3.5397
 3.585    3.5184
 3.583    3.5107
 3.580    3.5236
 3.578    3.5381
 3.575    3.5325
 3.573    3.5098
 3.570    3.5330
 3.568    3.5548
 3.565    3.5412
 3.563    3.5384
 3.561    3.5205
 3.558    3.5067
 3.556    3.5135
 3.553    3.5296
 3.551    3.5163
 3.548    3.5046
 3.546    3.5172
 3.543    3.5070
 3.541    3.4992
 3.539    3.4891
 3.536    3.4877
 3.534    3.4953
 3.531    3.5032
 3.529    3.4936
 3.527    3.4959
 3.524    3.5067
 3.522    3.5067
 3.519    3.4781
 3.517    3.4507
 3.515    3.4460
 3.512    3.4338
 3.510    3.4137
 3.507    3.4034
 3.505    3.3928
 3.503    3.3928
 3.500    3.3982
 3.498    3.4078
 3.496    3.4239
 3.493    3.4120
 3.491    3.3972
 3.489    3.4020
 3.486    3.4106
 3.484    3.4158
 3.482    3.4106
 3.479    3.4034
 3.477    3.4120
 3.475    3.4179
 3.472    3.4120
 3.470    3.4275
 3.468    3.4353
 3.465    3.4218
 3.463    3.4130
 3.461    3.4125
 3.458    3.4094
 3.456    3.3971
 3.454    3.4104
 3.451    3.4282
 3.449    3.4132
 3.447    3.4141
 3.445    3.4291
 3.442    3.4236
 3.440    3.3925
 3.438    3.3825
 3.436    3.3855
 3.433    3.3602
 3.431    3.3363
 3.429    3.3394
 3.426    3.3569
 3.424    3.3260
 3.422    3.2693
 3.420    3.2553
 3.417    3.2867
 3.415    3.2981
 3.413    3.3075
 3.411    3.3218
 3.408    3.3239
 3.406    3.3206
 3.404    3.3208
 3.402    3.3358
 3.399    3.3325
 3.397    3.3255
 3.395    3.3068
 3.393    3.3042
 3.391    3.3117
 3.388    3.3190
 3.386    3.3156
 3.384    3.2941
 3.382    3.3057
 3.380    3.3208
 3.377    3.3257
 3.375    3.3195
 3.373    3.3110
 3.371    3.3054
 3.369    3.2914
 3.366    3.2948
 3.364    3.3260
 3.362    3.3372
 3.360    3.3325
 3.358    3.3218
 3.355    3.3400
 3.353    3.3530
 3.351    3.3304
 3.349    3.3161
 3.347    3.3082
 3.345    3.3239
 3.342    3.3588
 3.340    3.3403
 3.338    3.3086
 3.336    3.2935
 3.334    3.3002
 3.332    3.3096
 3.330    3.3371
 3.327    3.3710
 3.325    3.3724
 3.323    3.3431
 3.321    3.3366
 3.319    3.3187
 3.317    3.3031
 3.315    3.3208
 3.313    3.3312
 3.310    3.3096
 3.308    3.3028
 3.306    3.2946
 3.304    3.2745
 3.302    3.2599
 3.300    3.2660
 3.298    3.2798
 3.296    3.2911
 3.294    3.2754
 3.292    3.2592
 3.289    3.2742
 3.287    3.2824
 3.285    3.2810
 3.283    3.2556
 3.281    3.2527
 3.279    3.2510
 3.277    3.2124
 3.275    3.2314
 3.273    3.2847
 3.271    3.2864
 3.269    3.2784
 3.267    3.2439
 3.265    3.2388
 3.263    3.2301
 3.261    3.2133
 3.258    3.1976
 3.256    3.2060
 3.254    3.2379
 3.252    3.2553
 3.250    3.2437
 3.248    3.2452
 3.246    3.2590
 3.244    3.2418
 3.242    3.2325
 3.240    3.2013
 3.238    3.2020
 3.236    3.2238
 3.234    3.2234
 3.232    3.2236
 3.230    3.1971
 3.228    3.1509
 3.226    3.1701
 3.224    3.2147
 3.222    3.2096
 3.220    3.1696
 3.218    3.1579
 3.216    3.1596
 3.214    3.1439
 3.212    3.1613
 3.210    3.1453
 3.208    3.1319
 3.206    3.1542
 3.204    3.1685
 3.202    3.1457
 3.200    3.1444
 3.198    3.1533
 3.196    3.1512
 3.194    3.1512
 3.192    3.1575
 3.190    3.1472
 3.188    3.1212
 3.186    3.1336
 3.184    3.1359
 3.182    3.1163
 3.180    3.1280
 3.179    3.1402
 3.177    3.1355
 3.175    3.1169
 3.173    3.1043
 3.171    3.1050
 3.169    3.0977
 3.167    3.0851
 3.165    3.0975
 3.163    3.0996
 3.161    3.0660
 3.159    3.0691
 3.157    3.1036
 3.155    3.0949
 3.153    3.0982
 3.152    3.0806
 3.150    3.0473
 3.148    3.0710
 3.146    3.0886
 3.144    3.0902
 3.142    3.0668
 3.140    3.0459
 3.138    3.0492
 3.136    3.0600
 3.134    3.0468
 3.132    3.0340
 3.131    3.0145
 3.129    3.0060
 3.127    3.0351
 3.125    3.0372
 3.123    3.0047
 3.121    2.9930
 3.119    3.0110
 3.117    3.0199
 3.115    2.9956
 3.114    3.0036
 3.112    2.9892
 3.110    2.9922
 3.108    2.9984
 3.106    3.0012
 3.104    2.9948
 3.102    2.9836
 3.101    2.9681
 3.099    2.9702
 3.097    3.0068
 3.095    3.0033
 3.093    3.0047
 3.091    2.9930
 3.090    2.9829
 3.088    2.9953
 3.086    2.9901
 3.084    2.9777
 3.082    2.9662
 3.080    2.9683
 3.079    2.9452
 3.077    2.9322
 3.075    2.9595
 3.073    2.9817
 3.071    2.9927
 3.069    2.9857
 3.067    2.9817
 3.066    2.9772
 3.064    2.9641
 3.062    2.9719
 3.060    2.9510
 3.059    2.9156
 3.057    2.9192
 3.055    2.9187
 3.053    2.9271
 3.051    2.9363
 3.050    2.9489
 3.048    2.9686
 3.046    2.9632
 3.044    2.9133
 3.042    2.9151
 3.041    2.9496
 3.039    2.9421
 3.037    2.9213
 3.035    2.9262
 3.033    2.9372
 3.032    2.9414
 3.030    2.9367
 3.028    2.9337
 3.026    2.9325
 3.025    2.9192
 3.023    2.8810
 3.021    2.9096
 3.019    2.9325
 3.018    2.9096
 3.016    2.9221
 3.014    2.9294
 3.012    2.9083
 3.011    2.9341
 3.009    2.9360
 3.007    2.8889
 3.005    2.8793
 3.004    2.9039
 3.002    2.9078
 3.000    2.9140
 2.998    2.9252
 2.997    2.9187
 2.995    2.8961
 2.993    2.8793
 2.991    2.8717
 2.990    2.8786
 2.988    2.8969
 2.986    2.9020
 2.985    2.8922
 2.983    2.8919
 2.981    2.9025
 2.979    2.8868
 2.978    2.8987
 2.976    2.8821
 2.974    2.9226
 2.973    2.9363
 2.971    2.9339
 2.969    2.9264
 2.967    2.9442
 2.966    2.9177
 2.964    2.8985
 2.962    2.9049
 2.961    2.9210
 2.959    2.9414
 2.957    2.8839
 2.956    2.8575
 2.954    2.8990
 2.952    2.9057
 2.951    2.8966
 2.949    2.8886
 2.947    2.9192
 2.946    2.9224
 2.944    2.8978
 2.942    2.9006
 2.941    2.8980
 2.939    2.9301
 2.937    2.9226
 2.936    2.8868
 2.934    2.8891
 2.932    2.9013
 2.931    2.9076
 2.929    2.9182
 2.927    2.9145
 2.926    2.9046
 2.924    2.8868
 2.922    2.8667
 2.921    2.8680
 2.919    2.8889
 2.917    2.9011
 2.916    2.8999
 2.914    2.8818
 2.912    2.8641
 2.911    2.8739
 2.909    2.8717
 2.908    2.8955
 2.906    2.9088
 2.904    2.9283
 2.903    2.9444
 2.901    2.8919
 2.899    2.8746
 2.898    2.8964
 2.896    2.8997
 2.895    2.8847
 2.893    2.9175
 2.891    2.9426
 2.890    2.9210
 2.888    2.9145
 2.886    2.9034
 2.885    2.8906
 2.883    2.9317
 2.882    2.9540
 2.880    2.9168
 2.878    2.9096
 2.877    2.9145
 2.875    2.8969
 2.874    2.9158
 2.872    2.8976
 2.870    2.8860
 2.869    2.9100
 2.867    2.9496
 2.866    2.9555
 2.864    2.9112
 2.863    2.9236
 2.861    2.9348
 2.859    2.9037
 2.858    2.9309
 2.856    2.9655
 2.855    2.9768
 2.853    2.9238
 2.852    2.8865
 2.850    2.8859
 2.848    2.9039
 2.847    2.9055
 2.845    2.9051
 2.844    2.9081
 2.842    2.8739
 2.841    2.8743
 2.839    2.9055
 2.837    2.9372
 2.836    2.9491
 2.834    2.9351
 2.833    2.9271
 2.831    2.9168
 2.830    2.9147
 2.828    2.9330
 2.827    2.9117
 2.825    2.9221
 2.824    2.9423
 2.822    2.9325
 2.821    2.9264
 2.819    2.9608
 2.817    2.9553
 2.816    2.9381
 2.814    2.9400
 2.813    2.9608
 2.811    2.9620
 2.810    2.9339
 2.808    2.9341
 2.807    2.9301
 2.805    2.8741
 2.804    2.8908
 2.802    2.9348
 2.801    2.9200
 2.799    2.8953
 2.798    2.9236
 2.796    2.9241
 2.795    2.9140
 2.793    2.9325
 2.792    2.9367
 2.790    2.9020
 2.789    2.9109
 2.787    2.9072
 2.786    2.8961
 2.784    2.9301
 2.783    2.9494
 2.781    2.9449
 2.780    2.9221
 2.778    2.9098
 2.777    2.9109
 2.775    2.9037
 2.774    2.8865
 2.772    2.9205
 2.771    2.9428
 2.769    2.9386
 2.768    2.9125
 2.766    2.9070
 2.765    2.9194
 2.763    2.9351
 2.762    2.9311
 2.761    2.9198
 2.759    2.8882
 2.757    2.8690
 2.756    2.8880
 2.755    2.9482
 2.753    2.9616
 2.752    2.9245
 2.750    2.9585
 2.749    2.9655
 2.747    2.9163
 2.746    2.9372
 2.744    2.9871
 2.743    2.9995
 2.741    2.9754
 2.740    2.9470
 2.739    2.9766
 2.737    3.0278
 2.736    3.0321
 2.734    3.0059
 2.733    3.0192
 2.731    3.0457
 2.730    3.0588
 2.728    3.0371
 2.727    3.0532
 2.726    3.1122
 2.724    3.1221
 2.723    3.1146
 2.721    3.1156
 2.720    3.1280
 2.719    3.1662
 2.717    3.2060
 2.716    3.2730
 2.714    3.3286
 2.713    3.3572
 2.711    3.3875
 2.710    3.3902
 2.708    3.3968
 2.707    3.4378
 2.706    3.4624
 2.704    3.4483
 2.703    3.4551
 2.701    3.4779
 2.700    3.5346
 2.699    3.5777
 2.697    3.5688
 2.696    3.5800
 2.695    3.6098
 2.693    3.6016
 2.692    3.6065
 2.690    3.6155
 2.689    3.6564
 2.688    3.6597
 2.686    3.6216
 2.685    3.6517
 2.683    3.6677
 2.682    3.6426
 2.680    3.6560
 2.679    3.6680
 2.678    3.6321
 2.676    3.6610
 2.675    3.7101
 2.674    3.6694
 2.672    3.6438
 2.671    3.6408
 2.670    3.6517
 2.668    3.6623
 2.667    3.6358
 2.665    3.6478
 2.664    3.6675
 2.663    3.6431
 2.661    3.6218
 2.660    3.6345
 2.659    3.6956
 2.657    3.6914
 2.656    3.6785
 2.655    3.6853
 2.653    3.6841
 2.652    3.6808
 2.650    3.6787
 2.649    3.7216
 2.648    3.7176
 2.646    3.6476
 2.645    3.6841
 2.644    3.6984
 2.642    3.6717
 2.641    3.6860
 2.640    3.7231
 2.638    3.7524
 2.637    3.6984
 2.636    3.6527
 2.634    3.7120
 2.633    3.7514
 2.632    3.7143
 2.630    3.7092
 2.629    3.6870
 2.627    3.6750
 2.626    3.6774
 2.625    3.6623
 2.624    3.6590
 2.622    3.6680
 2.621    3.6706
 2.620    3.6790
 2.618    3.6748
 2.617    3.6330
 2.616    3.6443
 2.614    3.6701
 2.613    3.6321
 2.612    3.6333
 2.610    3.6633
 2.609    3.6576
 2.608    3.6647
 2.606    3.6846
 2.605    3.6426
 2.604    3.6124
 2.603    3.6436
 2.601    3.6855
 2.600    3.7008
 2.599    3.6787
 2.597    3.6375
 2.596    3.6075
 2.595    3.6281
 2.593    3.6490
 2.592    3.6488
 2.591    3.6394
 2.590    3.6304
 2.588    3.6361
 2.587    3.6014
 2.586    3.6366
 2.584    3.7036
 2.583    3.6966
 2.582    3.6535
 2.580    3.6483
 2.579    3.6569
 2.578    3.6574
 2.577    3.6563
 2.575    3.6054
 2.574    3.5735
 2.573    3.5935
 2.571    3.6441
 2.570    3.6476
 2.569    3.6408
 2.568    3.6347
 2.566    3.6127
 2.565    3.5864
 2.564    3.5800
 2.563    3.6014
 2.561    3.5964
 2.560    3.5683
 2.559    3.5782
 2.558    3.6033
 2.556    3.6039
 2.555    3.6110
 2.554    3.6408
 2.553    3.6174
 2.551    3.5775
 2.550    3.5660
 2.549    3.6091
 2.547    3.6195
 2.546    3.6129
 2.545    3.6265
 2.544    3.6091
 2.543    3.5805
 2.541    3.5632
 2.540    3.5356
 2.539    3.5463
 2.538    3.5613
 2.536    3.5763
 2.535    3.5768
 2.534    3.5749
 2.533    3.5439
 2.531    3.5325
 2.530    3.5436
 2.529    3.5725
 2.528    3.5876
 2.526    3.5564
 2.525    3.5538
 2.524    3.5761
 2.523    3.5604
 2.522    3.5808
 2.520    3.5993
 2.519    3.5304
 2.518    3.4886
 2.517    3.4894
 2.515    3.5252
 2.514    3.5442
 2.513    3.5437
 2.512    3.5498
 2.511    3.5704
 2.509    3.5540
 2.508    3.5498
 2.507    3.5341
 2.506    3.5363
 2.504    3.5639
 2.503    3.5447
 2.502    3.5592
 2.501    3.5813
 2.500    3.5821
 2.498    3.5798
 2.497    3.5290
 2.496    3.5171
 2.495    3.5363
 2.494    3.5784
 2.492    3.6075
 2.491    3.5454
 2.490    3.5055
 2.489    3.5086
 2.488    3.5437
 2.486    3.5506
 2.485    3.5133
 2.484    3.5210
 2.483    3.5194
 2.482    3.5168
 2.481    3.5114
 2.479    3.5194
 2.478    3.5273
 2.477    3.4959
 2.476    3.5083
 2.474    3.5243
 2.473    3.5119
 2.472    3.4943
 2.471    3.5100
 2.470    3.5981
 2.469    3.5990
 2.467    3.5236
 2.466    3.5698
 2.465    3.6056
 2.464    3.5590
 2.463    3.5536
 2.462    3.5367
 2.460    3.4380
 2.459    3.4259
 2.458    3.5301
 2.457    3.5662
 2.456    3.5553
 2.455    3.5220
 2.454    3.5316
 2.452    3.5147
 2.451    3.5104
 2.450    3.5268
 2.449    3.5091
 2.448    3.5590
 2.446    3.5527
 2.445    3.4629
 2.444    3.4475
 2.443    3.4826
 2.442    3.5234
 2.441    3.5449
 2.440    3.5100
 2.438    3.4859
 2.437    3.5046
 2.436    3.5171
 2.435    3.4956
 2.434    3.4525
 2.433    3.4760
 2.432    3.5215
 2.430    3.5283
 2.429    3.5016
 2.428    3.5083
 2.427    3.5194
 2.426    3.5076
 2.425    3.4545
 2.424    3.4263
 2.422    3.4985
 2.421    3.5578
 2.420    3.5078
 2.419    3.4793
 2.418    3.4857
 2.417    3.4629
 2.416    3.4940
 2.415    3.5081
 2.414    3.4842
 2.412    3.4735
 2.411    3.4478
 2.410    3.4563
 2.409    3.4784
 2.408    3.5004
 2.407    3.4922
 2.406    3.5055
 2.405    3.5154
 2.403    3.4706
 2.402    3.4673
 2.401    3.4659
 2.400    3.4524
 2.399    3.5147
 2.398    3.5166
 2.397    3.4408
 2.396    3.4336
 2.394    3.4270
 2.393    3.4655
 2.392    3.4849
 2.391    3.4605
 2.390    3.4306
 2.389    3.4231
 2.388    3.4545
 2.387    3.4938
 2.386    3.5341
 2.385    3.5072
 2.384    3.4781
 2.382    3.5247
 2.381    3.5125
 2.380    3.4631
 2.379    3.4504
 2.378    3.4418
 2.377    3.4722
 2.376    3.4797
 2.375    3.4812
 2.374    3.4680
 2.373    3.4476
 2.372    3.4549
 2.370    3.4743
 2.369    3.4906
 2.368    3.4756
 2.367    3.4753
 2.366    3.5086
 2.365    3.5006
 2.364    3.4889
 2.363    3.5121
 2.362    3.4504
 2.361    3.3778
 2.360    3.4507
 2.359    3.5041
 2.357    3.4621
 2.356    3.4444
 2.355    3.4294
 2.354    3.3813
 2.353    3.4475
 2.352    3.5369
 2.351    3.5364
 2.350    3.4999
 2.349    3.4371
 2.348    3.4336
 2.347    3.4735
 2.346    3.4945
 2.345    3.4969
 2.344    3.4498
 2.343    3.4231
 2.341    3.4696
 2.341    3.4598
 2.339    3.4029
 2.338    3.4116
 2.337    3.4382
 2.336    3.4397
 2.335    3.4608
 2.334    3.4816
 2.333    3.4647
 2.332    3.4380
 2.331    3.4533
 2.330    3.4950
 2.329    3.4399
 2.328    3.3813
 2.327    3.4068
 2.326    3.4584
 2.325    3.4764
 2.324    3.4451
 2.323    3.4141
 2.322    3.4301
 2.321    3.4624
 2.320    3.4575
 2.318    3.4397
 2.317    3.4512
 2.316    3.4894
 2.315    3.4455
 2.314    3.3675
 2.313    3.4034
 2.312    3.4650
 2.311    3.4200
 2.310    3.3844
 2.309    3.3677
 2.308    3.3844
 2.307    3.3996
 2.306    3.3912
 2.305    3.3644
 2.304    3.4226
 2.303    3.4596
 2.302    3.4336
 2.301    3.4043
 2.300    3.3994
 2.299    3.4327
 2.298    3.4420
 2.297    3.4137
 2.296    3.3977
 2.295    3.3813
 2.294    3.4378
 2.293    3.4748
 2.292    3.4641
 2.291    3.4504
 2.290    3.4397
 2.289    3.4366
 2.288    3.4148
 2.287    3.4179
 2.286    3.4432
 2.285    3.4329
 2.284    3.4356
 2.283    3.4870
 2.282    3.4758
 2.281    3.4127
 2.280    3.4336
 2.279    3.4478
 2.278    3.4329
 2.277    3.4493
 2.276    3.4615
 2.275    3.4662
 2.274    3.4662
 2.273    3.4117
 2.272    3.3949
 2.271    3.4641
 2.270    3.4828
 2.269    3.4592
 2.268    3.4735
 2.267    3.4836
 2.266    3.4521
 2.265    3.4413
 2.264    3.4915
 2.263    3.5259
 2.262    3.4781
 2.261    3.4579
 2.260    3.4603
 2.259    3.4730
 2.258    3.4457
 2.257    3.4282
 2.256    3.4408
 2.255    3.4530
 2.254    3.4432
 2.253    3.4704
 2.252    3.4814
 2.251    3.4425
 2.250    3.3987
 2.249    3.4005
 2.248    3.4385
 2.247    3.4244
 2.246    3.4221
 2.245    3.4340
 2.244    3.4392
 2.243    3.4413
 2.242    3.4549
 2.241    3.4769
 2.240    3.4805
 2.239    3.4714
 2.238    3.4727
 2.237    3.4554
 2.236    3.4818
 2.236    3.5032
 2.235    3.4312
 2.234    3.4514
 2.233    3.4781
 2.232    3.4638
 2.231    3.4202
 2.230    3.4329
 2.229    3.5273
 2.228    3.5280
 2.227    3.5135
 2.226    3.5046
 2.225    3.4812
 2.224    3.4756
 2.223    3.4382
 2.222    3.4200
 2.221    3.4823
 2.220    3.4854
 2.219    3.4387
 2.218    3.4382
 2.217    3.4784
 2.216    3.4948
 2.216    3.5215
 2.215    3.5317
 2.214    3.4870
 2.213    3.4772
 2.212    3.4483
 2.211    3.4402
 2.210    3.4390
 2.209    3.5051
 2.208    3.5480
 2.207    3.4999
 2.206    3.4959
 2.205    3.4953
 2.204    3.4434
 2.203    3.4425
 2.202    3.5088
 2.201    3.4997
 2.200    3.4741
 2.200    3.5147
 2.199    3.5114
 2.198    3.5102
 2.197    3.4767
 2.196    3.4894
 2.195    3.5172
 2.194    3.5257
 2.193    3.5151
 2.192    3.4969
 2.191    3.5004
 2.190    3.4746
 2.189    3.4667
 2.188    3.5039
 2.187    3.5114
 2.187    3.4987
 2.186    3.4374
 2.185    3.4174
 2.184    3.4621
 2.183    3.5316
 2.182    3.5529
 2.181    3.4863
 2.180    3.4903
 2.179    3.5076
 2.178    3.4826
 2.177    3.4512
 2.176    3.4509
 2.176    3.4423
 2.175    3.4657
 2.174    3.4985
 2.173    3.5135
 2.172    3.5540
 2.171    3.5428
 2.170    3.5623
 2.169    3.5386
 2.168    3.4603
 2.167    3.4195
 2.166    3.4737
 2.166    3.5815
 2.165    3.5951
 2.164    3.5283
 2.163    3.5151
 2.162    3.5363
 2.161    3.5501
 2.160    3.5611
 2.159    3.5075
 2.158    3.5140
 2.157    3.4884
 2.156    3.4566
 2.156    3.5304
 2.155    3.5311
 2.154    3.5032
 2.153    3.5171
 2.152    3.4800
 2.151    3.4836
 2.150    3.5463
 2.149    3.5075
 2.148    3.4956
 2.148    3.5548
 2.147    3.5137
 2.146    3.4725
 2.145    3.4884
 2.144    3.5522
 2.143    3.5641
 2.142    3.5559
 2.141    3.5766
 2.140    3.5590
 2.140    3.5486
 2.139    3.5829
 2.138    3.5590
 2.137    3.5353
 2.136    3.5548
 2.135    3.5109
 2.134    3.4857
 2.133    3.5332
 2.132    3.5735
 2.132    3.6023
 2.131    3.6180
 2.130    3.5616
 2.129    3.5072
 2.128    3.5421
 2.127    3.5454
 2.126    3.5522
 2.126    3.5719
 2.125    3.5341
 2.124    3.5611
 2.123    3.6169
 2.122    3.6213
 2.121    3.5920
 2.120    3.5892
 2.119    3.5916
 2.119    3.5410
 2.118    3.5168
 2.117    3.5381
 2.116    3.5771
 2.115    3.5803
 2.114    3.6132
 2.113    3.6330
 2.112    3.5548
 2.112    3.5051
 2.111    3.5559
 2.110    3.5798
 2.109    3.5909
 2.108    3.6117
 2.107    3.6410
 2.107    3.5503
 2.106    3.4535
 2.105    3.4906
 2.104    3.5553
 2.103    3.5749
 2.102    3.6445
 2.101    3.6262
 2.100    3.5763
 2.100    3.6031
 2.099    3.6324
 2.098    3.6070
 2.097    3.5904
 2.096    3.6133
 2.095    3.6010
 2.095    3.5667
 2.094    3.6133
 2.093    3.6101
 2.092    3.6174
 2.091    3.6368
 2.090    3.6745
 2.090    3.6342
 2.089    3.6143
 2.088    3.5855
 2.087    3.5941
 2.086    3.6244
 2.085    3.6127
 2.084    3.6283
 2.084    3.6488
 2.083    3.6358
 2.082    3.5963
 2.081    3.6010
 2.080    3.6537
 2.079    3.6727
 2.076    3.6359
 2.072    3.6683
 2.068    3.6653
 2.064    3.6339
 2.060    3.6711
 2.056    3.6541
 2.052    3.6486
 2.048    3.7077
 2.044    3.5774
 2.040    3.7727
 2.036    3.6450
 2.032    3.7536
 2.028    3.7019
 2.024    3.7025
 2.020    3.7153
 2.016    3.6867
 2.012    3.6846
 2.008    3.6888
 2.004    3.6898
 2.000    3.7277
 1.996    3.7267
 1.992    3.7615
 1.988    3.6770
 1.984    3.7459
 1.980    3.8119
 1.976    3.8219
 1.972    3.6982
 1.968    3.8022
 1.964    3.7377
 1.960    3.7089
 1.956    3.7668
 1.952    3.7373
 1.948    3.7064
 1.944    3.7435
 1.940    3.7421
 1.936    3.7690
 1.932    3.7823
 1.928    3.7179
 1.924    3.8183
 1.920    3.7190
 1.916    3.7267
 1.912    3.7442
 1.908    3.7128
 1.904    3.8161
 1.900    3.8459
 1.896    3.8357
 1.892    3.8040
 1.888    3.8741
 1.884    3.8073
 1.880    3.8741
 1.876    3.8798
 1.872    3.9451
 1.868    3.9095
 1.864    3.9002
 1.860    3.8516
 1.856    3.8821
 1.852    3.8499
 1.848    3.9268
 1.844    3.9008
 1.840    3.9361
 1.836    3.9361
 1.832    3.8663
 1.828    3.8600
 1.824    3.8827
 1.820    3.8567
 1.816    3.8860
 1.812    3.8866
 1.808    4.0425
 1.804    3.9860
 1.800    4.0277
 1.796    3.9676
 1.792    3.9584
 1.788    3.9813
 1.784    3.9936
 1.780    3.9723
 1.776    4.0696
 1.772    3.9373
 1.768    4.0089
 1.764    3.9872
 1.760    3.9286
 1.756    3.9560
 1.752    3.9047
 1.748    3.9377
 1.744    3.9630
 1.740    3.9896
 1.736    3.9995
 1.732    3.9115
 1.728    4.0244
 1.724    4.0279
 1.720    3.9743
 1.716    4.0365
 1.712    4.0133
 1.708    4.0086
 1.704    3.9520
 1.700    3.9992
 1.696    4.0368
 1.692    4.0490
 1.688    3.9646
 1.684    4.0337
 1.680    3.9600
 1.676    4.0739
 1.672    4.0537
 1.668    4.0849
 1.664    4.0859
 1.660    4.0799
 1.656    4.0799
 1.652    3.9727
 1.648    4.0691
 1.644    4.0487
 1.640    3.9831
 1.636    4.0108
 1.632    4.0440
 1.628    4.0050
 1.624    4.0213
 1.620    4.0478
 1.616    4.0431
 1.612    4.0632
 1.608    4.0042
 1.604    4.0714
 1.600    4.0668
 1.596    4.0883
 1.592    4.0683
 1.588    4.1076
 1.584    4.0568
 1.580    4.1185
 1.576    4.1739
 1.572    4.0461
 1.568    4.1030
 1.564    4.1305
 1.560    4.0991
 1.556    4.0835
 1.552    4.0931
 1.548    4.1270
 1.544    4.1173
 1.540    4.1826
 1.536    4.1221
 1.532    4.0474
 1.528    4.0485
 1.524    4.0871
 1.520    4.0705
 1.516    4.1307
 1.512    4.1414
 1.508    4.0252
 1.504    3.9676
 1.500    4.0358
 1.496    4.0827
 1.492    4.0687
 1.488    4.0904
 1.484    4.1515
 1.480    4.0862
 1.476    4.0829
 1.472    4.1206
 1.468    4.1267
 1.464    4.1206
 1.460    4.0853
 1.456    4.1792
 1.452    4.1424
 1.448    4.1368
 1.444    4.1098
 1.440    4.1853
 1.436    4.1533
 1.432    4.1874
 1.428    4.1448
 1.424    4.1821
 1.420    4.0625
 1.416    4.0976
 1.412    3.9981
 1.408    4.1035
 1.404    4.0964
 1.400    4.0752
 1.396    4.1224
 1.392    4.1642
 1.388    4.1036
 1.384    4.0969
 1.380    4.1148
 1.376    4.0984
 1.372    4.1075
 1.368    4.0985
 1.364    4.0740
 1.360    4.1680
 1.356    4.0486
 1.352    4.0910
 1.348    4.2025
 1.344    4.1952
 1.340    4.2097
 1.336    4.2045
 1.332    4.1397
 1.328    4.2714
 1.324    4.2786
 1.320    4.2355
 1.316    4.0055
 1.312    4.1800
 1.308    4.2486
 1.304    4.2475
 1.300    4.0427
 1.296    4.1863
 1.292    4.1898
 1.288    4.2355
 1.284    4.0735
 1.280    4.0244
 1.276    4.1826
 1.272    4.1439
 1.268    4.1040
 1.264    4.0404
 1.260    4.1577
 1.256    4.0524
 1.252    4.0754
 1.248    3.9909
 1.244    4.0703
 1.240    4.0720
 1.236    4.0776
 1.232    4.0857
 1.228    4.1496
 1.224    4.1190
 1.220    4.1308
 1.216    4.0418
 1.212    4.0689
 1.208    4.0654
 1.204    4.0568
 1.200    4.0558
 1.196    4.0482
 1.192    4.0430
 1.188    4.0027
 1.184    4.0356
 1.180    4.1361
 1.176    4.0256
 1.172    4.0625
 1.168    4.0995
 1.164    4.0329
 1.160    4.0750
 1.156    4.1226
 1.152    4.0283
 1.148    4.0417
 1.144    4.0839
 1.140    4.0652
 1.136    3.9717
 1.132    3.9164
 1.128    3.9852
 1.124    4.0281
 1.120    3.9609
 1.116    3.9777
 1.112    3.9707
 1.108    3.9330
 1.104    3.8668
 1.100    3.8252
 1.096    3.9875
 1.092    3.9075
 1.088    3.9094
 1.084    3.9718
 1.080    3.9738
 1.076    3.8512
 1.072    3.8264
 1.068    3.8272
 1.064    3.7754
 1.060    3.8890
 1.056    3.7931
 1.052    3.8687
 1.048    3.7984
 1.044    3.9019
 1.040    3.9455
 1.036    3.7330
 1.032    3.7402
 1.028    3.6993
 1.024    3.8055
 1.020    3.6951
 1.016    3.7306
 1.012    3.8198
 1.008    3.7804
 1.004    3.6250
 1.000    3.7700
 0.996    3.7289
 0.992    3.7177
 0.988    3.6783
 0.984    3.7700
 0.980    3.7137
 0.976    3.7874
 0.972    3.5991
 0.968    3.6743
 0.964    3.6365
 0.960    3.7484
 0.956    3.7826
 0.952    3.9012
 0.948    3.9349
 0.944    3.8943
 0.940    3.7848
 0.936    3.8211
 0.932    3.9630
 0.928    3.9646
 0.924    4.0032
 0.920    3.9668
 0.916    4.0455
 0.912    4.0771
 0.908    4.0022
 0.904    4.0415
 0.900    4.0789
 0.896    4.1561
 0.892    4.1327
 0.888    4.1671
 0.884    4.1681
 0.880    4.1778
 0.876    4.1859
 0.872    4.1517
 0.868    4.2804
 0.864    4.3944
 0.860    4.2964
 0.856    4.3763
 0.852    4.3021
 0.848    4.4278
 0.844    4.4377
 0.840    4.5086
 0.836    4.4714
 0.832    4.5562
 0.828    4.5137
 0.824    4.5963
 0.820    4.6118
 0.816    4.5898
 0.812    4.5575
 0.808    4.6569
 0.804    4.5291
 0.800    4.6424
 0.799    4.6034
 0.798    4.6071
 0.797    4.4417
 0.796    4.4915
 0.795    4.5885
 0.794    4.5978
 0.793    4.4712
 0.792    4.6484
 0.791    4.3513
 0.790    4.4272
 0.789    4.3481
 0.788    4.5806
 0.787    4.6858
 0.786    4.5990
 0.785    4.6251
 0.784    4.3725
 0.783    4.5366
 0.782    4.5634
 0.781    4.5748
 0.780    4.4272
 0.779    4.3095
 0.778    4.5314
 0.777    4.3694
 0.776    4.6463
 0.775    4.4754
 0.774    4.4530
 0.773    4.5298
 0.772    4.6403
 0.771    4.6872
 0.770    4.6133
 0.769    4.6924
 0.768    4.6539
 0.767    4.5178
 0.766    4.6970
 0.765    4.7055
 0.764    4.7765
 0.763    4.5666
 0.762    4.6258
 0.761    4.7775
 0.760    4.3391
 0.759    4.4381
 0.758    4.2941
 0.757    4.5486
 0.756    4.4354
 0.755    4.4782
 0.754    4.5060
 0.753    4.4331
 0.752    4.4263
 0.751    4.5830
 0.750    4.5109
 0.749    4.6436
 0.748    4.5126
 0.747    4.5567
 0.746    4.3289
 0.745    4.4751
 0.744    4.3636
 0.743    4.5618
 0.742    4.6697
 0.741    4.6381
 0.740    4.5974
 0.739    4.6191
 0.738    4.3714
 0.737    4.3036
 0.736    4.5618
 0.735    4.3968
 0.734    4.7176
 0.733    4.5923
 0.732    4.4194
 0.731    4.6056
 0.730    4.5239
 0.729    4.5679
 0.728    4.2073
 0.727    4.4418
 0.726    4.5138
 0.725    4.4706
 0.724    4.5267
 0.723    4.6799
 0.722    4.5138
 0.721    4.4431
 0.720    4.3184
 0.719    4.1777
 0.718    4.6031
 0.717    4.5036
 0.716    4.4848
 0.715    4.4805
 0.714    4.6090
 0.713    4.4876
 0.712    4.5081
 0.711    4.4792
 0.710    4.4978
 0.709    4.6318
 0.708    4.2856
 0.707    4.3713
 0.706    4.5353
 0.705    4.3395
 0.704    4.5515
 0.703    4.4280
 0.702    4.5671
 0.701    4.4196
 0.700    4.2506
 0.699    4.4357
 0.698    4.3520
 0.697    4.5499
 0.696    4.6361
 0.695    4.5270
 0.694    4.4622
 0.693    4.4716
 0.692    4.3172
 0.691    4.4092
 0.690    4.3766
 0.689    4.2760
 0.688    4.5268
 0.687    4.4096
 0.686    4.4077
 0.685    4.5624
 0.684    4.4104
 0.683    4.5639
 0.682    4.6206
 0.681    4.5094
 0.680    4.5608
 0.679    4.4592
 0.678    4.2465
 0.677    4.4401
 0.676    4.4666
 0.675    4.3972
 0.674    4.3563
 0.673    4.2410
 0.672    4.2080
 0.671    4.4701
 0.670    4.4967
 0.669    4.5400
 0.668    4.3331
 0.667    4.3683
 0.666    4.3549
 0.665    4.1734
 0.664    4.4210
 0.663    4.2932
 0.662    4.2877
 0.661    4.5371
 0.660    4.2932
 0.659    4.3119
 0.658    4.3531
 0.657    4.4336
 0.656    4.3490
 0.655    4.4570
 0.654    4.3637
 0.653    4.3894
 0.652    4.2722
 0.651    4.4336
 0.650    4.4988
 0.649    4.4314
 0.648    4.2750
 0.647    4.3439
 0.646    4.4546
 0.645    4.4997
 0.644    4.6864
 0.643    4.2549
 0.642    4.4329
 0.641    4.4200
 0.640    4.3904
 0.639    4.3459
 0.638    4.2247
 0.637    4.3889
 0.636    4.2631
 0.635    4.3476
 0.634    4.5678
 0.633    4.2064
 0.632    4.3186
 0.631    4.2741
 0.630    4.5243
 0.629    4.2842
 0.628    4.2462
 0.627    4.4185
 0.626    4.3444
 0.625    4.4080
 0.624    4.4570
 0.623    4.3021
 0.622    4.4299
 0.621    4.2420
 0.620    4.4209
 0.619    4.4036
 0.618    4.2420
 0.617    4.5386
 0.616    4.4089
 0.615    4.5632
 0.614    4.3798
 0.613    4.3953
 0.612    4.3943
 0.611    4.3540
 0.610    4.3887
 0.609    4.4209
 0.608    4.4209
 0.607    4.1939
 0.606    4.4374
 0.605    4.4676
 0.604    4.2819
 0.603    4.2663
 0.602    4.3905
 0.601    4.2534
 0.600    4.1925
 0.599    4.2140
 0.598    4.2926
 0.597    4.3451
 0.596    4.4207
 0.595    4.2592
 0.594    4.2563
 0.593    4.5024
 0.592    4.4565
 0.591    4.4192
 0.590    4.2709
 0.589    4.3860
 0.588    4.1982
 0.587    4.1433
 0.586    4.4011
 0.585    4.5355
 0.584    4.4631
 0.583    4.5654
 0.582    4.3875
 0.581    4.2665
 0.580    4.2671
 0.579    4.2747
 0.578    4.3918
 0.577    4.3303
 0.576    4.2441
 0.575    4.3407
 0.574    4.3273
 0.573    4.3518
 0.572    4.1820
 0.571    4.3711
 0.570    4.2914
 0.569    4.3161
 0.568    4.3220
 0.567    4.4631
 0.566    4.1366
 0.565    4.2934
 0.564    4.3430
 0.563    4.3400
 0.562    4.3518
 0.561    4.3264
 0.560    4.4518
 0.559    4.2041
 0.558    4.2704
 0.557    4.3904
 0.556    4.2355
 0.555    4.1019
 0.554    4.3751
 0.553    4.3832
 0.552    4.3982
 0.551    4.2573
 0.550    4.3249
 0.549    4.0884
 0.548    4.1571
 0.547    4.2991
 0.546    4.3006
 0.545    4.2556
 0.544    4.3262
 0.543    4.2369
 0.542    4.3639
 0.541    4.4037
 0.540    4.2163
 0.539    4.1784
 0.538    4.2389
 0.537    4.2823
 0.536    4.2703
 0.535    4.2876
 0.534    4.3184
 0.533    4.3078
 0.532    4.3888
 0.531    4.2641
 0.530    4.1908
 0.529    4.2434
 0.528    4.2556
 0.527    4.3742
 0.526    4.1584
 0.525    4.4570
 0.524    4.3784
 0.523    4.2912
 0.522    4.1953
 0.521    4.3719
 0.520    4.2883
 0.519    4.2236
 0.518    4.3769
 0.517    4.3704
 0.516    4.1152
 0.515    4.2377
 0.514    4.1672
 0.513    4.1594
 0.512    4.2926
 0.511    4.0526
 0.510    4.0788
 0.509    4.2411
 0.508    4.1608
 0.507    4.3935
 0.506    4.2083
 0.505    4.0736
 0.504    3.9926
 0.503    4.3923
 0.502    4.0801
 0.501    4.1495
 0.500    4.2018
 0.499    4.2632
 0.498    4.2210
 0.497    4.3319
 0.496    4.2775
 0.495    4.0645
 0.494    4.1818
 0.493    4.0892
 0.492    4.0153
 0.491    3.8794
 0.490    3.8770
 0.489    4.1063
 0.488    4.2789
 0.487    4.3661
 0.486    4.1050
 0.485    4.0642
 0.484    3.9862
 0.483    3.7645
 0.482    4.2567
 0.481    4.2163
 0.480    3.9774
 0.479    4.0507
 0.478    3.9867
 0.477    3.9821
 0.476    4.1133
 0.475    4.1181
 0.474    4.0009
 0.473    4.0086
 0.472    3.9657
 0.471    4.0313
 0.470    4.1348
 0.469    4.1242
 0.468    3.9075
 0.467    4.2877
 0.466    4.2426
 0.465    4.1720
 0.464    4.1125
 0.463    4.1110
 0.462    3.7131
 0.461    4.0864
 0.460    4.0058
 0.459    4.1419
 0.458    3.9702
 0.457    3.8101
 0.456    3.6906
 0.455    3.6080
 0.454    3.8562
 0.453    3.9693
 0.452    3.9184
 0.451    4.2254
 0.450    3.8811
 0.449    3.7593
 0.448    4.1128
 0.447    3.9235
 0.446    3.8633
 0.445    3.8505
 0.444    3.7487
 0.443    3.8615
 0.442    3.8474
 0.441    3.8414
 0.440    3.6801
 0.439    3.5155
 0.438    3.4133
 0.437    3.5356
 0.436    3.7505
 0.435    3.3547
 0.434    3.5927
 0.433    3.5695
 0.432    3.6241
 0.431    3.6609
 0.430    3.4825
 0.429    3.7038
 0.428    3.4416
 0.427    3.3836
 0.426    3.3875
 0.425    3.3420
 0.424    3.4083
 0.423    3.2765
 0.422    3.5409
 0.421    3.3824
 0.420    3.4618
 0.419    3.6009
 0.418    3.1932
 0.417    3.2734
 0.416    3.3525
 0.415    3.0879
 0.414    3.1646
 0.413    3.4705
 0.412    3.3317
 0.411    3.4366
 0.410    3.5156
 0.409    3.6345
 0.408    3.2036
 0.407    3.4682
 0.406    3.0950
 0.405    3.1702
 0.404    2.9961
 0.403    2.9721
 0.402    3.0612
 0.401    3.2323
 0.400    3.0519
