Name: Alunite (potassium alunite) KAl3(SO4)2(OH)6
Type:  Mineral 
Class:  Sulfates
Subclass:  
Particle Size:  0-15 micrometers (packed powder simulates coarse).
Sample No.:  alunite.3
Owner:  JHU
Wavelength Range:  IR
Origin: Synthetic; Synthesized by Roger Stoffregen, supplied by Phil 
Bethke (USGS).  
Description:  The sample was a light gray, microcrystalline powder 
composed of equant or lath-shaped crystallites from 1 to 15 
micrometers in largest dimension.



Measurement:  Bidirectional Reflectance
First Column:  X
Second Column:  Y  
X Units:  Wavelength (micrometers)
Y Units:  Reflectance (percent)
First X Value:  25.0442
Last X Value:  2.079
Number of X Values:  2287
Additional Information: alunit3a.txt
25.044    7.0371
24.924    6.9219
24.805    7.0332
24.686    7.0976
24.569    7.1294
24.454    7.3418
24.339    7.3752
24.225    7.2876
24.112    7.2807
24.001    7.4155
23.890    7.8772
23.781    7.8366
23.672    7.8557
23.564    8.0879
23.458    8.3017
23.352    8.4526
23.247    8.5083
23.144    8.5617
23.041    8.5566
22.939    8.3623
22.838    8.0122
22.738    7.6553
22.638    6.9897
22.540    6.2392
22.442    5.7959
22.345    5.6372
22.250    5.6738
22.154    5.7236
22.060    5.6826
21.967    5.7283
21.874    5.8301
21.782    5.9043
21.691    5.9604
21.601    6.0808
21.511    6.2107
21.422    6.2871
21.334    6.3310
21.247    6.4167
21.160    6.4609
21.074    6.5461
20.988    6.7002
20.904    6.7424
20.820    6.7688
20.737    6.7373
20.654    6.7390
20.572    6.8052
20.491    6.6789
20.410    6.4866
20.330    6.4743
20.251    6.5227
20.172    6.5701
20.094    6.6167
20.016    6.6584
19.939    6.6540
19.863    6.6260
19.787    6.6147
19.712    6.6570
19.637    6.6797
19.563    6.7077
19.489    6.7663
19.416    6.8374
19.344    6.9487
19.272    7.0754
19.201    7.1050
19.130    7.1704
19.059    7.2331
18.990    7.2173
18.920    7.1274
18.851    6.9875
18.783    6.7490
18.715    6.5054
18.648    6.3130
18.581    6.1926
18.515    6.1531
18.449    6.2253
18.384    6.3327
18.319    6.3711
18.254    6.4162
18.190    6.5251
18.126    6.5676
18.063    6.5962
18.001    6.6936
17.938    6.7822
17.876    6.8205
17.815    6.8730
17.754    6.9231
17.693    6.9897
17.633    7.0549
17.573    7.1294
17.514    7.1733
17.455    7.1911
17.396    7.2536
17.338    7.3862
17.280    7.5129
17.223    7.5847
17.166    7.6875
17.109    7.8435
17.053    8.0266
16.997    8.3003
16.942    8.6357
16.886    9.0603
16.832    9.4585
16.777    9.8159
16.723   10.0510
16.669   10.1477
16.616   10.1850
16.563   10.1526
16.510    9.9741
16.458    9.5959
16.406    8.9004
16.354    7.9887
16.302    7.2854
16.251    7.1145
16.200    7.4343
16.150    7.9653
16.100    8.4526
16.050    8.8911
16.000    9.2517
15.951    9.4721
15.902    9.6096
15.854    9.7446
15.805    9.8945
15.757   10.0774
15.710   10.2436
15.662   10.4594
15.615   10.6428
15.568   10.6828
15.521   10.3413
15.475    9.3799
15.429    7.9004
15.383    6.5718
15.338    5.8115
15.292    5.5288
15.248    5.5627
15.203    5.7839
15.158    6.0649
15.114    6.3176
15.070    6.6145
15.027    6.9534
14.983    7.2656
14.940    7.5854
14.897    7.9121
14.854    8.2380
14.812    8.5466
14.770    8.8310
14.728    9.0881
14.686    9.3445
14.645    9.6069
14.603    9.8864
14.562   10.1982
14.521   10.5058
14.481   10.7849
14.441   11.0312
14.400   11.2732
14.361   11.4983
14.321   11.6819
14.281   11.8911
14.242   12.0913
14.203   12.2431
14.164   12.4358
14.126   12.7273
14.087   13.0427
14.049   13.3911
14.011   13.7722
13.973   14.1953
13.936   14.5534
13.899   14.7700
13.861   14.8386
13.824   14.6858
13.788   14.3432
13.751   13.9018
13.715   13.3767
13.679   12.7302
13.643   11.9946
13.607   11.2011
13.571   10.3479
13.536    9.4509
13.500    8.4997
13.465    7.5141
13.430    6.5317
13.396    5.6279
13.361    4.7939
13.327    4.0537
13.293    3.4233
13.259    2.8843
13.225    2.4849
13.191    2.2556
13.158    2.1216
13.124    2.0281
13.091    1.9680
13.058    1.9670
13.026    2.0073
12.993    2.0325
12.960    2.0696
12.928    2.1296
12.896    2.1929
12.864    2.2646
12.832    2.3215
12.800    2.3567
12.769    2.3938
12.737    2.4604
12.706    2.5288
12.675    2.5881
12.644    2.6377
12.614    2.6929
12.583    2.7361
12.552    2.7617
12.522    2.7910
12.492    2.8162
12.462    2.8594
12.432    2.9094
12.402    2.9211
12.373    2.9397
12.343    2.9773
12.314    3.0007
12.285    3.0315
12.256    3.0710
12.227    3.1235
12.198    3.1855
12.169    3.2361
12.141    3.2576
12.113    3.2842
12.084    3.3335
12.056    3.3694
12.028    3.3918
12.000    3.4448
11.973    3.4592
11.945    3.4663
11.918    3.5029
11.890    3.5549
11.863    3.6040
11.836    3.6338
11.809    3.6775
11.782    3.7017
11.755    3.7170
11.729    3.7475
11.702    3.7593
11.676    3.7798
11.650    3.8113
11.624    3.8227
11.598    3.8310
11.572    3.8501
11.546    3.8704
11.520    3.8923
11.495    3.9036
11.469    3.9128
11.444    3.9414
11.419    3.9639
11.394    3.9741
11.369    3.9858
11.344    3.9946
11.319    3.9924
11.294    4.0044
11.270    4.0342
11.245    4.0525
11.221    4.0547
11.197    4.0618
11.173    4.0810
11.149    4.1121
11.125    4.1213
11.101    4.1306
11.077    4.1570
11.054    4.1782
11.030    4.2012
11.007    4.2278
10.983    4.2537
10.960    4.2956
10.937    4.3389
10.914    4.3708
10.891    4.3967
10.868    4.4275
10.846    4.4717
10.823    4.5085
10.800    4.5347
10.778    4.5644
10.755    4.5974
10.733    4.6262
10.711    4.6511
10.689    4.6899
10.667    4.7231
10.645    4.7392
10.623    4.7627
10.602    4.7934
10.580    4.8122
10.558    4.8266
10.537    4.8479
10.516    4.8730
10.494    4.9026
10.473    4.9304
10.452    4.9668
10.431    5.0005
10.410    5.0185
10.389    5.0251
10.368    5.0388
10.348    5.0640
10.327    5.0818
10.306    5.0793
10.286    5.0735
10.266    5.0942
10.245    5.1052
10.225    5.0913
10.205    5.0874
10.185    5.0945
10.165    5.0911
10.145    5.1013
10.125    5.1194
10.106    5.1304
10.086    5.1494
10.066    5.1680
10.047    5.1733
10.027    5.1767
10.008    5.1826
 9.989    5.1772
 9.970    5.1489
 9.950    5.1072
 9.931    5.1077
 9.912    5.1340
 9.893    5.1438
 9.875    5.1387
 9.856    5.1123
 9.837    5.0681
 9.818    5.0325
 9.800    4.9807
 9.781    4.9280
 9.763    5.0161
 9.745    5.2497
 9.726    5.3601
 9.708    5.1785
 9.690    4.9509
 9.672    4.8799
 9.654    4.9065
 9.636    4.9678
 9.618    5.0508
 9.600    5.1006
 9.583    5.1245
 9.565    5.1555
 9.547    5.2021
 9.530    5.2510
 9.512    5.2790
 9.495    5.2920
 9.477    5.3074
 9.460    5.3296
 9.443    5.3664
 9.426    5.4148
 9.409    5.4783
 9.392    5.5747
 9.375    5.7092
 9.358    5.8884
 9.341    6.1308
 9.324    6.3921
 9.307    6.6084
 9.291    6.7536
 9.274    6.8410
 9.257    6.9035
 9.241    6.9934
 9.224    7.1045
 9.208    7.1811
 9.192    7.2541
 9.175    7.3406
 9.159    7.4265
 9.143    7.5188
 9.127    7.6240
 9.111    7.7051
 9.095    7.7783
 9.079    7.8865
 9.063    7.9844
 9.047    8.0693
 9.032    8.1767
 9.016    8.2932
 9.000    8.4004
 8.985    8.5168
 8.969    8.6621
 8.954    8.7766
 8.938    8.8911
 8.923    9.0185
 8.907    9.1174
 8.892    9.1733
 8.877    9.2322
 8.862    9.2832
 8.847    9.2766
 8.832    9.2636
 8.817    9.2673
 8.802    9.2402
 8.787    9.1806
 8.772    9.1198
 8.757    9.0508
 8.742    8.9399
 8.728    8.8061
 8.713    8.6386
 8.698    8.3865
 8.684    8.0425
 8.669    7.5925
 8.655    7.0066
 8.640    6.5290
 8.626    6.6489
 8.612    7.4162
 8.597    8.2138
 8.583    8.6135
 8.569    8.6850
 8.555    8.5469
 8.541    8.2759
 8.527    7.9402
 8.513    7.5625
 8.499    7.1694
 8.485    6.8222
 8.471    6.5036
 8.457    6.2175
 8.443    5.9905
 8.430    5.7949
 8.416    5.6013
 8.402    5.4270
 8.389    5.2703
 8.375    5.1084
 8.362    4.9765
 8.348    4.8747
 8.335    4.7678
 8.321    4.6621
 8.308    4.5879
 8.295    4.5381
 8.281    4.5000
 8.268    4.4702
 8.255    4.4619
 8.242    4.4580
 8.229    4.4512
 8.216    4.4675
 8.203    4.4953
 8.190    4.5220
 8.177    4.5542
 8.164    4.6142
 8.151    4.6733
 8.138    4.7253
 8.126    4.7737
 8.113    4.8108
 8.100    4.8525
 8.088    4.9082
 8.075    4.9785
 8.062    5.0561
 8.050    5.1543
 8.037    5.2866
 8.025    5.4272
 8.013    5.5771
 8.000    5.7556
 7.988    5.9375
 7.976    6.1067
 7.963    6.2861
 7.951    6.4519
 7.939    6.5845
 7.927    6.6926
 7.915    6.7661
 7.903    6.7959
 7.891    6.7917
 7.879    6.7566
 7.867    6.6533
 7.855    6.5017
 7.843    6.2983
 7.831    6.0237
 7.819    5.6848
 7.807    5.3186
 7.796    4.9370
 7.784    4.5464
 7.772    4.1645
 7.761    3.8044
 7.749    3.4663
 7.738    3.1626
 7.726    2.9055
 7.715    2.6824
 7.703    2.4966
 7.692    2.3391
 7.680    2.2146
 7.669    2.1086
 7.658    2.0278
 7.646    1.9719
 7.635    1.9236
 7.624    1.8896
 7.613    1.8650
 7.601    1.8557
 7.590    1.8613
 7.579    1.8669
 7.568    1.8772
 7.557    1.8816
 7.546    1.8870
 7.535    1.9011
 7.524    1.9109
 7.513    1.9158
 7.502    1.9294
 7.492    1.9456
 7.481    1.9692
 7.470    1.9968
 7.459    2.0176
 7.448    2.0420
 7.438    2.0779
 7.427    2.1162
 7.417    2.1543
 7.406    2.1902
 7.395    2.2241
 7.385    2.2644
 7.374    2.3030
 7.364    2.3330
 7.353    2.3591
 7.343    2.3809
 7.333    2.4036
 7.322    2.4304
 7.312    2.4519
 7.302    2.4729
 7.291    2.4968
 7.281    2.5193
 7.271    2.5447
 7.261    2.5754
 7.251    2.6023
 7.240    2.6296
 7.230    2.6528
 7.220    2.6797
 7.210    2.7041
 7.200    2.7214
 7.190    2.7368
 7.180    2.7588
 7.170    2.7815
 7.160    2.8047
 7.151    2.8162
 7.141    2.8254
 7.131    2.8379
 7.121    2.8435
 7.111    2.8450
 7.102    2.8408
 7.092    2.8393
 7.082    2.8364
 7.073    2.8240
 7.063    2.8230
 7.053    2.8245
 7.044    2.8232
 7.034    2.8286
 7.025    2.8279
 7.015    2.8232
 7.006    2.8240
 6.996    2.8423
 6.987    2.8508
 6.977    2.8643
 6.968    2.8889
 6.959    2.9123
 6.949    2.9399
 6.940    2.9619
 6.931    2.9773
 6.921    2.9924
 6.912    3.0181
 6.903    3.0503
 6.894    3.0715
 6.885    3.0813
 6.876    3.0972
 6.866    3.1116
 6.857    3.1182
 6.848    3.1255
 6.839    3.1316
 6.830    3.1362
 6.821    3.1360
 6.812    3.1323
 6.803    3.1299
 6.794    3.1230
 6.786    3.1189
 6.777    3.1211
 6.768    3.1157
 6.759    3.1160
 6.750    3.1326
 6.741    3.1499
 6.733    3.1616
 6.724    3.1851
 6.715    3.2119
 6.707    3.2344
 6.698    3.2656
 6.689    3.2981
 6.681    3.3262
 6.672    3.3589
 6.663    3.3916
 6.655    3.4187
 6.646    3.4517
 6.638    3.4875
 6.629    3.5127
 6.621    3.5391
 6.612    3.5664
 6.604    3.5957
 6.596    3.6294
 6.587    3.6628
 6.579    3.7019
 6.571    3.7395
 6.562    3.7756
 6.554    3.8208
 6.546    3.8652
 6.537    3.9011
 6.529    3.9426
 6.521    3.9802
 6.513    4.0071
 6.505    4.0361
 6.496    4.0647
 6.488    4.0947
 6.480    4.1228
 6.472    4.1413
 6.464    4.1599
 6.456    4.1829
 6.448    4.2078
 6.440    4.2244
 6.432    4.2283
 6.424    4.2331
 6.416    4.2375
 6.408    4.2402
 6.400    4.2331
 6.392    4.2202
 6.384    4.2114
 6.377    4.2026
 6.369    4.1921
 6.361    4.1848
 6.353    4.1833
 6.345    4.1902
 6.338    4.1907
 6.330    4.1802
 6.322    4.1731
 6.314    4.1684
 6.307    4.1667
 6.299    4.1628
 6.291    4.1611
 6.284    4.1662
 6.276    4.1706
 6.269    4.1672
 6.261    4.1611
 6.254    4.1516
 6.246    4.1440
 6.238    4.1382
 6.231    4.1211
 6.223    4.0964
 6.216    4.0774
 6.209    4.0508
 6.201    4.0251
 6.194    3.9995
 6.186    3.9724
 6.179    3.9433
 6.172    3.9165
 6.164    3.8953
 6.157    3.8657
 6.150    3.8315
 6.142    3.8103
 6.135    3.7949
 6.128    3.7776
 6.121    3.7607
 6.113    3.7475
 6.106    3.7329
 6.099    3.7280
 6.092    3.7302
 6.085    3.7226
 6.078    3.7180
 6.070    3.7204
 6.063    3.7141
 6.056    3.7173
 6.049    3.7366
 6.042    3.7522
 6.035    3.7573
 6.028    3.7671
 6.021    3.7742
 6.014    3.7861
 6.007    3.8037
 6.000    3.8149
 5.993    3.8162
 5.986    3.8164
 5.979    3.8335
 5.973    3.8516
 5.966    3.8674
 5.959    3.8818
 5.952    3.8913
 5.945    3.8906
 5.938    3.8945
 5.932    3.9206
 5.925    3.9433
 5.918    3.9685
 5.911    3.9914
 5.905    4.0198
 5.898    4.0691
 5.891    4.1365
 5.884    4.2036
 5.878    4.2668
 5.871    4.3191
 5.864    4.3667
 5.858    4.4126
 5.851    4.4575
 5.845    4.5022
 5.838    4.5517
 5.831    4.5881
 5.825    4.6267
 5.818    4.6733
 5.812    4.7043
 5.805    4.7378
 5.799    4.7746
 5.792    4.8064
 5.786    4.8393
 5.779    4.8801
 5.773    4.9197
 5.767    4.9558
 5.760    4.9927
 5.754    5.0273
 5.747    5.0564
 5.741    5.0847
 5.735    5.1184
 5.728    5.1455
 5.722    5.1682
 5.716    5.1958
 5.709    5.2261
 5.703    5.2463
 5.697    5.2627
 5.691    5.2908
 5.684    5.3127
 5.678    5.3279
 5.672    5.3476
 5.666    5.3769
 5.660    5.3970
 5.653    5.4155
 5.647    5.4477
 5.641    5.4773
 5.635    5.4951
 5.629    5.5146
 5.623    5.5325
 5.617    5.5510
 5.611    5.5640
 5.604    5.5779
 5.598    5.5918
 5.592    5.6108
 5.586    5.6274
 5.580    5.6399
 5.574    5.6584
 5.568    5.6799
 5.562    5.6863
 5.556    5.6987
 5.550    5.7190
 5.545    5.7346
 5.539    5.7522
 5.533    5.7781
 5.527    5.8074
 5.521    5.8220
 5.515    5.8430
 5.509    5.8711
 5.503    5.8928
 5.498    5.9221
 5.492    5.9621
 5.486    5.9988
 5.480    6.0317
 5.474    6.0715
 5.469    6.1118
 5.463    6.1526
 5.457    6.1948
 5.451    6.2348
 5.446    6.2663
 5.440    6.2954
 5.434    6.3296
 5.428    6.3601
 5.423    6.3830
 5.417    6.4162
 5.411    6.4433
 5.406    6.4607
 5.400    6.4824
 5.395    6.5139
 5.389    6.5283
 5.383    6.5408
 5.378    6.5630
 5.372    6.5801
 5.367    6.5954
 5.361    6.6155
 5.356    6.6243
 5.350    6.6313
 5.344    6.6526
 5.339    6.6743
 5.333    6.6860
 5.328    6.6972
 5.323    6.7139
 5.317    6.7268
 5.312    6.7461
 5.306    6.7632
 5.301    6.7746
 5.295    6.7849
 5.290    6.8030
 5.285    6.8252
 5.279    6.8408
 5.274    6.8584
 5.268    6.8760
 5.263    6.8909
 5.258    6.9094
 5.252    6.9289
 5.247    6.9499
 5.242    6.9660
 5.237    6.9790
 5.231    6.9963
 5.226    7.0163
 5.221    7.0305
 5.215    7.0412
 5.210    7.0559
 5.205    7.0620
 5.200    7.0744
 5.195    7.0903
 5.189    7.1025
 5.184    7.1155
 5.179    7.1308
 5.174    7.1338
 5.169    7.1467
 5.163    7.1682
 5.158    7.1806
 5.153    7.1902
 5.148    7.2065
 5.143    7.2195
 5.138    7.2229
 5.133    7.2363
 5.128    7.2588
 5.123    7.2702
 5.118    7.2702
 5.113    7.2827
 5.108    7.2956
 5.103    7.3037
 5.097    7.3181
 5.092    7.3327
 5.087    7.3376
 5.083    7.3486
 5.078    7.3672
 5.073    7.3818
 5.068    7.3828
 5.063    7.3926
 5.058    7.4050
 5.053    7.4136
 5.048    7.4255
 5.043    7.4350
 5.038    7.4404
 5.033    7.4502
 5.028    7.4558
 5.023    7.4577
 5.019    7.4629
 5.014    7.4756
 5.009    7.4853
 5.004    7.4863
 4.999    7.4936
 4.994    7.4988
 4.990    7.4949
 4.985    7.4924
 4.980    7.4995
 4.975    7.5027
 4.970    7.5014
 4.966    7.5058
 4.961    7.5061
 4.956    7.5078
 4.951    7.5107
 4.947    7.5107
 4.942    7.5066
 4.937    7.4997
 4.933    7.4997
 4.928    7.4922
 4.923    7.4748
 4.919    7.4665
 4.914    7.4597
 4.909    7.4419
 4.905    7.4192
 4.900    7.3865
 4.895    7.3425
 4.891    7.2888
 4.886    7.2295
 4.882    7.2009
 4.877    7.2024
 4.872    7.1931
 4.868    7.1399
 4.863    7.0415
 4.859    6.9219
 4.854    6.8064
 4.850    6.7378
 4.845    6.7536
 4.840    6.8362
 4.836    6.9287
 4.831    7.0036
 4.827    7.0591
 4.822    7.0881
 4.818    7.0891
 4.814    7.0742
 4.809    7.0442
 4.805    7.0061
 4.800    6.9543
 4.796    6.8899
 4.791    6.8000
 4.787    6.6858
 4.782    6.5356
 4.778    6.3484
 4.774    6.1203
 4.769    5.8774
 4.765    5.6474
 4.760    5.4397
 4.756    5.2566
 4.752    5.0818
 4.747    4.8950
 4.743    4.6921
 4.739    4.4949
 4.734    4.3437
 4.730    4.2517
 4.726    4.2385
 4.721    4.2842
 4.717    4.3550
 4.713    4.4358
 4.709    4.5015
 4.704    4.5430
 4.700    4.5801
 4.696    4.6152
 4.692    4.6321
 4.687    4.6291
 4.683    4.6255
 4.679    4.6155
 4.675    4.6211
 4.670    4.6753
 4.666    4.7695
 4.662    4.8613
 4.658    4.9018
 4.654    4.8843
 4.649    4.8154
 4.645    4.7170
 4.641    4.6150
 4.637    4.5149
 4.633    4.4307
 4.629    4.3606
 4.625    4.3147
 4.620    4.2683
 4.616    4.2038
 4.612    4.1333
 4.608    4.0615
 4.604    3.9858
 4.600    3.9224
 4.596    3.8791
 4.592    3.8601
 4.588    3.8804
 4.584    3.9311
 4.580    4.0166
 4.576    4.1140
 4.572    4.1894
 4.568    4.2395
 4.564    4.2688
 4.560    4.2795
 4.555    4.2746
 4.551    4.2534
 4.548    4.2441
 4.544    4.2649
 4.540    4.2947
 4.536    4.3347
 4.532    4.3745
 4.528    4.4006
 4.524    4.4089
 4.520    4.4109
 4.516    4.4111
 4.512    4.3911
 4.508    4.3645
 4.504    4.3535
 4.500    4.3398
 4.496    4.3328
 4.492    4.3442
 4.488    4.3911
 4.485    4.4504
 4.481    4.5134
 4.477    4.5825
 4.473    4.6296
 4.469    4.6614
 4.465    4.6811
 4.461    4.6824
 4.458    4.6924
 4.454    4.7121
 4.450    4.7329
 4.446    4.7522
 4.442    4.7656
 4.438    4.7737
 4.435    4.7871
 4.431    4.8108
 4.427    4.8418
 4.423    4.8806
 4.420    4.9177
 4.416    4.9436
 4.412    4.9634
 4.408    4.9756
 4.405    4.9724
 4.401    4.9668
 4.397    4.9590
 4.393    4.9375
 4.390    4.9077
 4.386    4.8743
 4.382    4.8391
 4.379    4.8076
 4.375    4.7881
 4.371    4.7856
 4.367    4.7944
 4.364    4.8152
 4.360    4.8411
 4.356    4.8630
 4.353    4.8909
 4.349    4.9280
 4.345    4.9590
 4.342    4.9968
 4.338    5.0454
 4.335    5.1125
 4.331    5.1868
 4.327    5.2707
 4.324    5.3772
 4.320    5.4834
 4.317    5.5759
 4.313    5.6523
 4.309    5.7165
 4.306    5.7727
 4.302    5.8210
 4.299    5.8535
 4.295    5.8691
 4.292    5.8882
 4.288    5.9119
 4.284    5.9321
 4.281    5.9438
 4.277    5.9614
 4.274    5.9873
 4.270    6.0102
 4.267    6.0332
 4.263    6.0583
 4.260    6.0845
 4.256    6.1035
 4.253    6.1208
 4.249    6.1496
 4.246    6.1885
 4.242    6.2285
 4.239    6.2593
 4.235    6.2905
 4.232    6.3315
 4.229    6.3716
 4.225    6.4023
 4.222    6.4265
 4.218    6.4487
 4.215    6.4714
 4.211    6.4873
 4.208    6.4902
 4.205    6.4961
 4.201    6.5014
 4.198    6.5012
 4.194    6.5019
 4.191    6.5024
 4.188    6.5012
 4.184    6.4953
 4.181    6.4868
 4.177    6.4822
 4.174    6.4770
 4.171    6.4621
 4.167    6.4497
 4.164    6.4482
 4.161    6.4394
 4.157    6.4289
 4.154    6.4223
 4.151    6.4136
 4.147    6.4048
 4.144    6.3989
 4.141    6.3945
 4.137    6.3877
 4.134    6.3828
 4.131    6.3808
 4.128    6.3747
 4.124    6.3804
 4.121    6.3855
 4.118    6.3843
 4.114    6.3860
 4.111    6.3943
 4.108    6.3945
 4.105    6.3906
 4.101    6.3992
 4.098    6.4048
 4.095    6.4089
 4.092    6.4162
 4.088    6.4177
 4.085    6.4143
 4.082    6.4138
 4.079    6.4228
 4.076    6.4250
 4.072    6.4311
 4.069    6.4382
 4.066    6.4419
 4.063    6.4497
 4.060    6.4497
 4.056    6.4519
 4.053    6.4546
 4.050    6.4565
 4.047    6.4521
 4.044    6.4543
 4.041    6.4665
 4.038    6.4763
 4.034    6.4807
 4.031    6.4846
 4.028    6.4912
 4.025    6.4971
 4.022    6.4914
 4.019    6.4846
 4.016    6.4966
 4.013    6.5139
 4.009    6.5193
 4.006    6.5212
 4.003    6.5239
 4.000    6.5268
 3.997    6.5271
 3.994    6.5349
 3.991    6.5373
 3.988    6.5386
 3.985    6.5400
 3.982    6.5466
 3.979    6.5517
 3.976    6.5539
 3.973    6.5552
 3.969    6.5661
 3.966    6.5803
 3.963    6.5830
 3.960    6.5857
 3.957    6.5937
 3.954    6.6023
 3.951    6.6125
 3.948    6.6211
 3.945    6.6323
 3.942    6.6426
 3.939    6.6477
 3.936    6.6567
 3.933    6.6648
 3.930    6.6665
 3.927    6.6738
 3.924    6.6836
 3.921    6.6894
 3.918    6.6953
 3.916    6.7038
 3.913    6.7090
 3.910    6.7153
 3.907    6.7195
 3.904    6.7217
 3.901    6.7256
 3.898    6.7392
 3.895    6.7461
 3.892    6.7534
 3.889    6.7580
 3.886    6.7561
 3.883    6.7639
 3.880    6.7539
 3.877    6.7136
 3.875    6.6164
 3.872    6.5312
 3.869    6.6120
 3.866    6.7358
 3.863    6.7886
 3.860    6.8049
 3.857    6.8088
 3.854    6.8125
 3.852    6.8201
 3.849    6.8305
 3.846    6.8403
 3.843    6.8335
 3.840    6.8288
 3.837    6.8305
 3.834    6.8364
 3.832    6.8398
 3.829    6.8467
 3.826    6.8515
 3.823    6.8518
 3.820    6.8572
 3.817    6.8613
 3.815    6.8628
 3.812    6.8669
 3.809    6.8664
 3.806    6.8652
 3.803    6.8701
 3.801    6.8740
 3.798    6.8684
 3.795    6.8620
 3.792    6.8601
 3.790    6.8623
 3.787    6.8630
 3.784    6.8562
 3.781    6.8569
 3.779    6.8542
 3.776    6.8518
 3.773    6.8564
 3.770    6.8555
 3.768    6.8515
 3.765    6.8474
 3.762    6.8435
 3.759    6.8359
 3.757    6.8220
 3.754    6.8179
 3.751    6.8215
 3.748    6.8166
 3.746    6.8125
 3.743    6.8147
 3.740    6.8056
 3.738    6.7930
 3.735    6.7861
 3.732    6.7790
 3.730    6.7724
 3.727    6.7739
 3.724    6.7702
 3.722    6.7539
 3.719    6.7414
 3.716    6.7319
 3.714    6.7219
 3.711    6.7114
 3.708    6.6977
 3.706    6.6892
 3.703    6.6745
 3.700    6.6631
 3.698    6.6472
 3.695    6.6274
 3.692    6.6206
 3.690    6.6108
 3.687    6.5913
 3.685    6.5759
 3.682    6.5679
 3.679    6.5586
 3.677    6.5454
 3.674    6.5307
 3.671    6.5207
 3.669    6.5078
 3.666    6.4878
 3.664    6.4726
 3.661    6.4585
 3.659    6.4372
 3.656    6.4267
 3.653    6.4165
 3.651    6.4023
 3.648    6.3862
 3.646    6.3628
 3.643    6.3408
 3.641    6.3227
 3.638    6.3049
 3.635    6.2912
 3.633    6.2839
 3.630    6.2654
 3.628    6.2405
 3.625    6.2239
 3.623    6.2056
 3.620    6.1929
 3.618    6.1831
 3.615    6.1677
 3.613    6.1535
 3.610    6.1330
 3.608    6.1079
 3.605    6.0898
 3.603    6.0732
 3.600    6.0530
 3.598    6.0412
 3.595    6.0256
 3.593    5.9997
 3.590    5.9748
 3.588    5.9570
 3.585    5.9372
 3.583    5.9233
 3.580    5.9145
 3.578    5.8918
 3.575    5.8718
 3.573    5.8562
 3.570    5.8376
 3.568    5.8244
 3.565    5.8047
 3.563    5.7859
 3.561    5.7683
 3.558    5.7424
 3.556    5.7261
 3.553    5.7129
 3.551    5.6948
 3.548    5.6733
 3.546    5.6575
 3.544    5.6387
 3.541    5.6203
 3.539    5.6047
 3.536    5.5942
 3.534    5.5820
 3.531    5.5549
 3.529    5.5373
 3.527    5.5315
 3.524    5.5080
 3.522    5.4861
 3.519    5.4707
 3.517    5.4534
 3.515    5.4458
 3.512    5.4241
 3.510    5.3977
 3.508    5.3833
 3.505    5.3640
 3.503    5.3379
 3.500    5.3237
 3.498    5.3249
 3.496    5.3244
 3.493    5.3196
 3.491    5.2932
 3.489    5.2737
 3.486    5.2563
 3.484    5.2453
 3.482    5.2378
 3.479    5.2168
 3.477    5.2034
 3.475    5.1821
 3.472    5.1660
 3.470    5.1626
 3.468    5.1506
 3.465    5.1282
 3.463    5.1086
 3.461    5.0942
 3.458    5.0737
 3.456    5.0561
 3.454    5.0471
 3.452    5.0476
 3.449    5.0320
 3.447    5.0029
 3.445    4.9836
 3.442    4.9744
 3.440    4.9602
 3.438    4.9360
 3.435    4.9106
 3.433    4.8950
 3.431    4.8838
 3.429    4.8613
 3.426    4.8303
 3.424    4.8110
 3.422    4.8030
 3.420    4.7869
 3.417    4.7607
 3.415    4.7473
 3.413    4.7483
 3.411    4.7439
 3.408    4.7444
 3.406    4.7439
 3.404    4.7300
 3.402    4.7207
 3.399    4.7124
 3.397    4.6977
 3.395    4.6953
 3.393    4.6765
 3.391    4.6553
 3.388    4.6443
 3.386    4.6338
 3.384    4.6189
 3.382    4.6091
 3.380    4.6033
 3.377    4.5928
 3.375    4.5847
 3.373    4.5820
 3.371    4.5662
 3.369    4.5583
 3.366    4.5469
 3.364    4.5329
 3.362    4.5163
 3.360    4.5022
 3.358    4.4861
 3.355    4.4665
 3.353    4.4394
 3.351    4.4211
 3.349    4.4155
 3.347    4.3938
 3.345    4.3804
 3.342    4.3794
 3.340    4.3725
 3.338    4.3664
 3.336    4.3542
 3.334    4.3367
 3.332    4.3367
 3.330    4.3379
 3.327    4.3191
 3.325    4.3052
 3.323    4.2925
 3.321    4.2910
 3.319    4.2856
 3.317    4.2668
 3.315    4.2627
 3.313    4.2527
 3.310    4.2339
 3.308    4.2197
 3.306    4.2092
 3.304    4.1941
 3.302    4.1821
 3.300    4.1821
 3.298    4.1804
 3.296    4.1719
 3.294    4.1704
 3.292    4.1670
 3.289    4.1682
 3.287    4.1789
 3.285    4.1721
 3.283    4.1511
 3.281    4.1418
 3.279    4.1335
 3.277    4.1267
 3.275    4.1147
 3.273    4.1011
 3.271    4.0933
 3.269    4.0869
 3.267    4.0774
 3.265    4.0708
 3.263    4.0730
 3.260    4.0725
 3.258    4.0691
 3.256    4.0652
 3.254    4.0625
 3.252    4.0571
 3.250    4.0503
 3.248    4.0522
 3.246    4.0434
 3.244    4.0266
 3.242    4.0212
 3.240    4.0229
 3.238    4.0210
 3.236    4.0127
 3.234    4.0027
 3.232    3.9895
 3.230    3.9907
 3.228    3.9902
 3.226    3.9795
 3.224    3.9807
 3.222    3.9807
 3.220    3.9748
 3.218    3.9731
 3.216    3.9653
 3.214    3.9580
 3.212    3.9543
 3.210    3.9600
 3.208    3.9604
 3.206    3.9517
 3.204    3.9412
 3.202    3.9390
 3.200    3.9370
 3.198    3.9272
 3.196    3.9202
 3.194    3.9160
 3.192    3.9153
 3.190    3.9114
 3.188    3.8987
 3.186    3.8996
 3.184    3.8965
 3.182    3.8796
 3.180    3.8870
 3.179    3.8967
 3.177    3.8821
 3.175    3.8608
 3.173    3.8642
 3.171    3.8647
 3.169    3.8393
 3.167    3.8264
 3.165    3.8267
 3.163    3.8223
 3.161    3.8267
 3.159    3.8254
 3.157    3.8276
 3.155    3.8252
 3.153    3.8105
 3.151    3.7930
 3.150    3.7808
 3.148    3.7749
 3.146    3.7805
 3.144    3.7866
 3.142    3.7812
 3.140    3.7617
 3.138    3.7383
 3.136    3.7214
 3.134    3.6995
 3.132    3.6719
 3.131    3.6538
 3.129    3.6438
 3.127    3.6348
 3.125    3.6196
 3.123    3.6274
 3.121    3.6589
 3.119    3.6738
 3.117    3.6919
 3.115    3.7053
 3.114    3.7158
 3.112    3.7263
 3.110    3.7117
 3.108    3.6960
 3.106    3.6763
 3.104    3.6382
 3.102    3.6057
 3.101    3.5691
 3.099    3.5364
 3.097    3.5095
 3.095    3.4890
 3.093    3.4668
 3.091    3.4275
 3.089    3.4021
 3.088    3.3813
 3.086    3.3684
 3.084    3.3682
 3.082    3.3743
 3.080    3.3735
 3.078    3.3794
 3.077    3.3816
 3.075    3.3662
 3.073    3.3574
 3.071    3.3789
 3.069    3.3977
 3.068    3.4006
 3.066    3.4126
 3.064    3.4228
 3.062    3.4241
 3.060    3.4241
 3.058    3.4258
 3.057    3.4333
 3.055    3.4524
 3.053    3.4724
 3.051    3.4958
 3.050    3.5024
 3.048    3.5085
 3.046    3.5217
 3.044    3.5124
 3.042    3.5049
 3.041    3.5066
 3.039    3.5078
 3.037    3.5034
 3.035    3.5007
 3.033    3.4914
 3.032    3.4778
 3.030    3.4663
 3.028    3.4497
 3.026    3.4202
 3.025    3.3830
 3.023    3.3562
 3.021    3.3306
 3.019    3.3044
 3.018    3.2803
 3.016    3.2627
 3.014    3.2244
 3.012    3.2014
 3.011    3.2124
 3.009    3.2380
 3.007    3.2690
 3.005    3.3105
 3.004    3.3433
 3.002    3.3621
 3.000    3.3625
 2.998    3.3528
 2.997    3.3159
 2.995    3.2554
 2.993    3.1997
 2.991    3.1643
 2.990    3.1360
 2.988    3.1128
 2.986    3.0818
 2.985    3.0356
 2.983    2.9761
 2.981    2.9028
 2.979    2.8403
 2.978    2.8101
 2.976    2.8015
 2.974    2.7939
 2.973    2.7942
 2.971    2.7886
 2.969    2.7776
 2.967    2.7568
 2.966    2.7310
 2.964    2.6929
 2.962    2.6492
 2.961    2.6174
 2.959    2.5984
 2.957    2.5686
 2.956    2.5354
 2.954    2.5054
 2.952    2.4785
 2.951    2.4573
 2.949    2.4341
 2.947    2.4040
 2.946    2.3789
 2.944    2.3518
 2.942    2.3281
 2.941    2.3345
 2.939    2.3533
 2.937    2.3743
 2.936    2.4040
 2.934    2.4231
 2.932    2.4331
 2.931    2.4375
 2.929    2.4573
 2.927    2.4736
 2.926    2.4841
 2.924    2.4919
 2.922    2.4980
 2.921    2.5005
 2.919    2.4968
 2.917    2.4893
 2.916    2.4844
 2.914    2.4651
 2.912    2.4485
 2.911    2.4338
 2.909    2.4424
 2.908    2.4597
 2.906    2.4651
 2.904    2.4746
 2.903    2.4834
 2.901    2.4612
 2.899    2.4224
 2.898    2.4123
 2.896    2.3960
 2.895    2.3652
 2.893    2.3330
 2.891    2.2966
 2.890    2.2649
 2.888    2.2344
 2.887    2.1875
 2.885    2.1362
 2.883    2.0730
 2.882    2.0068
 2.880    1.9700
 2.878    1.9351
 2.877    1.9390
 2.875    2.0256
 2.874    2.1999
 2.872    2.4990
 2.871    2.9336
 2.869    3.3601
 2.867    3.6540
 2.866    3.8227
 2.864    3.8511
 2.863    3.6968
 2.861    3.3516
 2.859    2.8196
 2.858    2.2581
 2.856    1.8335
 2.855    1.5652
 2.853    1.4355
 2.852    1.4524
 2.850    1.5950
 2.848    1.8372
 2.847    2.0850
 2.845    2.2678
 2.844    2.3914
 2.842    2.4297
 2.841    2.3630
 2.839    2.1853
 2.838    1.9043
 2.836    1.6384
 2.834    1.4414
 2.833    1.3127
 2.831    1.2461
 2.830    1.2268
 2.828    1.2529
 2.827    1.3137
 2.825    1.3745
 2.824    1.4277
 2.822    1.5190
 2.821    1.5969
 2.819    1.6455
 2.817    1.7017
 2.816    1.7620
 2.814    1.8232
 2.813    1.8647
 2.811    1.8906
 2.810    1.9209
 2.808    1.9531
 2.807    1.9807
 2.805    2.0225
 2.804    2.0786
 2.802    2.1421
 2.801    2.2122
 2.799    2.2988
 2.798    2.3689
 2.796    2.4136
 2.795    2.4717
 2.793    2.5413
 2.792    2.5847
 2.790    2.6013
 2.789    2.6499
 2.787    2.7349
 2.786    2.8267
 2.784    2.8874
 2.783    2.9197
 2.781    2.9536
 2.780    2.9932
 2.778    3.0705
 2.777    3.1335
 2.775    3.1826
 2.774    3.2436
 2.772    3.3528
 2.771    3.4748
 2.769    3.6235
 2.768    3.8113
 2.766    4.0166
 2.765    4.2187
 2.763    4.3923
 2.762    4.5381
 2.760    4.6924
 2.759    4.8725
 2.758    5.0461
 2.756    5.1987
 2.755    5.3332
 2.753    5.4328
 2.752    5.5046
 2.750    5.5679
 2.749    5.6372
 2.747    5.7139
 2.746    5.7842
 2.744    5.8867
 2.743    6.0549
 2.741    6.2529
 2.740    6.4477
 2.739    6.6535
 2.737    6.8320
 2.736    7.0224
 2.734    7.2483
 2.733    7.4541
 2.731    7.6328
 2.730    7.7956
 2.729    7.9651
 2.727    8.1282
 2.726    8.2729
 2.724    8.4209
 2.723    8.5791
 2.721    8.7285
 2.720    8.8764
 2.718    9.0576
 2.717    9.2602
 2.716    9.4692
 2.714    9.6970
 2.713    9.9172
 2.711   10.1269
 2.710   10.3142
 2.709   10.4475
 2.707   10.5554
 2.706   10.7007
 2.704   10.8596
 2.703   10.9795
 2.701   11.0969
 2.700   11.2204
 2.699   11.3266
 2.697   11.4497
 2.696   11.5569
 2.694   11.6557
 2.693   11.7143
 2.692   11.6992
 2.690   11.6296
 2.689   11.5591
 2.687   11.5132
 2.686   11.4861
 2.685   11.4570
 2.683   11.4311
 2.682   11.4341
 2.681   11.4477
 2.679   11.4690
 2.678   11.5105
 2.676   11.5429
 2.675   11.6296
 2.674   11.7607
 2.672   11.8735
 2.671   11.9636
 2.669   12.0529
 2.668   12.0844
 2.667   12.1135
 2.665   12.1801
 2.664   12.2290
 2.663   12.2400
 2.661   12.2456
 2.660   12.2766
 2.659   12.3325
 2.657   12.3930
 2.656   12.4721
 2.654   12.6035
 2.653   12.7793
 2.652   12.9658
 2.650   13.1220
 2.649   13.2522
 2.648   13.3774
 2.646   13.4936
 2.645   13.5488
 2.644   13.5908
 2.642   13.6071
 2.641   13.5576
 2.640   13.4922
 2.638   13.4516
 2.637   13.4470
 2.636   13.4416
 2.634   13.4301
 2.633   13.3989
 2.632   13.3296
 2.630   13.2502
 2.629   13.1923
 2.628   13.1618
 2.626   13.1574
 2.625   13.1372
 2.624   13.1294
 2.622   13.1399
 2.621   13.1538
 2.620   13.1655
 2.618   13.1714
 2.617   13.1699
 2.616   13.1587
 2.614   13.0923
 2.613   13.0095
 2.612   12.9153
 2.610   12.8056
 2.609   12.7209
 2.608   12.7260
 2.606   12.7783
 2.605   12.8332
 2.604   12.8806
 2.602   12.9167
 2.601   12.9355
 2.600   12.9214
 2.599   12.8930
 2.597   12.8471
 2.596   12.7678
 2.595   12.6828
 2.593   12.5615
 2.592   12.4416
 2.591   12.3076
 2.589   12.1723
 2.588   12.0632
 2.587   12.0036
 2.586   11.9809
 2.584   11.9536
 2.583   11.9546
 2.582   11.9958
 2.580   12.0256
 2.579   12.0288
 2.578   12.0639
 2.577   12.1159
 2.575   12.1447
 2.574   12.1819
 2.573   12.2087
 2.572   12.2024
 2.570   12.1904
 2.569   12.1718
 2.568   12.1357
 2.566   12.0913
 2.565   12.0786
 2.564   12.0776
 2.563   12.0556
 2.561   12.0591
 2.560   12.0730
 2.559   12.1211
 2.558   12.2087
 2.556   12.3044
 2.555   12.3657
 2.554   12.4233
 2.553   12.4756
 2.551   12.5219
 2.550   12.5547
 2.549   12.5337
 2.547   12.4792
 2.546   12.4306
 2.545   12.3977
 2.544   12.3537
 2.542   12.2971
 2.541   12.2307
 2.540   12.1408
 2.539   12.0337
 2.538   11.9575
 2.536   11.9362
 2.535   11.9409
 2.534   11.9426
 2.533   11.9389
 2.531   11.9243
 2.530   11.8908
 2.529   11.8198
 2.528   11.7021
 2.526   11.5476
 2.525   11.3476
 2.524   11.0854
 2.523   10.7981
 2.521   10.5659
 2.520   10.3706
 2.519   10.1677
 2.518    9.9782
 2.517    9.8281
 2.515    9.7378
 2.514    9.6836
 2.513    9.6338
 2.512    9.6413
 2.510    9.7002
 2.509    9.7920
 2.508    9.9421
 2.507   10.1694
 2.506   10.4438
 2.504   10.7221
 2.503   10.9775
 2.502   11.2007
 2.501   11.3916
 2.500   11.5229
 2.498   11.6191
 2.497   11.6914
 2.496   11.7744
 2.495   11.8855
 2.494   12.0019
 2.492   12.1098
 2.491   12.2260
 2.490   12.3896
 2.489   12.5713
 2.488   12.7431
 2.486   12.8745
 2.485   12.9428
 2.484   12.9301
 2.483   12.9106
 2.482   12.8647
 2.480   12.8066
 2.479   12.7280
 2.478   12.6372
 2.477   12.5122
 2.476   12.3647
 2.475   12.2295
 2.473   12.1045
 2.472   11.9724
 2.471   11.8676
 2.470   11.7783
 2.469   11.7138
 2.467   11.7409
 2.466   11.7734
 2.465   11.8120
 2.464   11.9072
 2.463   12.0337
 2.462   12.1845
 2.460   12.3452
 2.459   12.4843
 2.458   12.6069
 2.457   12.7295
 2.456   12.8173
 2.455   12.8720
 2.453   12.9321
 2.452   12.9521
 2.451   12.9370
 2.450   12.9585
 2.449   12.9756
 2.448   12.9692
 2.447   12.9565
 2.445   12.9248
 2.444   12.8899
 2.443   12.8222
 2.442   12.7163
 2.441   12.6181
 2.440   12.5234
 2.438   12.3940
 2.437   12.2422
 2.436   12.1250
 2.435   12.0092
 2.434   11.8847
 2.433   11.8115
 2.432   11.7632
 2.430   11.7641
 2.429   11.8545
 2.428   11.9731
 2.427   12.0966
 2.426   12.2129
 2.425   12.3056
 2.424   12.4072
 2.423   12.5000
 2.421   12.5757
 2.420   12.6523
 2.419   12.7031
 2.418   12.7798
 2.417   12.8857
 2.416   12.9931
 2.415   13.0883
 2.413   13.1816
 2.412   13.2529
 2.411   13.2866
 2.410   13.3398
 2.409   13.4008
 2.408   13.4548
 2.407   13.4987
 2.406   13.4892
 2.405   13.4799
 2.403   13.4668
 2.402   13.4272
 2.401   13.3881
 2.400   13.3418
 2.399   13.3193
 2.398   13.3125
 2.397   13.3418
 2.396   13.3735
 2.395   13.3925
 2.393   13.4218
 2.392   13.4707
 2.391   13.5703
 2.390   13.6548
 2.389   13.7182
 2.388   13.8344
 2.387   13.9697
 2.386   14.1001
 2.385   14.2290
 2.384   14.3764
 2.382   14.5317
 2.381   14.7031
 2.380   14.8300
 2.379   14.9482
 2.378   15.0962
 2.377   15.1831
 2.376   15.2563
 2.375   15.3593
 2.374   15.4521
 2.373   15.5288
 2.372   15.6001
 2.370   15.6704
 2.369   15.7094
 2.368   15.7617
 2.367   15.8293
 2.366   15.8928
 2.365   15.9104
 2.364   15.9140
 2.363   15.9296
 2.362   15.9384
 2.361   15.9809
 2.360   16.0195
 2.359   16.0112
 2.358   16.0197
 2.356   16.0498
 2.355   16.0451
 2.354   16.0297
 2.353   16.0549
 2.352   16.0798
 2.351   16.0332
 2.350   16.0136
 2.349   16.0180
 2.348   16.0251
 2.347   15.9985
 2.346   15.9721
 2.345   15.9524
 2.344   15.9340
 2.343   15.8820
 2.342   15.8073
 2.340   15.7551
 2.339   15.6960
 2.338   15.6665
 2.337   15.6062
 2.336   15.5017
 2.335   15.4331
 2.334   15.3645
 2.333   15.2541
 2.332   15.1499
 2.331   15.0756
 2.330   15.0000
 2.329   14.9216
 2.328   14.8230
 2.327   14.7067
 2.326   14.6027
 2.325   14.4997
 2.324   14.3921
 2.323   14.3462
 2.322   14.3022
 2.321   14.2519
 2.320   14.2331
 2.318   14.2854
 2.317   14.3315
 2.316   14.4082
 2.315   14.4951
 2.314   14.6154
 2.313   14.7509
 2.312   14.8745
 2.311   15.0073
 2.310   15.1692
 2.309   15.3193
 2.308   15.4494
 2.307   15.5778
 2.306   15.7063
 2.305   15.8264
 2.304   15.9299
 2.303   15.9736
 2.302   16.0256
 2.301   16.0715
 2.300   16.1399
 2.299   16.1530
 2.298   16.1574
 2.297   16.1943
 2.296   16.2404
 2.295   16.2519
 2.294   16.2607
 2.293   16.2973
 2.292   16.3000
 2.291   16.3012
 2.290   16.3291
 2.289   16.3559
 2.288   16.3527
 2.287   16.3518
 2.286   16.3842
 2.285   16.3745
 2.284   16.3630
 2.283   16.3779
 2.282   16.4018
 2.281   16.3855
 2.280   16.3979
 2.279   16.3925
 2.278   16.3725
 2.277   16.4228
 2.276   16.4480
 2.275   16.4465
 2.274   16.4514
 2.273   16.4804
 2.272   16.4631
 2.271   16.4304
 2.270   16.4397
 2.269   16.4614
 2.268   16.4682
 2.267   16.4875
 2.266   16.4912
 2.265   16.4663
 2.264   16.4472
 2.263   16.4401
 2.262   16.4765
 2.261   16.4738
 2.260   16.4316
 2.259   16.4272
 2.258   16.4287
 2.257   16.4270
 2.256   16.4443
 2.255   16.4565
 2.254   16.4348
 2.253   16.4311
 2.252   16.4555
 2.251   16.4375
 2.250   16.4419
 2.249   16.4409
 2.248   16.4179
 2.247   16.4521
 2.246   16.4729
 2.245   16.4748
 2.244   16.4370
 2.243   16.4101
 2.242   16.4047
 2.241   16.4101
 2.240   16.4086
 2.239   16.3974
 2.238   16.4218
 2.237   16.4336
 2.236   16.4170
 2.236   16.3945
 2.235   16.3579
 2.234   16.3486
 2.233   16.3383
 2.232   16.3488
 2.231   16.2978
 2.230   16.2114
 2.229   16.2014
 2.228   16.2199
 2.227   16.1557
 2.226   16.0981
 2.225   16.0581
 2.224   15.9765
 2.223   15.8772
 2.222   15.7915
 2.221   15.6311
 2.220   15.4145
 2.219   15.1845
 2.218   14.9621
 2.217   14.7959
 2.216   14.5849
 2.215   14.3579
 2.215   14.1045
 2.214   13.7968
 2.213   13.4809
 2.212   13.2910
 2.211   13.1682
 2.210   13.1606
 2.209   13.2890
 2.208   13.4409
 2.207   13.5434
 2.206   13.5402
 2.205   13.6020
 2.204   13.8339
 2.203   14.1057
 2.202   14.3750
 2.201   14.6425
 2.200   14.7590
 2.199   14.7876
 2.199   14.7778
 2.198   14.6975
 2.197   14.5478
 2.196   14.3476
 2.195   14.0898
 2.194   13.8088
 2.193   13.5654
 2.192   13.3886
 2.191   13.3498
 2.190   13.3567
 2.189   13.3684
 2.188   13.4253
 2.187   13.4143
 2.186   13.3213
 2.186   13.1489
 2.185   12.9455
 2.184   12.7561
 2.183   12.5940
 2.182   12.4565
 2.181   12.3857
 2.180   12.4072
 2.179   12.5139
 2.178   12.6528
 2.177   12.7885
 2.176   12.8889
 2.175   12.9770
 2.175   12.9902
 2.174   12.9712
 2.173   12.9319
 2.172   12.8166
 2.171   12.7046
 2.170   12.6665
 2.169   12.6194
 2.168   12.5581
 2.167   12.5332
 2.166   12.5654
 2.165   12.6572
 2.165   12.7258
 2.164   12.7592
 2.163   12.8193
 2.162   12.7893
 2.161   12.7148
 2.160   12.6506
 2.159   12.5947
 2.158   12.5695
 2.157   12.5239
 2.156   12.4756
 2.156   12.5317
 2.155   12.6089
 2.154   12.6748
 2.153   12.7607
 2.152   12.8130
 2.151   12.8908
 2.150   13.0112
 2.149   13.0752
 2.148   13.1255
 2.148   13.1640
 2.147   13.2238
 2.146   13.2297
 2.145   13.2492
 2.144   13.2710
 2.143   13.2451
 2.142   13.2558
 2.141   13.3127
 2.140   13.3506
 2.140   13.4033
 2.139   13.4292
 2.138   13.4338
 2.137   13.4799
 2.136   13.5171
 2.135   13.5451
 2.134   13.5698
 2.133   13.5971
 2.133   13.6323
 2.132   13.6601
 2.131   13.6916
 2.130   13.7131
 2.129   13.7246
 2.128   13.7578
 2.127   13.7990
 2.126   13.8488
 2.126   13.9174
 2.125   13.9836
 2.124   14.0498
 2.123   14.1767
 2.122   14.2915
 2.121   14.3383
 2.120   14.3989
 2.119   14.4882
 2.119   14.5774
 2.118   14.6552
 2.117   14.7348
 2.116   14.7924
 2.115   14.8674
 2.114   14.9443
 2.113   14.9721
 2.113   15.0061
 2.112   15.0393
 2.111   15.0930
 2.110   15.1630
 2.109   15.2006
 2.108   15.2434
 2.107   15.3059
 2.107   15.3398
 2.106   15.3418
 2.105   15.3593
 2.104   15.3947
 2.103   15.4345
 2.102   15.4882
 2.101   15.5171
 2.101   15.5266
 2.100   15.5422
 2.099   15.5754
 2.098   15.5698
 2.097   15.5820
 2.096   15.6464
 2.095   15.6828
 2.095   15.6767
 2.094   15.7070
 2.093   15.7297
 2.092   15.7307
 2.091   15.7378
 2.090   15.7609
 2.090   15.7981
 2.089   15.8186
 2.088   15.8313
 2.087   15.8271
 2.086   15.8234
 2.085   15.8274
 2.085   15.8430
 2.084   15.8264
 2.083   15.7749
 2.082   15.7854
 2.081   15.8420
 2.080   15.8525
 2.079   15.8339
