Name: Andalusite Al2SiO5
Type:  Mineral 
Class: Silicates
Subclass: Nesosilicates  (Isolated tetrahedra) (Al2SiO5 Group)
Particle Size:  solid
Sample No:  andalusite.1
Owner:  JHU
Wavelength Range:  IR
Origin: Sample from St. Theresa, Espirito Santo, Brazil via Smithsonian 
(sample no. NMNH R17898). 
Description:  Sample was composed of two crystals, one clear and one 
pale pink. Both appeared pure, both 1 cm x 1 cm x 5 cm. Examination 
under a petrographic microscope indicated pure and clean samples. 
Sample grains chosen for microprobe analysis were clear, but with 
poor polish in part.

Measurement:  Bidirectional Reflectance
First Column:  X
Second Column:  Y  
X Units:  Wavelength (micrometers)
Y Units:  Reflectance (percent)
First X Value:  25.0442
Last X Value:  2.079
Number of X Values:  2287
Additional Information:  andalu1a.txt
25.044   27.5390
24.924   28.6874
24.805   28.8144
24.686   29.2988
24.569   29.7851
24.454   30.3124
24.339   30.8632
24.225   31.6327
24.112   32.1366
24.001   32.1796
23.890   32.8124
23.781   34.8944
23.672   35.6757
23.564   37.0800
23.458   38.2655
23.352   39.1181
23.247   39.3886
23.144   39.9315
23.041   40.2352
22.939   40.5253
22.838   40.5663
22.738   41.0282
22.638   41.3602
22.540   41.5517
22.442   41.6757
22.345   42.4140
22.250   43.5897
22.154   46.4003
22.060   52.3846
21.967   58.6532
21.874   62.4998
21.782   64.8309
21.691   62.6468
21.601   57.1996
21.511   49.6776
21.422   43.9686
21.334   40.5995
21.247   38.5082
21.160   35.9120
21.074   32.9120
20.988   30.1044
20.904   26.7992
20.820   24.5976
20.737   23.5165
20.654   24.0361
20.572   25.1679
20.491   26.6957
20.410   28.2646
20.330   30.1484
20.251   32.0077
20.172   33.9071
20.094   35.4345
20.016   36.4926
19.939   36.8612
19.863   36.5551
19.787   35.7499
19.712   33.3202
19.637   29.8837
19.563   27.1435
19.489   26.6337
19.416   28.2284
19.344   30.8754
19.272   33.5473
19.201   34.6317
19.130   33.8749
19.059   31.1796
18.990   27.9457
18.920   27.1347
18.851   28.6376
18.783   30.9074
18.715   33.1418
18.648   35.0275
18.581   36.4425
18.515   37.4179
18.449   38.3056
18.384   38.8908
18.319   39.2030
18.254   39.3146
18.190   39.3566
18.126   39.2748
18.063   39.3146
18.001   39.2960
17.938   39.1952
17.876   38.7958
17.815   38.1376
17.754   37.4647
17.693   37.1779
17.633   37.2697
17.573   37.3788
17.514   37.1815
17.455   36.9359
17.396   36.7658
17.338   36.6486
17.280   36.4240
17.223   36.4640
17.166   36.6552
17.109   37.1281
17.053   37.9271
16.997   38.8488
16.942   39.7580
16.886   40.7365
16.832   41.5773
16.777   42.2811
16.723   42.6808
16.669   42.8449
16.616   43.3195
16.563   44.3527
16.510   45.3724
16.458   46.2147
16.406   47.0233
16.354   47.7570
16.302   48.2616
16.251   48.7538
16.200   49.1595
16.150   49.6239
16.100   50.1056
16.050   50.6444
16.000   51.1268
15.951   51.4183
15.902   51.8837
15.854   52.4623
15.805   52.7567
15.757   53.0477
15.710   53.3575
15.662   53.5453
15.615   53.7425
15.568   54.1114
15.521   54.5138
15.475   54.6849
15.429   54.7384
15.383   55.1065
15.338   55.5128
15.292   55.6756
15.248   55.8380
15.203   56.1231
15.158   56.3417
15.114   56.3099
15.070   56.1114
15.027   55.7523
14.983   53.7508
14.940   51.0218
14.897   51.9171
14.854   53.2110
14.812   55.8038
14.770   58.7218
14.728   61.0965
14.686   62.5843
14.645   63.4642
14.603   64.3360
14.562   65.1790
14.521   65.8546
14.481   66.4969
14.441   67.2708
14.400   67.6934
14.361   67.7435
14.321   67.6214
14.281   67.2813
14.242   66.4217
14.203   65.2557
14.164   63.9659
14.126   62.3214
14.087   60.6925
14.049   59.2943
14.011   57.9679
13.973   56.7523
13.936   55.7992
13.899   54.9515
13.861   54.2235
13.824   53.7254
13.788   53.2521
13.751   52.7025
13.715   52.1427
13.679   51.6742
13.643   51.2740
13.607   50.8441
13.571   50.3761
13.536   49.9669
13.500   49.4960
13.465   48.8651
13.430   48.1561
13.396   47.1957
13.361   45.8099
13.327   44.2304
13.293   42.7094
13.259   41.5919
13.225   41.0443
13.191   40.7489
13.158   40.4130
13.124   39.8749
13.091   39.1066
13.058   38.0148
13.026   36.6815
12.993   35.1361
12.960   33.3322
12.928   31.3757
12.896   29.4057
12.864   27.1786
12.832   24.6083
12.800   21.7934
12.769   19.0090
12.737   16.9328
12.706   16.1633
12.675   16.3559
12.644   16.7512
12.614   17.0246
12.583   16.9311
12.552   16.4475
12.522   15.9487
12.492   15.7722
12.462   15.9878
12.432   16.4104
12.402   16.9375
12.373   17.4694
12.343   17.9445
12.314   18.4123
12.285   18.9209
12.256   19.3596
12.227   19.7326
12.198   20.1303
12.169   20.5515
12.141   20.9101
12.113   21.2397
12.084   21.5754
12.056   21.8959
12.028   22.1982
12.000   22.5307
11.973   22.8618
11.945   23.1574
11.918   23.5053
11.890   23.8281
11.863   24.1308
11.836   24.4763
11.809   24.7536
11.782   25.0112
11.755   25.3769
11.729   25.7463
11.702   26.0229
11.676   26.3464
11.650   26.7421
11.624   27.0580
11.598   27.3793
11.572   27.8107
11.546   28.2233
11.520   28.4897
11.495   28.7814
11.469   29.0517
11.444   29.2272
11.419   29.5383
11.394   30.0466
11.369   30.6005
11.344   31.1557
11.319   31.7748
11.294   32.4035
11.270   33.0360
11.245   33.7563
11.221   34.5605
11.197   35.3944
11.173   36.2343
11.149   37.1107
11.125   37.9672
11.101   38.7118
11.077   39.3837
11.054   39.9457
11.030   40.3065
11.007   40.5680
10.983   40.6962
10.960   40.6439
10.937   40.4157
10.914   39.9682
10.891   39.2655
10.868   38.6601
10.846   38.5932
10.823   39.4706
10.800   41.4516
10.778   44.4530
10.755   48.1171
10.733   51.9393
10.711   55.5587
10.689   58.7682
10.667   61.4071
10.645   63.5384
10.623   65.3424
10.602   66.8031
10.580   67.8538
10.558   68.7005
10.537   69.3248
10.516   69.5814
10.494   69.6048
10.473   69.3951
10.452   68.6439
10.431   67.1680
10.410   64.6939
10.389   61.2835
10.368   58.0521
10.348   56.9854
10.327   58.5836
10.306   61.6519
10.286   64.8739
10.266   67.5516
10.245   69.3846
10.225   70.5150
10.205   71.2296
10.185   71.6497
10.165   71.8519
10.145   72.0115
10.125   72.1119
10.106   72.0289
10.086   71.9383
10.066   71.9466
10.047   71.8558
10.027   71.7230
10.008   71.6854
 9.989   71.6756
 9.970   71.6224
 9.950   71.7005
 9.931   71.8538
 9.912   71.9666
 9.893   72.0474
 9.875   72.1334
 9.856   72.0911
 9.837   71.9817
 9.818   71.8065
 9.800   71.5252
 9.781   71.0936
 9.763   70.6336
 9.745   70.0985
 9.726   69.4935
 9.708   68.9095
 9.690   68.3758
 9.672   67.7103
 9.654   67.0208
 9.636   66.3143
 9.618   65.4539
 9.600   64.4757
 9.583   63.5252
 9.565   62.5015
 9.547   61.4007
 9.530   60.3607
 9.512   59.3700
 9.495   58.2918
 9.477   57.3675
 9.460   56.7997
 9.443   56.5399
 9.426   56.6373
 9.409   57.1556
 9.392   57.8419
 9.375   58.5790
 9.358   59.3123
 9.341   59.9198
 9.324   60.2425
 9.307   60.3910
 9.291   60.3177
 9.274   59.9886
 9.257   59.4474
 9.241   58.8148
 9.224   58.0091
 9.208   57.0926
 9.192   56.1092
 9.175   55.0687
 9.159   53.8465
 9.143   52.6024
 9.127   51.3285
 9.111   49.9398
 9.095   48.4667
 9.079   46.9506
 9.063   45.3617
 9.047   43.7719
 9.032   42.1747
 9.016   40.5297
 9.000   38.8676
 8.985   37.3607
 8.969   36.0036
 8.954   34.7157
 8.938   33.5429
 8.923   32.5107
 8.907   31.4941
 8.892   30.6244
 8.877   29.9960
 8.862   29.4684
 8.847   29.0156
 8.832   28.6828
 8.817   28.3508
 8.802   27.9286
 8.787   27.5341
 8.772   27.1589
 8.757   26.6645
 8.742   26.1132
 8.728   25.5468
 8.713   24.8937
 8.698   24.1357
 8.684   23.3701
 8.669   22.5322
 8.655   21.5820
 8.640   20.6213
 8.626   19.6528
 8.612   18.5964
 8.597   17.5127
 8.583   16.4780
 8.569   15.4250
 8.555   14.3723
 8.541   13.3730
 8.527   12.4128
 8.513   11.4536
 8.499   10.5962
 8.485    9.7929
 8.471    9.0332
 8.457    8.3945
 8.443    7.8933
 8.430    7.5095
 8.416    7.2915
 8.402    7.1994
 8.389    7.1885
 8.375    7.2607
 8.362    7.4321
 8.348    7.6294
 8.335    7.8323
 8.321    8.0395
 8.308    8.2903
 8.295    8.5217
 8.281    8.7134
 8.268    8.9214
 8.255    9.1377
 8.242    9.3152
 8.229    9.5027
 8.216    9.6860
 8.203    9.8515
 8.190   10.0307
 8.177   10.2136
 8.164   10.3452
 8.151   10.4695
 8.138   10.6259
 8.126   10.7734
 8.113   10.9072
 8.100   11.0615
 8.088   11.2146
 8.075   11.3486
 8.062   11.4685
 8.050   11.5991
 8.037   11.7077
 8.025   11.8039
 8.013   11.9187
 8.000   12.0493
 7.988   12.1496
 7.976   12.2646
 7.963   12.3725
 7.951   12.4580
 7.939   12.5278
 7.927   12.6506
 7.915   12.7495
 7.903   12.8242
 7.891   12.9206
 7.879   12.9985
 7.867   13.0427
 7.855   13.1347
 7.843   13.2273
 7.831   13.2917
 7.819   13.3784
 7.807   13.4638
 7.796   13.5039
 7.784   13.5598
 7.772   13.6518
 7.761   13.7212
 7.749   13.7563
 7.738   13.8266
 7.726   13.8945
 7.715   13.9482
 7.703   14.0295
 7.692   14.1162
 7.680   14.1496
 7.669   14.1899
 7.658   14.2756
 7.646   14.3503
 7.635   14.3818
 7.624   14.4155
 7.613   14.4807
 7.601   14.5166
 7.590   14.5612
 7.579   14.6552
 7.568   14.7055
 7.557   14.7209
 7.546   14.7893
 7.535   14.8584
 7.524   14.8708
 7.513   14.9047
 7.502   14.9707
 7.492   15.0031
 7.481   15.0080
 7.470   15.0268
 7.459   15.1005
 7.448   15.1543
 7.438   15.1894
 7.427   15.2568
 7.417   15.2783
 7.406   15.3073
 7.395   15.3513
 7.385   15.3754
 7.374   15.4062
 7.364   15.4663
 7.353   15.4990
 7.343   15.4868
 7.333   15.5459
 7.322   15.6132
 7.312   15.6240
 7.302   15.6916
 7.291   15.7295
 7.281   15.7099
 7.271   15.8105
 7.261   15.8750
 7.251   15.8823
 7.240   15.9106
 7.230   15.9607
 7.220   15.9704
 7.210   15.9419
 7.200   16.0236
 7.190   16.0888
 7.180   16.0844
 7.170   16.0888
 7.160   16.1748
 7.151   16.1757
 7.141   16.2587
 7.131   16.2990
 7.121   16.2788
 7.111   16.3154
 7.102   16.3696
 7.092   16.4133
 7.082   16.4487
 7.073   16.4680
 7.063   16.4711
 7.053   16.4160
 7.044   16.4826
 7.034   16.5878
 7.025   16.5857
 7.015   16.6357
 7.006   16.6469
 6.996   16.6350
 6.987   16.6596
 6.977   16.7050
 6.968   16.7080
 6.959   16.7080
 6.949   16.8161
 6.940   16.8469
 6.931   16.8708
 6.921   16.8735
 6.912   16.8820
 6.903   16.9345
 6.894   16.9773
 6.885   16.9892
 6.876   16.9875
 6.866   16.8437
 6.857   16.9218
 6.848   17.1093
 6.839   17.1152
 6.830   17.0454
 6.821   17.1440
 6.812   17.2058
 6.803   17.1469
 6.794   17.0278
 6.786   17.1084
 6.777   17.1752
 6.768   17.2368
 6.759   17.2458
 6.750   17.2568
 6.741   17.3044
 6.733   17.3064
 6.724   17.3002
 6.715   17.2834
 6.707   17.4218
 6.698   17.4926
 6.689   17.4011
 6.681   17.3642
 6.672   17.4650
 6.663   17.5288
 6.655   17.5156
 6.646   17.4563
 6.638   17.2739
 6.629   17.4707
 6.621   17.6079
 6.612   17.6523
 6.604   17.6208
 6.596   17.5393
 6.587   17.6235
 6.579   17.5854
 6.571   17.5141
 6.562   17.7485
 6.554   17.7609
 6.546   17.7968
 6.537   17.8261
 6.529   17.8105
 6.521   17.7919
 6.513   17.9179
 6.505   17.8635
 6.496   17.7534
 6.488   17.8618
 6.480   17.9501
 6.472   17.9563
 6.464   17.9785
 6.456   17.9428
 6.448   18.0317
 6.440   18.0219
 6.432   18.0158
 6.424   18.0034
 6.416   17.7148
 6.408   17.9711
 6.400   18.1088
 6.392   18.1032
 6.384   18.1328
 6.377   18.0791
 6.369   18.0991
 6.361   18.2155
 6.353   18.1831
 6.345   18.1001
 6.338   18.1709
 6.330   18.2084
 6.322   18.2436
 6.314   18.2846
 6.307   18.2829
 6.299   18.2841
 6.291   18.2924
 6.284   18.2966
 6.276   18.3071
 6.269   18.3129
 6.261   18.3247
 6.254   18.3227
 6.246   18.3396
 6.238   18.3867
 6.231   18.3867
 6.223   18.3837
 6.216   18.4179
 6.209   18.4255
 6.201   18.4321
 6.194   18.4130
 6.186   18.3276
 6.179   18.4316
 6.172   18.4780
 6.164   18.4204
 6.157   18.4150
 6.150   18.4611
 6.142   18.4721
 6.135   18.5419
 6.128   18.5517
 6.121   18.5019
 6.113   18.3764
 6.106   18.5493
 6.099   18.5722
 6.092   18.5969
 6.085   18.5815
 6.078   18.5178
 6.070   18.4897
 6.063   18.6286
 6.056   18.5507
 6.049   18.3071
 6.042   18.5920
 6.035   18.6772
 6.028   18.6743
 6.021   18.6369
 6.014   18.6142
 6.007   18.7202
 6.000   18.6792
 5.993   18.5661
 5.986   18.5664
 5.979   18.6528
 5.973   18.5703
 5.966   18.5810
 5.959   18.6699
 5.952   18.6582
 5.945   18.5959
 5.938   18.4350
 5.932   18.6672
 5.925   18.6474
 5.918   18.6315
 5.911   18.6909
 5.905   18.6640
 5.898   18.5546
 5.891   18.6303
 5.884   18.5292
 5.878   18.5849
 5.871   18.6743
 5.864   18.6074
 5.858   18.6323
 5.851   18.6301
 5.845   18.6635
 5.838   18.6640
 5.831   18.5981
 5.825   18.5080
 5.818   18.5754
 5.812   18.6765
 5.805   18.6494
 5.799   18.6579
 5.792   18.6635
 5.786   18.6577
 5.779   18.6606
 5.773   18.6235
 5.767   18.4875
 5.760   18.6936
 5.754   18.6684
 5.747   18.6406
 5.741   18.6945
 5.735   18.6879
 5.728   18.6967
 5.722   18.6538
 5.716   18.6789
 5.709   18.6975
 5.703   18.7500
 5.697   18.7314
 5.691   18.7397
 5.684   18.7470
 5.678   18.7041
 5.672   18.7651
 5.666   18.7836
 5.660   18.7634
 5.653   18.7961
 5.647   18.7485
 5.641   18.7280
 5.635   18.8486
 5.629   18.8667
 5.623   18.8493
 5.617   18.8413
 5.611   18.9067
 5.604   18.8903
 5.598   18.9245
 5.592   18.9445
 5.586   18.8979
 5.580   18.8618
 5.574   18.9296
 5.568   18.9506
 5.562   18.9406
 5.556   18.9221
 5.550   18.9609
 5.545   18.9892
 5.539   18.9956
 5.533   19.0153
 5.527   19.0263
 5.521   19.0063
 5.515   19.0195
 5.509   19.0178
 5.503   19.0183
 5.498   19.0456
 5.492   19.0539
 5.486   19.0302
 5.480   19.0234
 5.474   19.0678
 5.469   19.0090
 5.463   19.0048
 5.457   19.0964
 5.451   19.0954
 5.446   19.0700
 5.440   19.0737
 5.434   19.1210
 5.428   19.0815
 5.423   19.0427
 5.417   19.1137
 5.411   19.1167
 5.406   19.1362
 5.400   19.1433
 5.395   19.1335
 5.389   19.1235
 5.383   19.1247
 5.378   19.1411
 5.372   19.1386
 5.367   19.1518
 5.361   19.1508
 5.356   19.1064
 5.350   19.1176
 5.344   19.2006
 5.339   19.1989
 5.333   19.1943
 5.328   19.2111
 5.323   19.2119
 5.317   19.1914
 5.312   19.1921
 5.306   19.2136
 5.301   19.2275
 5.295   19.2077
 5.290   19.2407
 5.285   19.2404
 5.279   19.1953
 5.274   19.2231
 5.268   19.2583
 5.263   19.2363
 5.258   19.2458
 5.252   19.2678
 5.247   19.2653
 5.242   19.2519
 5.237   19.2763
 5.231   19.3112
 5.226   19.2910
 5.221   19.2868
 5.215   19.2766
 5.210   19.3100
 5.205   19.2954
 5.200   19.2924
 5.195   19.3288
 5.189   19.3273
 5.184   19.3347
 5.179   19.3308
 5.174   19.3237
 5.169   19.3315
 5.163   19.3483
 5.158   19.3408
 5.153   19.3269
 5.148   19.3295
 5.143   19.3481
 5.138   19.3339
 5.133   19.3544
 5.128   19.3518
 5.123   19.3422
 5.118   19.3486
 5.113   19.3745
 5.108   19.3684
 5.103   19.3559
 5.097   19.3586
 5.092   19.3662
 5.087   19.3447
 5.083   19.3500
 5.078   19.3640
 5.073   19.3479
 5.068   19.3408
 5.063   19.3466
 5.058   19.3295
 5.053   19.3242
 5.048   19.3374
 5.043   19.3342
 5.038   19.3237
 5.033   19.3347
 5.028   19.3439
 5.023   19.3110
 5.019   19.3024
 5.014   19.3483
 5.009   19.3352
 5.004   19.3144
 4.999   19.3305
 4.994   19.3388
 4.990   19.3112
 4.985   19.3149
 4.980   19.3222
 4.975   19.3115
 4.970   19.3120
 4.966   19.3088
 4.961   19.2802
 4.956   19.2995
 4.951   19.3281
 4.947   19.3090
 4.942   19.2834
 4.937   19.2827
 4.933   19.2954
 4.928   19.2719
 4.923   19.2656
 4.919   19.2878
 4.914   19.2795
 4.909   19.2619
 4.905   19.2768
 4.900   19.2802
 4.895   19.2680
 4.891   19.2939
 4.886   19.2983
 4.882   19.2792
 4.877   19.2827
 4.872   19.2912
 4.868   19.2768
 4.863   19.2844
 4.859   19.2905
 4.854   19.2736
 4.850   19.2709
 4.845   19.2802
 4.840   19.2844
 4.836   19.2763
 4.831   19.2941
 4.827   19.3217
 4.822   19.3061
 4.818   19.2861
 4.814   19.2883
 4.809   19.2814
 4.805   19.2773
 4.800   19.3024
 4.796   19.3027
 4.791   19.2875
 4.787   19.2976
 4.782   19.3054
 4.778   19.2971
 4.774   19.2946
 4.769   19.3107
 4.765   19.3203
 4.760   19.3239
 4.756   19.3493
 4.752   19.3427
 4.747   19.3234
 4.743   19.3364
 4.739   19.3520
 4.734   19.3598
 4.730   19.3642
 4.726   19.3637
 4.721   19.3525
 4.717   19.3442
 4.713   19.3715
 4.709   19.3784
 4.704   19.3764
 4.700   19.3813
 4.696   19.3759
 4.692   19.3764
 4.687   19.4008
 4.683   19.4033
 4.679   19.3974
 4.675   19.4033
 4.670   19.4082
 4.666   19.3903
 4.662   19.3874
 4.658   19.4042
 4.654   19.4340
 4.649   19.4233
 4.645   19.4272
 4.641   19.4450
 4.637   19.4501
 4.633   19.4443
 4.629   19.4423
 4.625   19.4536
 4.620   19.4611
 4.616   19.4748
 4.612   19.4846
 4.608   19.4731
 4.604   19.4741
 4.600   19.4885
 4.596   19.4921
 4.592   19.4841
 4.588   19.4985
 4.584   19.5051
 4.580   19.5009
 4.576   19.5024
 4.572   19.5139
 4.568   19.5158
 4.564   19.5283
 4.560   19.5400
 4.555   19.5200
 4.551   19.5009
 4.548   19.5219
 4.544   19.5468
 4.540   19.5407
 4.536   19.5375
 4.532   19.5498
 4.528   19.5456
 4.524   19.5415
 4.520   19.5512
 4.516   19.5576
 4.512   19.5576
 4.508   19.5595
 4.504   19.5639
 4.500   19.5737
 4.496   19.5800
 4.492   19.5754
 4.488   19.5644
 4.485   19.5649
 4.481   19.5815
 4.477   19.5888
 4.473   19.5913
 4.469   19.5874
 4.465   19.5698
 4.461   19.5717
 4.458   19.5783
 4.454   19.5771
 4.450   19.5634
 4.446   19.5639
 4.442   19.5761
 4.438   19.5610
 4.435   19.5478
 4.431   19.5649
 4.427   19.5605
 4.423   19.5473
 4.420   19.5539
 4.416   19.5400
 4.412   19.5156
 4.408   19.5209
 4.405   19.5283
 4.401   19.5166
 4.397   19.5119
 4.393   19.5268
 4.390   19.5314
 4.386   19.5234
 4.382   19.5454
 4.379   19.5512
 4.375   19.5185
 4.371   19.5097
 4.367   19.4814
 4.364   19.4189
 4.360   19.3618
 4.356   19.3308
 4.353   19.2905
 4.349   19.2402
 4.345   19.1894
 4.342   19.1433
 4.338   19.0849
 4.335   18.9951
 4.331   18.8872
 4.327   18.7714
 4.324   18.6801
 4.320   18.6655
 4.317   18.6174
 4.313   18.4843
 4.309   18.3205
 4.306   18.1760
 4.302   18.0307
 4.299   17.9045
 4.295   17.8398
 4.292   17.7578
 4.288   17.6650
 4.284   17.7075
 4.281   17.7294
 4.277   17.6450
 4.274   17.5283
 4.270   17.4936
 4.267   17.5473
 4.263   17.6499
 4.260   18.0471
 4.256   18.2314
 4.253   17.9716
 4.249   17.5649
 4.246   17.2597
 4.242   16.9907
 4.239   16.8046
 4.235   16.8164
 4.232   16.9433
 4.229   17.1210
 4.225   17.2504
 4.222   17.4013
 4.218   17.6884
 4.215   18.0087
 4.211   18.2814
 4.208   18.5273
 4.205   18.7570
 4.201   18.9797
 4.198   19.1650
 4.194   19.3273
 4.191   19.4489
 4.188   19.5073
 4.184   19.5185
 4.181   19.5310
 4.177   19.5385
 4.174   19.5285
 4.171   19.5478
 4.167   19.5463
 4.164   19.5322
 4.161   19.5607
 4.157   19.5766
 4.154   19.5493
 4.151   19.5463
 4.147   19.5742
 4.144   19.5644
 4.141   19.5449
 4.137   19.5498
 4.134   19.5727
 4.131   19.5722
 4.128   19.5634
 4.124   19.5654
 4.121   19.5629
 4.118   19.5576
 4.114   19.5561
 4.111   19.5415
 4.108   19.5512
 4.105   19.5808
 4.101   19.5725
 4.098   19.5488
 4.095   19.5546
 4.092   19.5639
 4.088   19.5566
 4.085   19.5502
 4.082   19.5688
 4.079   19.5786
 4.076   19.5581
 4.072   19.5722
 4.069   19.5913
 4.066   19.5910
 4.063   19.5839
 4.060   19.5649
 4.056   19.5590
 4.053   19.5664
 4.050   19.5849
 4.047   19.5935
 4.044   19.5852
 4.041   19.5815
 4.038   19.5871
 4.034   19.5844
 4.031   19.5878
 4.028   19.5947
 4.025   19.5915
 4.022   19.6030
 4.019   19.6186
 4.016   19.6000
 4.013   19.5786
 4.009   19.5942
 4.006   19.6240
 4.003   19.6220
 4.000   19.6040
 3.997   19.6091
 3.994   19.5979
 3.991   19.5959
 3.988   19.6235
 3.985   19.6206
 3.982   19.6157
 3.979   19.6289
 3.976   19.6489
 3.973   19.6381
 3.969   19.6313
 3.966   19.6440
 3.963   19.6259
 3.960   19.6347
 3.957   19.6303
 3.954   19.6206
 3.951   19.6352
 3.948   19.6723
 3.945   19.6811
 3.942   19.6547
 3.939   19.6540
 3.936   19.6774
 3.933   19.6635
 3.930   19.6416
 3.927   19.6479
 3.924   19.6591
 3.921   19.6528
 3.918   19.6508
 3.916   19.6538
 3.913   19.6450
 3.910   19.6547
 3.907   19.6582
 3.904   19.6477
 3.901   19.6425
 3.898   19.6381
 3.895   19.6372
 3.892   19.6562
 3.889   19.6484
 3.886   19.6499
 3.883   19.6528
 3.880   19.6621
 3.877   19.6523
 3.875   19.6489
 3.872   19.6508
 3.869   19.6491
 3.866   19.6372
 3.863   19.6406
 3.860   19.6508
 3.857   19.6357
 3.854   19.6274
 3.852   19.6462
 3.849   19.6459
 3.846   19.6240
 3.843   19.6108
 3.840   19.6257
 3.837   19.6337
 3.834   19.6293
 3.832   19.6215
 3.829   19.6279
 3.826   19.6367
 3.823   19.6396
 3.820   19.6450
 3.817   19.6420
 3.815   19.6249
 3.812   19.6237
 3.809   19.6225
 3.806   19.6225
 3.803   19.6411
 3.801   19.6569
 3.798   19.6352
 3.795   19.6230
 3.792   19.6308
 3.790   19.6328
 3.787   19.6181
 3.784   19.6152
 3.781   19.6176
 3.779   19.6220
 3.776   19.6279
 3.773   19.6274
 3.770   19.6274
 3.768   19.6132
 3.765   19.6088
 3.762   19.6069
 3.759   19.6047
 3.757   19.6005
 3.754   19.6113
 3.751   19.6137
 3.748   19.6196
 3.746   19.6030
 3.743   19.5771
 3.740   19.5747
 3.738   19.5756
 3.735   19.5742
 3.732   19.5600
 3.730   19.5651
 3.727   19.5830
 3.724   19.5834
 3.722   19.5737
 3.719   19.5830
 3.716   19.5693
 3.714   19.5629
 3.711   19.5737
 3.708   19.5654
 3.706   19.5571
 3.703   19.5859
 3.700   19.5830
 3.698   19.5480
 3.695   19.5588
 3.692   19.5700
 3.690   19.5532
 3.687   19.5502
 3.685   19.5595
 3.682   19.5458
 3.679   19.5361
 3.677   19.5429
 3.674   19.5488
 3.671   19.5603
 3.669   19.5605
 3.666   19.5581
 3.664   19.5615
 3.661   19.5507
 3.659   19.5522
 3.656   19.5551
 3.653   19.5410
 3.651   19.5385
 3.648   19.5429
 3.646   19.5415
 3.643   19.5444
 3.641   19.5551
 3.638   19.5439
 3.635   19.5312
 3.633   19.5375
 3.630   19.5556
 3.628   19.5498
 3.625   19.5322
 3.623   19.5244
 3.620   19.5195
 3.618   19.5375
 3.615   19.5361
 3.613   19.5205
 3.610   19.5244
 3.608   19.5390
 3.605   19.5346
 3.603   19.5332
 3.600   19.5419
 3.598   19.5371
 3.595   19.5107
 3.593   19.5205
 3.590   19.5283
 3.588   19.5156
 3.585   19.5312
 3.583   19.5258
 3.580   19.5112
 3.578   19.5249
 3.575   19.5336
 3.573   19.5346
 3.570   19.5346
 3.568   19.5400
 3.565   19.5375
 3.563   19.5239
 3.561   19.5258
 3.558   19.5268
 3.556   19.5312
 3.553   19.5397
 3.551   19.5483
 3.548   19.5244
 3.546   19.5170
 3.544   19.5366
 3.541   19.5312
 3.539   19.5336
 3.536   19.5385
 3.534   19.5478
 3.531   19.5273
 3.529   19.5151
 3.527   19.5263
 3.524   19.5458
 3.522   19.5483
 3.519   19.5581
 3.517   19.5869
 3.515   19.5886
 3.512   19.5852
 3.510   19.6030
 3.508   19.6101
 3.505   19.5822
 3.503   19.5632
 3.500   19.5554
 3.498   19.5424
 3.496   19.5566
 3.493   19.5461
 3.491   19.5302
 3.489   19.5532
 3.486   19.5732
 3.484   19.5500
 3.482   19.5388
 3.479   19.5451
 3.477   19.5422
 3.475   19.5432
 3.472   19.5332
 3.470   19.5375
 3.468   19.5517
 3.465   19.5520
 3.463   19.5485
 3.461   19.5390
 3.458   19.5463
 3.456   19.5676
 3.454   19.5502
 3.452   19.5385
 3.449   19.5483
 3.447   19.5498
 3.445   19.5461
 3.442   19.5488
 3.440   19.5666
 3.438   19.5673
 3.435   19.5744
 3.433   19.5883
 3.431   19.5944
 3.429   19.6047
 3.426   19.6223
 3.424   19.6333
 3.422   19.6147
 3.420   19.5834
 3.417   19.5830
 3.415   19.5737
 3.413   19.5559
 3.411   19.5373
 3.408   19.5170
 3.406   19.5178
 3.404   19.5246
 3.402   19.5139
 3.399   19.4755
 3.397   19.4699
 3.395   19.4956
 3.393   19.4763
 3.391   19.4750
 3.388   19.5007
 3.386   19.4765
 3.384   19.4621
 3.382   19.4626
 3.380   19.4682
 3.377   19.4501
 3.375   19.4482
 3.373   19.4689
 3.371   19.4711
 3.369   19.4433
 3.366   19.4230
 3.364   19.4228
 3.362   19.4150
 3.360   19.4121
 3.358   19.4125
 3.355   19.4101
 3.353   19.4143
 3.351   19.4160
 3.349   19.4028
 3.347   19.4094
 3.345   19.4011
 3.342   19.3859
 3.340   19.3945
 3.338   19.3850
 3.336   19.3720
 3.334   19.3791
 3.332   19.3850
 3.330   19.3874
 3.327   19.3701
 3.325   19.3701
 3.323   19.3754
 3.321   19.3339
 3.319   19.3181
 3.317   19.3500
 3.315   19.3515
 3.313   19.3281
 3.310   19.3273
 3.308   19.3425
 3.306   19.3254
 3.304   19.3249
 3.302   19.3359
 3.300   19.3454
 3.298   19.3315
 3.296   19.3422
 3.294   19.3598
 3.292   19.3420
 3.289   19.3256
 3.287   19.3283
 3.285   19.3359
 3.283   19.3261
 3.281   19.3103
 3.279   19.3071
 3.277   19.3215
 3.275   19.3168
 3.273   19.3029
 3.271   19.3100
 3.269   19.3059
 3.267   19.3095
 3.265   19.3234
 3.263   19.3002
 3.260   19.2795
 3.258   19.2802
 3.256   19.2951
 3.254   19.2875
 3.252   19.2641
 3.250   19.2702
 3.248   19.3017
 3.246   19.2941
 3.244   19.2812
 3.242   19.2768
 3.240   19.2749
 3.238   19.2814
 3.236   19.2609
 3.234   19.2343
 3.232   19.2480
 3.230   19.2661
 3.228   19.2834
 3.226   19.2519
 3.224   19.2426
 3.222   19.2475
 3.220   19.2490
 3.218   19.2607
 3.216   19.2412
 3.214   19.2268
 3.212   19.2265
 3.210   19.2265
 3.208   19.2277
 3.206   19.2250
 3.204   19.2358
 3.202   19.2443
 3.200   19.2407
 3.198   19.2290
 3.196   19.2551
 3.194   19.2526
 3.192   19.2180
 3.190   19.2033
 3.188   19.2141
 3.186   19.2431
 3.184   19.2197
 3.182   19.2023
 3.180   19.2055
 3.179   19.2109
 3.177   19.2241
 3.175   19.2358
 3.173   19.2246
 3.171   19.1958
 3.169   19.1801
 3.167   19.2065
 3.165   19.2277
 3.163   19.2392
 3.161   19.2539
 3.159   19.2192
 3.157   19.1811
 3.155   19.1796
 3.153   19.1855
 3.151   19.1821
 3.150   19.2023
 3.148   19.1875
 3.146   19.1855
 3.144   19.1928
 3.142   19.2014
 3.140   19.2102
 3.138   19.2216
 3.136   19.2128
 3.134   19.1992
 3.132   19.1860
 3.131   19.2001
 3.129   19.2172
 3.127   19.2036
 3.125   19.2014
 3.123   19.1987
 3.121   19.2053
 3.119   19.1818
 3.117   19.1577
 3.115   19.1604
 3.114   19.1767
 3.112   19.2001
 3.110   19.1909
 3.108   19.1787
 3.106   19.1977
 3.104   19.1945
 3.102   19.1850
 3.101   19.1877
 3.099   19.1733
 3.097   19.1562
 3.095   19.1506
 3.093   19.1411
 3.091   19.1518
 3.089   19.1611
 3.088   19.1645
 3.086   19.1621
 3.084   19.1684
 3.082   19.1708
 3.080   19.1699
 3.078   19.1401
 3.077   19.1406
 3.075   19.1633
 3.073   19.1682
 3.071   19.1811
 3.069   19.1740
 3.068   19.1699
 3.066   19.1679
 3.064   19.1767
 3.062   19.1801
 3.060   19.1643
 3.058   19.1406
 3.057   19.1533
 3.055   19.1669
 3.053   19.1311
 3.051   19.1069
 3.050   19.1191
 3.048   19.1411
 3.046   19.1621
 3.044   19.1665
 3.042   19.1582
 3.041   19.1430
 3.039   19.1252
 3.037   19.1186
 3.035   19.1030
 3.033   19.0998
 3.032   19.1240
 3.030   19.1279
 3.028   19.1083
 3.026   19.1000
 3.025   19.0947
 3.023   19.0627
 3.021   19.0822
 3.019   19.1005
 3.018   19.0620
 3.016   19.0712
 3.014   19.0952
 3.012   19.0695
 3.011   19.0971
 3.009   19.1369
 3.007   19.1254
 3.005   19.1054
 3.004   19.1164
 3.002   19.1015
 3.000   19.0715
 2.998   19.0317
 2.997   19.0410
 2.995   19.0581
 2.993   19.0551
 2.991   19.0444
 2.990   19.0371
 2.988   19.0295
 2.986   19.0236
 2.985   19.0246
 2.983   19.0158
 2.981   19.0224
 2.979   19.0195
 2.978   18.9973
 2.976   19.0188
 2.974   19.0424
 2.973   19.0263
 2.971   19.0107
 2.969   19.0227
 2.967   18.9875
 2.966   18.9455
 2.964   18.9609
 2.962   18.9824
 2.961   18.9814
 2.959   18.9721
 2.957   18.9741
 2.956   18.9926
 2.954   18.9726
 2.952   18.9484
 2.951   18.9252
 2.949   18.9162
 2.947   18.9221
 2.946   18.9230
 2.944   18.9106
 2.942   18.9045
 2.941   18.9209
 2.939   18.9230
 2.937   18.9113
 2.936   18.9074
 2.934   18.8994
 2.932   18.8830
 2.931   18.8664
 2.929   18.8859
 2.927   18.9028
 2.926   18.8925
 2.924   18.8779
 2.922   18.8750
 2.921   18.8623
 2.919   18.8564
 2.917   18.8588
 2.916   18.8449
 2.914   18.8369
 2.912   18.8469
 2.911   18.8378
 2.909   18.8225
 2.908   18.8154
 2.906   18.8266
 2.904   18.8498
 2.903   18.8701
 2.901   18.8723
 2.899   18.8505
 2.898   18.8032
 2.896   18.8203
 2.895   18.8156
 2.893   18.8115
 2.891   18.8134
 2.890   18.7929
 2.888   18.7744
 2.887   18.7993
 2.885   18.8107
 2.883   18.7851
 2.882   18.7880
 2.880   18.8371
 2.878   18.8205
 2.877   18.7873
 2.875   18.7563
 2.874   18.7558
 2.872   18.7705
 2.871   18.7893
 2.869   18.7541
 2.867   18.7426
 2.866   18.7561
 2.864   18.7617
 2.863   18.7192
 2.861   18.7187
 2.859   18.7734
 2.858   18.7629
 2.856   18.7343
 2.855   18.7167
 2.853   18.7148
 2.852   18.7209
 2.850   18.7021
 2.848   18.7124
 2.847   18.6923
 2.845   18.6748
 2.844   18.7275
 2.842   18.7402
 2.841   18.7148
 2.839   18.6870
 2.838   18.6953
 2.836   18.7666
 2.834   18.7612
 2.833   18.6967
 2.831   18.7001
 2.830   18.7121
 2.828   18.6669
 2.827   18.6713
 2.825   18.6757
 2.824   18.6564
 2.822   18.6108
 2.821   18.6084
 2.819   18.6313
 2.817   18.6582
 2.816   18.6586
 2.814   18.6455
 2.813   18.6508
 2.811   18.6328
 2.810   18.6269
 2.808   18.6118
 2.807   18.6201
 2.805   18.6494
 2.804   18.5859
 2.802   18.5688
 2.801   18.6289
 2.799   18.6240
 2.798   18.6054
 2.796   18.6064
 2.795   18.5727
 2.793   18.5751
 2.792   18.5966
 2.790   18.6098
 2.789   18.5908
 2.787   18.4809
 2.786   18.4980
 2.784   18.5322
 2.783   18.5400
 2.781   18.5610
 2.780   18.5302
 2.778   18.4970
 2.777   18.4619
 2.775   18.5234
 2.774   18.5590
 2.772   18.5615
 2.771   18.5805
 2.769   18.6157
 2.768   18.5888
 2.766   18.6093
 2.765   18.6435
 2.763   18.5703
 2.762   18.5024
 2.760   18.4575
 2.759   18.4379
 2.758   18.4980
 2.756   18.4765
 2.755   18.4472
 2.753   18.4790
 2.752   18.4384
 2.750   18.4399
 2.749   18.4277
 2.747   18.4765
 2.746   18.4877
 2.744   18.5629
 2.743   18.6093
 2.741   18.5947
 2.740   18.5751
 2.739   18.5429
 2.737   18.6035
 2.736   18.5341
 2.734   18.4873
 2.733   18.5146
 2.731   18.4809
 2.730   18.4257
 2.729   18.4497
 2.727   18.4809
 2.726   18.4091
 2.724   18.3847
 2.723   18.5747
 2.721   18.5234
 2.720   18.3173
 2.718   18.3603
 2.717   18.4072
 2.716   18.4375
 2.714   18.4619
 2.713   18.5200
 2.711   18.5488
 2.710   18.5292
 2.709   18.4179
 2.707   18.4106
 2.706   18.3935
 2.704   18.3872
 2.703   18.3564
 2.701   18.2856
 2.700   18.1914
 2.699   18.2045
 2.697   18.2446
 2.696   18.3300
 2.694   18.3574
 2.693   18.2451
 2.692   18.2265
 2.690   18.2451
 2.689   18.2387
 2.687   18.2231
 2.686   18.1738
 2.685   18.1845
 2.683   18.1840
 2.682   18.1748
 2.681   18.1914
 2.679   18.2460
 2.678   18.3173
 2.676   18.2011
 2.675   18.1494
 2.674   18.2207
 2.672   18.3383
 2.671   18.3134
 2.669   18.3554
 2.668   18.4189
 2.667   18.4150
 2.665   18.4375
 2.664   18.3564
 2.663   18.3012
 2.661   18.3183
 2.660   18.3144
 2.659   18.3032
 2.657   18.3818
 2.656   18.3535
 2.654   18.3427
 2.653   18.3203
 2.652   18.2876
 2.650   18.2841
 2.649   18.3369
 2.648   18.3647
 2.646   18.3227
 2.645   18.2666
 2.644   18.3408
 2.642   18.3671
 2.641   18.3603
 2.640   18.3203
 2.638   18.3481
 2.637   18.3618
 2.636   18.3867
 2.634   18.3906
 2.633   18.3867
 2.632   18.4082
 2.630   18.3955
 2.629   18.3710
 2.628   18.3066
 2.626   18.2158
 2.625   18.3027
 2.624   18.3247
 2.622   18.3403
 2.621   18.3208
 2.620   18.3339
 2.618   18.3476
 2.617   18.2353
 2.616   18.2207
 2.614   18.3540
 2.613   18.3559
 2.612   18.3398
 2.610   18.3305
 2.609   18.4067
 2.608   18.4335
 2.606   18.3994
 2.605   18.3886
 2.604   18.3837
 2.602   18.3632
 2.601   18.2954
 2.600   18.2880
 2.599   18.2739
 2.597   18.3481
 2.596   18.5039
 2.595   18.4921
 2.593   18.2695
 2.592   18.2734
 2.591   18.3129
 2.589   18.3320
 2.588   18.3203
 2.587   18.2939
 2.586   18.3457
 2.584   18.3457
 2.583   18.4111
 2.582   18.2929
 2.580   18.2656
 2.579   18.3496
 2.578   18.3012
 2.577   18.2226
 2.575   18.2324
 2.574   18.2177
 2.573   18.2382
 2.572   18.2705
 2.570   18.2402
 2.569   18.1845
 2.568   18.2285
 2.566   18.2744
 2.565   18.3266
 2.564   18.3427
 2.563   18.3671
 2.561   18.3164
 2.560   18.2187
 2.559   18.2265
 2.558   18.2109
 2.556   18.2080
 2.555   18.2607
 2.554   18.3076
 2.553   18.3066
 2.551   18.2441
 2.550   18.2251
 2.549   18.2334
 2.547   18.2094
 2.546   18.2504
 2.545   18.2504
 2.544   18.2700
 2.542   18.2724
 2.541   18.2055
 2.540   18.1679
 2.539   18.2368
 2.538   18.2978
 2.536   18.2626
 2.535   18.2724
 2.534   18.2675
 2.533   18.2324
 2.531   18.2055
 2.530   18.2348
 2.529   18.2504
 2.528   18.2622
 2.526   18.2753
 2.525   18.2275
 2.524   18.2075
 2.523   18.2412
 2.521   18.2661
 2.520   18.2876
 2.519   18.2880
 2.518   18.2661
 2.517   18.2529
 2.515   18.2334
 2.514   18.2509
 2.513   18.2578
 2.512   18.2207
 2.510   18.2231
 2.509   18.2900
 2.508   18.2587
 2.507   18.2392
 2.506   18.2480
 2.504   18.2641
 2.503   18.2343
 2.502   18.2089
 2.501   18.2290
 2.500   18.2470
 2.498   18.2509
 2.497   18.2426
 2.496   18.2465
 2.495   18.2329
 2.494   18.2758
 2.492   18.2783
 2.491   18.2348
 2.490   18.1958
 2.489   18.2148
 2.488   18.2470
 2.486   18.2675
 2.485   18.2773
 2.484   18.2617
 2.483   18.1997
 2.482   18.1777
 2.480   18.2529
 2.479   18.2939
 2.478   18.2763
 2.477   18.2656
 2.476   18.2915
 2.475   18.2519
 2.473   18.2441
 2.472   18.2275
 2.471   18.2373
 2.470   18.2968
 2.469   18.3095
 2.467   18.2758
 2.466   18.2597
 2.465   18.2617
 2.464   18.2871
 2.463   18.3129
 2.462   18.3320
 2.460   18.2895
 2.459   18.2128
 2.458   18.2187
 2.457   18.2812
 2.456   18.2793
 2.455   18.2753
 2.453   18.2558
 2.452   18.2568
 2.451   18.2251
 2.450   18.2133
 2.449   18.2226
 2.448   18.2387
 2.447   18.2622
 2.445   18.2368
 2.444   18.1923
 2.443   18.1679
 2.442   18.2128
 2.441   18.2797
 2.440   18.2753
 2.438   18.2602
 2.437   18.2695
 2.436   18.2485
 2.435   18.1875
 2.434   18.2402
 2.433   18.2744
 2.432   18.2685
 2.430   18.2441
 2.429   18.2587
 2.428   18.2382
 2.427   18.2421
 2.426   18.2348
 2.425   18.2500
 2.424   18.2636
 2.423   18.2519
 2.421   18.1665
 2.420   18.2094
 2.419   18.2543
 2.418   18.2793
 2.417   18.2675
 2.416   18.2602
 2.415   18.3208
 2.413   18.2602
 2.412   18.2231
 2.411   18.2329
 2.410   18.2402
 2.409   18.2480
 2.408   18.2636
 2.407   18.2617
 2.406   18.2285
 2.405   18.2255
 2.403   18.1723
 2.402   18.1699
 2.401   18.2485
 2.400   18.3208
 2.399   18.2583
 2.398   18.2133
 2.397   18.2675
 2.396   18.2602
 2.395   18.1582
 2.393   18.2036
 2.392   18.2148
 2.391   18.2089
 2.390   18.2524
 2.389   18.2973
 2.388   18.2739
 2.387   18.2329
 2.386   18.2368
 2.385   18.2172
 2.384   18.1718
 2.382   18.1601
 2.381   18.2753
 2.380   18.2656
 2.379   18.1718
 2.378   18.2324
 2.377   18.2851
 2.376   18.2753
 2.375   18.2871
 2.374   18.2187
 2.373   18.1972
 2.372   18.2602
 2.370   18.2441
 2.369   18.1875
 2.368   18.1738
 2.367   18.2426
 2.366   18.2441
 2.365   18.2089
 2.364   18.2753
 2.363   18.2783
 2.362   18.2500
 2.361   18.2617
 2.360   18.2021
 2.359   18.2373
 2.358   18.2773
 2.356   18.2783
 2.355   18.2470
 2.354   18.2763
 2.353   18.2441
 2.352   18.2509
 2.351   18.2480
 2.350   18.2480
 2.349   18.2675
 2.348   18.1855
 2.347   18.1806
 2.346   18.2031
 2.345   18.2578
 2.344   18.2558
 2.343   18.2246
 2.342   18.2119
 2.340   18.3125
 2.339   18.3671
 2.338   18.3105
 2.337   18.3027
 2.336   18.3193
 2.335   18.3183
 2.334   18.3066
 2.333   18.2998
 2.332   18.2539
 2.331   18.1865
 2.330   18.1933
 2.329   18.2099
 2.328   18.2402
 2.327   18.2968
 2.326   18.2793
 2.325   18.2626
 2.324   18.2275
 2.323   18.2392
 2.322   18.2773
 2.321   18.3037
 2.320   18.3203
 2.318   18.2558
 2.317   18.2578
 2.316   18.3066
 2.315   18.3632
 2.314   18.3203
 2.313   18.2265
 2.312   18.2412
 2.311   18.2714
 2.310   18.2480
 2.309   18.2773
 2.308   18.2558
 2.307   18.2382
 2.306   18.3535
 2.305   18.4033
 2.304   18.3242
 2.303   18.2265
 2.302   18.2451
 2.301   18.3173
 2.300   18.3535
 2.299   18.3271
 2.298   18.3320
 2.297   18.3281
 2.296   18.3193
 2.295   18.3330
 2.294   18.3457
 2.293   18.3359
 2.292   18.3398
 2.291   18.3974
 2.290   18.4121
 2.289   18.3515
 2.288   18.3671
 2.287   18.4003
 2.286   18.3876
 2.285   18.3955
 2.284   18.3281
 2.283   18.2421
 2.282   18.2568
 2.281   18.2929
 2.280   18.2587
 2.279   18.2929
 2.278   18.3144
 2.277   18.3369
 2.276   18.3574
 2.275   18.3398
 2.274   18.3544
 2.273   18.3554
 2.272   18.3632
 2.271   18.3125
 2.270   18.2460
 2.269   18.3085
 2.268   18.3652
 2.267   18.3789
 2.266   18.3027
 2.265   18.3046
 2.264   18.3906
 2.263   18.3574
 2.262   18.3671
 2.261   18.3095
 2.260   18.2421
 2.259   18.3173
 2.258   18.3066
 2.257   18.2783
 2.256   18.3378
 2.255   18.3535
 2.254   18.3486
 2.253   18.3085
 2.252   18.3310
 2.251   18.3681
 2.250   18.3183
 2.249   18.3505
 2.248   18.2783
 2.247   18.2480
 2.246   18.3056
 2.245   18.3437
 2.244   18.2714
 2.243   18.3515
 2.242   18.3925
 2.241   18.3593
 2.240   18.3632
 2.239   18.2949
 2.238   18.2314
 2.237   18.2519
 2.236   18.3105
 2.236   18.3720
 2.235   18.3437
 2.234   18.2753
 2.233   18.2168
 2.232   18.2539
 2.231   18.3525
 2.230   18.3173
 2.229   18.3330
 2.228   18.4375
 2.227   18.4257
 2.226   18.3984
 2.225   18.4062
 2.224   18.3798
 2.223   18.4140
 2.222   18.4501
 2.221   18.3906
 2.220   18.3056
 2.219   18.1923
 2.218   18.2119
 2.217   18.2548
 2.216   18.2548
 2.215   18.2773
 2.215   18.3320
 2.214   18.3525
 2.213   18.3798
 2.212   18.4033
 2.211   18.3798
 2.210   18.2734
 2.209   18.2949
 2.208   18.3789
 2.207   18.3574
 2.206   18.3203
 2.205   18.3017
 2.204   18.2890
 2.203   18.3066
 2.202   18.3447
 2.201   18.3593
 2.200   18.3105
 2.199   18.2324
 2.199   18.2968
 2.198   18.3486
 2.197   18.3173
 2.196   18.2734
 2.195   18.2158
 2.194   18.2363
 2.193   18.3007
 2.192   18.2988
 2.191   18.3535
 2.190   18.3837
 2.189   18.3632
 2.188   18.3183
 2.187   18.3339
 2.186   18.2744
 2.186   18.3095
 2.185   18.4042
 2.184   18.3134
 2.183   18.2148
 2.182   18.2783
 2.181   18.4296
 2.180   18.4140
 2.179   18.3945
 2.178   18.2861
 2.177   18.2128
 2.176   18.3203
 2.175   18.3828
 2.175   18.3222
 2.174   18.2861
 2.173   18.3417
 2.172   18.3808
 2.171   18.3906
 2.170   18.2480
 2.169   18.2783
 2.168   18.3339
 2.167   18.3056
 2.166   18.3632
 2.165   18.3095
 2.165   18.3125
 2.164   18.3173
 2.163   18.3027
 2.162   18.2744
 2.161   18.3164
 2.160   18.3203
 2.159   18.3261
 2.158   18.3759
 2.157   18.3046
 2.156   18.2246
 2.156   18.3095
 2.155   18.3066
 2.154   18.2343
 2.153   18.3085
 2.152   18.3945
 2.151   18.4375
 2.150   18.3330
 2.149   18.2050
 2.148   18.2519
 2.148   18.2910
 2.147   18.2773
 2.146   18.3095
 2.145   18.3183
 2.144   18.2968
 2.143   18.3408
 2.142   18.3564
 2.141   18.2705
 2.140   18.2666
 2.140   18.4335
 2.139   18.6152
 2.138   18.4882
 2.137   18.3603
 2.136   18.3134
 2.135   18.1972
 2.134   18.3027
 2.133   18.3691
 2.133   18.3535
 2.132   18.3164
 2.131   18.3125
 2.130   18.3632
 2.129   18.3642
 2.128   18.2470
 2.127   18.2744
 2.126   18.4023
 2.126   18.3750
 2.125   18.3291
 2.124   18.3925
 2.123   18.4306
 2.122   18.3554
 2.121   18.3066
 2.120   18.3691
 2.119   18.4462
 2.119   18.4228
 2.118   18.3789
 2.117   18.3398
 2.116   18.3173
 2.115   18.2695
 2.114   18.2822
 2.113   18.3457
 2.113   18.3593
 2.112   18.3046
 2.111   18.3320
 2.110   18.4277
 2.109   18.3691
 2.108   18.2714
 2.107   18.3046
 2.107   18.3789
 2.106   18.2900
 2.105   18.2597
 2.104   18.3164
 2.103   18.3173
 2.102   18.3222
 2.101   18.2968
 2.101   18.3759
 2.100   18.4306
 2.099   18.4667
 2.098   18.3789
 2.097   18.2548
 2.096   18.2402
 2.095   18.2734
 2.095   18.3164
 2.094   18.3085
 2.093   18.2773
 2.092   18.3496
 2.091   18.4111
 2.090   18.2832
 2.090   18.2890
 2.089   18.3330
 2.088   18.1884
 2.087   18.2617
 2.086   18.4726
 2.085   18.3994
 2.085   18.3144
 2.084   18.1835
 2.083   18.3017
 2.082   18.3134
 2.081   18.1767
 2.080   18.2246
 2.079   18.2871
