Name:  Alais
Type:  Stony Meteorites
Class:  Carbonaceous chondrite
Subclass:  CI
Particle Size:  0-75 micrometers
Sample No.:  24
Owner:  JHU
Wavelength range:  IR
Origin:  Meteorite seen to fall in France in 1806.  Museum National d'Historie 
Naturelle sample no. 24.
Description:  None.





Measurement:  Bidirectional reflectance
First Column:  X
Second Column:  Y
X Units:  Wavelength (micrometers)
Y Units:  Reflectance (percent)
First X Value:  25.044
Last X Value:  2.0795
Number of X Values:  2286
Additional information:  None
25.044    0.0994
24.924    0.1580
24.805    0.2170
24.686    0.2661
24.569    0.2988
24.454    0.3132
24.339    0.3127
24.225    0.3040
24.112    0.2939
24.001    0.2878
23.890    0.2886
23.781    0.2952
23.672    0.3059
23.564    0.3176
23.458    0.3289
23.352    0.3391
23.247    0.3491
23.144    0.3589
23.041    0.3689
22.939    0.3777
22.838    0.3838
22.738    0.3865
22.638    0.3850
22.540    0.3804
22.442    0.3743
22.345    0.3684
22.250    0.3630
22.154    0.3586
22.060    0.3535
21.967    0.3472
21.874    0.3386
21.782    0.3281
21.691    0.3176
21.601    0.3086
21.511    0.3032
21.422    0.3027
21.334    0.3071
21.247    0.3145
21.160    0.3223
21.074    0.3276
20.988    0.3284
20.904    0.3235
20.820    0.3132
20.737    0.2996
20.654    0.2847
20.572    0.2705
20.491    0.2585
20.410    0.2493
20.330    0.2424
20.251    0.2368
20.172    0.2319
20.094    0.2275
20.016    0.2246
19.939    0.2231
19.863    0.2239
19.787    0.2268
19.712    0.2310
19.637    0.2349
19.563    0.2366
19.489    0.2346
19.416    0.2285
19.344    0.2180
19.272    0.2048
19.201    0.1907
19.130    0.1777
19.059    0.1680
18.990    0.1621
18.920    0.1606
18.851    0.1631
18.783    0.1685
18.715    0.1760
18.648    0.1843
18.581    0.1934
18.515    0.2026
18.449    0.2114
18.384    0.2195
18.319    0.2261
18.254    0.2307
18.190    0.2332
18.126    0.2334
18.063    0.2314
18.001    0.2280
17.938    0.2239
17.876    0.2195
17.815    0.2158
17.754    0.2131
17.693    0.2119
17.633    0.2122
17.573    0.2139
17.514    0.2168
17.455    0.2205
17.396    0.2244
17.338    0.2283
17.280    0.2312
17.223    0.2324
17.166    0.2317
17.109    0.2290
17.053    0.2246
16.997    0.2187
16.942    0.2129
16.886    0.2070
16.832    0.2024
16.777    0.1985
16.723    0.1956
16.669    0.1926
16.616    0.1892
16.563    0.1853
16.510    0.1809
16.458    0.1765
16.406    0.1731
16.354    0.1714
16.302    0.1714
16.251    0.1731
16.200    0.1758
16.150    0.1785
16.100    0.1802
16.050    0.1807
16.000    0.1799
15.951    0.1782
15.902    0.1760
15.854    0.1743
15.805    0.1733
15.757    0.1729
15.710    0.1731
15.662    0.1736
15.615    0.1741
15.568    0.1746
15.521    0.1750
15.475    0.1755
15.429    0.1768
15.383    0.1782
15.338    0.1804
15.292    0.1826
15.248    0.1846
15.203    0.1863
15.158    0.1873
15.114    0.1880
15.070    0.1885
15.027    0.1892
14.983    0.1902
14.940    0.1914
14.897    0.1921
14.854    0.1929
14.812    0.1936
14.770    0.1946
14.728    0.1963
14.686    0.1987
14.645    0.2017
14.603    0.2043
14.562    0.2058
14.521    0.2051
14.481    0.2019
14.441    0.1968
14.400    0.1907
14.361    0.1851
14.321    0.1814
14.281    0.1804
14.242    0.1829
14.203    0.1880
14.164    0.1951
14.126    0.2034
14.087    0.2117
14.049    0.2192
14.011    0.2253
13.973    0.2302
13.936    0.2332
13.899    0.2351
13.861    0.2363
13.824    0.2371
13.788    0.2385
13.751    0.2407
13.715    0.2437
13.679    0.2476
13.643    0.2515
13.607    0.2554
13.571    0.2585
13.536    0.2612
13.500    0.2642
13.465    0.2681
13.430    0.2737
13.396    0.2820
13.361    0.2922
13.327    0.3037
13.293    0.3154
13.259    0.3264
13.225    0.3354
13.191    0.3428
13.158    0.3486
13.124    0.3538
13.091    0.3584
13.058    0.3623
13.026    0.3652
12.993    0.3667
12.960    0.3660
12.928    0.3635
12.896    0.3601
12.864    0.3567
12.832    0.3547
12.800    0.3552
12.769    0.3582
12.737    0.3633
12.706    0.3699
12.675    0.3767
12.644    0.3835
12.614    0.3896
12.583    0.3948
12.552    0.3987
12.522    0.4019
12.492    0.4038
12.462    0.4053
12.432    0.4062
12.402    0.4075
12.373    0.4102
12.343    0.4143
12.314    0.4204
12.285    0.4285
12.256    0.4373
12.227    0.4463
12.198    0.4541
12.169    0.4602
12.141    0.4648
12.113    0.4675
12.084    0.4695
12.056    0.4707
12.028    0.4722
12.000    0.4736
11.973    0.4753
11.945    0.4780
11.918    0.4814
11.890    0.4858
11.863    0.4910
11.836    0.4971
11.809    0.5034
11.782    0.5098
11.755    0.5154
11.729    0.5203
11.702    0.5237
11.676    0.5261
11.650    0.5271
11.624    0.5266
11.598    0.5244
11.572    0.5205
11.546    0.5149
11.520    0.5078
11.495    0.5000
11.469    0.4919
11.444    0.4849
11.419    0.4792
11.394    0.4758
11.369    0.4744
11.344    0.4746
11.319    0.4756
11.294    0.4761
11.270    0.4756
11.245    0.4736
11.221    0.4702
11.197    0.4663
11.173    0.4626
11.149    0.4602
11.125    0.4590
11.101    0.4592
11.077    0.4600
11.054    0.4597
11.030    0.4573
11.007    0.4521
10.983    0.4438
10.960    0.4326
10.937    0.4194
10.914    0.4053
10.891    0.3914
10.868    0.3782
10.846    0.3665
10.823    0.3560
10.800    0.3462
10.778    0.3374
10.755    0.3293
10.733    0.3220
10.711    0.3162
10.689    0.3115
10.667    0.3086
10.645    0.3066
10.623    0.3047
10.602    0.3025
10.580    0.2991
10.558    0.2944
10.537    0.2881
10.516    0.2812
10.494    0.2744
10.473    0.2683
10.452    0.2632
10.431    0.2588
10.410    0.2554
10.389    0.2522
10.368    0.2493
10.348    0.2461
10.327    0.2429
10.306    0.2400
10.286    0.2368
10.266    0.2339
10.245    0.2312
10.225    0.2283
10.205    0.2258
10.185    0.2239
10.165    0.2227
10.145    0.2222
10.125    0.2222
10.106    0.2227
10.086    0.2234
10.066    0.2244
10.047    0.2253
10.027    0.2261
10.008    0.2266
 9.989    0.2266
 9.970    0.2263
 9.950    0.2253
 9.931    0.2236
 9.912    0.2217
 9.893    0.2195
 9.875    0.2175
 9.856    0.2163
 9.837    0.2153
 9.819    0.2148
 9.800    0.2146
 9.781    0.2141
 9.763    0.2134
 9.745    0.2124
 9.726    0.2114
 9.708    0.2102
 9.690    0.2095
 9.672    0.2087
 9.654    0.2085
 9.636    0.2083
 9.618    0.2075
 9.600    0.2063
 9.582    0.2041
 9.565    0.2012
 9.547    0.1973
 9.530    0.1929
 9.512    0.1880
 9.495    0.1829
 9.477    0.1777
 9.460    0.1729
 9.443    0.1682
 9.426    0.1638
 9.409    0.1602
 9.392    0.1570
 9.375    0.1545
 9.358    0.1526
 9.341    0.1511
 9.324    0.1497
 9.307    0.1484
 9.291    0.1470
 9.274    0.1453
 9.257    0.1436
 9.241    0.1418
 9.225    0.1404
 9.208    0.1394
 9.192    0.1392
 9.175    0.1399
 9.159    0.1416
 9.143    0.1445
 9.127    0.1479
 9.111    0.1519
 9.095    0.1555
 9.079    0.1582
 9.063    0.1597
 9.047    0.1597
 9.032    0.1580
 9.016    0.1555
 9.000    0.1526
 8.985    0.1504
 8.969    0.1494
 8.954    0.1501
 8.938    0.1521
 8.923    0.1550
 8.908    0.1584
 8.892    0.1614
 8.877    0.1636
 8.862    0.1646
 8.847    0.1646
 8.832    0.1638
 8.817    0.1626
 8.802    0.1619
 8.787    0.1619
 8.772    0.1626
 8.757    0.1641
 8.742    0.1665
 8.727    0.1692
 8.713    0.1719
 8.698    0.1746
 8.684    0.1768
 8.669    0.1785
 8.655    0.1799
 8.640    0.1809
 8.626    0.1819
 8.612    0.1829
 8.597    0.1838
 8.583    0.1848
 8.569    0.1860
 8.555    0.1875
 8.541    0.1887
 8.527    0.1902
 8.513    0.1914
 8.499    0.1929
 8.485    0.1948
 8.471    0.1970
 8.457    0.2002
 8.443    0.2041
 8.430    0.2090
 8.416    0.2144
 8.402    0.2202
 8.389    0.2261
 8.375    0.2322
 8.361    0.2383
 8.348    0.2449
 8.335    0.2517
 8.321    0.2590
 8.308    0.2668
 8.295    0.2751
 8.281    0.2839
 8.268    0.2927
 8.255    0.3020
 8.242    0.3113
 8.229    0.3213
 8.216    0.3315
 8.203    0.3425
 8.190    0.3538
 8.177    0.3655
 8.164    0.3774
 8.151    0.3892
 8.138    0.4014
 8.126    0.4141
 8.113    0.4275
 8.100    0.4421
 8.088    0.4580
 8.075    0.4749
 8.062    0.4927
 8.050    0.5107
 8.037    0.5288
 8.025    0.5464
 8.013    0.5635
 8.000    0.5801
 7.988    0.5962
 7.976    0.6123
 7.963    0.6282
 7.951    0.6440
 7.939    0.6597
 7.927    0.6746
 7.915    0.6890
 7.903    0.7024
 7.891    0.7146
 7.879    0.7261
 7.867    0.7363
 7.855    0.7461
 7.843    0.7556
 7.831    0.7646
 7.819    0.7737
 7.808    0.7825
 7.796    0.7908
 7.784    0.7986
 7.772    0.8057
 7.761    0.8120
 7.749    0.8174
 7.737    0.8225
 7.726    0.8271
 7.715    0.8320
 7.703    0.8367
 7.692    0.8416
 7.680    0.8464
 7.669    0.8506
 7.657    0.8540
 7.646    0.8567
 7.635    0.8584
 7.624    0.8596
 7.613    0.8603
 7.601    0.8608
 7.590    0.8611
 7.579    0.8618
 7.568    0.8630
 7.557    0.8645
 7.546    0.8667
 7.535    0.8694
 7.524    0.8723
 7.513    0.8755
 7.502    0.8787
 7.492    0.8816
 7.481    0.8843
 7.470    0.8865
 7.459    0.8879
 7.449    0.8889
 7.438    0.8896
 7.427    0.8899
 7.417    0.8901
 7.406    0.8904
 7.395    0.8909
 7.385    0.8914
 7.374    0.8916
 7.364    0.8918
 7.353    0.8916
 7.343    0.8916
 7.333    0.8916
 7.322    0.8918
 7.312    0.8923
 7.302    0.8928
 7.291    0.8933
 7.281    0.8936
 7.271    0.8933
 7.261    0.8923
 7.251    0.8906
 7.240    0.8887
 7.230    0.8860
 7.220    0.8828
 7.210    0.8796
 7.200    0.8765
 7.190    0.8733
 7.180    0.8699
 7.170    0.8669
 7.160    0.8638
 7.151    0.8606
 7.141    0.8574
 7.131    0.8542
 7.121    0.8511
 7.111    0.8484
 7.102    0.8459
 7.092    0.8442
 7.082    0.8435
 7.072    0.8435
 7.063    0.8442
 7.053    0.8455
 7.044    0.8467
 7.034    0.8477
 7.025    0.8479
 7.015    0.8472
 7.006    0.8455
 6.996    0.8430
 6.987    0.8398
 6.977    0.8367
 6.968    0.8335
 6.959    0.8311
 6.949    0.8296
 6.940    0.8289
 6.931    0.8293
 6.921    0.8303
 6.912    0.8323
 6.903    0.8345
 6.894    0.8372
 6.885    0.8406
 6.875    0.8445
 6.866    0.8491
 6.857    0.8550
 6.848    0.8613
 6.839    0.8684
 6.830    0.8760
 6.821    0.8840
 6.812    0.8928
 6.803    0.9021
 6.794    0.9119
 6.785    0.9226
 6.777    0.9336
 6.768    0.9446
 6.759    0.9551
 6.750    0.9644
 6.741    0.9727
 6.733    0.9795
 6.724    0.9853
 6.715    0.9902
 6.707    0.9944
 6.698    0.9983
 6.689    1.0020
 6.681    1.0054
 6.672    1.0083
 6.663    1.0112
 6.655    1.0142
 6.646    1.0171
 6.638    1.0198
 6.629    1.0222
 6.621    1.0239
 6.612    1.0244
 6.604    1.0237
 6.596    1.0215
 6.587    1.0183
 6.579    1.0146
 6.571    1.0107
 6.562    1.0076
 6.554    1.0046
 6.546    1.0022
 6.537    0.9998
 6.529    0.9968
 6.521    0.9932
 6.513    0.9890
 6.505    0.9844
 6.496    0.9797
 6.488    0.9751
 6.480    0.9709
 6.472    0.9668
 6.464    0.9622
 6.456    0.9568
 6.448    0.9504
 6.440    0.9431
 6.432    0.9353
 6.424    0.9277
 6.416    0.9204
 6.408    0.9138
 6.400    0.9080
 6.392    0.9023
 6.384    0.8967
 6.377    0.8899
 6.369    0.8823
 6.361    0.8735
 6.353    0.8638
 6.345    0.8538
 6.338    0.8437
 6.330    0.8340
 6.322    0.8242
 6.314    0.8145
 6.307    0.8042
 6.299    0.7939
 6.291    0.7832
 6.284    0.7727
 6.276    0.7624
 6.269    0.7527
 6.261    0.7434
 6.253    0.7344
 6.246    0.7253
 6.239    0.7156
 6.231    0.7046
 6.223    0.6926
 6.216    0.6794
 6.209    0.6655
 6.201    0.6514
 6.194    0.6372
 6.186    0.6235
 6.179    0.6104
 6.172    0.5977
 6.164    0.5857
 6.157    0.5747
 6.150    0.5649
 6.142    0.5566
 6.135    0.5500
 6.128    0.5454
 6.121    0.5427
 6.113    0.5413
 6.106    0.5413
 6.099    0.5420
 6.092    0.5427
 6.085    0.5437
 6.078    0.5444
 6.070    0.5454
 6.063    0.5466
 6.056    0.5488
 6.049    0.5520
 6.042    0.5564
 6.035    0.5620
 6.028    0.5688
 6.021    0.5767
 6.014    0.5859
 6.007    0.5959
 6.000    0.6069
 5.993    0.6184
 5.986    0.6306
 5.979    0.6431
 5.973    0.6560
 5.966    0.6694
 5.959    0.6841
 5.952    0.6997
 5.945    0.7173
 5.938    0.7366
 5.931    0.7573
 5.925    0.7795
 5.918    0.8020
 5.911    0.8247
 5.904    0.8472
 5.898    0.8687
 5.891    0.8896
 5.884    0.9102
 5.878    0.9302
 5.871    0.9497
 5.864    0.9687
 5.858    0.9871
 5.851    1.0044
 5.845    1.0212
 5.838    1.0376
 5.831    1.0532
 5.825    1.0688
 5.818    1.0837
 5.812    1.0979
 5.805    1.1113
 5.799    1.1235
 5.792    1.1350
 5.786    1.1457
 5.779    1.1558
 5.773    1.1660
 5.767    1.1765
 5.760    1.1875
 5.754    1.1985
 5.747    1.2095
 5.741    1.2202
 5.735    1.2300
 5.728    1.2388
 5.722    1.2471
 5.716    1.2544
 5.709    1.2612
 5.703    1.2678
 5.697    1.2742
 5.691    1.2805
 5.684    1.2864
 5.678    1.2920
 5.672    1.2974
 5.666    1.3027
 5.660    1.3079
 5.653    1.3130
 5.647    1.3181
 5.641    1.3235
 5.635    1.3286
 5.629    1.3337
 5.623    1.3386
 5.617    1.3433
 5.611    1.3477
 5.604    1.3518
 5.598    1.3560
 5.592    1.3601
 5.586    1.3645
 5.580    1.3689
 5.574    1.3733
 5.568    1.3777
 5.562    1.3816
 5.556    1.3853
 5.551    1.3882
 5.545    1.3906
 5.539    1.3926
 5.533    1.3940
 5.527    1.3957
 5.521    1.3972
 5.515    1.3989
 5.509    1.4006
 5.503    1.4028
 5.497    1.4050
 5.492    1.4077
 5.486    1.4111
 5.480    1.4150
 5.474    1.4197
 5.468    1.4248
 5.463    1.4302
 5.457    1.4355
 5.451    1.4404
 5.446    1.4448
 5.440    1.4487
 5.434    1.4521
 5.428    1.4558
 5.423    1.4597
 5.417    1.4636
 5.411    1.4680
 5.406    1.4722
 5.400    1.4763
 5.394    1.4800
 5.389    1.4832
 5.383    1.4858
 5.378    1.4880
 5.372    1.4902
 5.367    1.4924
 5.361    1.4946
 5.356    1.4968
 5.350    1.4988
 5.345    1.5005
 5.339    1.5015
 5.333    1.5022
 5.328    1.5024
 5.322    1.5027
 5.317    1.5032
 5.312    1.5044
 5.306    1.5066
 5.301    1.5095
 5.295    1.5127
 5.290    1.5161
 5.285    1.5190
 5.279    1.5212
 5.274    1.5227
 5.268    1.5237
 5.263    1.5239
 5.258    1.5244
 5.252    1.5249
 5.247    1.5259
 5.242    1.5271
 5.237    1.5283
 5.231    1.5295
 5.226    1.5308
 5.221    1.5315
 5.215    1.5322
 5.210    1.5330
 5.205    1.5337
 5.200    1.5347
 5.194    1.5356
 5.189    1.5369
 5.184    1.5383
 5.179    1.5395
 5.174    1.5408
 5.169    1.5417
 5.164    1.5427
 5.158    1.5439
 5.153    1.5457
 5.148    1.5476
 5.143    1.5503
 5.138    1.5530
 5.133    1.5559
 5.128    1.5586
 5.123    1.5608
 5.118    1.5623
 5.113    1.5635
 5.107    1.5644
 5.103    1.5652
 5.098    1.5662
 5.093    1.5674
 5.088    1.5688
 5.082    1.5701
 5.077    1.5713
 5.073    1.5723
 5.068    1.5732
 5.063    1.5737
 5.058    1.5742
 5.053    1.5747
 5.048    1.5749
 5.043    1.5749
 5.038    1.5749
 5.033    1.5747
 5.028    1.5742
 5.023    1.5740
 5.019    1.5735
 5.014    1.5735
 5.009    1.5735
 5.004    1.5737
 4.999    1.5742
 4.994    1.5747
 4.990    1.5754
 4.985    1.5759
 4.980    1.5764
 4.975    1.5764
 4.970    1.5762
 4.966    1.5762
 4.961    1.5759
 4.956    1.5762
 4.951    1.5767
 4.947    1.5774
 4.942    1.5779
 4.937    1.5784
 4.933    1.5781
 4.928    1.5774
 4.923    1.5762
 4.919    1.5747
 4.914    1.5732
 4.909    1.5725
 4.905    1.5723
 4.900    1.5727
 4.895    1.5732
 4.891    1.5740
 4.886    1.5740
 4.882    1.5737
 4.877    1.5727
 4.872    1.5718
 4.868    1.5708
 4.863    1.5703
 4.859    1.5703
 4.854    1.5710
 4.849    1.5720
 4.845    1.5732
 4.840    1.5740
 4.836    1.5742
 4.832    1.5740
 4.827    1.5730
 4.822    1.5718
 4.818    1.5706
 4.814    1.5691
 4.809    1.5681
 4.805    1.5674
 4.800    1.5671
 4.796    1.5671
 4.791    1.5676
 4.787    1.5679
 4.782    1.5681
 4.778    1.5681
 4.774    1.5679
 4.769    1.5676
 4.765    1.5669
 4.761    1.5662
 4.756    1.5654
 4.752    1.5649
 4.747    1.5642
 4.743    1.5640
 4.739    1.5640
 4.734    1.5642
 4.730    1.5647
 4.726    1.5654
 4.721    1.5659
 4.717    1.5662
 4.713    1.5659
 4.709    1.5654
 4.704    1.5649
 4.700    1.5642
 4.696    1.5637
 4.691    1.5635
 4.687    1.5637
 4.683    1.5640
 4.679    1.5647
 4.675    1.5654
 4.670    1.5664
 4.666    1.5674
 4.662    1.5686
 4.658    1.5698
 4.654    1.5706
 4.649    1.5710
 4.645    1.5708
 4.641    1.5701
 4.637    1.5691
 4.633    1.5681
 4.629    1.5671
 4.625    1.5664
 4.620    1.5662
 4.616    1.5664
 4.612    1.5666
 4.608    1.5669
 4.604    1.5674
 4.600    1.5674
 4.596    1.5676
 4.592    1.5681
 4.588    1.5688
 4.584    1.5698
 4.580    1.5713
 4.576    1.5727
 4.572    1.5745
 4.567    1.5759
 4.564    1.5774
 4.559    1.5786
 4.556    1.5796
 4.551    1.5803
 4.548    1.5808
 4.543    1.5811
 4.540    1.5811
 4.536    1.5803
 4.532    1.5796
 4.528    1.5781
 4.524    1.5767
 4.520    1.5752
 4.516    1.5740
 4.512    1.5727
 4.508    1.5718
 4.504    1.5715
 4.500    1.5715
 4.496    1.5723
 4.492    1.5732
 4.488    1.5745
 4.485    1.5752
 4.481    1.5757
 4.477    1.5757
 4.473    1.5749
 4.469    1.5740
 4.465    1.5730
 4.461    1.5725
 4.458    1.5725
 4.454    1.5732
 4.450    1.5742
 4.446    1.5752
 4.442    1.5759
 4.439    1.5764
 4.435    1.5767
 4.431    1.5767
 4.427    1.5767
 4.423    1.5764
 4.420    1.5762
 4.416    1.5757
 4.412    1.5752
 4.408    1.5747
 4.404    1.5737
 4.401    1.5727
 4.397    1.5720
 4.393    1.5718
 4.390    1.5720
 4.386    1.5730
 4.382    1.5747
 4.378    1.5764
 4.375    1.5779
 4.371    1.5789
 4.367    1.5793
 4.364    1.5789
 4.360    1.5781
 4.356    1.5774
 4.353    1.5771
 4.349    1.5771
 4.346    1.5776
 4.342    1.5781
 4.338    1.5789
 4.335    1.5789
 4.331    1.5786
 4.327    1.5776
 4.324    1.5764
 4.320    1.5752
 4.316    1.5742
 4.313    1.5735
 4.309    1.5732
 4.306    1.5732
 4.302    1.5737
 4.299    1.5740
 4.295    1.5745
 4.292    1.5747
 4.288    1.5749
 4.284    1.5747
 4.281    1.5740
 4.277    1.5732
 4.274    1.5723
 4.270    1.5713
 4.267    1.5706
 4.263    1.5706
 4.260    1.5713
 4.256    1.5725
 4.253    1.5740
 4.249    1.5749
 4.246    1.5754
 4.242    1.5752
 4.239    1.5742
 4.235    1.5730
 4.232    1.5715
 4.229    1.5708
 4.225    1.5708
 4.222    1.5713
 4.218    1.5723
 4.215    1.5735
 4.211    1.5749
 4.208    1.5762
 4.205    1.5771
 4.201    1.5781
 4.198    1.5786
 4.194    1.5793
 4.191    1.5796
 4.188    1.5798
 4.184    1.5798
 4.181    1.5796
 4.177    1.5791
 4.174    1.5786
 4.171    1.5779
 4.167    1.5771
 4.164    1.5767
 4.161    1.5759
 4.157    1.5752
 4.154    1.5745
 4.151    1.5737
 4.147    1.5730
 4.144    1.5725
 4.141    1.5723
 4.137    1.5725
 4.134    1.5730
 4.131    1.5737
 4.128    1.5745
 4.124    1.5749
 4.121    1.5752
 4.118    1.5752
 4.114    1.5749
 4.111    1.5749
 4.108    1.5749
 4.105    1.5752
 4.101    1.5754
 4.098    1.5757
 4.095    1.5759
 4.092    1.5759
 4.088    1.5757
 4.085    1.5752
 4.082    1.5747
 4.079    1.5745
 4.076    1.5745
 4.072    1.5749
 4.069    1.5757
 4.066    1.5767
 4.063    1.5774
 4.060    1.5779
 4.056    1.5776
 4.053    1.5767
 4.050    1.5749
 4.047    1.5732
 4.044    1.5713
 4.041    1.5698
 4.037    1.5688
 4.034    1.5686
 4.031    1.5688
 4.028    1.5696
 4.025    1.5701
 4.022    1.5706
 4.019    1.5706
 4.016    1.5703
 4.013    1.5693
 4.009    1.5676
 4.006    1.5654
 4.003    1.5627
 4.000    1.5596
 3.997    1.5564
 3.994    1.5532
 3.991    1.5503
 3.988    1.5474
 3.985    1.5444
 3.982    1.5413
 3.979    1.5381
 3.976    1.5347
 3.973    1.5312
 3.970    1.5283
 3.966    1.5259
 3.963    1.5242
 3.960    1.5232
 3.957    1.5232
 3.954    1.5234
 3.951    1.5237
 3.948    1.5237
 3.945    1.5232
 3.942    1.5222
 3.939    1.5205
 3.936    1.5186
 3.933    1.5166
 3.930    1.5151
 3.927    1.5144
 3.924    1.5149
 3.921    1.5166
 3.918    1.5190
 3.916    1.5220
 3.913    1.5249
 3.910    1.5271
 3.907    1.5283
 3.904    1.5283
 3.901    1.5273
 3.898    1.5259
 3.895    1.5244
 3.892    1.5232
 3.889    1.5225
 3.886    1.5220
 3.883    1.5215
 3.880    1.5210
 3.877    1.5203
 3.875    1.5188
 3.872    1.5173
 3.869    1.5156
 3.866    1.5139
 3.863    1.5129
 3.860    1.5127
 3.857    1.5129
 3.854    1.5132
 3.852    1.5134
 3.849    1.5132
 3.846    1.5122
 3.843    1.5105
 3.840    1.5083
 3.837    1.5061
 3.834    1.5041
 3.832    1.5027
 3.829    1.5012
 3.826    1.4998
 3.823    1.4980
 3.820    1.4958
 3.817    1.4934
 3.815    1.4907
 3.812    1.4880
 3.809    1.4853
 3.806    1.4832
 3.804    1.4810
 3.801    1.4788
 3.798    1.4766
 3.795    1.4741
 3.792    1.4719
 3.790    1.4700
 3.787    1.4687
 3.784    1.4683
 3.781    1.4685
 3.779    1.4690
 3.776    1.4700
 3.773    1.4705
 3.770    1.4702
 3.768    1.4690
 3.765    1.4670
 3.762    1.4644
 3.759    1.4612
 3.757    1.4580
 3.754    1.4551
 3.751    1.4524
 3.748    1.4504
 3.746    1.4490
 3.743    1.4480
 3.740    1.4470
 3.738    1.4465
 3.735    1.4456
 3.732    1.4446
 3.730    1.4431
 3.727    1.4414
 3.724    1.4392
 3.722    1.4368
 3.719    1.4341
 3.716    1.4311
 3.714    1.4285
 3.711    1.4258
 3.708    1.4236
 3.706    1.4216
 3.703    1.4194
 3.700    1.4172
 3.698    1.4148
 3.695    1.4116
 3.692    1.4082
 3.690    1.4045
 3.687    1.4009
 3.684    1.3972
 3.682    1.3938
 3.679    1.3909
 3.677    1.3882
 3.674    1.3860
 3.672    1.3838
 3.669    1.3813
 3.666    1.3789
 3.664    1.3762
 3.661    1.3733
 3.659    1.3704
 3.656    1.3677
 3.653    1.3650
 3.651    1.3625
 3.648    1.3606
 3.646    1.3584
 3.643    1.3564
 3.641    1.3540
 3.638    1.3513
 3.636    1.3481
 3.633    1.3450
 3.630    1.3418
 3.628    1.3391
 3.625    1.3367
 3.623    1.3347
 3.620    1.3330
 3.618    1.3311
 3.615    1.3286
 3.613    1.3257
 3.610    1.3223
 3.608    1.3186
 3.605    1.3147
 3.603    1.3110
 3.600    1.3079
 3.598    1.3052
 3.595    1.3032
 3.593    1.3018
 3.590    1.3003
 3.588    1.2991
 3.585    1.2974
 3.583    1.2954
 3.580    1.2930
 3.578    1.2898
 3.575    1.2861
 3.573    1.2817
 3.570    1.2769
 3.568    1.2720
 3.565    1.2668
 3.563    1.2622
 3.561    1.2581
 3.558    1.2546
 3.556    1.2519
 3.553    1.2495
 3.551    1.2473
 3.548    1.2451
 3.546    1.2424
 3.543    1.2393
 3.541    1.2353
 3.539    1.2305
 3.536    1.2251
 3.534    1.2195
 3.531    1.2136
 3.529    1.2085
 3.527    1.2036
 3.524    1.1990
 3.522    1.1943
 3.519    1.1895
 3.517    1.1838
 3.515    1.1772
 3.512    1.1699
 3.510    1.1624
 3.507    1.1545
 3.505    1.1475
 3.503    1.1409
 3.500    1.1353
 3.498    1.1301
 3.496    1.1255
 3.493    1.1211
 3.491    1.1165
 3.489    1.1118
 3.486    1.1074
 3.484    1.1033
 3.482    1.0999
 3.479    1.0972
 3.477    1.0950
 3.475    1.0933
 3.472    1.0915
 3.470    1.0896
 3.468    1.0872
 3.465    1.0842
 3.463    1.0811
 3.461    1.0776
 3.458    1.0742
 3.456    1.0703
 3.454    1.0664
 3.451    1.0620
 3.449    1.0571
 3.447    1.0520
 3.445    1.0464
 3.442    1.0405
 3.440    1.0342
 3.438    1.0278
 3.436    1.0212
 3.433    1.0146
 3.431    1.0076
 3.429    1.0007
 3.426    0.9941
 3.424    0.9875
 3.422    0.9817
 3.420    0.9763
 3.417    0.9719
 3.415    0.9680
 3.413    0.9653
 3.411    0.9631
 3.408    0.9617
 3.406    0.9602
 3.404    0.9592
 3.402    0.9580
 3.399    0.9568
 3.397    0.9551
 3.395    0.9526
 3.393    0.9495
 3.391    0.9460
 3.388    0.9421
 3.386    0.9382
 3.384    0.9351
 3.382    0.9326
 3.380    0.9311
 3.377    0.9302
 3.375    0.9297
 3.373    0.9292
 3.371    0.9280
 3.369    0.9260
 3.366    0.9238
 3.364    0.9216
 3.362    0.9199
 3.360    0.9189
 3.358    0.9189
 3.355    0.9194
 3.353    0.9199
 3.351    0.9202
 3.349    0.9194
 3.347    0.9177
 3.345    0.9150
 3.342    0.9116
 3.340    0.9077
 3.338    0.9043
 3.336    0.9011
 3.334    0.8982
 3.332    0.8957
 3.330    0.8933
 3.327    0.8904
 3.325    0.8865
 3.323    0.8818
 3.321    0.8765
 3.319    0.8706
 3.317    0.8645
 3.315    0.8586
 3.313    0.8535
 3.310    0.8494
 3.308    0.8459
 3.306    0.8433
 3.304    0.8408
 3.302    0.8391
 3.300    0.8372
 3.298    0.8354
 3.296    0.8335
 3.294    0.8315
 3.292    0.8291
 3.289    0.8264
 3.287    0.8232
 3.285    0.8193
 3.283    0.8149
 3.281    0.8096
 3.279    0.8037
 3.277    0.7981
 3.275    0.7927
 3.273    0.7878
 3.271    0.7839
 3.269    0.7810
 3.267    0.7788
 3.265    0.7769
 3.263    0.7749
 3.261    0.7727
 3.258    0.7703
 3.256    0.7671
 3.254    0.7639
 3.252    0.7600
 3.250    0.7561
 3.248    0.7524
 3.246    0.7485
 3.244    0.7449
 3.242    0.7412
 3.240    0.7373
 3.238    0.7332
 3.236    0.7283
 3.234    0.7229
 3.232    0.7173
 3.230    0.7114
 3.228    0.7061
 3.226    0.7009
 3.224    0.6968
 3.222    0.6934
 3.220    0.6904
 3.218    0.6880
 3.216    0.6855
 3.214    0.6833
 3.212    0.6807
 3.210    0.6777
 3.208    0.6743
 3.206    0.6702
 3.204    0.6655
 3.202    0.6606
 3.200    0.6558
 3.198    0.6511
 3.196    0.6472
 3.194    0.6440
 3.192    0.6416
 3.190    0.6399
 3.188    0.6382
 3.186    0.6367
 3.184    0.6348
 3.182    0.6326
 3.180    0.6296
 3.179    0.6262
 3.177    0.6226
 3.175    0.6189
 3.173    0.6150
 3.171    0.6116
 3.169    0.6084
 3.167    0.6055
 3.165    0.6028
 3.163    0.6006
 3.161    0.5984
 3.159    0.5962
 3.157    0.5937
 3.155    0.5911
 3.153    0.5879
 3.152    0.5840
 3.150    0.5798
 3.148    0.5752
 3.146    0.5703
 3.144    0.5654
 3.142    0.5608
 3.140    0.5564
 3.138    0.5530
 3.136    0.5508
 3.134    0.5493
 3.132    0.5491
 3.131    0.5496
 3.129    0.5503
 3.127    0.5508
 3.125    0.5510
 3.123    0.5503
 3.121    0.5486
 3.119    0.5459
 3.117    0.5425
 3.115    0.5388
 3.114    0.5347
 3.112    0.5310
 3.110    0.5276
 3.108    0.5249
 3.106    0.5229
 3.104    0.5217
 3.102    0.5212
 3.101    0.5212
 3.099    0.5215
 3.097    0.5220
 3.095    0.5227
 3.093    0.5232
 3.091    0.5237
 3.090    0.5242
 3.088    0.5247
 3.086    0.5244
 3.084    0.5239
 3.082    0.5227
 3.080    0.5208
 3.079    0.5181
 3.077    0.5151
 3.075    0.5120
 3.073    0.5090
 3.071    0.5063
 3.069    0.5044
 3.067    0.5027
 3.066    0.5010
 3.064    0.4995
 3.062    0.4978
 3.060    0.4963
 3.059    0.4951
 3.057    0.4944
 3.055    0.4944
 3.053    0.4949
 3.051    0.4958
 3.050    0.4971
 3.048    0.4980
 3.046    0.4988
 3.044    0.4988
 3.042    0.4983
 3.041    0.4973
 3.039    0.4958
 3.037    0.4939
 3.035    0.4919
 3.033    0.4897
 3.032    0.4875
 3.030    0.4856
 3.028    0.4841
 3.026    0.4832
 3.025    0.4827
 3.023    0.4824
 3.021    0.4822
 3.019    0.4814
 3.018    0.4802
 3.016    0.4783
 3.014    0.4761
 3.012    0.4739
 3.011    0.4717
 3.009    0.4697
 3.007    0.4680
 3.005    0.4666
 3.004    0.4648
 3.002    0.4631
 3.000    0.4609
 2.998    0.4585
 2.997    0.4563
 2.995    0.4541
 2.993    0.4526
 2.991    0.4517
 2.990    0.4514
 2.988    0.4517
 2.986    0.4519
 2.985    0.4524
 2.983    0.4524
 2.981    0.4521
 2.979    0.4517
 2.978    0.4512
 2.976    0.4504
 2.974    0.4500
 2.973    0.4497
 2.971    0.4497
 2.969    0.4497
 2.967    0.4500
 2.966    0.4500
 2.964    0.4497
 2.962    0.4492
 2.961    0.4485
 2.959    0.4473
 2.957    0.4463
 2.956    0.4453
 2.954    0.4446
 2.952    0.4443
 2.951    0.4446
 2.949    0.4448
 2.947    0.4448
 2.946    0.4446
 2.944    0.4436
 2.942    0.4421
 2.941    0.4402
 2.939    0.4385
 2.937    0.4375
 2.936    0.4370
 2.934    0.4375
 2.932    0.4387
 2.931    0.4399
 2.929    0.4409
 2.927    0.4414
 2.926    0.4412
 2.924    0.4402
 2.922    0.4392
 2.921    0.4380
 2.919    0.4373
 2.917    0.4373
 2.916    0.4377
 2.914    0.4390
 2.912    0.4407
 2.911    0.4429
 2.909    0.4456
 2.908    0.4480
 2.906    0.4504
 2.904    0.4526
 2.903    0.4541
 2.901    0.4551
 2.899    0.4553
 2.898    0.4553
 2.896    0.4548
 2.895    0.4543
 2.893    0.4541
 2.891    0.4539
 2.890    0.4539
 2.888    0.4534
 2.886    0.4521
 2.885    0.4504
 2.883    0.4480
 2.882    0.4456
 2.880    0.4436
 2.878    0.4429
 2.877    0.4441
 2.875    0.4470
 2.874    0.4514
 2.872    0.4561
 2.870    0.4600
 2.869    0.4624
 2.867    0.4626
 2.866    0.4607
 2.864    0.4575
 2.863    0.4536
 2.861    0.4504
 2.859    0.4485
 2.858    0.4482
 2.856    0.4495
 2.855    0.4517
 2.853    0.4546
 2.852    0.4573
 2.850    0.4600
 2.848    0.4622
 2.847    0.4644
 2.845    0.4668
 2.844    0.4692
 2.842    0.4717
 2.841    0.4741
 2.839    0.4758
 2.837    0.4768
 2.836    0.4768
 2.834    0.4763
 2.833    0.4756
 2.831    0.4751
 2.830    0.4753
 2.828    0.4761
 2.827    0.4778
 2.825    0.4802
 2.824    0.4829
 2.822    0.4856
 2.821    0.4880
 2.819    0.4902
 2.817    0.4917
 2.816    0.4929
 2.814    0.4937
 2.813    0.4946
 2.811    0.4954
 2.810    0.4966
 2.808    0.4983
 2.807    0.5002
 2.805    0.5022
 2.804    0.5039
 2.802    0.5054
 2.801    0.5066
 2.799    0.5078
 2.798    0.5093
 2.796    0.5112
 2.795    0.5139
 2.793    0.5168
 2.792    0.5198
 2.790    0.5220
 2.789    0.5234
 2.787    0.5234
 2.786    0.5229
 2.784    0.5222
 2.783    0.5220
 2.781    0.5227
 2.780    0.5249
 2.778    0.5281
 2.777    0.5322
 2.775    0.5364
 2.774    0.5403
 2.772    0.5437
 2.771    0.5464
 2.769    0.5483
 2.768    0.5498
 2.766    0.5508
 2.765    0.5515
 2.763    0.5522
 2.762    0.5527
 2.761    0.5537
 2.759    0.5552
 2.757    0.5576
 2.756    0.5613
 2.755    0.5662
 2.753    0.5720
 2.752    0.5789
 2.750    0.5857
 2.749    0.5920
 2.747    0.5972
 2.746    0.6006
 2.744    0.6025
 2.743    0.6035
 2.741    0.6038
 2.740    0.6038
 2.739    0.6040
 2.737    0.6047
 2.736    0.6055
 2.734    0.6060
 2.733    0.6060
 2.731    0.6050
 2.730    0.6023
 2.728    0.5984
 2.727    0.5935
 2.726    0.5876
 2.724    0.5815
 2.723    0.5752
 2.721    0.5691
 2.720    0.5630
 2.719    0.5571
 2.717    0.5515
 2.716    0.5469
 2.714    0.5442
 2.713    0.5449
 2.711    0.5498
 2.710    0.5598
 2.708    0.5754
 2.707    0.5967
 2.706    0.6226
 2.704    0.6526
 2.703    0.6860
 2.701    0.7227
 2.700    0.7620
 2.699    0.8040
 2.697    0.8481
 2.696    0.8940
 2.695    0.9407
 2.693    0.9871
 2.692    1.0320
 2.690    1.0749
 2.689    1.1152
 2.688    1.1526
 2.686    1.1865
 2.685    1.2173
 2.683    1.2446
 2.682    1.2686
 2.680    1.2891
 2.679    1.3061
 2.678    1.3201
 2.676    1.3313
 2.675    1.3403
 2.674    1.3479
 2.672    1.3540
 2.671    1.3594
 2.670    1.3643
 2.668    1.3694
 2.667    1.3748
 2.665    1.3801
 2.664    1.3857
 2.663    1.3909
 2.661    1.3950
 2.660    1.3984
 2.659    1.4004
 2.657    1.4016
 2.656    1.4026
 2.655    1.4038
 2.653    1.4060
 2.652    1.4089
 2.650    1.4126
 2.649    1.4165
 2.648    1.4199
 2.646    1.4224
 2.645    1.4236
 2.644    1.4238
 2.642    1.4231
 2.641    1.4219
 2.640    1.4207
 2.638    1.4197
 2.637    1.4192
 2.636    1.4194
 2.634    1.4202
 2.633    1.4216
 2.632    1.4238
 2.630    1.4265
 2.629    1.4292
 2.627    1.4316
 2.626    1.4331
 2.625    1.4336
 2.624    1.4331
 2.622    1.4316
 2.621    1.4297
 2.620    1.4280
 2.618    1.4268
 2.617    1.4260
 2.616    1.4263
 2.614    1.4265
 2.613    1.4268
 2.612    1.4268
 2.610    1.4265
 2.609    1.4263
 2.608    1.4265
 2.606    1.4275
 2.605    1.4290
 2.604    1.4307
 2.603    1.4324
 2.601    1.4331
 2.600    1.4331
 2.599    1.4321
 2.597    1.4307
 2.596    1.4294
 2.595    1.4290
 2.593    1.4294
 2.592    1.4309
 2.591    1.4326
 2.590    1.4346
 2.588    1.4360
 2.587    1.4375
 2.586    1.4387
 2.584    1.4402
 2.583    1.4421
 2.582    1.4441
 2.580    1.4456
 2.579    1.4463
 2.578    1.4453
 2.577    1.4424
 2.575    1.4380
 2.574    1.4326
 2.573    1.4272
 2.571    1.4228
 2.570    1.4202
 2.569    1.4197
 2.568    1.4209
 2.566    1.4236
 2.565    1.4265
 2.564    1.4292
 2.563    1.4304
 2.561    1.4299
 2.560    1.4282
 2.559    1.4255
 2.558    1.4224
 2.556    1.4194
 2.555    1.4177
 2.554    1.4172
 2.553    1.4180
 2.551    1.4202
 2.550    1.4231
 2.549    1.4272
 2.547    1.4316
 2.546    1.4365
 2.545    1.4414
 2.544    1.4456
 2.543    1.4490
 2.541    1.4504
 2.540    1.4502
 2.539    1.4478
 2.538    1.4436
 2.536    1.4385
 2.535    1.4331
 2.534    1.4285
 2.533    1.4255
 2.531    1.4246
 2.530    1.4248
 2.529    1.4263
 2.528    1.4275
 2.526    1.4282
 2.525    1.4282
 2.524    1.4272
 2.523    1.4260
 2.522    1.4253
 2.520    1.4250
 2.519    1.4258
 2.518    1.4270
 2.517    1.4280
 2.515    1.4287
 2.514    1.4287
 2.513    1.4285
 2.512    1.4282
 2.511    1.4285
 2.509    1.4297
 2.508    1.4314
 2.507    1.4338
 2.506    1.4365
 2.504    1.4390
 2.503    1.4412
 2.502    1.4426
 2.501    1.4436
 2.500    1.4443
 2.498    1.4448
 2.497    1.4448
 2.496    1.4446
 2.495    1.4436
 2.494    1.4421
 2.492    1.4404
 2.491    1.4385
 2.490    1.4370
 2.489    1.4360
 2.488    1.4358
 2.486    1.4365
 2.485    1.4380
 2.484    1.4394
 2.483    1.4407
 2.482    1.4412
 2.481    1.4414
 2.479    1.4409
 2.478    1.4404
 2.477    1.4402
 2.476    1.4402
 2.474    1.4404
 2.473    1.4409
 2.472    1.4409
 2.471    1.4407
 2.470    1.4392
 2.469    1.4370
 2.467    1.4343
 2.466    1.4314
 2.465    1.4290
 2.464    1.4277
 2.463    1.4280
 2.462    1.4297
 2.460    1.4324
 2.459    1.4355
 2.458    1.4385
 2.457    1.4404
 2.456    1.4409
 2.455    1.4402
 2.454    1.4382
 2.452    1.4358
 2.451    1.4333
 2.450    1.4314
 2.449    1.4304
 2.448    1.4302
 2.446    1.4307
 2.445    1.4314
 2.444    1.4319
 2.443    1.4319
 2.442    1.4309
 2.441    1.4294
 2.440    1.4275
 2.438    1.4253
 2.437    1.4233
 2.436    1.4221
 2.435    1.4214
 2.434    1.4216
 2.433    1.4221
 2.432    1.4228
 2.430    1.4233
 2.429    1.4238
 2.428    1.4241
 2.427    1.4246
 2.426    1.4250
 2.425    1.4263
 2.424    1.4280
 2.422    1.4302
 2.421    1.4324
 2.420    1.4343
 2.419    1.4355
 2.418    1.4358
 2.417    1.4351
 2.416    1.4336
 2.415    1.4316
 2.414    1.4294
 2.412    1.4275
 2.411    1.4258
 2.410    1.4246
 2.409    1.4238
 2.408    1.4241
 2.407    1.4250
 2.406    1.4268
 2.405    1.4292
 2.403    1.4319
 2.402    1.4343
 2.401    1.4363
 2.400    1.4373
 2.399    1.4375
 2.398    1.4373
 2.397    1.4365
 2.396    1.4358
 2.394    1.4355
 2.393    1.4358
 2.392    1.4365
 2.391    1.4375
 2.390    1.4387
 2.389    1.4399
 2.388    1.4412
 2.387    1.4419
 2.386    1.4419
 2.385    1.4414
 2.384    1.4404
 2.382    1.4390
 2.381    1.4377
 2.380    1.4373
 2.379    1.4380
 2.378    1.4397
 2.377    1.4424
 2.376    1.4451
 2.375    1.4475
 2.374    1.4490
 2.373    1.4495
 2.372    1.4495
 2.370    1.4487
 2.369    1.4482
 2.368    1.4480
 2.367    1.4478
 2.366    1.4473
 2.365    1.4465
 2.364    1.4453
 2.363    1.4431
 2.362    1.4409
 2.361    1.4387
 2.360    1.4373
 2.359    1.4368
 2.357    1.4375
 2.356    1.4390
 2.355    1.4412
 2.354    1.4434
 2.353    1.4453
 2.352    1.4470
 2.351    1.4482
 2.350    1.4495
 2.349    1.4504
 2.348    1.4514
 2.347    1.4521
 2.346    1.4524
 2.345    1.4524
 2.344    1.4519
 2.343    1.4507
 2.341    1.4492
 2.341    1.4473
 2.339    1.4448
 2.338    1.4424
 2.337    1.4394
 2.336    1.4368
 2.335    1.4346
 2.334    1.4331
 2.333    1.4331
 2.332    1.4346
 2.331    1.4377
 2.330    1.4424
 2.329    1.4475
 2.328    1.4529
 2.327    1.4573
 2.326    1.4604
 2.325    1.4614
 2.324    1.4602
 2.323    1.4575
 2.322    1.4534
 2.321    1.4485
 2.320    1.4436
 2.318    1.4390
 2.317    1.4355
 2.316    1.4333
 2.315    1.4329
 2.314    1.4341
 2.313    1.4375
 2.312    1.4419
 2.311    1.4470
 2.310    1.4514
 2.309    1.4546
 2.308    1.4558
 2.307    1.4548
 2.306    1.4526
 2.305    1.4499
 2.304    1.4473
 2.303    1.4456
 2.302    1.4448
 2.301    1.4456
 2.300    1.4473
 2.299    1.4502
 2.298    1.4539
 2.297    1.4580
 2.296    1.4622
 2.295    1.4656
 2.294    1.4683
 2.293    1.4697
 2.292    1.4697
 2.291    1.4687
 2.290    1.4668
 2.289    1.4644
 2.288    1.4614
 2.287    1.4580
 2.286    1.4543
 2.285    1.4507
 2.284    1.4473
 2.283    1.4446
 2.282    1.4434
 2.281    1.4438
 2.280    1.4453
 2.279    1.4480
 2.278    1.4509
 2.277    1.4536
 2.276    1.4556
 2.275    1.4565
 2.274    1.4565
 2.273    1.4563
 2.272    1.4561
 2.271    1.4563
 2.270    1.4565
 2.269    1.4573
 2.268    1.4580
 2.267    1.4587
 2.266    1.4590
 2.265    1.4592
 2.264    1.4590
 2.263    1.4590
 2.262    1.4587
 2.261    1.4587
 2.260    1.4587
 2.259    1.4585
 2.258    1.4580
 2.257    1.4575
 2.256    1.4565
 2.255    1.4558
 2.254    1.4553
 2.253    1.4553
 2.252    1.4558
 2.251    1.4570
 2.250    1.4587
 2.249    1.4612
 2.248    1.4641
 2.247    1.4668
 2.246    1.4687
 2.245    1.4700
 2.244    1.4700
 2.243    1.4690
 2.242    1.4668
 2.241    1.4644
 2.240    1.4619
 2.239    1.4597
 2.238    1.4580
 2.237    1.4568
 2.236    1.4558
 2.236    1.4551
 2.235    1.4546
 2.234    1.4546
 2.233    1.4548
 2.232    1.4551
 2.231    1.4556
 2.230    1.4556
 2.229    1.4551
 2.228    1.4543
 2.227    1.4531
 2.226    1.4524
 2.225    1.4524
 2.224    1.4536
 2.223    1.4561
 2.222    1.4592
 2.221    1.4624
 2.220    1.4651
 2.219    1.4663
 2.218    1.4665
 2.217    1.4661
 2.216    1.4658
 2.216    1.4668
 2.215    1.4697
 2.214    1.4736
 2.213    1.4783
 2.212    1.4817
 2.211    1.4832
 2.210    1.4824
 2.209    1.4792
 2.208    1.4746
 2.207    1.4697
 2.206    1.4658
 2.205    1.4631
 2.204    1.4617
 2.203    1.4617
 2.202    1.4624
 2.201    1.4639
 2.200    1.4658
 2.200    1.4683
 2.199    1.4712
 2.198    1.4744
 2.197    1.4778
 2.196    1.4805
 2.195    1.4819
 2.194    1.4817
 2.193    1.4792
 2.192    1.4748
 2.191    1.4685
 2.190    1.4619
 2.189    1.4556
 2.188    1.4512
 2.187    1.4495
 2.187    1.4509
 2.186    1.4551
 2.185    1.4612
 2.184    1.4685
 2.183    1.4751
 2.182    1.4802
 2.181    1.4832
 2.180    1.4836
 2.179    1.4827
 2.178    1.4812
 2.177    1.4800
 2.176    1.4800
 2.176    1.4812
 2.175    1.4832
 2.174    1.4851
 2.173    1.4858
 2.172    1.4849
 2.171    1.4822
 2.170    1.4780
 2.169    1.4731
 2.168    1.4683
 2.167    1.4646
 2.166    1.4624
 2.166    1.4624
 2.165    1.4644
 2.164    1.4685
 2.163    1.4739
 2.162    1.4797
 2.161    1.4851
 2.160    1.4890
 2.159    1.4905
 2.158    1.4897
 2.157    1.4871
 2.156    1.4836
 2.156    1.4802
 2.155    1.4783
 2.154    1.4780
 2.153    1.4790
 2.152    1.4807
 2.151    1.4814
 2.150    1.4807
 2.149    1.4775
 2.148    1.4724
 2.148    1.4661
 2.147    1.4607
 2.146    1.4570
 2.145    1.4565
 2.144    1.4595
 2.143    1.4658
 2.142    1.4739
 2.141    1.4827
 2.140    1.4905
 2.140    1.4961
 2.139    1.4985
 2.138    1.4980
 2.137    1.4949
 2.136    1.4900
 2.135    1.4841
 2.134    1.4788
 2.133    1.4746
 2.132    1.4719
 2.132    1.4705
 2.131    1.4700
 2.130    1.4700
 2.129    1.4700
 2.128    1.4695
 2.127    1.4687
 2.126    1.4678
 2.126    1.4673
 2.125    1.4668
 2.124    1.4665
 2.123    1.4665
 2.122    1.4665
 2.121    1.4668
 2.120    1.4673
 2.119    1.4685
 2.119    1.4702
 2.118    1.4722
 2.117    1.4744
 2.116    1.4758
 2.115    1.4763
 2.114    1.4756
 2.113    1.4736
 2.112    1.4714
 2.112    1.4700
 2.111    1.4702
 2.110    1.4727
 2.109    1.4770
 2.108    1.4827
 2.107    1.4878
 2.107    1.4915
 2.106    1.4927
 2.105    1.4915
 2.104    1.4888
 2.103    1.4856
 2.102    1.4834
 2.101    1.4824
 2.100    1.4832
 2.100    1.4846
 2.099    1.4861
 2.098    1.4871
 2.097    1.4868
 2.096    1.4853
 2.095    1.4829
 2.095    1.4797
 2.094    1.4761
 2.093    1.4724
 2.092    1.4690
 2.091    1.4663
 2.090    1.4646
 2.090    1.4644
 2.089    1.4651
 2.088    1.4673
 2.087    1.4700
 2.086    1.4722
 2.085    1.4753
 2.084    1.4770
 2.084    1.4775
 2.083    1.4844
 2.082    1.4778
 2.081    1.4875
 2.080    1.5015
 2.079    1.4590
