Name: 12030.135
Type: Soil
Class: Lunar
Subclass: Maria
Particle Size: Fine
Sample No.: 12030.135
Owner: JHU
Wavelength range: IR
Origin: Apollo 12 landing site via the NASA Lunar Sample Repository at Johnson 
Space Center, Houston, TX.
Description:  This sample is one of a suite of soils of similar chemistry, but 
different exposure ages, from the Apollo 12 mare site.  This sample has the 
lowest exposure age of the three soils of that suite (Is/FeO=14).



Measurement:  Directional (10 degree) hemispherical reflectance
First Column:  X
Second Column:  Y
X Units:  Wavelength (micrometers)
Y Units:  Reflectance (percent)
First X Value:  14.011
Last X Value:  2.079
Number of X Values:  2124
Additional information:  None
14.011    1.2485
13.973    1.2275
13.936    1.1594
13.899    1.2155
13.861    1.2775
13.824    1.2918
13.788    1.2535
13.751    1.2399
13.715    1.2305
13.679    1.2198
13.643    1.2831
13.607    1.3262
13.571    1.3498
13.536    1.3539
13.500    1.3830
13.465    1.3682
13.430    1.3933
13.396    1.4123
13.361    1.4602
13.327    1.4233
13.293    1.4308
13.259    1.4538
13.225    1.5121
13.191    1.5330
13.158    1.5601
13.124    1.5544
13.091    1.5547
13.058    1.6048
13.026    1.6206
12.993    1.6206
12.960    1.7082
12.928    1.7287
12.896    1.7438
12.864    1.7658
12.832    1.7849
12.800    1.8056
12.769    1.8662
12.737    1.9274
12.706    1.9760
12.675    2.0237
12.644    2.0474
12.614    2.0797
12.583    2.1395
12.552    2.2019
12.522    2.2479
12.492    2.2751
12.462    2.3159
12.432    2.3743
12.402    2.4403
12.373    2.4837
12.343    2.5242
12.314    2.5746
12.285    2.6178
12.256    2.6271
12.227    2.6410
12.198    2.6372
12.169    2.6427
12.141    2.6144
12.113    2.5929
12.084    2.5876
12.056    2.5880
12.028    2.5585
12.000    2.5157
11.973    2.4876
11.945    2.5139
11.918    2.4880
11.890    2.4602
11.863    2.4636
11.836    2.5043
11.809    2.5208
11.782    2.5106
11.755    2.5118
11.729    2.4987
11.702    2.4803
11.676    2.5155
11.650    2.5299
11.624    2.5285
11.598    2.5422
11.572    2.5428
11.546    2.5563
11.520    2.5939
11.495    2.5878
11.469    2.5898
11.444    2.6158
11.419    2.6442
11.394    2.6300
11.369    2.5983
11.344    2.5620
11.319    2.5753
11.294    2.5512
11.270    2.5200
11.245    2.4973
11.221    2.5164
11.197    2.4850
11.173    2.4229
11.149    2.3980
11.125    2.3983
11.101    2.3649
11.077    2.3331
11.054    2.3200
11.030    2.3031
11.007    2.2941
10.983    2.3098
10.960    2.3122
10.937    2.3228
10.914    2.3274
10.891    2.3440
10.868    2.3667
10.846    2.3826
10.823    2.3774
10.800    2.3826
10.778    2.3811
10.755    2.3551
10.733    2.3283
10.711    2.3419
10.689    2.3359
10.667    2.3253
10.645    2.3105
10.623    2.2688
10.602    2.2365
10.580    2.2302
10.558    2.2046
10.537    2.1956
10.516    2.1904
10.494    2.1697
10.473    2.1451
10.452    2.1428
10.431    2.1291
10.410    2.1251
10.389    2.1216
10.368    2.0977
10.348    2.0680
10.327    2.0474
10.306    2.0072
10.286    1.9868
10.266    1.9842
10.245    1.9775
10.225    1.9532
10.205    1.9354
10.185    1.9171
10.165    1.9188
10.145    1.9382
10.125    1.9549
10.106    1.9489
10.086    1.9443
10.066    1.9331
10.047    1.9359
10.027    1.9411
10.008    1.9292
 9.989    1.9009
 9.970    1.9062
 9.950    1.9252
 9.931    1.9352
 9.912    1.9226
 9.893    1.9224
 9.875    1.9283
 9.856    1.9297
 9.837    1.9226
 9.819    1.9213
 9.800    1.9340
 9.781    1.9426
 9.763    1.9439
 9.745    1.9698
 9.726    1.9511
 9.708    1.9417
 9.690    1.9404
 9.672    1.9316
 9.654    1.8977
 9.636    1.9115
 9.618    1.9289
 9.600    1.9088
 9.582    1.9092
 9.565    1.9250
 9.547    1.9293
 9.530    1.9482
 9.512    1.9531
 9.495    1.9393
 9.477    1.9308
 9.460    1.9436
 9.443    1.9538
 9.426    1.9406
 9.409    1.9280
 9.392    1.9331
 9.375    1.9417
 9.358    1.9660
 9.341    1.9713
 9.324    1.9707
 9.307    1.9662
 9.291    1.9669
 9.274    1.9702
 9.257    2.0129
 9.241    2.0115
 9.225    1.9985
 9.208    2.0317
 9.192    2.0448
 9.175    2.0287
 9.159    2.0377
 9.143    2.0253
 9.127    2.0328
 9.111    2.0149
 9.095    1.9500
 9.079    1.9172
 9.063    1.9491
 9.047    1.9481
 9.032    1.9096
 9.016    1.8699
 9.000    1.8353
 8.985    1.7895
 8.969    1.7384
 8.954    1.6856
 8.938    1.6453
 8.923    1.6222
 8.908    1.5591
 8.892    1.5101
 8.877    1.4826
 8.862    1.4370
 8.847    1.3977
 8.832    1.3868
 8.817    1.3604
 8.802    1.3173
 8.787    1.3041
 8.772    1.2792
 8.757    1.2622
 8.742    1.2497
 8.727    1.2641
 8.713    1.2598
 8.698    1.2309
 8.684    1.2149
 8.669    1.2170
 8.655    1.2138
 8.640    1.2124
 8.626    1.2029
 8.612    1.2104
 8.597    1.1958
 8.583    1.1447
 8.569    1.1539
 8.555    1.1665
 8.541    1.1617
 8.527    1.1776
 8.513    1.1585
 8.499    1.1536
 8.485    1.1624
 8.471    1.1727
 8.457    1.1610
 8.443    1.1531
 8.430    1.1472
 8.416    1.1173
 8.402    1.1245
 8.389    1.1456
 8.375    1.1449
 8.361    1.1573
 8.348    1.1619
 8.335    1.1796
 8.321    1.2168
 8.308    1.2274
 8.295    1.2507
 8.281    1.2946
 8.268    1.2831
 8.255    1.2989
 8.242    1.3362
 8.229    1.3642
 8.216    1.4011
 8.203    1.4509
 8.190    1.4737
 8.177    1.4944
 8.164    1.5253
 8.151    1.5712
 8.138    1.6244
 8.126    1.6653
 8.113    1.7040
 8.100    1.7657
 8.088    1.8186
 8.075    1.8699
 8.062    1.9363
 8.050    2.0124
 8.037    2.0619
 8.025    2.1463
 8.013    2.2418
 8.000    2.3214
 7.988    2.4014
 7.976    2.5018
 7.963    2.6045
 7.951    2.6916
 7.939    2.7715
 7.927    2.8781
 7.915    2.9844
 7.903    3.0793
 7.891    3.1829
 7.879    3.2949
 7.867    3.3826
 7.855    3.4797
 7.843    3.5770
 7.831    3.6639
 7.819    3.7600
 7.808    3.8498
 7.796    3.9467
 7.784    4.0511
 7.772    4.1548
 7.761    4.2515
 7.749    4.3168
 7.737    4.3967
 7.726    4.5107
 7.715    4.6256
 7.703    4.7267
 7.692    4.8273
 7.680    4.9044
 7.669    5.0005
 7.657    5.0986
 7.646    5.1675
 7.635    5.2468
 7.624    5.3387
 7.613    5.4311
 7.601    5.5222
 7.590    5.6184
 7.579    5.6937
 7.568    5.7663
 7.557    5.8713
 7.546    5.9500
 7.535    6.0408
 7.524    6.1366
 7.513    6.2276
 7.502    6.2998
 7.492    6.3805
 7.481    6.4825
 7.470    6.5774
 7.459    6.6560
 7.449    6.7508
 7.438    6.8201
 7.427    6.9079
 7.417    7.0024
 7.406    7.0878
 7.395    7.1595
 7.385    7.2498
 7.374    7.3405
 7.364    7.4121
 7.353    7.4877
 7.343    7.5837
 7.333    7.6614
 7.322    7.7304
 7.312    7.8042
 7.302    7.8829
 7.291    7.9608
 7.281    8.0312
 7.271    8.1075
 7.261    8.1757
 7.251    8.2429
 7.240    8.3144
 7.230    8.3751
 7.220    8.4459
 7.210    8.5057
 7.200    8.5676
 7.190    8.6250
 7.180    8.6862
 7.170    8.7688
 7.160    8.8563
 7.151    8.9037
 7.141    8.9396
 7.131    8.9788
 7.121    9.0411
 7.111    9.1126
 7.102    9.1739
 7.092    9.2313
 7.082    9.3001
 7.072    9.3554
 7.063    9.3998
 7.053    9.4778
 7.044    9.5749
 7.034    9.5925
 7.025    9.6267
 7.015    9.6845
 7.006    9.7368
 6.996    9.8103
 6.987    9.8808
 6.977    9.9257
 6.968    9.9827
 6.959   10.0240
 6.949   10.0380
 6.940   10.0900
 6.931   10.1480
 6.921   10.1960
 6.912   10.2540
 6.903   10.3150
 6.894   10.3730
 6.885   10.4120
 6.875   10.4840
 6.866   10.5670
 6.857   10.5620
 6.848   10.5630
 6.839   10.6040
 6.830   10.6490
 6.821   10.6640
 6.812   10.6950
 6.803   10.7470
 6.794   10.7900
 6.785   10.8140
 6.777   10.8120
 6.768   10.8210
 6.759   10.8350
 6.750   10.8700
 6.741   10.8650
 6.733   10.8570
 6.724   10.8850
 6.715   10.9050
 6.707   10.8960
 6.698   10.8890
 6.689   10.9010
 6.681   10.9310
 6.672   10.9300
 6.663   10.9250
 6.655   10.9260
 6.646   10.9570
 6.638   10.9960
 6.629   10.9690
 6.621   10.9450
 6.612   10.9590
 6.604   10.9670
 6.596   10.9870
 6.587   11.0070
 6.579   11.0240
 6.571   11.0430
 6.562   11.0540
 6.554   11.0820
 6.546   11.0780
 6.537   11.0950
 6.529   11.1300
 6.521   11.1550
 6.513   11.1710
 6.505   11.1970
 6.496   11.2660
 6.488   11.2850
 6.480   11.2830
 6.472   11.2870
 6.464   11.3060
 6.456   11.3400
 6.448   11.3570
 6.440   11.3550
 6.432   11.3820
 6.424   11.4250
 6.416   11.4760
 6.408   11.4780
 6.400   11.4260
 6.392   11.3950
 6.384   11.4070
 6.377   11.4330
 6.369   11.4240
 6.361   11.3930
 6.353   11.3940
 6.345   11.4170
 6.338   11.4080
 6.330   11.3810
 6.322   11.3710
 6.314   11.3610
 6.307   11.3640
 6.299   11.3830
 6.291   11.3920
 6.284   11.3890
 6.276   11.3900
 6.269   11.3870
 6.261   11.3660
 6.253   11.3590
 6.246   11.3640
 6.239   11.3720
 6.231   11.4030
 6.223   11.4150
 6.216   11.4170
 6.209   11.4210
 6.201   11.4500
 6.194   11.4920
 6.186   11.5430
 6.179   11.5430
 6.172   11.5350
 6.164   11.5690
 6.157   11.6250
 6.150   11.6570
 6.142   11.6770
 6.135   11.6980
 6.128   11.7410
 6.121   11.8010
 6.113   11.8540
 6.106   11.8480
 6.099   11.8580
 6.092   11.8940
 6.085   11.9290
 6.078   11.9640
 6.070   12.0010
 6.063   12.0100
 6.056   12.0680
 6.049   12.1380
 6.042   12.1180
 6.035   12.1100
 6.028   12.1210
 6.021   12.1570
 6.014   12.2290
 6.007   12.2720
 6.000   12.3090
 5.993   12.3550
 5.986   12.4200
 5.979   12.4790
 5.973   12.5390
 5.966   12.5890
 5.959   12.6420
 5.952   12.7270
 5.945   12.8390
 5.938   12.9410
 5.931   12.9920
 5.925   13.0170
 5.918   13.0760
 5.911   13.1560
 5.904   13.2570
 5.898   13.3640
 5.891   13.4280
 5.884   13.5110
 5.878   13.5770
 5.871   13.5960
 5.864   13.6580
 5.858   13.7150
 5.851   13.7590
 5.845   13.7840
 5.838   13.8500
 5.831   13.9340
 5.825   14.0240
 5.818   14.0630
 5.812   14.0620
 5.805   14.0930
 5.799   14.1510
 5.792   14.2220
 5.786   14.2700
 5.779   14.3110
 5.773   14.3860
 5.767   14.4540
 5.760   14.4660
 5.754   14.4620
 5.747   14.5060
 5.741   14.5550
 5.735   14.5900
 5.728   14.6060
 5.722   14.6250
 5.716   14.6770
 5.709   14.7170
 5.703   14.6950
 5.697   14.6890
 5.691   14.7250
 5.684   14.7340
 5.678   14.7540
 5.672   14.7750
 5.666   14.7750
 5.660   14.7990
 5.653   14.8390
 5.647   14.8780
 5.641   14.9290
 5.635   14.9450
 5.629   14.9620
 5.623   15.0140
 5.617   15.0750
 5.611   15.1110
 5.604   15.1460
 5.598   15.1960
 5.592   15.2220
 5.586   15.2790
 5.580   15.3670
 5.574   15.4160
 5.568   15.4280
 5.562   15.4420
 5.556   15.4760
 5.551   15.5310
 5.545   15.5440
 5.539   15.5630
 5.533   15.5830
 5.527   15.5830
 5.521   15.5870
 5.515   15.6050
 5.509   15.6180
 5.503   15.6160
 5.497   15.6080
 5.492   15.6190
 5.486   15.6350
 5.480   15.6330
 5.474   15.6080
 5.468   15.5990
 5.463   15.5880
 5.457   15.5760
 5.451   15.5680
 5.446   15.5580
 5.440   15.5550
 5.434   15.5580
 5.428   15.5640
 5.423   15.5690
 5.417   15.5400
 5.411   15.5280
 5.406   15.5210
 5.400   15.4990
 5.394   15.4790
 5.389   15.4520
 5.383   15.4320
 5.378   15.4300
 5.372   15.4000
 5.367   15.3610
 5.361   15.3550
 5.356   15.3420
 5.350   15.3130
 5.345   15.2960
 5.339   15.3070
 5.333   15.2950
 5.328   15.2680
 5.322   15.2680
 5.317   15.2800
 5.312   15.2920
 5.306   15.3180
 5.301   15.3410
 5.295   15.3490
 5.290   15.3780
 5.285   15.3990
 5.279   15.4210
 5.274   15.4680
 5.268   15.4980
 5.263   15.5420
 5.258   15.5940
 5.252   15.6340
 5.247   15.6800
 5.242   15.7310
 5.237   15.7890
 5.231   15.8460
 5.226   15.9000
 5.221   15.9420
 5.215   15.9940
 5.210   16.0510
 5.205   16.1010
 5.200   16.1460
 5.194   16.1830
 5.189   16.2300
 5.184   16.2820
 5.179   16.3300
 5.174   16.3780
 5.169   16.4020
 5.164   16.4470
 5.158   16.5110
 5.153   16.5670
 5.148   16.6230
 5.143   16.6730
 5.138   16.7130
 5.133   16.7700
 5.128   16.8260
 5.123   16.8800
 5.118   16.9190
 5.113   16.9680
 5.107   17.0180
 5.103   17.0710
 5.098   17.1200
 5.093   17.1540
 5.088   17.1860
 5.082   17.2360
 5.077   17.2740
 5.073   17.3300
 5.068   17.3710
 5.063   17.4300
 5.058   17.4950
 5.053   17.5450
 5.048   17.5870
 5.043   17.6510
 5.038   17.6990
 5.033   17.7270
 5.028   17.7850
 5.023   17.8510
 5.019   17.9110
 5.014   17.9800
 5.009   18.0430
 5.004   18.1010
 4.999   18.1620
 4.994   18.2290
 4.990   18.2840
 4.985   18.3450
 4.980   18.4050
 4.975   18.4720
 4.970   18.5340
 4.966   18.6090
 4.961   18.6940
 4.956   18.7670
 4.951   18.8200
 4.947   18.8810
 4.942   18.9710
 4.937   19.0430
 4.933   19.1160
 4.928   19.1880
 4.923   19.2640
 4.919   19.3430
 4.914   19.4100
 4.909   19.4870
 4.905   19.5580
 4.900   19.6200
 4.895   19.6810
 4.891   19.7440
 4.886   19.8120
 4.882   19.8860
 4.877   19.9520
 4.872   20.0090
 4.868   20.0670
 4.863   20.1460
 4.859   20.2190
 4.854   20.2930
 4.849   20.3610
 4.845   20.4040
 4.840   20.4550
 4.836   20.5130
 4.832   20.5720
 4.827   20.6450
 4.822   20.7160
 4.818   20.7640
 4.814   20.8150
 4.809   20.8870
 4.805   20.9580
 4.800   21.0060
 4.796   21.0560
 4.791   21.1120
 4.787   21.1620
 4.782   21.2120
 4.778   21.2550
 4.774   21.3070
 4.769   21.3700
 4.765   21.4260
 4.761   21.4740
 4.756   21.5340
 4.752   21.5910
 4.747   21.6360
 4.743   21.6860
 4.739   21.7550
 4.734   21.8240
 4.730   21.8850
 4.726   21.9320
 4.721   21.9980
 4.717   22.0730
 4.713   22.1290
 4.709   22.1900
 4.704   22.2500
 4.700   22.2910
 4.696   22.3390
 4.691   22.4210
 4.687   22.4790
 4.683   22.5200
 4.679   22.5800
 4.675   22.6310
 4.670   22.6760
 4.666   22.7290
 4.662   22.7810
 4.658   22.8270
 4.654   22.8810
 4.649   22.9510
 4.645   23.0080
 4.641   23.0300
 4.637   23.0820
 4.633   23.1510
 4.629   23.1910
 4.625   23.2300
 4.620   23.2780
 4.616   23.3410
 4.612   23.3990
 4.608   23.4240
 4.604   23.4590
 4.600   23.5070
 4.596   23.5430
 4.592   23.5720
 4.588   23.6110
 4.584   23.6630
 4.580   23.6930
 4.576   23.7130
 4.572   23.7530
 4.567   23.7960
 4.564   23.8320
 4.559   23.8440
 4.556   23.8600
 4.551   23.8980
 4.548   23.9420
 4.543   23.9670
 4.540   23.9850
 4.536   24.0140
 4.532   24.0550
 4.528   24.0840
 4.524   24.0940
 4.520   24.1170
 4.516   24.1430
 4.512   24.1530
 4.508   24.1780
 4.504   24.2100
 4.500   24.2120
 4.496   24.2030
 4.492   24.2350
 4.488   24.2680
 4.485   24.2740
 4.481   24.2910
 4.477   24.3200
 4.473   24.3460
 4.469   24.3400
 4.465   24.3370
 4.461   24.3450
 4.458   24.3650
 4.454   24.3910
 4.450   24.4110
 4.446   24.4150
 4.442   24.4200
 4.439   24.4390
 4.435   24.4410
 4.431   24.4470
 4.427   24.4760
 4.423   24.4830
 4.420   24.4790
 4.416   24.4940
 4.412   24.5110
 4.408   24.5270
 4.404   24.5350
 4.401   24.5440
 4.397   24.5570
 4.393   24.5570
 4.390   24.5660
 4.386   24.5900
 4.382   24.5840
 4.378   24.5970
 4.375   24.6060
 4.371   24.6240
 4.367   24.6550
 4.364   24.6810
 4.360   24.7070
 4.356   24.7140
 4.353   24.7100
 4.349   24.7210
 4.346   24.7350
 4.342   24.7420
 4.338   24.7490
 4.335   24.7550
 4.331   24.7730
 4.327   24.7990
 4.324   24.8160
 4.320   24.8240
 4.316   24.8230
 4.313   24.8220
 4.309   24.8420
 4.306   24.8630
 4.302   24.8690
 4.299   24.8690
 4.295   24.8820
 4.292   24.8960
 4.288   24.8980
 4.284   24.8970
 4.281   24.8950
 4.277   24.9160
 4.274   24.9320
 4.270   24.9400
 4.267   24.9600
 4.263   24.9860
 4.260   24.9960
 4.256   24.9930
 4.253   24.9930
 4.249   25.0000
 4.246   25.0080
 4.242   25.0130
 4.239   25.0120
 4.235   25.0090
 4.232   25.0040
 4.229   25.0150
 4.225   25.0450
 4.222   25.0580
 4.218   25.0490
 4.215   25.0660
 4.211   25.0990
 4.208   25.1060
 4.205   25.0910
 4.201   25.1030
 4.198   25.1330
 4.194   25.1560
 4.191   25.1690
 4.188   25.1610
 4.184   25.1580
 4.181   25.1620
 4.177   25.1680
 4.174   25.1710
 4.171   25.1590
 4.167   25.1570
 4.164   25.1580
 4.161   25.1690
 4.157   25.1910
 4.154   25.1960
 4.151   25.2060
 4.147   25.2100
 4.144   25.2230
 4.141   25.2280
 4.137   25.2140
 4.134   25.2100
 4.131   25.2180
 4.128   25.2260
 4.124   25.2220
 4.121   25.2300
 4.118   25.2360
 4.114   25.2330
 4.111   25.2390
 4.108   25.2520
 4.105   25.2590
 4.101   25.2540
 4.098   25.2490
 4.095   25.2600
 4.092   25.2780
 4.088   25.2740
 4.085   25.2620
 4.082   25.2700
 4.079   25.2850
 4.076   25.2850
 4.072   25.2970
 4.069   25.2920
 4.066   25.2810
 4.063   25.2870
 4.060   25.2990
 4.056   25.3090
 4.053   25.3170
 4.050   25.3130
 4.047   25.3160
 4.044   25.3280
 4.041   25.3250
 4.037   25.3020
 4.034   25.2920
 4.031   25.3110
 4.028   25.3250
 4.025   25.3340
 4.022   25.3250
 4.019   25.3230
 4.016   25.3250
 4.013   25.3260
 4.009   25.3530
 4.006   25.3690
 4.003   25.3560
 4.000   25.3470
 3.997   25.3610
 3.994   25.3650
 3.991   25.3670
 3.988   25.3850
 3.985   25.3830
 3.982   25.3770
 3.979   25.3660
 3.976   25.3770
 3.973   25.3970
 3.970   25.3950
 3.966   25.3820
 3.963   25.3820
 3.960   25.3690
 3.957   25.3550
 3.954   25.3800
 3.951   25.4080
 3.948   25.4050
 3.945   25.3770
 3.942   25.3820
 3.939   25.3940
 3.936   25.4120
 3.933   25.4260
 3.930   25.4120
 3.927   25.3940
 3.924   25.3850
 3.921   25.3780
 3.918   25.3760
 3.916   25.3740
 3.913   25.3760
 3.910   25.3580
 3.907   25.3570
 3.904   25.3650
 3.901   25.3730
 3.898   25.3840
 3.895   25.3810
 3.892   25.3750
 3.889   25.3750
 3.886   25.3800
 3.883   25.3740
 3.880   25.3710
 3.877   25.3860
 3.875   25.3890
 3.872   25.3720
 3.869   25.3670
 3.866   25.3800
 3.863   25.3920
 3.860   25.3870
 3.857   25.3780
 3.854   25.3730
 3.852   25.3700
 3.849   25.3530
 3.846   25.3450
 3.843   25.3430
 3.840   25.3700
 3.837   25.3900
 3.834   25.3630
 3.832   25.3350
 3.829   25.3410
 3.826   25.3550
 3.823   25.3470
 3.820   25.3480
 3.817   25.3560
 3.815   25.3670
 3.812   25.3580
 3.809   25.3450
 3.806   25.3360
 3.804   25.3390
 3.801   25.3350
 3.798   25.3190
 3.795   25.3150
 3.792   25.3260
 3.790   25.3490
 3.787   25.3460
 3.784   25.3370
 3.781   25.3320
 3.779   25.3290
 3.776   25.3140
 3.773   25.3080
 3.770   25.3190
 3.768   25.3260
 3.765   25.3330
 3.762   25.3210
 3.759   25.3130
 3.757   25.3060
 3.754   25.2970
 3.751   25.2940
 3.748   25.2950
 3.746   25.2930
 3.743   25.2800
 3.740   25.2750
 3.738   25.2970
 3.735   25.2930
 3.732   25.2980
 3.730   25.2780
 3.727   25.2700
 3.724   25.2790
 3.722   25.2710
 3.719   25.2590
 3.716   25.2650
 3.714   25.2790
 3.711   25.2660
 3.708   25.2320
 3.706   25.2320
 3.703   25.2570
 3.700   25.2590
 3.698   25.2540
 3.695   25.2440
 3.692   25.2190
 3.690   25.2200
 3.687   25.2320
 3.684   25.2180
 3.682   25.2150
 3.679   25.2140
 3.677   25.2220
 3.674   25.2400
 3.672   25.2500
 3.669   25.2400
 3.666   25.2120
 3.664   25.2100
 3.661   25.2030
 3.659   25.1930
 3.656   25.2000
 3.653   25.1960
 3.651   25.1640
 3.648   25.1580
 3.646   25.1770
 3.643   25.1680
 3.641   25.1690
 3.638   25.1660
 3.636   25.1590
 3.633   25.1630
 3.630   25.1680
 3.628   25.1560
 3.625   25.1390
 3.623   25.1430
 3.620   25.1540
 3.618   25.1510
 3.615   25.1560
 3.613   25.1510
 3.610   25.1350
 3.608   25.1040
 3.605   25.0960
 3.603   25.1170
 3.600   25.1260
 3.598   25.0940
 3.595   25.0810
 3.593   25.0990
 3.590   25.0980
 3.588   25.0920
 3.585   25.0850
 3.583   25.0870
 3.580   25.0940
 3.578   25.0950
 3.575   25.0890
 3.573   25.0570
 3.570   25.0390
 3.568   25.0460
 3.565   25.0440
 3.563   25.0570
 3.561   25.0670
 3.558   25.0640
 3.556   25.0580
 3.553   25.0550
 3.551   25.0390
 3.548   25.0240
 3.546   25.0320
 3.543   25.0290
 3.541   25.0250
 3.539   25.0300
 3.536   25.0090
 3.534   25.0040
 3.531   25.0120
 3.529   25.0150
 3.527   25.0160
 3.524   25.0190
 3.522   25.0060
 3.519   24.9810
 3.517   24.9900
 3.515   25.0380
 3.512   25.0260
 3.510   25.0110
 3.507   25.0140
 3.505   25.0180
 3.503   25.0080
 3.500   24.9870
 3.498   24.9840
 3.496   24.9980
 3.493   25.0020
 3.491   25.0010
 3.489   24.9800
 3.486   24.9700
 3.484   24.9820
 3.482   24.9810
 3.479   24.9520
 3.477   24.9230
 3.475   24.9160
 3.472   24.9310
 3.470   24.9370
 3.468   24.9200
 3.465   24.9070
 3.463   24.9020
 3.461   24.8970
 3.458   24.9050
 3.456   24.9130
 3.454   24.8990
 3.451   24.9040
 3.449   24.9070
 3.447   24.9100
 3.445   24.8920
 3.442   24.8760
 3.440   24.8740
 3.438   24.9210
 3.436   24.9460
 3.433   24.9170
 3.431   24.8980
 3.429   24.8860
 3.426   24.8920
 3.424   24.9040
 3.422   24.9120
 3.420   24.8850
 3.417   24.8830
 3.415   24.8740
 3.413   24.8190
 3.411   24.8160
 3.408   24.8410
 3.406   24.8360
 3.404   24.8250
 3.402   24.8100
 3.399   24.8040
 3.397   24.7940
 3.395   24.8220
 3.393   24.8210
 3.391   24.7810
 3.388   24.7930
 3.386   24.7870
 3.384   24.7570
 3.382   24.7490
 3.380   24.7350
 3.377   24.7180
 3.375   24.7450
 3.373   24.7530
 3.371   24.7080
 3.369   24.6760
 3.366   24.6730
 3.364   24.6740
 3.362   24.6460
 3.360   24.6430
 3.358   24.6480
 3.355   24.6110
 3.353   24.6050
 3.351   24.6070
 3.349   24.6230
 3.347   24.6150
 3.345   24.6020
 3.342   24.6050
 3.340   24.5960
 3.338   24.5760
 3.336   24.5650
 3.334   24.5530
 3.332   24.5300
 3.330   24.5290
 3.327   24.5370
 3.325   24.5370
 3.323   24.5320
 3.321   24.5210
 3.319   24.5170
 3.317   24.5080
 3.315   24.4950
 3.313   24.4970
 3.310   24.4960
 3.308   24.5010
 3.306   24.4910
 3.304   24.4690
 3.302   24.4640
 3.300   24.4610
 3.298   24.4350
 3.296   24.4420
 3.294   24.4450
 3.292   24.4570
 3.289   24.4710
 3.287   24.4460
 3.285   24.3980
 3.283   24.4020
 3.281   24.4110
 3.279   24.3990
 3.277   24.4170
 3.275   24.4160
 3.273   24.4020
 3.271   24.3800
 3.269   24.3800
 3.267   24.3570
 3.265   24.3260
 3.263   24.3380
 3.261   24.3390
 3.258   24.3230
 3.256   24.3230
 3.254   24.3270
 3.252   24.3240
 3.250   24.3220
 3.248   24.3280
 3.246   24.3140
 3.244   24.2910
 3.242   24.2820
 3.240   24.2830
 3.238   24.2800
 3.236   24.2690
 3.234   24.2530
 3.232   24.2370
 3.230   24.2280
 3.228   24.2130
 3.226   24.1980
 3.224   24.1960
 3.222   24.2040
 3.220   24.1930
 3.218   24.1910
 3.216   24.2000
 3.214   24.2190
 3.212   24.2030
 3.210   24.1840
 3.208   24.1600
 3.206   24.1620
 3.204   24.1570
 3.202   24.1390
 3.200   24.1230
 3.198   24.0950
 3.196   24.0740
 3.194   24.0660
 3.192   24.0730
 3.190   24.0740
 3.188   24.0670
 3.186   24.0780
 3.184   24.0720
 3.182   24.0710
 3.180   24.0610
 3.179   24.0250
 3.177   24.0080
 3.175   24.0320
 3.173   24.0220
 3.171   24.0210
 3.169   24.0260
 3.167   23.9980
 3.165   23.9720
 3.163   23.9630
 3.161   23.9560
 3.159   23.9610
 3.157   23.9900
 3.155   23.9660
 3.153   23.9440
 3.152   23.9440
 3.150   23.9720
 3.148   23.9430
 3.146   23.9260
 3.144   23.9160
 3.142   23.9120
 3.140   23.9090
 3.138   23.8880
 3.136   23.8970
 3.134   23.9260
 3.132   23.9200
 3.131   23.8800
 3.129   23.8920
 3.127   23.8750
 3.125   23.8470
 3.123   23.8380
 3.121   23.8430
 3.119   23.8130
 3.117   23.8240
 3.115   23.8360
 3.114   23.8080
 3.112   23.8150
 3.110   23.8330
 3.108   23.7990
 3.106   23.7720
 3.104   23.7910
 3.102   23.8210
 3.101   23.8090
 3.099   23.7850
 3.097   23.7750
 3.095   23.7640
 3.093   23.7570
 3.091   23.7560
 3.090   23.7540
 3.088   23.7610
 3.086   23.7570
 3.084   23.7390
 3.082   23.7450
 3.080   23.7570
 3.079   23.7370
 3.077   23.7170
 3.075   23.6960
 3.073   23.7020
 3.071   23.7050
 3.069   23.6910
 3.067   23.6950
 3.066   23.6870
 3.064   23.6950
 3.062   23.7110
 3.060   23.6860
 3.059   23.6570
 3.057   23.6410
 3.055   23.6320
 3.053   23.6680
 3.051   23.6790
 3.050   23.6600
 3.048   23.6490
 3.046   23.6230
 3.044   23.6340
 3.042   23.6440
 3.041   23.6310
 3.039   23.6260
 3.037   23.6310
 3.035   23.6250
 3.033   23.6010
 3.032   23.5820
 3.030   23.5740
 3.028   23.5370
 3.026   23.5510
 3.025   23.6070
 3.023   23.5900
 3.021   23.5480
 3.019   23.5630
 3.018   23.5640
 3.016   23.5390
 3.014   23.5060
 3.012   23.5180
 3.011   23.5000
 3.009   23.4510
 3.007   23.4440
 3.005   23.4430
 3.004   23.4530
 3.002   23.4470
 3.000   23.4830
 2.998   23.4930
 2.997   23.4530
 2.995   23.4180
 2.993   23.3890
 2.991   23.4200
 2.990   23.3990
 2.988   23.3490
 2.986   23.3620
 2.985   23.3590
 2.983   23.3690
 2.981   23.3970
 2.979   23.3840
 2.978   23.3420
 2.976   23.3280
 2.974   23.3600
 2.973   23.4110
 2.971   23.3830
 2.969   23.2920
 2.967   23.2700
 2.966   23.3160
 2.964   23.3650
 2.962   23.3270
 2.961   23.2810
 2.959   23.2690
 2.957   23.2840
 2.956   23.2680
 2.954   23.2790
 2.952   23.2750
 2.951   23.2640
 2.949   23.2680
 2.947   23.2640
 2.946   23.2610
 2.944   23.2530
 2.942   23.2440
 2.941   23.2170
 2.939   23.2050
 2.937   23.2300
 2.936   23.2270
 2.934   23.2120
 2.932   23.2240
 2.931   23.2200
 2.929   23.2180
 2.927   23.2040
 2.926   23.2020
 2.924   23.1900
 2.922   23.1790
 2.921   23.2000
 2.919   23.1850
 2.917   23.1850
 2.916   23.1840
 2.914   23.1810
 2.912   23.1760
 2.911   23.1490
 2.909   23.1450
 2.908   23.1490
 2.906   23.1680
 2.904   23.1730
 2.903   23.1520
 2.901   23.1370
 2.899   23.1420
 2.898   23.1580
 2.896   23.1150
 2.895   23.0860
 2.893   23.1170
 2.891   23.1450
 2.890   23.1310
 2.888   23.1150
 2.886   23.1050
 2.885   23.1230
 2.883   23.1440
 2.882   23.1120
 2.880   23.0740
 2.878   23.0620
 2.877   23.0620
 2.875   23.0590
 2.874   23.0580
 2.872   23.0890
 2.870   23.1120
 2.869   23.0780
 2.867   23.0730
 2.866   23.0920
 2.864   23.0940
 2.863   23.1080
 2.861   23.0890
 2.859   23.0330
 2.858   23.0170
 2.856   23.0390
 2.855   23.0830
 2.853   23.1060
 2.852   23.0530
 2.850   23.0240
 2.848   23.0520
 2.847   23.0530
 2.845   23.0480
 2.844   23.0420
 2.842   23.0280
 2.841   23.0280
 2.839   23.0410
 2.837   23.0250
 2.836   23.0120
 2.834   23.0550
 2.833   23.0680
 2.831   23.0550
 2.830   23.0500
 2.828   23.0600
 2.827   23.0490
 2.825   23.0350
 2.824   23.0530
 2.822   23.0480
 2.821   23.0360
 2.819   23.0680
 2.817   23.0940
 2.816   23.0780
 2.814   23.0680
 2.813   23.0890
 2.811   23.1140
 2.810   23.0980
 2.808   23.0690
 2.807   23.0840
 2.805   23.1100
 2.804   23.1130
 2.802   23.1090
 2.801   23.1320
 2.799   23.1620
 2.798   23.1710
 2.796   23.1590
 2.795   23.1920
 2.793   23.1790
 2.792   23.1710
 2.790   23.1750
 2.789   23.1990
 2.787   23.2340
 2.786   23.2340
 2.784   23.2340
 2.783   23.2540
 2.781   23.2680
 2.780   23.2850
 2.778   23.2960
 2.777   23.3310
 2.775   23.3740
 2.774   23.3640
 2.772   23.3420
 2.771   23.3450
 2.769   23.3730
 2.768   23.4150
 2.766   23.4350
 2.765   23.4950
 2.763   23.5270
 2.762   23.5160
 2.761   23.5170
 2.759   23.5320
 2.757   23.5630
 2.756   23.6260
 2.755   23.6230
 2.753   23.6180
 2.752   23.6330
 2.750   23.6010
 2.749   23.5840
 2.747   23.6270
 2.746   23.6500
 2.744   23.6690
 2.743   23.7260
 2.741   23.7700
 2.740   23.7850
 2.739   23.7660
 2.737   23.7580
 2.736   23.7800
 2.734   23.7810
 2.733   23.7840
 2.731   23.7770
 2.730   23.7840
 2.728   23.7940
 2.727   23.8300
 2.726   23.8800
 2.724   23.9080
 2.723   23.8760
 2.721   23.9010
 2.720   23.9300
 2.719   23.8680
 2.717   23.8460
 2.716   23.8700
 2.714   23.8710
 2.713   23.8770
 2.711   23.9070
 2.710   23.8970
 2.708   23.9120
 2.707   23.9050
 2.706   23.8690
 2.704   23.8500
 2.703   23.8530
 2.701   23.8640
 2.700   23.8590
 2.699   23.8420
 2.697   23.8450
 2.696   23.8590
 2.695   23.8640
 2.693   23.8560
 2.692   23.8210
 2.690   23.8120
 2.689   23.8030
 2.688   23.7930
 2.686   23.7990
 2.685   23.8110
 2.683   23.7820
 2.682   23.7600
 2.680   23.7700
 2.679   23.8070
 2.678   23.7980
 2.676   23.8300
 2.675   23.7910
 2.674   23.7470
 2.672   23.7640
 2.671   23.8610
 2.670   23.8680
 2.668   23.8100
 2.667   23.8670
 2.665   23.8900
 2.664   23.8230
 2.663   23.7470
 2.661   23.7300
 2.660   23.7320
 2.659   23.7230
 2.657   23.7080
 2.656   23.7080
 2.655   23.6970
 2.653   23.7000
 2.652   23.6890
 2.650   23.6620
 2.649   23.6340
 2.648   23.6290
 2.646   23.6350
 2.645   23.6310
 2.644   23.6210
 2.642   23.5950
 2.641   23.5660
 2.640   23.5660
 2.638   23.5620
 2.637   23.5430
 2.636   23.5560
 2.634   23.5660
 2.633   23.5610
 2.632   23.5870
 2.630   23.6110
 2.629   23.5430
 2.627   23.5170
 2.626   23.5320
 2.625   23.4920
 2.624   23.4700
 2.622   23.4850
 2.621   23.5290
 2.620   23.5130
 2.618   23.4560
 2.617   23.4730
 2.616   23.4480
 2.614   23.3800
 2.613   23.3710
 2.612   23.3610
 2.610   23.3590
 2.609   23.3600
 2.608   23.3420
 2.606   23.3730
 2.605   23.3870
 2.604   23.3490
 2.603   23.3270
 2.601   23.2800
 2.600   23.2380
 2.599   23.2690
 2.597   23.3200
 2.596   23.3900
 2.595   23.4300
 2.593   23.3070
 2.592   23.2050
 2.591   23.2100
 2.590   23.2250
 2.588   23.1960
 2.587   23.1800
 2.586   23.1900
 2.584   23.2370
 2.583   23.2050
 2.582   23.1530
 2.580   23.1590
 2.579   23.1390
 2.578   23.1220
 2.577   23.0990
 2.575   23.0560
 2.574   23.0430
 2.573   23.0310
 2.571   23.0130
 2.570   23.0520
 2.569   23.0410
 2.568   23.0080
 2.566   23.0050
 2.565   22.9840
 2.564   22.9970
 2.563   22.9940
 2.561   22.9630
 2.560   22.9310
 2.559   22.9030
 2.558   22.9080
 2.556   22.8900
 2.555   22.8770
 2.554   22.8790
 2.553   22.8660
 2.551   22.8350
 2.550   22.8190
 2.549   22.7840
 2.547   22.7720
 2.546   22.7640
 2.545   22.7640
 2.544   22.7630
 2.543   22.7550
 2.541   22.7370
 2.540   22.7200
 2.539   22.7180
 2.538   22.7000
 2.536   22.6760
 2.535   22.6720
 2.534   22.6660
 2.533   22.6300
 2.531   22.5800
 2.530   22.5970
 2.529   22.6220
 2.528   22.6020
 2.526   22.5890
 2.525   22.5820
 2.524   22.5760
 2.523   22.5490
 2.522   22.5160
 2.520   22.5290
 2.519   22.5140
 2.518   22.5140
 2.517   22.5060
 2.515   22.4790
 2.514   22.4800
 2.513   22.4790
 2.512   22.4480
 2.511   22.4330
 2.509   22.4350
 2.508   22.4310
 2.507   22.4100
 2.506   22.3660
 2.504   22.3420
 2.503   22.3510
 2.502   22.3680
 2.501   22.3790
 2.500   22.3410
 2.498   22.2850
 2.497   22.2740
 2.496   22.2680
 2.495   22.2670
 2.494   22.2710
 2.492   22.2440
 2.491   22.2410
 2.490   22.2400
 2.489   22.2100
 2.488   22.1750
 2.486   22.1530
 2.485   22.1270
 2.484   22.1440
 2.483   22.1610
 2.482   22.1190
 2.481   22.1190
 2.479   22.1080
 2.478   22.0760
 2.477   22.0670
 2.476   22.0640
 2.474   22.0290
 2.473   22.0060
 2.472   22.0050
 2.471   22.0260
 2.470   22.0540
 2.469   22.0250
 2.467   22.0000
 2.466   21.9620
 2.465   21.9370
 2.464   21.9520
 2.463   21.9750
 2.462   21.9630
 2.460   21.9240
 2.459   21.9100
 2.458   21.9300
 2.457   21.9130
 2.456   21.9090
 2.455   21.9110
 2.454   21.8820
 2.452   21.8610
 2.451   21.8520
 2.450   21.8100
 2.449   21.7650
 2.448   21.7770
 2.446   21.7830
 2.445   21.7500
 2.444   21.7330
 2.443   21.7360
 2.442   21.7630
 2.441   21.7390
 2.440   21.7050
 2.438   21.7150
 2.437   21.6890
 2.436   21.6440
 2.435   21.6310
 2.434   21.6540
 2.433   21.6320
 2.432   21.6000
 2.430   21.5970
 2.429   21.5890
 2.428   21.6040
 2.427   21.5960
 2.426   21.5800
 2.425   21.5860
 2.424   21.5760
 2.422   21.5440
 2.421   21.5060
 2.420   21.5310
 2.419   21.5370
 2.418   21.5030
 2.417   21.5000
 2.416   21.5030
 2.415   21.4810
 2.414   21.4520
 2.412   21.4430
 2.411   21.4220
 2.410   21.4350
 2.409   21.4190
 2.408   21.3880
 2.407   21.3640
 2.406   21.3600
 2.405   21.3710
 2.403   21.3940
 2.402   21.3830
 2.401   21.3430
 2.400   21.3300
 2.399   21.3290
 2.398   21.3190
 2.397   21.3280
 2.396   21.3190
 2.394   21.2690
 2.393   21.2730
 2.392   21.2490
 2.391   21.2170
 2.390   21.2330
 2.389   21.2310
 2.388   21.2030
 2.387   21.1990
 2.386   21.1760
 2.385   21.1680
 2.384   21.2050
 2.382   21.1870
 2.381   21.1350
 2.380   21.1230
 2.379   21.1470
 2.378   21.1170
 2.377   21.0750
 2.376   21.0820
 2.375   21.0880
 2.374   21.0720
 2.373   21.0290
 2.372   21.0380
 2.370   21.0630
 2.369   21.0540
 2.368   21.0160
 2.367   20.9870
 2.366   20.9870
 2.365   20.9890
 2.364   20.9700
 2.363   20.9530
 2.362   20.9720
 2.361   20.9740
 2.360   20.9350
 2.359   20.9100
 2.357   20.9470
 2.356   20.9450
 2.355   20.9280
 2.354   20.9180
 2.353   20.9000
 2.352   20.8810
 2.351   20.8940
 2.350   20.8990
 2.349   20.8820
 2.348   20.8600
 2.347   20.8170
 2.346   20.7950
 2.345   20.8200
 2.344   20.8120
 2.343   20.7850
 2.341   20.7960
 2.341   20.7790
 2.339   20.7340
 2.338   20.7310
 2.337   20.7670
 2.336   20.7500
 2.335   20.7330
 2.334   20.7520
 2.333   20.7190
 2.332   20.6970
 2.331   20.7250
 2.330   20.7210
 2.329   20.6800
 2.328   20.6430
 2.327   20.6340
 2.326   20.6460
 2.325   20.6310
 2.324   20.6220
 2.323   20.6100
 2.322   20.6540
 2.321   20.6470
 2.320   20.6070
 2.318   20.6170
 2.317   20.6280
 2.316   20.6030
 2.315   20.5670
 2.314   20.5340
 2.313   20.5310
 2.312   20.5540
 2.311   20.5520
 2.310   20.5590
 2.309   20.5630
 2.308   20.5370
 2.307   20.5250
 2.306   20.4990
 2.305   20.4920
 2.304   20.5330
 2.303   20.5110
 2.302   20.4690
 2.301   20.4530
 2.300   20.4520
 2.299   20.4780
 2.298   20.4930
 2.297   20.4500
 2.296   20.4350
 2.295   20.4550
 2.294   20.4380
 2.293   20.4020
 2.292   20.3830
 2.291   20.3740
 2.290   20.4000
 2.289   20.3860
 2.288   20.3440
 2.287   20.3440
 2.286   20.3770
 2.285   20.3480
 2.284   20.3120
 2.283   20.3220
 2.282   20.3210
 2.281   20.2940
 2.280   20.2960
 2.279   20.2820
 2.278   20.2820
 2.277   20.2430
 2.276   20.2380
 2.275   20.2710
 2.274   20.2590
 2.273   20.2550
 2.272   20.2290
 2.271   20.2310
 2.270   20.2550
 2.269   20.2500
 2.268   20.2210
 2.267   20.2050
 2.266   20.2090
 2.265   20.2180
 2.264   20.2200
 2.263   20.1920
 2.262   20.1310
 2.261   20.1270
 2.260   20.1350
 2.259   20.1210
 2.258   20.1510
 2.257   20.1710
 2.256   20.1130
 2.255   20.0890
 2.254   20.0870
 2.253   20.0720
 2.252   20.0720
 2.251   20.0560
 2.250   20.0310
 2.249   20.0580
 2.248   20.0560
 2.247   20.0300
 2.246   20.0400
 2.245   20.0620
 2.244   20.0570
 2.243   20.0320
 2.242   19.9970
 2.241   19.9800
 2.240   20.0060
 2.239   19.9950
 2.238   20.0010
 2.237   19.9760
 2.236   19.9810
 2.236   19.9850
 2.235   19.9870
 2.234   19.9810
 2.233   19.9360
 2.232   19.8850
 2.231   19.8870
 2.230   19.9130
 2.229   19.8820
 2.228   19.8900
 2.227   19.9010
 2.226   19.8910
 2.225   19.8500
 2.224   19.8620
 2.223   19.8830
 2.222   19.8450
 2.221   19.8430
 2.220   19.8680
 2.219   19.8420
 2.218   19.8230
 2.217   19.8330
 2.216   19.8070
 2.216   19.7940
 2.215   19.7790
 2.214   19.7560
 2.213   19.7830
 2.212   19.8230
 2.211   19.7830
 2.210   19.7860
 2.209   19.8420
 2.208   19.7910
 2.207   19.7520
 2.206   19.7340
 2.205   19.7500
 2.204   19.7670
 2.203   19.7560
 2.202   19.7510
 2.201   19.7080
 2.200   19.6960
 2.200   19.7150
 2.199   19.7270
 2.198   19.6920
 2.197   19.6700
 2.196   19.6930
 2.195   19.6530
 2.194   19.6360
 2.193   19.6460
 2.192   19.6440
 2.191   19.6250
 2.190   19.5980
 2.189   19.6440
 2.188   19.6880
 2.187   19.6540
 2.187   19.6640
 2.186   19.6790
 2.185   19.6550
 2.184   19.5920
 2.183   19.5840
 2.182   19.6100
 2.181   19.6190
 2.180   19.6210
 2.179   19.6190
 2.178   19.6250
 2.177   19.6130
 2.176   19.5850
 2.176   19.5640
 2.175   19.5700
 2.174   19.5700
 2.173   19.5770
 2.172   19.5440
 2.171   19.4850
 2.170   19.5020
 2.169   19.5510
 2.168   19.5470
 2.167   19.5020
 2.166   19.4710
 2.166   19.4840
 2.165   19.4920
 2.164   19.5160
 2.163   19.5530
 2.162   19.5140
 2.161   19.4200
 2.160   19.4610
 2.159   19.4800
 2.158   19.4710
 2.157   19.4520
 2.156   19.4560
 2.156   19.4800
 2.155   19.4260
 2.154   19.4100
 2.153   19.4090
 2.152   19.3780
 2.151   19.3810
 2.150   19.4380
 2.149   19.4500
 2.148   19.3870
 2.148   19.3670
 2.147   19.4280
 2.146   19.4240
 2.145   19.3400
 2.144   19.3090
 2.143   19.3690
 2.142   19.4050
 2.141   19.3830
 2.140   19.3370
 2.140   19.2810
 2.139   19.3190
 2.138   19.3640
 2.137   19.3050
 2.136   19.2940
 2.135   19.3170
 2.134   19.3040
 2.133   19.3010
 2.132   19.2700
 2.132   19.2130
 2.131   19.2550
 2.130   19.3280
 2.129   19.3270
 2.128   19.3090
 2.127   19.2840
 2.126   19.2640
 2.126   19.2910
 2.125   19.2860
 2.124   19.2560
 2.123   19.2870
 2.122   19.2900
 2.121   19.2290
 2.120   19.2290
 2.119   19.2810
 2.119   19.2760
 2.118   19.2670
 2.117   19.2420
 2.116   19.1760
 2.115   19.1740
 2.114   19.2150
 2.113   19.1990
 2.112   19.2060
 2.112   19.2370
 2.111   19.2080
 2.110   19.1990
 2.109   19.1910
 2.108   19.2140
 2.107   19.2310
 2.107   19.1980
 2.106   19.1870
 2.105   19.1710
 2.104   19.1710
 2.103   19.1360
 2.102   19.0890
 2.101   19.1570
 2.100   19.1710
 2.100   19.1440
 2.099   19.1660
 2.098   19.1970
 2.097   19.1610
 2.096   19.0890
 2.095   19.0850
 2.095   19.1250
 2.094   19.1590
 2.093   19.1110
 2.092   19.0360
 2.091   19.0460
 2.090   19.1030
 2.090   19.1030
 2.089   19.0600
 2.088   19.0680
 2.087   19.1060
 2.086   19.0840
 2.085   19.0900
 2.084   19.1230
 2.084   19.0700
 2.083   19.0540
 2.082   19.1040
 2.081   19.0920
 2.080   19.0690
 2.079   19.0800
