Name: Antigorite (Mg, Fe+2)3 Si2O5(OH)4 
Type:  Mineral  
Class:  Silicates
Subclass:  Phyllosilicates  (Sheet silicates) (Serpentine/Kaolin Group) 
Particle Size:  Fine (less than 2 Micrometers)
Sample No.:  antigorite.1
Owner:  JHU.
Wavelength Range:  IR
Origin:  Sample from Kalsertal, Tyrol, Austria, via the Smithsonian 
(sample no. NMNH B17958, borrowed from Jim Crowley, USGS).  
Description: The sample was a large green single crystal.  It appeared 
to be mostly pure antigorite under the microscope, but some (<3%) 
alteration or impurity was present, possibly chrysotile.



Measurement:  Transmission
First Column:  X
Second Column:  Y  
X Units:  Wavelength (micrometers)
Y Units:  Transmittance (percent)
First X Value:  25.0442
Last X Value:  4.4055
Number of X Values:  2287
Additional Information: antigo1a.txt
25.044   59.4608
24.924   58.7811
24.805   58.8163
24.686   58.9256
24.569   59.1092
24.454   59.3436
24.339   59.1795
24.225   59.2889
24.112   59.4100
24.001   59.4881
23.890   59.2030
23.781   58.6639
23.672   58.0428
23.564   56.6522
23.458   54.7381
23.352   52.4452
23.247   50.5096
23.144   48.1483
23.041   45.6815
22.939   43.4237
22.838   41.3456
22.738   39.8358
22.638   38.6601
22.540   37.3690
22.442   36.3300
22.345   35.5546
22.250   35.0468
22.154   34.9413
22.060   35.0644
21.967   35.4550
21.874   35.8690
21.782   36.6054
21.691   37.4999
21.601   38.6718
21.511   39.7382
21.422   40.9159
21.334   42.2147
21.247   43.3612
21.160   44.5018
21.074   45.8846
20.988   47.2518
20.904   48.5800
20.820   49.5760
20.737   50.4706
20.654   51.5565
20.572   52.5838
20.491   53.6092
20.410   54.5858
20.330   55.5018
20.251   56.1034
20.172   56.5487
20.094   57.2186
20.016   57.6014
19.939   57.9862
19.863   58.4256
19.787   58.8905
19.712   59.2899
19.637   59.8788
19.563   60.2967
19.489   60.7323
19.416   61.2547
19.344   61.7508
19.272   62.0194
19.201   62.1952
19.130   62.6522
19.059   62.8133
18.990   62.8368
18.920   62.8836
18.851   62.9100
18.783   62.7616
18.715   62.8602
18.648   62.7264
18.581   62.4510
18.515   62.1327
18.449   62.0077
18.384   61.8905
18.319   61.4774
18.254   61.0672
18.190   60.6815
18.126   60.3182
18.063   59.7987
18.001   59.4041
17.938   58.9120
17.876   58.5633
17.815   58.3280
17.754   58.2420
17.693   58.3241
17.633   58.7508
17.573   59.3719
17.514   60.1219
17.455   61.0799
17.396   61.9569
17.338   62.8162
17.280   63.4061
17.223   64.0565
17.166   64.5936
17.109   65.1131
17.053   65.4119
16.997   65.6883
16.942   65.8524
16.886   65.8944
16.832   65.8221
16.777   65.6414
16.723   65.3377
16.669   65.0291
16.616   64.4744
16.563   63.7703
16.510   63.0662
16.458   62.1844
16.406   61.4657
16.354   60.7313
16.302   60.0584
16.251   59.3260
16.200   58.7821
16.150   58.2791
16.100   57.9500
16.050   57.7508
16.000   57.7284
15.951   57.7420
15.902   57.8924
15.854   58.0702
15.805   58.1249
15.757   58.2264
15.710   58.2040
15.662   58.3329
15.615   58.4930
15.568   58.8153
15.521   59.1639
15.475   59.6698
15.429   60.2625
15.383   61.0057
15.338   61.7166
15.292   62.4412
15.248   63.3377
15.203   64.0750
15.158   64.9500
15.114   65.6151
15.070   66.4539
15.027   67.2069
14.983   68.0467
14.940   68.8807
14.897   69.7274
14.854   70.3983
14.812   71.0604
14.770   71.7010
14.728   72.2557
14.686   72.8328
14.645   73.2889
14.603   73.9207
14.562   74.4734
14.521   75.0750
14.481   75.6004
14.441   76.1170
14.400   76.5691
14.361   76.9363
14.321   77.3367
14.281   77.5975
14.242   77.9510
14.203   78.2820
14.164   78.6111
14.126   78.6980
14.087   78.8807
14.049   79.0535
14.011   79.3465
13.973   79.5887
13.936   79.7889
13.899   80.0804
13.861   80.3304
13.824   80.4690
13.788   80.6697
13.751   80.8943
13.715   81.0061
13.679   81.1565
13.643   81.3787
13.607   81.4705
13.571   81.6521
13.536   81.7718
13.500   81.9124
13.465   82.1306
13.430   82.2810
13.396   82.4593
13.361   82.5745
13.327   82.6097
13.293   82.7014
13.259   82.8245
13.225   82.9490
13.191   83.0662
13.158   83.0960
13.124   83.1097
13.091   83.1853
13.058   83.2517
13.026   83.3826
12.993   83.3225
12.960   83.1936
12.928   83.2171
12.896   83.2820
12.864   83.2347
12.832   83.2815
12.800   83.3846
12.769   83.5935
12.737   83.7249
12.706   83.8577
12.675   84.0530
12.644   84.1736
12.614   84.3513
12.583   84.3299
12.552   84.3758
12.522   84.4353
12.492   84.5706
12.462   84.4866
12.432   84.5095
12.402   84.5740
12.373   84.5193
12.343   84.6228
12.314   84.4959
12.285   84.5237
12.256   84.5135
12.227   84.4768
12.198   84.3758
12.169   84.3069
12.141   84.2527
12.113   84.1468
12.084   83.9104
12.056   83.7928
12.028   83.6077
12.000   83.1975
11.973   82.9431
11.945   82.8074
11.918   82.7625
11.890   82.5139
11.863   82.3660
11.836   82.1858
11.809   82.0330
11.782   81.8260
11.755   81.7224
11.729   81.4729
11.702   81.1717
11.676   80.9226
11.650   80.7615
11.624   80.6062
11.598   80.4021
11.572   80.4026
11.546   80.2991
11.520   80.2693
11.495   80.1370
11.469   80.0413
11.444   79.8753
11.419   79.7850
11.394   79.7342
11.369   79.6990
11.344   79.7405
11.319   79.6717
11.294   79.5628
11.270   79.3045
11.245   79.2000
11.221   78.9168
11.197   78.5935
11.173   78.1961
11.149   77.8689
11.125   77.4104
11.101   76.8904
11.077   76.3987
11.054   75.7640
11.030   75.1180
11.007   74.4241
10.983   73.8206
10.960   73.1248
10.937   72.5316
10.914   71.9280
10.891   71.4129
10.868   70.8245
10.846   70.0770
10.823   69.3421
10.800   68.6014
10.778   67.8519
10.755   66.9530
10.733   66.0213
10.711   64.9163
10.689   63.6922
10.667   62.3050
10.645   61.0018
10.623   59.4657
10.602   57.6605
10.580   55.9398
10.558   54.0780
10.537   52.2811
10.516   50.5448
10.494   48.7601
10.473   47.0214
10.452   45.4125
10.431   43.8593
10.410   42.3866
10.389   41.0180
10.368   39.7040
10.348   38.5233
10.327   37.3788
10.306   36.2948
10.286   35.2519
10.266   34.2367
10.245   33.2109
10.225   32.1737
10.205   31.2157
10.185   30.3949
10.165   29.7792
10.145   29.4106
10.125   29.2753
10.106   29.3544
10.086   29.5829
10.066   29.8705
10.047   30.2074
10.027   30.5966
10.008   31.0663
 9.989   31.5195
 9.970   32.0331
 9.950   32.6513
 9.931   33.3202
 9.912   34.0522
 9.893   34.8608
 9.875   35.7035
 9.856   36.5185
 9.837   37.3036
 9.818   38.1371
 9.800   38.9423
 9.781   39.7650
 9.763   40.5766
 9.745   41.4003
 9.726   42.2221
 9.708   43.0717
 9.690   43.9227
 9.672   44.7543
 9.654   45.5487
 9.636   46.2474
 9.618   46.8475
 9.600   47.3304
 9.583   47.7426
 9.565   48.0179
 9.547   48.1952
 9.530   48.2811
 9.512   48.2445
 9.495   48.1132
 9.477   47.8715
 9.460   47.6268
 9.443   47.3221
 9.426   47.0101
 9.409   46.7675
 9.392   46.6620
 9.375   46.6449
 9.358   46.7543
 9.341   47.0106
 9.324   47.3300
 9.307   47.8143
 9.291   48.4120
 9.274   49.1039
 9.257   49.8632
 9.241   50.7411
 9.224   51.7782
 9.208   52.8924
 9.192   54.2577
 9.175   55.8377
 9.159   57.5536
 9.143   59.3895
 9.127   61.3455
 9.111   63.1756
 9.095   64.9749
 9.079   66.6859
 9.063   68.2088
 9.047   69.5545
 9.032   70.7088
 9.016   71.6878
 9.000   72.4944
 8.985   73.2732
 8.969   73.9188
 8.954   74.5691
 8.938   75.1346
 8.923   75.7464
 8.907   76.3738
 8.892   76.8699
 8.877   77.3909
 8.862   77.8455
 8.847   78.3636
 8.832   78.9339
 8.817   79.4690
 8.802   79.9427
 8.787   80.4490
 8.772   80.8875
 8.757   81.2903
 8.742   81.7288
 8.728   82.2034
 8.713   82.6111
 8.698   82.9431
 8.684   83.3699
 8.669   83.7679
 8.655   84.1824
 8.640   84.5003
 8.626   84.8474
 8.612   85.1321
 8.597   85.3606
 8.583   85.6033
 8.569   85.8699
 8.555   86.0598
 8.541   86.2542
 8.527   86.4632
 8.513   86.6487
 8.499   86.8997
 8.485   87.0828
 8.471   87.3050
 8.457   87.5232
 8.443   87.7561
 8.430   87.9317
 8.416   88.0916
 8.402   88.2549
 8.389   88.4121
 8.375   88.5564
 8.362   88.6279
 8.348   88.7442
 8.335   88.8496
 8.321   88.9756
 8.308   89.1035
 8.295   89.2888
 8.281   89.4365
 8.268   89.6297
 8.255   89.8201
 8.242   90.0342
 8.229   90.2634
 8.216   90.3982
 8.203   90.5818
 8.190   90.7412
 8.177   90.9470
 8.164   91.0457
 8.151   91.1582
 8.138   91.2722
 8.126   91.3975
 8.113   91.4219
 8.100   91.4949
 8.088   91.6289
 8.075   91.6829
 8.062   91.7488
 8.050   91.7822
 8.037   91.8821
 8.025   91.9197
 8.013   91.9727
 8.000   92.0274
 7.988   92.1170
 7.976   92.2224
 7.963   92.3447
 7.951   92.4929
 7.939   92.5928
 7.927   92.6619
 7.915   92.6475
 7.903   92.6465
 7.891   92.5899
 7.879   92.5779
 7.867   92.6062
 7.855   92.6492
 7.843   92.6787
 7.831   92.7068
 7.819   92.7488
 7.807   92.7800
 7.796   92.8164
 7.784   92.8760
 7.772   92.8965
 7.761   92.9031
 7.749   92.9385
 7.738   92.9346
 7.726   92.9402
 7.715   92.9854
 7.703   93.0081
 7.692   92.9968
 7.680   93.0098
 7.669   93.0527
 7.658   93.0847
 7.646   93.0789
 7.635   93.0759
 7.624   93.1228
 7.613   93.1670
 7.601   93.1797
 7.590   93.2190
 7.579   93.2234
 7.568   93.2051
 7.557   93.2380
 7.546   93.2566
 7.535   93.2625
 7.524   93.2432
 7.513   93.2412
 7.502   93.2148
 7.492   93.2178
 7.481   93.2263
 7.470   93.2156
 7.459   93.1807
 7.448   93.1465
 7.438   93.1248
 7.427   93.1289
 7.417   93.1541
 7.406   93.1182
 7.395   93.1084
 7.385   93.0833
 7.374   93.0940
 7.364   93.0657
 7.353   93.0574
 7.343   93.0459
 7.333   93.0374
 7.322   93.0156
 7.312   92.9558
 7.302   92.9443
 7.291   92.9004
 7.281   92.8733
 7.271   92.8125
 7.261   92.7725
 7.251   92.7002
 7.240   92.6150
 7.230   92.4939
 7.220   92.3955
 7.210   92.4463
 7.200   92.4890
 7.190   92.5342
 7.180   92.5322
 7.170   92.5593
 7.160   92.5549
 7.151   92.5359
 7.141   92.4893
 7.131   92.4138
 7.121   92.3347
 7.111   92.1956
 7.102   92.0420
 7.092   91.8792
 7.082   91.7693
 7.073   91.6406
 7.063   91.5325
 7.053   91.4922
 7.044   91.4658
 7.034   91.4248
 7.025   91.4050
 7.015   91.4226
 7.006   91.4258
 6.996   91.5020
 6.987   91.5349
 6.977   91.5674
 6.968   91.6387
 6.959   91.7083
 6.949   91.7100
 6.940   91.7117
 6.931   91.7676
 6.921   91.7673
 6.912   91.8181
 6.903   91.8369
 6.894   91.8567
 6.885   91.8728
 6.876   91.8699
 6.866   91.9299
 6.857   91.9219
 6.848   91.8699
 6.839   91.8225
 6.830   91.8818
 6.821   91.8779
 6.812   91.9092
 6.803   91.9392
 6.794   92.0252
 6.786   92.0628
 6.777   92.0684
 6.768   92.0596
 6.759   92.0466
 6.750   92.0811
 6.741   92.0410
 6.733   92.0693
 6.724   92.1072
 6.715   92.2168
 6.707   92.2061
 6.698   92.1892
 6.689   92.1983
 6.681   92.1853
 6.672   92.1729
 6.663   92.1296
 6.655   92.1047
 6.646   92.1191
 6.638   92.2097
 6.629   92.1902
 6.621   92.1433
 6.612   92.0947
 6.604   92.0574
 6.596   92.0615
 6.587   92.0645
 6.579   92.1006
 6.571   92.1296
 6.562   92.0769
 6.554   92.0554
 6.546   92.0945
 6.537   92.0371
 6.529   92.0322
 6.521   92.0938
 6.513   92.1443
 6.505   92.2615
 6.496   92.3906
 6.488   92.4121
 6.480   92.3809
 6.472   92.4150
 6.464   92.4024
 6.456   92.4753
 6.448   92.5173
 6.440   92.5664
 6.432   92.6008
 6.424   92.6638
 6.416   92.7803
 6.408   92.7859
 6.400   92.6924
 6.392   92.6824
 6.384   92.7109
 6.377   92.7195
 6.369   92.7559
 6.361   92.7654
 6.353   92.7800
 6.345   92.8611
 6.338   92.8230
 6.330   92.7610
 6.322   92.7656
 6.314   92.7634
 6.307   92.7625
 6.299   92.6865
 6.291   92.6699
 6.284   92.6377
 6.276   92.6067
 6.269   92.5205
 6.261   92.4675
 6.254   92.4404
 6.246   92.3845
 6.238   92.3059
 6.231   92.1924
 6.223   92.0984
 6.216   91.9453
 6.209   91.8069
 6.201   91.6416
 6.194   91.5252
 6.186   91.4041
 6.179   91.2334
 6.172   91.0037
 6.164   90.8298
 6.157   90.7119
 6.150   90.5508
 6.142   90.4697
 6.135   90.4705
 6.128   90.5369
 6.121   90.5237
 6.113   90.5271
 6.106   90.4736
 6.099   90.4180
 6.092   90.4736
 6.085   90.5833
 6.078   90.7813
 6.070   90.9414
 6.063   91.0945
 6.056   91.3338
 6.049   91.6934
 6.042   91.8281
 6.035   91.9568
 6.028   92.1524
 6.021   92.5176
 6.014   92.9685
 6.007   93.2913
 6.000   93.5945
 5.993   93.8513
 5.986   94.0283
 5.979   94.0779
 5.973   94.1189
 5.966   94.1260
 5.959   94.0459
 5.952   93.9883
 5.945   93.9736
 5.938   94.0566
 5.932   94.0457
 5.925   93.9363
 5.918   93.9014
 5.911   93.9199
 5.905   93.9707
 5.898   94.0938
 5.891   94.1277
 5.884   94.2214
 5.878   94.3291
 5.871   94.2937
 5.864   94.3132
 5.858   94.3337
 5.851   94.3809
 5.845   94.4031
 5.838   94.4844
 5.831   94.5691
 5.825   94.6936
 5.818   94.7471
 5.812   94.7549
 5.805   94.7869
 5.799   94.8291
 5.792   94.8694
 5.786   94.8916
 5.779   94.9421
 5.773   94.9998
 5.767   95.0837
 5.760   95.0508
 5.754   95.0078
 5.747   95.0593
 5.741   95.0645
 5.735   95.0439
 5.728   95.0439
 5.722   95.0847
 5.716   95.1121
 5.709   95.1521
 5.703   95.1404
 5.697   95.1279
 5.691   95.1355
 5.684   95.1223
 5.678   95.1553
 5.672   95.1716
 5.666   95.1804
 5.660   95.1462
 5.653   95.1433
 5.647   95.1455
 5.641   95.1777
 5.635   95.1191
 5.629   95.0759
 5.623   95.0945
 5.617   95.0925
 5.611   95.0867
 5.604   95.0750
 5.598   95.0759
 5.592   95.0723
 5.586   95.0598
 5.580   95.0857
 5.574   95.1057
 5.568   95.0527
 5.562   95.0447
 5.556   95.0720
 5.550   95.1023
 5.545   95.0945
 5.539   95.1003
 5.533   95.1150
 5.527   95.1375
 5.521   95.1660
 5.515   95.1941
 5.509   95.2029
 5.503   95.2175
 5.498   95.2227
 5.492   95.2419
 5.486   95.2715
 5.480   95.3076
 5.474   95.3181
 5.469   95.3416
 5.463   95.3691
 5.457   95.3701
 5.451   95.3594
 5.446   95.3701
 5.440   95.3455
 5.434   95.3271
 5.428   95.3467
 5.423   95.3679
 5.417   95.3535
 5.411   95.2900
 5.406   95.2693
 5.400   95.2268
 5.395   95.1902
 5.389   95.1719
 5.383   95.1360
 5.378   95.1316
 5.372   95.1121
 5.367   95.1013
 5.361   95.0930
 5.356   95.1055
 5.350   95.1104
 5.344   95.1326
 5.339   95.1289
 5.333   95.1377
 5.328   95.1580
 5.323   95.1826
 5.317   95.1816
 5.312   95.1912
 5.306   95.1843
 5.301   95.1895
 5.295   95.2175
 5.290   95.2527
 5.285   95.2588
 5.279   95.2644
 5.274   95.2888
 5.268   95.3223
 5.263   95.3425
 5.258   95.3376
 5.252   95.3748
 5.247   95.4167
 5.242   95.4502
 5.237   95.4734
 5.231   95.4941
 5.226   95.5505
 5.221   95.5837
 5.215   95.6016
 5.210   95.6133
 5.205   95.6006
 5.200   95.6101
 5.195   95.6270
 5.189   95.6296
 5.184   95.6318
 5.179   95.6433
 5.174   95.6377
 5.169   95.6257
 5.163   95.6357
 5.158   95.6580
 5.153   95.6565
 5.148   95.6582
 5.143   95.6277
 5.138   95.6445
 5.133   95.6172
 5.128   95.6201
 5.123   95.6443
 5.118   95.6355
 5.113   95.6072
 5.108   95.6306
 5.103   95.6365
 5.097   95.6316
 5.092   95.6218
 5.087   95.6035
 5.083   95.6104
 5.078   95.5879
 5.073   95.5857
 5.068   95.5547
 5.063   95.5645
 5.058   95.5681
 5.053   95.5652
 5.048   95.5496
 5.043   95.5713
 5.038   95.5801
 5.033   95.5896
 5.028   95.6042
 5.023   95.6130
 5.019   95.6238
 5.014   95.5945
 5.009   95.6179
 5.004   95.6169
 4.999   95.6257
 4.994   95.6604
 4.990   95.6721
 4.985   95.6877
 4.980   95.6794
 4.975   95.7034
 4.970   95.7205
 4.966   95.7424
 4.961   95.7405
 4.956   95.7463
 4.951   95.7493
 4.947   95.7625
 4.942   95.7522
 4.937   95.7678
 4.933   95.7507
 4.928   95.7698
 4.923   95.7878
 4.919   95.7878
 4.914   95.8088
 4.909   95.8206
 4.905   95.8210
 4.900   95.8411
 4.895   95.8591
 4.891   95.8879
 4.886   95.8904
 4.882   95.8967
 4.877   95.9080
 4.872   95.9275
 4.868   95.9529
 4.863   95.9641
 4.859   95.9924
 4.854   95.9934
 4.850   96.0154
 4.845   96.0281
 4.840   96.0305
 4.836   96.0417
 4.831   96.0398
 4.827   96.0437
 4.822   96.0413
 4.818   96.0486
 4.814   96.0417
 4.809   96.0652
 4.805   96.0632
 4.800   96.0388
 4.796   96.0579
 4.791   96.0842
 4.787   96.0999
 4.782   96.1082
 4.778   96.0730
 4.774   96.0959
 4.769   96.1023
 4.765   96.1086
 4.760   96.1213
 4.756   96.1291
 4.752   96.1497
 4.747   96.1594
 4.743   96.1531
 4.739   96.1614
 4.734   96.1755
 4.730   96.1843
 4.726   96.2009
 4.721   96.1882
 4.717   96.1902
 4.713   96.2156
 4.709   96.2180
 4.704   96.2327
 4.700   96.2463
 4.696   96.2444
 4.692   96.2458
 4.687   96.2620
 4.683   96.2527
 4.679   96.2463
 4.675   96.2405
 4.670   96.2434
 4.666   96.2766
 4.662   96.2800
 4.658   96.2859
 4.654   96.3166
 4.649   96.3162
 4.645   96.3123
 4.641   96.3054
 4.637   96.3108
 4.633   96.2859
 4.629   96.2888
 4.625   96.3083
 4.620   96.3357
 4.616   96.3562
 4.612   96.4036
 4.608   96.4753
 4.604   96.4509
 4.600   96.3987
 4.596   96.3616
 4.592   96.3948
 4.588   96.4109
 4.584   96.4158
 4.580   96.3870
 4.576   96.3533
 4.572   96.3367
 4.568   96.3005
 4.564   96.2844
 4.560   96.2756
 4.555   96.2947
 4.551   96.2991
 4.548   96.2996
 4.544   96.2971
 4.540   96.3127
 4.536   96.2971
 4.532   96.2791
 4.528   96.2952
 4.524   96.2952
 4.520   96.2844
 4.516   96.2888
 4.512   96.2888
 4.508   96.2898
 4.504   96.2644
 4.500   96.2214
 4.496   96.2151
 4.492   96.2419
 4.488   96.2541
 4.485   96.2522
 4.481   96.2458
 4.477   96.2434
 4.473   96.2444
 4.469   96.2581
 4.465   96.2385
 4.461   96.2419
 4.458   96.2219
 4.454   96.2126
 4.450   96.2146
 4.446   96.2249
 4.442   96.2458
 4.438   96.2234
 4.435   96.2141
 4.431   96.2288
 4.427   96.2249
 4.423   96.2170
 4.420   96.1946
 4.416   96.1970
 4.412   96.1975
 4.408   96.2034
 4.405   96.2073
 4.401   96.1853
 4.397   96.2048
 4.393   96.1741
 4.390   96.1692
 4.386   96.1643
 4.382   96.1804
 4.379   96.1936
 4.375   96.2048
 4.371   96.2166
 4.367   96.1912
 4.364   96.1697
 4.360   96.1833
 4.356   96.1736
 4.353   96.1389
 4.349   96.1423
 4.345   96.1399
 4.342   96.1443
 4.338   96.1316
 4.335   96.1541
 4.331   96.1316
 4.327   96.1355
 4.324   96.1301
 4.320   96.0979
 4.317   96.1052
 4.313   96.0920
 4.309   96.0691
 4.306   96.0535
 4.302   96.0769
 4.299   96.0300
 4.295   96.0398
 4.292   96.0393
 4.288   96.0559
 4.284   96.0544
 4.281   96.0681
 4.277   96.0652
 4.274   96.0686
 4.270   96.0623
 4.267   96.0330
 4.263   96.0471
 4.260   96.0457
 4.256   96.0383
 4.253   96.0432
 4.249   96.0242
 4.246   96.0139
 4.242   96.0452
 4.239   96.0115
 4.235   96.0222
 4.232   96.0124
 4.229   95.9592
 4.225   95.9866
 4.222   95.9832
 4.218   95.9773
 4.215   95.9636
 4.211   95.9807
 4.208   95.9749
 4.205   95.9963
 4.201   95.9866
 4.198   95.9802
 4.194   96.0198
 4.191   96.0334
 4.188   96.0476
 4.184   96.0374
 4.181   96.0417
 4.177   96.0315
 4.174   96.0613
 4.171   96.0740
 4.167   96.0632
 4.164   96.0242
 4.161   95.9861
 4.157   95.9788
 4.154   95.9680
 4.151   95.9260
 4.147   95.9612
 4.144   95.9929
 4.141   95.9685
 4.137   95.9690
 4.134   95.9846
 4.131   95.9783
 4.128   95.9656
 4.124   95.9597
 4.121   95.9529
 4.118   95.9851
 4.114   96.0041
 4.111   96.0095
 4.108   95.9812
 4.105   95.9495
 4.101   95.9402
 4.098   95.9299
 4.095   95.9109
 4.092   95.9377
 4.088   95.9548
 4.085   95.9631
 4.082   95.9841
 4.079   95.9841
 4.076   95.9612
 4.072   95.9495
 4.069   95.9675
 4.066   95.9827
 4.063   96.0046
 4.060   95.9910
 4.056   95.9626
 4.053   95.9797
 4.050   95.9573
 4.047   95.9553
 4.044   95.9216
 4.041   95.9456
 4.038   95.9729
 4.034   95.9529
 4.031   95.9548
 4.028   95.9529
 4.025   95.9607
 4.022   95.9705
 4.019   95.9924
 4.016   95.9841
 4.013   95.9675
 4.009   95.9260
 4.006   95.9431
 4.003   95.9333
 4.000   95.9441
 3.997   95.9324
 3.994   95.8826
 3.991   95.8738
 3.988   95.8870
 3.985   95.8874
 3.982   95.8772
 3.979   95.8640
 3.976   95.8337
 3.973   95.8289
 3.969   95.8494
 3.966   95.8640
 3.963   95.8865
 3.960   95.8611
 3.957   95.8733
 3.954   95.8948
 3.951   95.8796
 3.948   95.8928
 3.945   95.8889
 3.942   95.9065
 3.939   95.9109
 3.936   95.9343
 3.933   95.9221
 3.930   95.8962
 3.927   95.8992
 3.924   95.9104
 3.921   95.8953
 3.918   95.8791
 3.916   95.8660
 3.913   95.8347
 3.910   95.8269
 3.907   95.8303
 3.904   95.8523
 3.901   95.8562
 3.898   95.8796
 3.895   95.8772
 3.892   95.8640
 3.889   95.8425
 3.886   95.8347
 3.883   95.8181
 3.880   95.7986
 3.877   95.7605
 3.875   95.7053
 3.872   95.6936
 3.869   95.6707
 3.866   95.6589
 3.863   95.6746
 3.860   95.6599
 3.857   95.6316
 3.854   95.6492
 3.852   95.6877
 3.849   95.6838
 3.846   95.6936
 3.843   95.6511
 3.840   95.6296
 3.837   95.6433
 3.834   95.6599
 3.832   95.6213
 3.829   95.5603
 3.826   95.5745
 3.823   95.6096
 3.820   95.6013
 3.817   95.5867
 3.815   95.5896
 3.812   95.5837
 3.809   95.5984
 3.806   95.5588
 3.803   95.5076
 3.801   95.5115
 3.798   95.5237
 3.795   95.4880
 3.792   95.4939
 3.790   95.4963
 3.787   95.4900
 3.784   95.4695
 3.781   95.4919
 3.779   95.4846
 3.776   95.4207
 3.773   95.3987
 3.770   95.3987
 3.768   95.3616
 3.765   95.3284
 3.762   95.3088
 3.759   95.3108
 3.757   95.3152
 3.754   95.3088
 3.751   95.2932
 3.748   95.3093
 3.746   95.2800
 3.743   95.2576
 3.740   95.2332
 3.738   95.2556
 3.735   95.2703
 3.732   95.2419
 3.730   95.1902
 3.727   95.1897
 3.724   95.1667
 3.722   95.1228
 3.719   95.1042
 3.716   95.0984
 3.714   95.0681
 3.711   95.0789
 3.708   95.0764
 3.706   95.0881
 3.703   95.0447
 3.700   95.0408
 3.698   95.0413
 3.695   94.9812
 3.692   94.9314
 3.690   94.9202
 3.687   94.9470
 3.685   94.9319
 3.682   94.8499
 3.679   94.8503
 3.677   94.8655
 3.674   94.8376
 3.671   94.8186
 3.669   94.7913
 3.666   94.8069
 3.664   94.8225
 3.661   94.8084
 3.659   94.8162
 3.656   94.8323
 3.653   94.7932
 3.651   94.8010
 3.648   94.7712
 3.646   94.7634
 3.643   94.7664
 3.641   94.7146
 3.638   94.6638
 3.635   94.6326
 3.633   94.6252
 3.630   94.6331
 3.628   94.6228
 3.625   94.6116
 3.623   94.5554
 3.620   94.5447
 3.618   94.5320
 3.615   94.5408
 3.613   94.5256
 3.610   94.5271
 3.608   94.5212
 3.605   94.4827
 3.603   94.5081
 3.600   94.4851
 3.598   94.4734
 3.595   94.4182
 3.593   94.3943
 3.590   94.4246
 3.588   94.4417
 3.585   94.4246
 3.583   94.3826
 3.580   94.3630
 3.578   94.3420
 3.575   94.3362
 3.573   94.3025
 3.570   94.2761
 3.568   94.2971
 3.565   94.2537
 3.563   94.2092
 3.561   94.1917
 3.558   94.2078
 3.556   94.1585
 3.553   94.1443
 3.551   94.1775
 3.548   94.1443
 3.546   94.1345
 3.544   94.1233
 3.541   94.1135
 3.539   94.0925
 3.536   94.0764
 3.534   94.0642
 3.531   94.0295
 3.529   93.9988
 3.527   94.0042
 3.524   93.9627
 3.522   93.9529
 3.519   93.9773
 3.517   93.9221
 3.515   93.9275
 3.512   93.9480
 3.510   93.9412
 3.508   93.9163
 3.505   93.8826
 3.503   93.8337
 3.500   93.7888
 3.498   93.7761
 3.496   93.7810
 3.493   93.7449
 3.491   93.7205
 3.489   93.7522
 3.486   93.7127
 3.484   93.6663
 3.482   93.6677
 3.479   93.6716
 3.477   93.6467
 3.475   93.6252
 3.472   93.6252
 3.470   93.6169
 3.468   93.6248
 3.465   93.6658
 3.463   93.6101
 3.461   93.5759
 3.458   93.5862
 3.456   93.5530
 3.454   93.5222
 3.452   93.5486
 3.449   93.5447
 3.447   93.5271
 3.445   93.5120
 3.442   93.4841
 3.440   93.4397
 3.438   93.4197
 3.435   93.4221
 3.433   93.4260
 3.431   93.4124
 3.429   93.4060
 3.426   93.3669
 3.424   93.3025
 3.422   93.2639
 3.420   93.2127
 3.417   93.1521
 3.415   93.0862
 3.413   93.0608
 3.411   93.0315
 3.408   93.0310
 3.406   93.0076
 3.404   93.0349
 3.402   93.0139
 3.399   92.9924
 3.397   92.9978
 3.395   93.0271
 3.393   93.0349
 3.391   93.0217
 3.388   92.9983
 3.386   92.9714
 3.384   92.9861
 3.382   92.9592
 3.380   92.9710
 3.377   92.9729
 3.375   92.9832
 3.373   93.0007
 3.371   93.0212
 3.369   92.9890
 3.366   92.9202
 3.364   92.8909
 3.362   92.8611
 3.360   92.8323
 3.358   92.8499
 3.355   92.8650
 3.353   92.8298
 3.351   92.7791
 3.349   92.7947
 3.347   92.7966
 3.345   92.7605
 3.342   92.7385
 3.340   92.7478
 3.338   92.7717
 3.336   92.7092
 3.334   92.6775
 3.332   92.6726
 3.330   92.6502
 3.327   92.6209
 3.325   92.5984
 3.323   92.5740
 3.321   92.5706
 3.319   92.5398
 3.317   92.5471
 3.315   92.5232
 3.313   92.5276
 3.310   92.5120
 3.308   92.5276
 3.306   92.5237
 3.304   92.5159
 3.302   92.5003
 3.300   92.4334
 3.298   92.4807
 3.296   92.4221
 3.294   92.3806
 3.292   92.3440
 3.289   92.3069
 3.287   92.2898
 3.285   92.2283
 3.283   92.2107
 3.281   92.1526
 3.279   92.1311
 3.277   92.1096
 3.275   92.0764
 3.273   92.0862
 3.271   92.0798
 3.269   92.0784
 3.267   92.0427
 3.265   92.0315
 3.263   91.9788
 3.260   91.9670
 3.258   91.9470
 3.256   91.9509
 3.254   91.9202
 3.252   91.9021
 3.250   91.8674
 3.248   91.8518
 3.246   91.8318
 3.244   91.8264
 3.242   91.8342
 3.240   91.8303
 3.238   91.8010
 3.236   91.8186
 3.234   91.7893
 3.232   91.7380
 3.230   91.6643
 3.228   91.6565
 3.226   91.6311
 3.224   91.6213
 3.222   91.5452
 3.220   91.5623
 3.218   91.5276
 3.216   91.5022
 3.214   91.4900
 3.212   91.4607
 3.210   91.4534
 3.208   91.4099
 3.206   91.3850
 3.204   91.3499
 3.202   91.3694
 3.200   91.3298
 3.198   91.3005
 3.196   91.2639
 3.194   91.2361
 3.192   91.1668
 3.190   91.1199
 3.188   91.1326
 3.186   91.1052
 3.184   91.0593
 3.182   91.0115
 3.180   90.9705
 3.179   90.9255
 3.177   90.8836
 3.175   90.8172
 3.173   90.7615
 3.171   90.7449
 3.169   90.6697
 3.167   90.6922
 3.165   90.6804
 3.163   90.6248
 3.161   90.5320
 3.159   90.4568
 3.157   90.4265
 3.155   90.3787
 3.153   90.3250
 3.151   90.2849
 3.150   90.2752
 3.148   90.2400
 3.146   90.1882
 3.144   90.0769
 3.142   90.0173
 3.140   90.0213
 3.138   89.9988
 3.136   89.9265
 3.134   89.9304
 3.132   89.9187
 3.131   89.8513
 3.129   89.8240
 3.127   89.7810
 3.125   89.7107
 3.123   89.6580
 3.121   89.5701
 3.119   89.5007
 3.117   89.4734
 3.115   89.4207
 3.114   89.3416
 3.112   89.2586
 3.110   89.1746
 3.108   89.1267
 3.106   89.0281
 3.104   88.8924
 3.102   88.8533
 3.101   88.7693
 3.099   88.6687
 3.097   88.6121
 3.095   88.5466
 3.093   88.4265
 3.091   88.3504
 3.089   88.2830
 3.088   88.2058
 3.086   88.1306
 3.084   88.1131
 3.082   88.0603
 3.080   88.0086
 3.078   87.9148
 3.077   87.8797
 3.075   87.8211
 3.073   87.7351
 3.071   87.6648
 3.069   87.5691
 3.068   87.4881
 3.066   87.4539
 3.064   87.3758
 3.062   87.2625
 3.060   87.1970
 3.058   87.1951
 3.057   87.1336
 3.055   87.1004
 3.053   87.0408
 3.051   86.9695
 3.050   86.8494
 3.048   86.8064
 3.046   86.7273
 3.044   86.6472
 3.042   86.6092
 3.041   86.5662
 3.039   86.5261
 3.037   86.4988
 3.035   86.4314
 3.033   86.3240
 3.032   86.2351
 3.030   86.2097
 3.028   86.1873
 3.026   86.1062
 3.025   86.0369
 3.023   85.9353
 3.021   85.8220
 3.019   85.6756
 3.018   85.5642
 3.016   85.4802
 3.014   85.3689
 3.012   85.2849
 3.011   85.1853
 3.009   85.1053
 3.007   84.9998
 3.005   84.8650
 3.004   84.6687
 3.002   84.5603
 3.000   84.4392
 2.998   84.2859
 2.997   84.1570
 2.995   84.0574
 2.993   83.9275
 2.991   83.7615
 2.990   83.6179
 2.988   83.4539
 2.986   83.3357
 2.985   83.1687
 2.983   82.9920
 2.981   82.8357
 2.979   82.7088
 2.978   82.5242
 2.976   82.3494
 2.974   82.1814
 2.973   82.0623
 2.971   81.9041
 2.969   81.7039
 2.967   81.5594
 2.966   81.4178
 2.964   81.2820
 2.962   81.1541
 2.961   80.9617
 2.959   80.7928
 2.957   80.6599
 2.956   80.5428
 2.954   80.4236
 2.952   80.2791
 2.951   80.1814
 2.949   80.0506
 2.947   79.8641
 2.946   79.7351
 2.944   79.6600
 2.942   79.4705
 2.941   79.3592
 2.939   79.2508
 2.937   79.1121
 2.936   79.0447
 2.934   78.9412
 2.932   78.8562
 2.931   78.7937
 2.929   78.7234
 2.927   78.6560
 2.926   78.5984
 2.924   78.5613
 2.922   78.5213
 2.921   78.4617
 2.919   78.4197
 2.917   78.4158
 2.916   78.3885
 2.914   78.2771
 2.912   78.2195
 2.911   78.2225
 2.909   78.2596
 2.908   78.2791
 2.906   78.2713
 2.904   78.2703
 2.903   78.2859
 2.901   78.2771
 2.899   78.2732
 2.898   78.3221
 2.896   78.3533
 2.895   78.3396
 2.893   78.3289
 2.891   78.3787
 2.890   78.3484
 2.888   78.3875
 2.887   78.3846
 2.885   78.4432
 2.883   78.4422
 2.882   78.4266
 2.880   78.4568
 2.878   78.4021
 2.877   78.4178
 2.875   78.4568
 2.874   78.4422
 2.872   78.4656
 2.871   78.4930
 2.869   78.4344
 2.867   78.4236
 2.866   78.4939
 2.864   78.5057
 2.863   78.5672
 2.861   78.5721
 2.859   78.5447
 2.858   78.6023
 2.856   78.6717
 2.855   78.6678
 2.853   78.6990
 2.852   78.7508
 2.850   78.8201
 2.848   78.8592
 2.847   78.9002
 2.845   78.9705
 2.844   79.0125
 2.842   79.0291
 2.841   79.0779
 2.839   79.1268
 2.838   79.1424
 2.836   79.1853
 2.834   79.2010
 2.833   79.2478
 2.831   79.3211
 2.830   79.4070
 2.828   79.4617
 2.827   79.5037
 2.825   79.5369
 2.824   79.5564
 2.822   79.6775
 2.821   79.7244
 2.819   79.7713
 2.817   79.8103
 2.816   79.8709
 2.814   79.8875
 2.813   79.9471
 2.811   79.9344
 2.810   79.9344
 2.808   80.0369
 2.807   80.0818
 2.805   80.1023
 2.804   80.1717
 2.802   80.2156
 2.801   80.2361
 2.799   80.2791
 2.798   80.4041
 2.796   80.4373
 2.795   80.5242
 2.793   80.6033
 2.792   80.6775
 2.790   80.7615
 2.789   80.8396
 2.787   81.0037
 2.786   81.1424
 2.784   81.2742
 2.783   81.3162
 2.781   81.3611
 2.780   81.4851
 2.778   81.5701
 2.777   81.7068
 2.775   81.7703
 2.774   81.8474
 2.772   81.8846
 2.771   82.0076
 2.769   82.0633
 2.768   82.1072
 2.766   82.1248
 2.765   82.0701
 2.763   82.0428
 2.762   82.0037
 2.760   82.0437
 2.759   82.0135
 2.758   81.9197
 2.756   81.8553
 2.755   81.6765
 2.753   81.4510
 2.752   81.2049
 2.750   80.9461
 2.749   80.6580
 2.747   80.4734
 2.746   80.2351
 2.744   79.9139
 2.743   79.6570
 2.741   79.4266
 2.740   79.1922
 2.739   78.8299
 2.737   78.4500
 2.736   77.9666
 2.734   77.4695
 2.733   76.6580
 2.731   75.8162
 2.730   74.8670
 2.729   73.7068
 2.727   72.4490
 2.726   71.0281
 2.724   69.6336
 2.723   68.3182
 2.721   67.2664
 2.720   66.6492
 2.718   66.6453
 2.717   67.4334
 2.716   68.8914
 2.714   70.7156
 2.713   72.7342
 2.711   74.7732
 2.710   76.7146
 2.709   78.3846
 2.707   79.7469
 2.706   80.8836
 2.704   81.9060
 2.703   83.1765
 2.701   84.6541
 2.700   86.2429
 2.699   87.6531
 2.697   88.7625
 2.696   89.6423
 2.694   90.3826
 2.693   90.9109
 2.692   91.3718
 2.690   91.7595
 2.689   92.1052
 2.687   92.3806
 2.686   92.6404
 2.685   92.8962
 2.683   93.0398
 2.682   93.1365
 2.681   93.1677
 2.679   93.3552
 2.678   93.4382
 2.676   93.5388
 2.675   93.6101
 2.674   93.6843
 2.672   93.7429
 2.671   93.9216
 2.669   93.9861
 2.668   93.8787
 2.667   93.9304
 2.665   93.9763
 2.664   93.9568
 2.663   93.9255
 2.661   94.0828
 2.660   94.1052
 2.659   94.1257
 2.657   94.1599
 2.656   94.2498
 2.654   94.2664
 2.653   94.2615
 2.652   94.3015
 2.650   94.3025
 2.649   94.2927
 2.648   94.2820
 2.646   94.2263
 2.645   94.2585
 2.644   94.2000
 2.642   94.2810
 2.641   94.2459
 2.640   94.2585
 2.638   94.2302
 2.637   94.1882
 2.636   94.1843
 2.634   94.1599
 2.633   94.1570
 2.632   94.2625
 2.630   94.2927
 2.629   94.2771
 2.628   94.2468
 2.626   94.2781
 2.625   94.1951
 2.624   94.1804
 2.622   94.2351
 2.621   94.2507
 2.620   94.3562
 2.618   94.2888
 2.617   94.2546
 2.616   94.2986
 2.614   94.2507
 2.613   94.3562
 2.612   94.2986
 2.610   94.2039
 2.609   94.2585
 2.608   94.3044
 2.606   94.3484
 2.605   94.3982
 2.604   94.3240
 2.602   94.2068
 2.601   94.1287
 2.600   94.0779
 2.599   94.1013
 2.597   94.0818
 2.596   94.2029
 2.595   94.3210
 2.593   94.2742
 2.592   94.2498
 2.591   94.3044
 2.589   94.2585
 2.588   94.2820
 2.587   94.2576
 2.586   94.2273
 2.584   94.2312
 2.583   94.1990
 2.582   94.1804
 2.580   94.1423
 2.579   94.0134
 2.578   94.0037
 2.577   94.1111
 2.575   94.1697
 2.574   94.2478
 2.573   94.2029
 2.572   94.0916
 2.570   94.1853
 2.569   94.0564
 2.568   94.0095
 2.566   93.9998
 2.565   94.0505
 2.564   94.0642
 2.563   94.0994
 2.561   94.1189
 2.560   94.1150
 2.559   94.0584
 2.558   94.0193
 2.556   93.8826
 2.555   93.9236
 2.554   93.9177
 2.553   93.9529
 2.551   93.9490
 2.550   93.8865
 2.549   93.8865
 2.547   93.9548
 2.546   93.9138
 2.545   93.9236
 2.544   94.0095
 2.542   93.9431
 2.541   93.9763
 2.540   93.9548
 2.539   94.0701
 2.538   94.0720
 2.536   94.0291
 2.535   94.0427
 2.534   94.0349
 2.533   94.0779
 2.531   94.0896
 2.530   94.1033
 2.529   93.9080
 2.528   93.8142
 2.526   93.8923
 2.525   93.9490
 2.524   93.8826
 2.523   93.7986
 2.521   93.7908
 2.520   93.7986
 2.519   93.7888
 2.518   93.9294
 2.517   93.9705
 2.515   93.8611
 2.514   93.8084
 2.513   93.8377
 2.512   93.8767
 2.510   94.0369
 2.509   93.9548
 2.508   93.8279
 2.507   93.8416
 2.506   93.8630
 2.504   93.8767
 2.503   93.8416
 2.502   93.8201
 2.501   93.8572
 2.500   93.8513
 2.498   93.8943
 2.497   93.8904
 2.496   93.7888
 2.495   93.6970
 2.494   93.7654
 2.492   93.7576
 2.491   93.7634
 2.490   93.7986
 2.489   93.7908
 2.488   93.8162
 2.486   93.7439
 2.485   93.7302
 2.484   93.8259
 2.483   93.8689
 2.482   93.8865
 2.480   93.8962
 2.479   93.7908
 2.478   93.7576
 2.477   93.8377
 2.476   93.8982
 2.475   93.8552
 2.473   93.7595
 2.472   93.7615
 2.471   93.7810
 2.470   93.8084
 2.469   93.7771
 2.467   93.7966
 2.466   93.6658
 2.465   93.5330
 2.464   93.6013
 2.463   93.6834
 2.462   93.6443
 2.460   93.6111
 2.459   93.6912
 2.458   93.6990
 2.457   93.6716
 2.456   93.6345
 2.455   93.4959
 2.453   93.4998
 2.452   93.6443
 2.451   93.5818
 2.450   93.5310
 2.449   93.5134
 2.448   93.5095
 2.447   93.4548
 2.445   93.4783
 2.444   93.4705
 2.443   93.4939
 2.442   93.5076
 2.441   93.5896
 2.440   93.5818
 2.438   93.5662
 2.437   93.5623
 2.436   93.5857
 2.435   93.5701
 2.434   93.5330
 2.433   93.5252
 2.432   93.6091
 2.430   93.5877
 2.429   93.5720
 2.428   93.5076
 2.427   93.5193
 2.426   93.5095
 2.425   93.5154
 2.424   93.5623
 2.423   93.5955
 2.421   93.6365
 2.420   93.5974
 2.419   93.5154
 2.418   93.5486
 2.417   93.5388
 2.416   93.4060
 2.415   93.3787
 2.413   93.4685
 2.412   93.4314
 2.411   93.4841
 2.410   93.5466
 2.409   93.4490
 2.408   93.3474
 2.407   93.3396
 2.406   93.3084
 2.405   93.3435
 2.403   93.4158
 2.402   93.3787
 2.401   93.4236
 2.400   93.3552
 2.399   93.2966
 2.398   93.3201
 2.397   93.2966
 2.396   93.3669
 2.395   93.4705
 2.393   93.2673
 2.392   93.2732
 2.391   93.3318
 2.390   93.4216
 2.389   93.4255
 2.388   93.3435
 2.387   93.2888
 2.386   93.2615
 2.385   93.3123
 2.384   93.3533
 2.382   93.3689
 2.381   93.2966
 2.380   93.2419
 2.379   93.2849
 2.378   93.3123
 2.377   93.2127
 2.376   93.2498
 2.375   93.3220
 2.374   93.3923
 2.373   93.3904
 2.372   93.3904
 2.370   93.3748
 2.369   93.4334
 2.368   93.4919
 2.367   93.5349
 2.366   93.4529
 2.365   93.4607
 2.364   93.3377
 2.363   93.3318
 2.362   93.4099
 2.361   93.3357
 2.360   93.1599
 2.359   93.1248
 2.358   93.1716
 2.356   93.2810
 2.355   93.1111
 2.354   93.1677
 2.353   93.0935
 2.352   93.0349
 2.351   93.2595
 2.350   93.2966
 2.349   93.2380
 2.348   93.2810
 2.347   93.2537
 2.346   93.2537
 2.345   93.1677
 2.344   93.1736
 2.343   93.2127
 2.342   93.1267
 2.340   93.0935
 2.339   93.0701
 2.338   93.0076
 2.337   92.9919
 2.336   93.0857
 2.335   93.1033
 2.334   93.1326
 2.333   93.0564
 2.332   93.0642
 2.331   93.2107
 2.330   93.1677
 2.329   93.1814
 2.328   93.1951
 2.327   93.1638
 2.326   93.1834
 2.325   93.2127
 2.324   93.2459
 2.323   93.2419
 2.322   93.2263
 2.321   93.2830
 2.320   93.2439
 2.318   93.1716
 2.317   93.2283
 2.316   93.3455
 2.315   93.3201
 2.314   93.1736
 2.313   93.1013
 2.312   93.1169
 2.311   93.1091
 2.310   93.1189
 2.309   93.1189
 2.308   93.0173
 2.307   92.9021
 2.306   92.9255
 2.305   93.0115
 2.304   92.9080
 2.303   92.9783
 2.302   92.9099
 2.301   92.9705
 2.300   93.1052
 2.299   93.1091
 2.298   93.2205
 2.297   93.2341
 2.296   93.2654
 2.295   93.2185
 2.294   93.2459
 2.293   93.2576
 2.292   93.3435
 2.291   93.1423
 2.290   93.1580
 2.289   93.0720
 2.288   93.0173
 2.287   93.1033
 2.286   93.1658
 2.285   93.1248
 2.284   93.0564
 2.283   93.1443
 2.282   93.2693
 2.281   93.0623
 2.280   92.9548
 2.279   93.1169
 2.278   93.1794
 2.277   93.1033
 2.276   93.0310
 2.275   92.9705
 2.274   92.9841
 2.273   92.9861
 2.272   93.0544
 2.271   93.1111
 2.270   93.0544
 2.269   93.1326
 2.268   93.3669
 2.267   93.5076
 2.266   93.5154
 2.265   93.3591
 2.264   93.3767
 2.263   93.4841
 2.262   93.3435
 2.261   93.1814
 2.260   93.2283
 2.259   93.1951
 2.258   93.1755
 2.257   93.1658
 2.256   93.1951
 2.255   93.3611
 2.254   93.3787
 2.253   93.5232
 2.252   93.4685
 2.251   93.2205
 2.250   93.2048
 2.249   93.1970
 2.248   93.2576
 2.247   93.2615
 2.246   93.3982
 2.245   93.3513
 2.244   93.3982
 2.243   93.4568
 2.242   93.4138
 2.241   93.3904
 2.240   93.4314
 2.239   93.3220
 2.238   93.2654
 2.237   93.3201
 2.236   93.3298
 2.236   93.2029
 2.235   93.2654
 2.234   93.4607
 2.233   93.4294
 2.232   93.4802
 2.231   93.5584
 2.230   93.5720
 2.229   93.5193
 2.228   93.4373
 2.227   93.5388
 2.226   93.6091
 2.225   93.5017
 2.224   93.4080
 2.223   93.3591
 2.222   93.4627
 2.221   93.4607
 2.220   93.3923
 2.219   93.4412
 2.218   93.4314
 2.217   93.4255
 2.216   93.4685
 2.215   93.5095
 2.215   93.5252
 2.214   93.4939
 2.213   93.5408
 2.212   93.7127
 2.211   93.6404
 2.210   93.6248
 2.209   93.5486
 2.208   93.5232
 2.207   93.2498
 2.206   93.2576
 2.205   93.4627
 2.204   93.3923
 2.203   93.4783
 2.202   93.3904
 2.201   93.4763
 2.200   93.6716
 2.199   93.6189
 2.199   93.4002
 2.198   93.3923
 2.197   93.3923
 2.196   93.5095
 2.195   93.5466
 2.194   93.4841
 2.193   93.5173
 2.192   93.6013
 2.191   93.6013
 2.190   93.6169
 2.189   93.5935
 2.188   93.5310
 2.187   93.6248
 2.186   93.6091
 2.186   93.5427
 2.185   93.5037
 2.184   93.3435
 2.183   93.3630
 2.182   93.5584
 2.181   93.4607
 2.180   93.4294
 2.179   93.3630
 2.178   93.1755
 2.177   93.2537
 2.176   93.4060
 2.175   93.4763
 2.175   93.5662
 2.174   93.5466
 2.173   93.6912
 2.172   93.6482
 2.171   93.8084
 2.170   93.8591
 2.169   93.8904
 2.168   93.9919
 2.167   93.9255
 2.166   93.8435
 2.165   94.1248
 2.165   94.1013
 2.164   94.0310
 2.163   93.9959
 2.162   93.9294
 2.161   93.8318
 2.160   93.9412
 2.159   94.1873
 2.158   93.9412
 2.157   93.6755
 2.156   93.6794
 2.156   93.6716
 2.155   93.6716
 2.154   93.5388
 2.153   93.4998
 2.152   93.4529
 2.151   93.6404
 2.150   93.8240
 2.149   93.8318
 2.148   93.6755
 2.148   93.5037
 2.147   93.4529
 2.146   93.4998
 2.145   93.5466
 2.144   93.5740
 2.143   93.5662
 2.142   93.4841
 2.141   93.4177
 2.140   93.5349
 2.140   93.6052
 2.139   93.7224
 2.138   93.5974
 2.137   93.8787
 2.136   93.7927
 2.135   93.8123
 2.134   93.8943
 2.133   93.9529
 2.133   94.0037
 2.132   94.0740
 2.131   94.1482
 2.130   94.2341
 2.129   94.2459
 2.128   94.0662
 2.127   94.1091
 2.126   94.0623
 2.126   94.0271
 2.125   93.9724
 2.124   94.1951
 2.123   94.1482
 2.122   94.0349
 2.121   94.1873
 2.120   94.1873
 2.119   94.0935
 2.119   94.0935
 2.118   94.1130
 2.117   94.0701
 2.116   93.8552
 2.115   93.7966
 2.114   94.0076
 2.113   94.0271
 2.113   94.2068
 2.112   94.1404
 2.111   93.9919
 2.110   93.9177
 2.109   93.9880
 2.108   94.0076
 2.107   93.9177
 2.107   94.1443
 2.106   93.9880
 2.105   93.9216
 2.104   94.1209
 2.103   94.1209
 2.102   94.0584
 2.101   93.8474
 2.101   93.8474
 2.100   94.1365
 2.099   94.1091
 2.098   94.2537
 2.097   94.3630
 2.096   94.3982
 2.095   94.4099
 2.095   94.4919
 2.094   94.7693
 2.093   94.8084
 2.092   94.6794
 2.091   94.8279
 2.090   94.8787
 2.090   94.7498
 2.089   94.4724
 2.088   94.3357
 2.087   93.9490
 2.086   93.9138
 2.085   93.9763
 2.085   94.0623
 2.084   94.0662
 2.083   94.0037
 2.082   94.2224
 2.081   94.3318
 2.080   94.4138
 2.079   94.5349
