Name: Travertine 
Type:  Rocks
Class:  Sedimentary
Subclass: Travertine 
Particle Size:  0 - 75 Micrometers
Sample No.:  travertine.1
Owner:  JHU
Wavelength Range:  All
Origin:  Sample No. 357,  The Hunt and Salisbury Collection at the U.S. 
Geological Survey, Denver, Co.
Description: A predominantly microcrystalline carbonate with vugs 
or pores often filled with larger carbonate crystals. These vugs are 
usually rimmed by hematitic material which also occurs as irregular 
bands throughout the sample.


Measurement:  Directional (10 Degree) Hemispherical Reflectance
First Column:  X
Second Column:  Y  
X Units:  Wavelength (micrometers)
Y Units:  Reflectance (percent)
First X Value: 14.9831
Last X Value:  0.4
Number of X Values: 2868
Additional Information:  None
14.983   17.6770
14.983   17.9210
14.940   18.2760
14.897   18.6450
14.854   18.9420
14.812   19.1040
14.770   19.1360
14.728   19.1370
14.686   19.1220
14.645   19.0400
14.603   18.8950
14.562   18.7280
14.521   18.4990
14.481   18.1410
14.441   17.6290
14.400   16.9330
14.361   15.9440
14.321   14.5600
14.281   12.7630
14.242   10.6160
14.203    8.2447
14.164    5.8489
14.126    3.6886
14.087    2.0629
14.049    1.2364
14.011    1.3728
13.973    2.5124
13.936    4.5537
13.899    7.2444
13.861   10.2090
13.824   13.0670
13.788   15.5530
13.751   17.5470
13.715   19.0560
13.679   20.1780
13.643   21.0450
13.607   21.7520
13.571   22.3380
13.536   22.8060
13.500   23.1590
13.465   23.4090
13.430   23.5700
13.396   23.6730
13.361   23.7380
13.327   23.7760
13.293   23.7880
13.259   23.7660
13.225   23.7040
13.191   23.5930
13.158   23.4420
13.124   23.2710
13.091   23.0960
13.058   22.9290
13.026   22.7790
12.993   22.6490
12.960   22.5410
12.928   22.4520
12.896   22.3930
12.864   22.3800
12.832   22.4280
12.800   22.5470
12.769   22.7280
12.737   22.9500
12.706   23.1870
12.675   23.4080
12.644   23.5950
12.614   23.7580
12.583   23.9240
12.552   24.1180
12.522   24.3500
12.492   24.6120
12.462   24.8820
12.432   25.1320
12.402   25.3480
12.373   25.5350
12.343   25.7140
12.314   25.9020
12.285   26.1090
12.256   26.3340
12.227   26.5600
12.198   26.7720
12.169   26.9530
12.141   27.0920
12.113   27.1750
12.084   27.1920
12.056   27.1540
12.028   27.1660
12.000   27.2180
11.973   26.9630
11.945   26.0130
11.918   24.2450
11.890   21.8430
11.863   19.2560
11.836   17.1580
11.809   16.3150
11.782   16.9110
11.755   18.2450
11.729   19.4580
11.702   19.9500
11.676   19.3830
11.650   17.7180
11.624   15.2660
11.598   12.5480
11.572    9.9325
11.546    7.5528
11.520    5.5929
11.495    4.2184
11.469    3.3862
11.444    2.9311
11.419    2.7845
11.394    3.0230
11.369    3.8208
11.344    5.3710
11.319    7.7830
11.294   10.9140
11.270   14.2850
11.245   17.3350
11.221   19.7380
11.197   21.4100
11.173   22.4380
11.149   23.0160
11.125   23.3690
11.101   23.6280
11.077   23.7970
11.054   23.8580
11.030   23.8580
11.007   23.8550
10.983   23.8890
10.960   23.9750
10.937   24.1100
10.914   24.2680
10.891   24.4050
10.868   24.4820
10.846   24.4820
10.823   24.4020
10.800   24.2590
10.778   24.0820
10.756   23.9100
10.733   23.7830
10.711   23.7290
10.689   23.7610
10.667   23.8790
10.645   24.0600
10.623   24.2830
10.602   24.5300
10.580   24.7960
10.558   25.0830
10.537   25.3930
10.516   25.7220
10.494   26.0490
10.473   26.3410
10.452   26.5760
10.431   26.7380
10.410   26.8260
10.389   26.8490
10.368   26.8120
10.348   26.7130
10.327   26.5450
10.306   26.3080
10.286   26.0250
10.266   25.7260
10.245   25.4500
10.225   25.2240
10.205   25.0370
10.185   24.8500
10.165   24.6240
10.145   24.3260
10.125   23.9470
10.106   23.4940
10.086   22.9960
10.066   22.4770
10.047   21.9520
10.027   21.4290
10.008   20.9290
 9.989   20.4740
 9.970   20.0830
 9.950   19.7760
 9.931   19.5740
 9.912   19.4790
 9.893   19.4800
 9.875   19.5500
 9.856   19.6580
 9.837   19.7650
 9.819   19.8330
 9.800   19.8360
 9.781   19.7780
 9.763   19.6810
 9.745   19.5870
 9.726   19.5410
 9.708   19.5820
 9.690   19.7260
 9.672   19.9640
 9.654   20.2690
 9.636   20.6180
 9.618   20.9950
 9.600   21.3910
 9.582   21.8020
 9.565   22.2220
 9.547   22.6400
 9.530   23.0350
 9.512   23.3830
 9.495   23.6640
 9.477   23.8620
 9.460   23.9640
 9.443   23.9690
 9.426   23.8900
 9.409   23.7470
 9.392   23.5710
 9.375   23.4060
 9.358   23.2690
 9.341   23.1150
 9.324   22.8610
 9.307   22.4200
 9.291   21.7710
 9.274   20.9920
 9.257   20.2710
 9.241   19.8540
 9.225   19.9190
 9.208   20.4690
 9.192   21.3530
 9.175   22.3200
 9.159   23.1400
 9.143   23.6870
 9.127   23.9580
 9.111   24.0430
 9.095   24.0550
 9.079   24.0700
 9.063   24.1210
 9.047   24.1980
 9.032   24.2840
 9.016   24.3790
 9.000   24.4860
 8.985   24.6000
 8.969   24.7240
 8.954   24.8570
 8.938   24.9780
 8.923   25.0480
 8.908   25.0380
 8.892   24.9290
 8.877   24.7120
 8.862   24.3840
 8.847   23.9640
 8.832   23.4750
 8.817   22.9430
 8.802   22.3940
 8.787   21.8620
 8.772   21.3790
 8.757   20.9630
 8.742   20.6090
 8.727   20.2940
 8.713   19.9740
 8.698   19.6030
 8.684   19.1500
 8.669   18.6040
 8.655   17.9890
 8.640   17.3670
 8.626   16.8160
 8.612   16.4010
 8.597   16.1580
 8.583   16.0800
 8.569   16.1250
 8.555   16.2270
 8.541   16.3200
 8.527   16.3810
 8.513   16.4200
 8.499   16.4720
 8.485   16.5740
 8.471   16.7600
 8.457   17.0400
 8.443   17.4050
 8.430   17.8310
 8.416   18.3000
 8.402   18.7950
 8.389   19.2920
 8.375   19.7700
 8.361   20.2130
 8.348   20.6080
 8.335   20.9460
 8.321   21.2330
 8.308   21.4800
 8.295   21.6980
 8.281   21.8900
 8.268   22.0590
 8.255   22.1990
 8.242   22.3030
 8.229   22.3610
 8.216   22.3620
 8.203   22.3090
 8.190   22.2100
 8.177   22.0770
 8.164   21.9220
 8.151   21.7530
 8.138   21.5720
 8.126   21.3760
 8.113   21.1660
 8.100   20.9560
 8.088   20.7760
 8.075   20.6490
 8.062   20.5940
 8.050   20.6100
 8.037   20.6780
 8.025   20.7610
 8.013   20.8150
 8.000   20.8090
 7.988   20.7250
 7.976   20.5570
 7.963   20.3150
 7.951   20.0240
 7.939   19.7220
 7.927   19.4400
 7.915   19.2070
 7.903   19.0390
 7.891   18.9300
 7.879   18.8510
 7.867   18.7600
 7.855   18.6260
 7.843   18.4380
 7.831   18.2070
 7.819   17.9590
 7.808   17.7260
 7.796   17.5320
 7.784   17.3750
 7.772   17.2270
 7.761   17.0620
 7.749   16.8580
 7.737   16.5970
 7.726   16.2750
 7.715   15.8970
 7.703   15.4810
 7.692   15.0380
 7.680   14.5840
 7.669   14.1300
 7.657   13.6890
 7.646   13.2700
 7.635   12.8810
 7.624   12.5280
 7.613   12.2220
 7.601   11.9660
 7.590   11.7590
 7.579   11.5910
 7.568   11.4490
 7.557   11.3180
 7.546   11.1840
 7.535   11.0350
 7.524   10.8690
 7.513   10.6860
 7.502   10.4860
 7.492   10.2700
 7.481   10.0400
 7.470    9.7961
 7.459    9.5432
 7.449    9.2834
 7.438    9.0234
 7.427    8.7667
 7.417    8.5131
 7.406    8.2590
 7.395    7.9966
 7.385    7.7178
 7.374    7.4175
 7.364    7.0945
 7.353    6.7561
 7.343    6.4142
 7.333    6.0802
 7.322    5.7660
 7.312    5.4790
 7.302    5.2206
 7.291    4.9881
 7.281    4.7780
 7.271    4.5871
 7.261    4.4119
 7.251    4.2511
 7.240    4.1050
 7.230    3.9764
 7.220    3.8677
 7.210    3.7793
 7.200    3.7130
 7.190    3.6661
 7.180    3.6370
 7.170    3.6266
 7.160    3.6370
 7.151    3.6740
 7.141    3.7410
 7.131    3.8317
 7.121    3.9330
 7.111    4.0266
 7.102    4.0945
 7.092    4.1265
 7.082    4.1230
 7.072    4.0955
 7.063    4.0567
 7.053    4.0152
 7.044    3.9761
 7.034    3.9394
 7.025    3.9030
 7.015    3.8653
 7.006    3.8291
 6.996    3.7950
 6.987    3.7625
 6.977    3.7327
 6.968    3.7078
 6.959    3.6910
 6.949    3.6853
 6.940    3.6924
 6.931    3.7126
 6.921    3.7403
 6.912    3.7684
 6.903    3.7931
 6.894    3.8137
 6.885    3.8326
 6.875    3.8513
 6.866    3.8715
 6.857    3.8959
 6.848    3.9212
 6.839    3.9458
 6.830    3.9681
 6.821    3.9873
 6.812    4.0055
 6.803    4.0244
 6.794    4.0458
 6.785    4.0732
 6.777    4.1047
 6.768    4.1395
 6.759    4.1770
 6.750    4.2141
 6.741    4.2506
 6.733    4.2876
 6.724    4.3257
 6.715    4.3688
 6.707    4.4171
 6.698    4.4692
 6.689    4.5263
 6.681    4.5862
 6.672    4.6480
 6.663    4.7162
 6.655    4.7934
 6.646    4.8839
 6.638    4.9885
 6.629    5.1048
 6.621    5.2308
 6.612    5.3620
 6.604    5.4970
 6.596    5.6391
 6.587    5.7883
 6.579    5.9443
 6.571    6.1046
 6.562    6.2671
 6.554    6.4284
 6.546    6.5854
 6.537    6.7384
 6.529    6.8897
 6.521    7.0431
 6.513    7.2023
 6.505    7.3752
 6.496    7.5736
 6.488    7.8064
 6.480    8.0745
 6.472    8.3629
 6.464    8.6390
 6.456    8.8590
 6.448    8.9791
 6.440    8.9715
 6.432    8.8349
 6.424    8.5898
 6.416    8.2774
 6.408    7.9374
 6.400    7.5942
 6.392    7.2556
 6.384    6.9169
 6.377    6.5650
 6.369    6.1882
 6.361    5.7833
 6.353    5.3627
 6.345    4.9468
 6.338    4.5556
 6.330    4.2113
 6.322    3.9314
 6.314    3.7232
 6.307    3.5856
 6.299    3.5089
 6.291    3.4750
 6.284    3.4634
 6.276    3.4566
 6.269    3.4409
 6.261    3.4097
 6.253    3.3642
 6.246    3.3109
 6.239    3.2536
 6.231    3.1932
 6.223    3.1338
 6.216    3.0805
 6.209    3.0343
 6.201    2.9969
 6.194    2.9706
 6.186    2.9590
 6.179    2.9595
 6.172    2.9682
 6.164    2.9860
 6.157    3.0109
 6.150    3.0405
 6.142    3.0748
 6.135    3.1132
 6.128    3.1570
 6.121    3.2044
 6.113    3.2565
 6.106    3.3173
 6.099    3.3850
 6.092    3.4594
 6.085    3.5428
 6.078    3.6356
 6.070    3.7398
 6.063    3.8561
 6.056    3.9875
 6.049    4.1386
 6.042    4.3051
 6.035    4.4798
 6.028    4.6567
 6.021    4.8327
 6.014    5.0053
 6.007    5.1728
 6.000    5.3371
 5.993    5.5062
 5.986    5.6819
 5.979    5.8600
 5.973    6.0407
 5.966    6.2273
 5.959    6.4217
 5.952    6.6259
 5.945    6.8445
 5.938    7.0806
 5.931    7.3285
 5.925    7.5774
 5.918    7.8206
 5.911    8.0517
 5.904    8.2672
 5.898    8.4714
 5.891    8.6679
 5.884    8.8598
 5.878    9.0466
 5.871    9.2211
 5.864    9.3767
 5.858    9.5065
 5.851    9.6105
 5.845    9.6936
 5.838    9.7618
 5.831    9.8241
 5.825    9.8897
 5.818    9.9557
 5.812   10.0160
 5.805   10.0630
 5.799   10.0960
 5.792   10.1140
 5.786   10.1220
 5.779   10.1320
 5.773   10.1620
 5.767   10.2230
 5.760   10.3220
 5.754   10.4640
 5.747   10.6480
 5.741   10.8690
 5.735   11.1190
 5.728   11.3870
 5.722   11.6650
 5.716   11.9470
 5.709   12.2290
 5.703   12.5140
 5.697   12.8100
 5.691   13.1330
 5.684   13.4960
 5.678   13.9020
 5.672   14.3320
 5.666   14.7520
 5.660   15.1130
 5.653   15.3480
 5.647   15.3840
 5.641   15.1560
 5.635   14.6160
 5.629   13.7340
 5.623   12.5090
 5.617   10.9850
 5.611    9.2578
 5.604    7.4680
 5.598    5.7700
 5.592    4.3015
 5.586    3.1560
 5.580    2.3722
 5.574    1.9483
 5.568    1.8955
 5.562    2.2696
 5.556    3.1591
 5.551    4.6316
 5.545    6.6732
 5.539    9.1605
 5.533   11.8820
 5.527   14.5940
 5.521   17.1010
 5.515   19.2950
 5.509   21.1700
 5.503   22.7780
 5.497   24.1870
 5.492   25.4600
 5.486   26.6370
 5.480   27.7450
 5.474   28.8000
 5.468   29.8130
 5.463   30.7910
 5.457   31.7370
 5.451   32.6520
 5.446   33.5390
 5.440   34.4010
 5.434   35.2370
 5.428   36.0510
 5.423   36.8480
 5.417   37.6250
 5.411   38.3780
 5.406   39.1070
 5.400   39.8120
 5.394   40.4960
 5.389   41.1570
 5.383   41.7910
 5.378   42.4020
 5.372   42.9880
 5.367   43.5490
 5.361   44.0900
 5.356   44.6190
 5.350   45.1440
 5.345   45.6620
 5.339   46.1680
 5.333   46.6600
 5.328   47.1340
 5.322   47.5870
 5.317   48.0180
 5.312   48.4270
 5.306   48.8140
 5.301   49.1790
 5.295   49.5200
 5.290   49.8390
 5.285   50.1380
 5.279   50.4240
 5.274   50.7020
 5.268   50.9700
 5.263   51.2320
 5.258   51.4920
 5.252   51.7440
 5.247   51.9870
 5.242   52.2170
 5.237   52.4370
 5.231   52.6480
 5.226   52.8510
 5.221   53.0510
 5.215   53.2490
 5.210   53.4420
 5.205   53.6270
 5.200   53.8000
 5.194   53.9600
 5.189   54.1070
 5.184   54.2420
 5.179   54.3710
 5.174   54.4970
 5.169   54.6200
 5.164   54.7410
 5.158   54.8600
 5.153   54.9780
 5.148   55.0970
 5.143   55.2130
 5.138   55.2720
 5.133   55.1470
 5.128   54.7020
 5.123   53.8970
 5.118   52.8420
 5.113   51.7900
 5.107   51.0730
 5.103   50.9860
 5.098   51.6160
 5.093   52.7640
 5.088   54.0830
 5.082   55.2580
 5.077   56.1000
 5.073   56.5690
 5.068   56.7540
 5.063   56.8060
 5.058   56.8350
 5.053   56.8690
 5.048   56.9000
 5.043   56.9250
 5.038   56.9410
 5.033   56.9500
 5.028   56.9510
 5.023   56.9490
 5.019   56.9490
 5.014   56.9500
 5.009   56.9550
 5.004   56.9590
 4.999   56.9600
 4.994   56.9540
 4.990   56.9410
 4.985   56.9230
 4.980   56.9020
 4.975   56.8800
 4.970   56.8600
 4.966   56.8400
 4.961   56.8220
 4.956   56.8030
 4.951   56.7860
 4.947   56.7710
 4.942   56.7590
 4.937   56.7480
 4.933   56.7390
 4.928   56.7340
 4.923   56.7360
 4.919   56.7430
 4.914   56.7570
 4.909   56.7760
 4.905   56.7970
 4.900   56.8150
 4.895   56.8290
 4.891   56.8400
 4.886   56.8460
 4.882   56.8470
 4.877   56.8450
 4.872   56.8450
 4.868   56.8470
 4.863   56.8510
 4.859   56.8600
 4.854   56.8700
 4.849   56.8770
 4.845   56.8780
 4.840   56.8730
 4.836   56.8630
 4.832   56.8470
 4.827   56.8250
 4.822   56.7980
 4.818   56.7690
 4.814   56.7380
 4.809   56.7060
 4.805   56.6720
 4.800   56.6340
 4.796   56.5850
 4.791   56.5210
 4.787   56.4340
 4.782   56.3160
 4.778   56.1670
 4.774   55.9840
 4.769   55.7650
 4.765   55.5090
 4.761   55.2120
 4.756   54.8740
 4.752   54.4890
 4.747   54.0500
 4.743   53.5440
 4.739   52.9510
 4.734   52.2500
 4.730   51.4200
 4.726   50.4480
 4.721   49.3420
 4.717   48.1370
 4.713   46.8780
 4.709   45.6270
 4.704   44.4440
 4.700   43.3820
 4.696   42.4750
 4.691   41.7370
 4.687   41.1670
 4.683   40.7600
 4.679   40.5030
 4.675   40.3940
 4.670   40.4370
 4.666   40.6470
 4.662   41.0400
 4.658   41.6260
 4.654   42.3920
 4.649   43.2990
 4.645   44.2890
 4.641   45.2930
 4.637   46.2500
 4.633   47.1180
 4.629   47.8820
 4.625   48.5420
 4.620   49.1050
 4.616   49.5820
 4.612   49.9820
 4.608   50.3130
 4.604   50.5870
 4.600   50.8160
 4.596   51.0090
 4.592   51.1710
 4.588   51.3060
 4.584   51.4150
 4.580   51.5000
 4.576   51.5670
 4.572   51.6240
 4.567   51.6760
 4.564   51.7260
 4.559   51.7710
 4.556   51.8100
 4.551   51.8420
 4.548   51.8680
 4.543   51.8920
 4.540   51.9140
 4.536   51.9370
 4.532   51.9610
 4.528   51.9880
 4.524   52.0200
 4.520   52.0630
 4.516   52.1200
 4.512   52.1970
 4.508   52.2960
 4.504   52.4230
 4.500   52.5840
 4.496   52.7800
 4.492   53.0080
 4.488   53.2620
 4.485   53.5320
 4.481   53.8090
 4.477   54.0790
 4.473   54.3360
 4.469   54.5760
 4.465   54.7950
 4.461   54.9970
 4.458   55.1910
 4.454   55.3840
 4.450   55.5820
 4.446   55.7880
 4.442   55.9960
 4.439   56.1980
 4.435   56.3880
 4.431   56.5610
 4.427   56.7120
 4.423   56.8410
 4.420   56.9520
 4.416   57.0420
 4.412   57.1110
 4.408   57.1610
 4.404   57.2000
 4.401   57.2340
 4.397   57.2650
 4.393   57.2980
 4.390   57.3370
 4.386   57.3730
 4.382   57.3970
 4.378   57.4030
 4.375   57.3810
 4.371   57.3230
 4.367   57.2260
 4.364   57.1000
 4.360   56.9560
 4.356   56.8120
 4.353   56.6840
 4.349   56.5840
 4.346   56.5120
 4.342   56.4650
 4.338   56.4350
 4.335   56.4140
 4.331   56.3970
 4.327   56.3790
 4.324   56.3550
 4.320   56.3260
 4.316   56.2920
 4.313   56.2620
 4.309   56.2390
 4.306   56.2100
 4.302   56.1380
 4.299   55.9640
 4.295   55.5920
 4.292   54.9080
 4.288   53.8350
 4.284   52.4220
 4.281   50.8710
 4.277   49.4940
 4.274   48.6400
 4.270   48.5670
 4.267   49.3190
 4.263   50.6800
 4.260   52.2830
 4.256   53.7730
 4.253   54.9180
 4.249   55.6450
 4.246   56.0170
 4.242   56.1700
 4.239   56.2250
 4.235   56.2480
 4.232   56.2550
 4.229   56.2540
 4.225   56.2440
 4.222   56.2270
 4.218   56.2010
 4.215   56.1620
 4.211   56.1100
 4.208   56.0440
 4.205   55.9660
 4.201   55.8770
 4.198   55.7760
 4.194   55.6610
 4.191   55.5370
 4.188   55.4050
 4.184   55.2670
 4.181   55.1220
 4.177   54.9720
 4.174   54.8140
 4.171   54.6410
 4.167   54.4480
 4.164   54.2350
 4.161   54.0010
 4.157   53.7510
 4.154   53.4870
 4.151   53.2110
 4.147   52.9190
 4.144   52.6090
 4.141   52.2770
 4.137   51.9220
 4.134   51.5470
 4.131   51.1560
 4.128   50.7530
 4.124   50.3410
 4.121   49.9190
 4.118   49.4850
 4.114   49.0370
 4.111   48.5750
 4.108   48.1000
 4.105   47.6120
 4.101   47.1080
 4.098   46.5820
 4.095   46.0270
 4.092   45.4320
 4.088   44.7910
 4.085   44.1020
 4.082   43.3650
 4.079   42.5850
 4.076   41.7680
 4.072   40.9170
 4.069   40.0300
 4.066   39.0990
 4.063   38.1040
 4.060   37.0140
 4.056   35.7930
 4.053   34.4170
 4.050   32.8780
 4.047   31.1930
 4.044   29.4030
 4.041   27.5660
 4.037   25.7390
 4.034   23.9660
 4.031   22.2760
 4.028   20.6820
 4.025   19.1830
 4.022   17.7680
 4.019   16.4180
 4.016   15.1160
 4.013   13.8540
 4.009   12.6300
 4.006   11.4580
 4.003   10.3610
 4.000    9.3630
 3.997    8.4903
 3.994    7.7600
 3.991    7.1833
 3.988    6.7606
 3.985    6.4821
 3.982    6.3332
 3.979    6.2946
 3.976    6.3433
 3.973    6.4660
 3.970    6.6630
 3.966    6.9437
 3.963    7.3202
 3.960    7.8109
 3.957    8.4413
 3.954    9.2273
 3.951   10.1620
 3.948   11.2110
 3.945   12.3080
 3.942   13.3670
 3.939   14.3020
 3.936   15.0600
 3.933   15.6370
 3.930   16.0730
 3.927   16.4230
 3.924   16.7330
 3.921   17.0260
 3.918   17.3050
 3.916   17.5590
 3.913   17.7770
 3.910   17.9590
 3.907   18.1130
 3.904   18.2500
 3.901   18.3770
 3.898   18.4980
 3.895   18.6180
 3.892   18.7350
 3.889   18.8510
 3.886   18.9590
 3.883   19.0550
 3.880   19.1400
 3.877   19.2150
 3.875   19.2850
 3.872   19.3610
 3.869   19.4500
 3.866   19.5570
 3.863   19.6790
 3.860   19.8160
 3.857   19.9710
 3.854   20.1480
 3.852   20.3560
 3.849   20.6180
 3.846   20.9610
 3.843   21.4130
 3.840   21.9940
 3.837   22.7130
 3.834   23.5630
 3.832   24.5190
 3.829   25.5510
 3.826   26.6300
 3.823   27.7430
 3.820   28.8900
 3.817   30.0810
 3.815   31.3330
 3.812   32.6710
 3.809   34.1160
 3.806   35.6750
 3.804   37.3370
 3.801   39.0650
 3.798   40.7960
 3.795   42.4510
 3.792   43.9520
 3.790   45.2470
 3.787   46.3140
 3.784   47.1670
 3.781   47.8390
 3.779   48.3730
 3.776   48.8050
 3.773   49.1620
 3.770   49.4600
 3.768   49.7070
 3.765   49.9110
 3.762   50.0770
 3.759   50.2130
 3.757   50.3210
 3.754   50.4130
 3.751   50.5000
 3.748   50.5940
 3.746   50.7040
 3.743   50.8300
 3.740   50.9660
 3.738   51.0970
 3.735   51.2090
 3.732   51.2990
 3.730   51.3660
 3.727   51.4140
 3.724   51.4510
 3.722   51.4810
 3.719   51.5060
 3.716   51.5200
 3.714   51.5240
 3.711   51.5190
 3.708   51.5050
 3.706   51.4800
 3.703   51.4480
 3.700   51.4100
 3.698   51.3670
 3.695   51.3180
 3.692   51.2650
 3.690   51.2110
 3.687   51.1520
 3.684   51.0850
 3.682   51.0110
 3.679   50.9290
 3.677   50.8380
 3.674   50.7370
 3.672   50.6320
 3.669   50.5260
 3.666   50.4190
 3.664   50.3090
 3.661   50.1950
 3.659   50.0760
 3.656   49.9480
 3.653   49.8120
 3.651   49.6700
 3.648   49.5230
 3.646   49.3690
 3.643   49.2090
 3.641   49.0460
 3.638   48.8810
 3.636   48.7140
 3.633   48.5440
 3.630   48.3690
 3.628   48.1890
 3.625   48.0000
 3.623   47.8040
 3.620   47.6040
 3.618   47.3990
 3.615   47.1870
 3.613   46.9620
 3.610   46.7200
 3.608   46.4600
 3.605   46.1790
 3.603   45.8750
 3.600   45.5460
 3.598   45.1910
 3.595   44.8040
 3.593   44.3780
 3.590   43.9070
 3.588   43.3890
 3.585   42.8240
 3.583   42.2300
 3.580   41.6370
 3.578   41.0800
 3.575   40.5970
 3.573   40.2060
 3.570   39.9010
 3.568   39.6520
 3.565   39.4120
 3.563   39.1390
 3.561   38.7970
 3.558   38.3730
 3.556   37.8700
 3.553   37.2970
 3.551   36.6590
 3.548   35.9570
 3.546   35.1850
 3.543   34.3370
 3.541   33.4070
 3.539   32.3890
 3.536   31.2790
 3.534   30.0700
 3.531   28.7660
 3.529   27.3830
 3.527   25.9550
 3.524   24.5340
 3.522   23.1790
 3.519   21.9420
 3.517   20.8620
 3.515   19.9430
 3.512   19.1660
 3.510   18.5010
 3.507   17.9120
 3.505   17.3680
 3.503   16.8450
 3.500   16.3320
 3.498   15.8300
 3.496   15.3400
 3.493   14.8620
 3.491   14.4030
 3.489   13.9720
 3.486   13.5820
 3.484   13.2610
 3.482   13.0520
 3.479   13.0140
 3.477   13.1980
 3.475   13.6320
 3.472   14.3040
 3.470   15.1600
 3.468   16.1110
 3.465   17.0580
 3.463   17.9130
 3.461   18.6220
 3.458   19.1670
 3.456   19.5610
 3.454   19.8330
 3.451   20.0160
 3.449   20.1440
 3.447   20.2410
 3.445   20.3220
 3.442   20.3920
 3.440   20.4510
 3.438   20.4940
 3.436   20.5180
 3.433   20.5240
 3.431   20.5160
 3.429   20.4940
 3.426   20.4650
 3.424   20.4310
 3.422   20.3880
 3.420   20.3320
 3.417   20.2700
 3.415   20.2010
 3.413   20.1220
 3.411   20.0340
 3.408   19.9460
 3.406   19.8600
 3.404   19.7740
 3.402   19.6900
 3.399   19.6030
 3.397   19.5060
 3.395   19.3940
 3.393   19.2700
 3.391   19.1420
 3.388   19.0150
 3.386   18.8970
 3.384   18.7920
 3.382   18.6990
 3.380   18.6170
 3.377   18.5400
 3.375   18.4620
 3.373   18.3680
 3.371   18.2410
 3.369   18.0660
 3.366   17.8260
 3.364   17.5210
 3.362   17.1620
 3.360   16.7750
 3.358   16.4060
 3.355   16.1250
 3.353   16.0210
 3.351   16.1890
 3.349   16.7100
 3.347   17.6250
 3.345   18.9100
 3.342   20.4720
 3.340   22.1660
 3.338   23.8340
 3.336   25.3460
 3.334   26.6210
 3.332   27.6410
 3.330   28.4320
 3.327   29.0420
 3.325   29.5210
 3.323   29.9050
 3.321   30.2190
 3.319   30.4780
 3.317   30.6880
 3.315   30.8560
 3.313   30.9890
 3.310   31.0980
 3.308   31.1940
 3.306   31.2820
 3.304   31.3650
 3.302   31.4430
 3.300   31.5080
 3.298   31.5560
 3.296   31.5840
 3.294   31.5990
 3.292   31.6070
 3.289   31.6070
 3.287   31.6010
 3.285   31.5900
 3.283   31.5730
 3.281   31.5520
 3.279   31.5310
 3.277   31.5090
 3.275   31.4860
 3.273   31.4590
 3.271   31.4250
 3.269   31.3860
 3.267   31.3430
 3.265   31.2970
 3.263   31.2520
 3.261   31.2060
 3.258   31.1580
 3.256   31.1060
 3.254   31.0530
 3.252   31.0010
 3.250   30.9460
 3.248   30.8890
 3.246   30.8310
 3.244   30.7680
 3.242   30.6980
 3.240   30.6240
 3.238   30.5450
 3.236   30.4650
 3.234   30.3860
 3.232   30.3140
 3.230   30.2460
 3.228   30.1800
 3.226   30.1190
 3.224   30.0590
 3.222   29.9940
 3.220   29.9230
 3.218   29.8490
 3.216   29.7730
 3.214   29.6910
 3.212   29.6030
 3.210   29.5190
 3.208   29.4360
 3.206   29.3560
 3.204   29.2810
 3.202   29.2090
 3.200   29.1390
 3.198   29.0650
 3.196   28.9860
 3.194   28.9010
 3.192   28.8120
 3.190   28.7220
 3.188   28.6350
 3.186   28.5450
 3.184   28.4520
 3.182   28.3580
 3.180   28.2590
 3.179   28.1520
 3.177   28.0380
 3.175   27.9230
 3.173   27.8090
 3.171   27.6940
 3.169   27.5800
 3.167   27.4700
 3.165   27.3620
 3.163   27.2530
 3.161   27.1420
 3.159   27.0320
 3.157   26.9240
 3.155   26.8220
 3.153   26.7270
 3.152   26.6410
 3.150   26.5660
 3.148   26.5030
 3.146   26.4470
 3.144   26.3900
 3.142   26.3310
 3.140   26.2700
 3.138   26.2060
 3.136   26.1390
 3.134   26.0740
 3.132   26.0140
 3.131   25.9530
 3.129   25.8850
 3.127   25.8080
 3.125   25.7220
 3.123   25.6290
 3.121   25.5340
 3.119   25.4390
 3.117   25.3480
 3.115   25.2650
 3.114   25.1880
 3.112   25.1180
 3.110   25.0570
 3.108   25.0090
 3.106   24.9760
 3.104   24.9450
 3.102   24.9150
 3.101   24.8860
 3.099   24.8560
 3.097   24.8230
 3.095   24.7950
 3.093   24.7810
 3.091   24.7750
 3.090   24.7710
 3.088   24.7650
 3.086   24.7530
 3.084   24.7320
 3.082   24.7040
 3.080   24.6740
 3.079   24.6480
 3.077   24.6240
 3.075   24.6060
 3.073   24.5980
 3.071   24.5890
 3.069   24.5760
 3.067   24.5530
 3.066   24.5220
 3.064   24.4890
 3.062   24.4550
 3.060   24.4300
 3.059   24.4180
 3.057   24.4140
 3.055   24.4090
 3.053   24.3970
 3.051   24.3800
 3.050   24.3610
 3.048   24.3380
 3.046   24.3170
 3.044   24.3030
 3.042   24.2930
 3.041   24.2790
 3.039   24.2590
 3.037   24.2390
 3.035   24.2180
 3.033   24.1980
 3.032   24.1800
 3.030   24.1630
 3.028   24.1440
 3.026   24.1190
 3.025   24.0860
 3.023   24.0540
 3.021   24.0270
 3.019   24.0020
 3.018   23.9780
 3.016   23.9530
 3.014   23.9250
 3.012   23.8910
 3.011   23.8590
 3.009   23.8350
 3.007   23.8180
 3.005   23.8040
 3.004   23.7920
 3.002   23.7790
 3.000   23.7600
 2.998   23.7370
 2.997   23.7170
 2.995   23.7040
 2.993   23.6920
 2.991   23.6780
 2.990   23.6630
 2.988   23.6480
 2.986   23.6270
 2.985   23.5960
 2.983   23.5620
 2.981   23.5340
 2.979   23.5110
 2.978   23.4960
 2.976   23.4920
 2.974   23.4980
 2.973   23.5060
 2.971   23.5050
 2.969   23.5000
 2.967   23.4960
 2.966   23.4900
 2.964   23.4810
 2.962   23.4720
 2.961   23.4680
 2.959   23.4690
 2.957   23.4710
 2.956   23.4760
 2.954   23.4830
 2.952   23.4870
 2.951   23.4890
 2.949   23.4950
 2.947   23.5130
 2.946   23.5410
 2.944   23.5710
 2.942   23.5970
 2.941   23.6150
 2.939   23.6240
 2.937   23.6250
 2.936   23.6310
 2.934   23.6480
 2.932   23.6740
 2.931   23.7050
 2.929   23.7370
 2.927   23.7700
 2.926   23.8010
 2.924   23.8320
 2.922   23.8740
 2.921   23.9310
 2.919   23.9920
 2.917   24.0560
 2.916   24.1180
 2.914   24.1730
 2.912   24.2160
 2.911   24.2540
 2.909   24.3020
 2.908   24.3630
 2.906   24.4280
 2.904   24.4940
 2.903   24.5610
 2.901   24.6230
 2.899   24.6790
 2.898   24.7330
 2.896   24.7980
 2.895   24.8770
 2.893   24.9630
 2.891   25.0530
 2.890   25.1480
 2.888   25.2440
 2.886   25.3380
 2.885   25.4290
 2.883   25.5170
 2.882   25.6070
 2.880   25.6970
 2.878   25.7860
 2.877   25.8730
 2.875   25.9620
 2.874   26.0550
 2.872   26.1490
 2.870   26.2430
 2.869   26.3410
 2.867   26.4470
 2.866   26.5600
 2.864   26.6780
 2.863   26.8050
 2.861   26.9370
 2.859   27.0670
 2.858   27.1920
 2.856   27.3100
 2.855   27.4250
 2.853   27.5370
 2.852   27.6490
 2.850   27.7650
 2.848   27.8950
 2.847   28.0350
 2.845   28.1820
 2.844   28.3360
 2.842   28.4940
 2.841   28.6490
 2.839   28.7970
 2.837   28.9450
 2.836   29.0960
 2.834   29.2520
 2.833   29.4100
 2.831   29.5750
 2.830   29.7440
 2.828   29.9150
 2.827   30.0850
 2.825   30.2540
 2.824   30.4240
 2.822   30.5970
 2.821   30.7700
 2.819   30.9400
 2.817   31.1130
 2.816   31.2910
 2.814   31.4700
 2.813   31.6470
 2.811   31.8230
 2.810   31.9960
 2.808   32.1620
 2.807   32.3200
 2.805   32.4800
 2.804   32.6470
 2.802   32.8180
 2.801   32.9930
 2.799   33.1640
 2.798   33.3260
 2.796   33.4750
 2.795   33.6110
 2.793   33.7430
 2.792   33.8830
 2.790   34.0450
 2.789   34.2430
 2.787   34.4820
 2.786   34.7620
 2.784   35.0740
 2.783   35.4070
 2.781   35.7520
 2.780   36.1000
 2.778   36.4460
 2.777   36.7920
 2.775   37.1430
 2.774   37.4880
 2.772   37.7840
 2.771   37.9710
 2.769   38.0110
 2.768   37.9210
 2.766   37.7720
 2.765   37.6830
 2.763   37.7940
 2.762   38.1880
 2.761   38.8420
 2.759   39.6530
 2.757   40.5080
 2.756   41.3220
 2.755   42.0410
 2.753   42.6550
 2.752   43.1930
 2.750   43.6710
 2.749   44.0760
 2.747   44.3900
 2.746   44.6230
 2.744   44.7990
 2.743   44.9550
 2.741   45.1490
 2.740   45.4460
 2.739   45.8880
 2.737   46.4810
 2.736   47.2040
 2.734   48.0070
 2.733   48.8230
 2.731   49.5980
 2.730   50.3100
 2.728   50.9730
 2.727   51.6280
 2.726   52.3140
 2.724   53.0500
 2.723   53.8110
 2.721   54.5450
 2.720   55.1780
 2.719   55.6290
 2.717   55.8380
 2.716   55.7760
 2.714   55.4320
 2.713   54.8330
 2.711   54.0560
 2.710   53.2340
 2.708   52.5420
 2.707   52.1790
 2.706   52.3160
 2.704   53.0310
 2.703   54.2770
 2.701   55.9130
 2.700   57.7540
 2.699   59.6260
 2.697   61.4090
 2.696   63.0640
 2.695   64.5950
 2.693   66.0090
 2.692   67.3000
 2.690   68.4570
 2.689   69.4590
 2.688   70.3040
 2.686   71.0000
 2.685   71.5700
 2.683   72.0410
 2.682   72.4520
 2.680   72.8330
 2.679   73.1920
 2.678   73.5260
 2.676   73.8320
 2.675   74.0990
 2.674   74.3060
 2.672   74.4660
 2.671   74.6290
 2.670   74.8200
 2.668   75.0370
 2.667   75.2870
 2.665   75.5690
 2.664   75.8570
 2.663   76.1160
 2.661   76.3350
 2.660   76.5270
 2.659   76.6860
 2.657   76.8100
 2.656   76.9190
 2.655   77.0320
 2.653   77.1560
 2.652   77.2810
 2.650   77.4080
 2.649   77.5340
 2.648   77.6580
 2.646   77.7750
 2.645   77.8920
 2.644   78.0090
 2.642   78.1180
 2.641   78.2150
 2.640   78.2930
 2.638   78.3490
 2.637   78.3810
 2.636   78.3930
 2.634   78.3980
 2.633   78.4080
 2.632   78.4430
 2.630   78.5190
 2.629   78.6240
 2.627   78.7420
 2.626   78.8500
 2.625   78.9150
 2.624   78.9330
 2.622   78.9220
 2.621   78.9190
 2.620   78.9440
 2.618   78.9970
 2.617   79.0850
 2.616   79.1830
 2.614   79.2490
 2.613   79.2670
 2.612   79.2400
 2.610   79.1870
 2.609   79.1260
 2.608   79.0840
 2.606   79.0930
 2.605   79.1600
 2.604   79.2440
 2.603   79.2950
 2.601   79.2820
 2.600   79.2020
 2.599   79.0770
 2.597   78.9450
 2.596   78.8550
 2.595   78.8410
 2.593   78.8670
 2.592   78.8730
 2.591   78.8340
 2.590   78.7450
 2.588   78.6190
 2.587   78.4830
 2.586   78.3620
 2.584   78.2840
 2.583   78.2370
 2.582   78.1900
 2.580   78.1330
 2.579   78.0560
 2.578   77.9530
 2.577   77.8250
 2.575   77.6710
 2.574   77.5160
 2.573   77.3690
 2.571   77.2190
 2.570   77.0590
 2.569   76.8700
 2.568   76.6390
 2.566   76.3590
 2.565   76.0310
 2.564   75.6740
 2.563   75.2960
 2.561   74.9000
 2.560   74.4750
 2.559   74.0110
 2.558   73.5020
 2.556   72.9490
 2.555   72.3550
 2.554   71.7320
 2.553   71.0960
 2.551   70.4600
 2.550   69.8240
 2.549   69.1920
 2.547   68.5740
 2.546   67.9780
 2.545   67.4100
 2.544   66.8890
 2.543   66.4380
 2.541   66.0660
 2.540   65.7770
 2.539   65.5730
 2.538   65.4620
 2.536   65.4400
 2.535   65.4990
 2.534   65.6340
 2.533   65.8360
 2.531   66.0880
 2.530   66.3740
 2.529   66.6820
 2.528   67.0110
 2.526   67.3570
 2.525   67.7100
 2.524   68.0620
 2.523   68.4060
 2.522   68.7320
 2.520   69.0370
 2.519   69.3180
 2.518   69.5730
 2.517   69.8020
 2.515   70.0040
 2.514   70.1750
 2.513   70.3210
 2.512   70.4440
 2.511   70.5530
 2.509   70.6550
 2.508   70.7510
 2.507   70.8430
 2.506   70.9330
 2.504   71.0180
 2.503   71.0960
 2.502   71.1680
 2.501   71.2400
 2.500   71.3200
 2.498   71.4090
 2.497   71.5070
 2.496   71.6100
 2.495   71.7170
 2.494   71.8250
 2.492   71.9350
 2.491   72.0520
 2.490   72.1810
 2.489   72.3240
 2.488   72.4780
 2.486   72.6430
 2.485   72.8220
 2.484   73.0110
 2.483   73.2070
 2.482   73.4070
 2.481   73.6120
 2.479   73.8240
 2.478   74.0470
 2.477   74.2870
 2.476   74.5470
 2.474   74.8250
 2.473   75.1140
 2.472   75.4120
 2.471   75.7120
 2.470   76.0040
 2.469   76.2820
 2.467   76.5480
 2.466   76.8000
 2.465   77.0420
 2.464   77.2760
 2.463   77.5080
 2.462   77.7380
 2.460   77.9630
 2.459   78.1820
 2.458   78.3960
 2.457   78.6000
 2.456   78.7900
 2.455   78.9670
 2.454   79.1310
 2.452   79.2860
 2.451   79.4350
 2.450   79.5840
 2.449   79.7340
 2.448   79.8830
 2.446   80.0290
 2.445   80.1730
 2.444   80.3160
 2.443   80.4580
 2.442   80.6040
 2.441   80.7540
 2.440   80.9010
 2.438   81.0430
 2.437   81.1790
 2.436   81.3110
 2.435   81.4370
 2.434   81.5570
 2.433   81.6730
 2.432   81.7850
 2.430   81.8940
 2.429   81.9990
 2.428   82.1020
 2.427   82.2060
 2.426   82.3100
 2.425   82.4130
 2.424   82.5120
 2.422   82.6130
 2.421   82.7150
 2.420   82.8150
 2.419   82.9110
 2.418   83.0030
 2.417   83.0860
 2.416   83.1590
 2.415   83.2250
 2.414   83.2890
 2.412   83.3500
 2.411   83.4050
 2.410   83.4560
 2.409   83.5030
 2.408   83.5420
 2.407   83.5730
 2.406   83.6000
 2.405   83.6280
 2.403   83.6570
 2.402   83.6890
 2.401   83.7270
 2.400   83.7690
 2.399   83.8150
 2.398   83.8600
 2.397   83.9010
 2.396   83.9450
 2.394   83.9890
 2.393   84.0310
 2.392   84.0600
 2.391   84.0760
 2.390   84.0840
 2.389   84.0810
 2.388   84.0680
 2.387   84.0530
 2.386   84.0360
 2.385   84.0190
 2.384   83.9950
 2.382   83.9640
 2.381   83.9270
 2.380   83.8790
 2.379   83.8190
 2.378   83.7490
 2.377   83.6700
 2.376   83.5820
 2.375   83.4840
 2.374   83.3700
 2.373   83.2310
 2.372   83.0660
 2.370   82.8870
 2.369   82.7010
 2.368   82.5090
 2.367   82.3120
 2.366   82.0990
 2.365   81.8540
 2.364   81.5630
 2.363   81.2350
 2.362   80.8880
 2.361   80.5360
 2.360   80.1890
 2.359   79.8520
 2.357   79.5140
 2.356   79.1640
 2.355   78.8000
 2.354   78.4350
 2.353   78.0820
 2.352   77.7540
 2.351   77.4610
 2.350   77.2000
 2.349   76.9620
 2.348   76.7430
 2.347   76.5390
 2.346   76.3590
 2.345   76.2070
 2.344   76.0840
 2.343   75.9930
 2.341   75.9370
 2.341   75.9160
 2.339   75.9260
 2.338   75.9650
 2.337   76.0360
 2.336   76.1370
 2.335   76.2610
 2.334   76.4050
 2.333   76.5700
 2.332   76.7490
 2.331   76.9370
 2.330   77.1270
 2.329   77.3190
 2.328   77.5080
 2.327   77.6940
 2.326   77.8740
 2.325   78.0490
 2.324   78.2190
 2.323   78.3840
 2.322   78.5470
 2.321   78.7080
 2.320   78.8690
 2.318   79.0300
 2.317   79.1820
 2.316   79.3160
 2.315   79.4330
 2.314   79.5300
 2.313   79.6080
 2.312   79.6720
 2.311   79.7290
 2.310   79.7820
 2.309   79.8300
 2.308   79.8780
 2.307   79.9330
 2.306   79.9990
 2.305   80.0780
 2.304   80.1670
 2.303   80.2630
 2.302   80.3610
 2.301   80.4490
 2.300   80.5250
 2.299   80.5900
 2.298   80.6520
 2.297   80.7180
 2.296   80.7940
 2.295   80.8850
 2.294   80.9930
 2.293   81.1130
 2.292   81.2390
 2.291   81.3650
 2.290   81.4930
 2.289   81.6220
 2.288   81.7500
 2.287   81.8770
 2.286   82.0070
 2.285   82.1390
 2.284   82.2750
 2.283   82.4200
 2.282   82.5740
 2.281   82.7370
 2.280   82.8970
 2.279   83.0530
 2.278   83.2020
 2.277   83.3400
 2.276   83.4660
 2.275   83.5890
 2.274   83.7190
 2.273   83.8490
 2.272   83.9810
 2.271   84.1240
 2.270   84.2740
 2.269   84.4130
 2.268   84.5330
 2.267   84.6450
 2.266   84.7480
 2.265   84.8390
 2.264   84.9280
 2.263   85.0260
 2.262   85.1300
 2.261   85.2300
 2.260   85.3270
 2.259   85.4260
 2.258   85.5240
 2.257   85.6210
 2.256   85.7120
 2.255   85.7960
 2.254   85.8710
 2.253   85.9390
 2.252   86.0050
 2.251   86.0780
 2.250   86.1630
 2.249   86.2650
 2.248   86.3690
 2.247   86.4630
 2.246   86.5440
 2.245   86.6140
 2.244   86.6740
 2.243   86.7290
 2.242   86.7860
 2.241   86.8460
 2.240   86.9010
 2.239   86.9500
 2.238   86.9990
 2.237   87.0500
 2.236   87.1030
 2.236   87.1560
 2.235   87.2110
 2.234   87.2610
 2.233   87.3040
 2.232   87.3460
 2.231   87.3960
 2.230   87.4490
 2.229   87.5010
 2.228   87.5500
 2.227   87.5960
 2.226   87.6330
 2.225   87.6620
 2.224   87.6950
 2.223   87.7260
 2.222   87.7470
 2.221   87.7560
 2.220   87.7600
 2.219   87.7650
 2.218   87.7670
 2.217   87.7680
 2.216   87.7730
 2.216   87.7660
 2.215   87.7400
 2.214   87.7000
 2.213   87.6570
 2.212   87.6190
 2.211   87.5860
 2.210   87.5740
 2.209   87.5940
 2.208   87.6350
 2.207   87.6960
 2.206   87.7650
 2.205   87.8340
 2.204   87.8920
 2.203   87.9310
 2.202   87.9610
 2.201   87.9890
 2.200   88.0140
 2.200   88.0430
 2.199   88.0740
 2.198   88.1020
 2.197   88.1230
 2.196   88.1330
 2.195   88.1350
 2.194   88.1310
 2.193   88.1220
 2.192   88.1160
 2.191   88.1130
 2.190   88.1130
 2.189   88.1160
 2.188   88.1170
 2.187   88.1090
 2.187   88.0940
 2.186   88.0700
 2.185   88.0450
 2.184   88.0270
 2.183   88.0260
 2.182   88.0370
 2.181   88.0460
 2.180   88.0410
 2.179   88.0170
 2.178   87.9710
 2.177   87.9140
 2.176   87.8630
 2.176   87.8250
 2.175   87.7980
 2.174   87.7850
 2.173   87.7870
 2.172   87.7920
 2.171   87.7960
 2.170   87.7950
 2.169   87.7850
 2.168   87.7500
 2.167   87.7010
 2.166   87.6580
 2.166   87.6290
 2.165   87.6100
 2.164   87.6060
 2.163   87.6110
 2.162   87.6100
 2.161   87.5910
 2.160   87.5640
 2.159   87.5450
 2.158   87.5410
 2.157   87.5520
 2.156   87.5670
 2.156   87.5780
 2.155   87.5790
 2.154   87.5680
 2.153   87.5490
 2.152   87.5470
 2.151   87.5760
 2.150   87.6240
 2.149   87.6730
 2.148   87.7180
 2.148   87.7580
 2.147   87.7840
 2.146   87.7920
 2.145   87.8030
 2.144   87.8270
 2.143   87.8490
 2.142   87.8710
 2.141   87.9030
 2.140   87.9420
 2.140   87.9760
 2.139   88.0000
 2.138   88.0210
 2.137   88.0400
 2.136   88.0500
 2.135   88.0540
 2.134   88.0590
 2.133   88.0670
 2.132   88.0760
 2.132   88.0820
 2.131   88.0890
 2.130   88.0980
 2.129   88.1030
 2.128   88.1010
 2.127   88.1010
 2.126   88.1080
 2.126   88.1220
 2.125   88.1400
 2.124   88.1610
 2.123   88.1770
 2.122   88.1800
 2.121   88.1710
 2.120   88.1490
 2.119   88.1160
 2.119   88.0770
 2.118   88.0370
 2.117   88.0100
 2.116   87.9960
 2.115   87.9960
 2.114   88.0150
 2.113   88.0380
 2.112   88.0650
 2.112   88.0920
 2.111   88.1100
 2.110   88.1210
 2.109   88.1260
 2.108   88.1270
 2.107   88.1270
 2.107   88.1170
 2.106   88.1040
 2.105   88.0920
 2.104   88.0740
 2.103   88.0530
 2.102   88.0350
 2.101   88.0230
 2.100   88.0130
 2.100   88.0020
 2.099   87.9950
 2.098   87.9920
 2.097   87.9880
 2.096   87.9820
 2.095   87.9820
 2.095   87.9770
 2.094   87.9640
 2.093   87.9500
 2.092   87.9400
 2.091   87.9300
 2.090   87.9240
 2.090   87.9230
 2.089   87.9210
 2.088   87.9130
 2.087   87.9010
 2.086   87.8880
 2.085   87.8940
 2.084   87.8970
 2.084   87.8930
 2.083   87.9500
 2.082   87.8790
 2.081   87.8800
 2.080   87.9580
 2.076   87.9580
 2.072   88.2640
 2.068   88.4120
 2.064   88.2640
 2.060   88.1700
 2.056   87.8130
 2.052   87.9990
 2.048   88.2360
 2.044   87.4030
 2.040   86.9180
 2.036   87.2080
 2.032   86.9320
 2.028   86.3450
 2.024   85.6710
 2.020   85.9010
 2.016   85.6260
 2.012   85.3510
 2.008   84.6960
 2.004   84.4540
 2.000   84.1970
 1.996   83.2890
 1.992   82.8270
 1.988   82.7020
 1.984   82.7190
 1.980   82.4620
 1.976   82.6070
 1.972   82.3540
 1.968   82.1000
 1.964   81.6310
 1.960   80.8740
 1.956   80.3720
 1.952   80.9230
 1.948   80.8320
 1.944   80.3980
 1.940   79.9450
 1.936   79.4720
 1.932   79.4620
 1.928   79.7980
 1.924   80.9260
 1.920   81.4420
 1.916   81.5340
 1.912   81.6820
 1.908   82.6070
 1.904   83.4730
 1.900   86.7210
 1.896   85.9190
 1.892   86.8000
 1.888   86.4710
 1.884   86.1860
 1.880   86.6690
 1.876   86.8160
 1.872   86.6230
 1.868   86.7990
 1.864   86.8580
 1.860   87.9200
 1.856   87.6110
 1.852   87.9080
 1.848   87.0370
 1.844   87.5670
 1.840   86.9990
 1.836   87.4910
 1.832   88.4410
 1.828   88.1110
 1.824   88.4010
 1.820   88.6800
 1.816   88.5080
 1.812   87.9750
 1.808   88.3920
 1.804   88.4310
 1.800   88.0390
 1.796   87.7740
 1.792   87.7860
 1.788   87.4100
 1.784   87.3710
 1.780   87.5220
 1.776   87.5970
 1.772   87.7480
 1.768   87.9250
 1.764   87.6980
 1.760   87.7110
 1.756   87.6360
 1.752   87.5470
 1.748   87.4980
 1.744   87.7490
 1.740   87.9500
 1.736   87.7110
 1.732   87.5970
 1.728   87.8240
 1.724   88.1660
 1.720   88.3180
 1.716   88.5600
 1.712   88.2300
 1.708   87.9500
 1.704   88.1900
 1.700   88.2280
 1.696   88.2400
 1.692   88.4040
 1.688   88.4040
 1.684   88.1500
 1.680   88.0510
 1.676   87.8870
 1.672   87.9000
 1.668   87.9250
 1.664   87.8220
 1.660   88.1120
 1.656   87.8220
 1.652   87.8980
 1.648   87.9360
 1.644   88.0230
 1.640   88.3140
 1.636   88.0740
 1.632   87.6460
 1.628   88.1000
 1.624   87.7840
 1.620   87.5580
 1.616   87.4080
 1.612   87.5580
 1.608   87.8220
 1.604   87.9980
 1.600   87.9360
 1.596   87.8480
 1.592   88.1120
 1.588   88.0870
 1.584   88.1000
 1.580   88.0240
 1.576   88.0240
 1.572   87.7090
 1.568   87.7970
 1.564   87.6960
 1.560   87.3150
 1.556   87.4960
 1.552   87.6540
 1.548   87.8850
 1.544   87.6540
 1.540   87.6180
 1.536   87.2190
 1.532   87.1180
 1.528   87.0430
 1.524   86.7470
 1.520   86.7670
 1.516   86.8740
 1.512   86.4020
 1.508   85.9320
 1.504   84.9580
 1.500   85.1880
 1.496   85.7290
 1.492   86.3490
 1.488   86.3540
 1.484   86.4900
 1.480   86.4200
 1.476   86.4200
 1.472   86.3460
 1.468   86.2860
 1.464   86.2960
 1.460   86.3740
 1.456   86.0470
 1.452   85.7250
 1.448   85.5350
 1.444   84.9810
 1.440   84.6730
 1.436   84.6730
 1.432   85.0680
 1.428   85.4580
 1.424   85.5450
 1.420   85.3850
 1.416   84.9810
 1.412   84.4000
 1.408   84.5900
 1.404   85.0380
 1.400   85.5440
 1.396   86.4330
 1.392   86.9740
 1.388   87.2010
 1.384   87.2150
 1.380   87.3460
 1.376   87.6140
 1.372   87.3060
 1.368   87.8470
 1.364   87.2890
 1.360   86.6880
 1.356   87.6330
 1.352   87.5270
 1.348   87.2180
 1.344   87.1730
 1.340   87.6780
 1.336   87.1150
 1.332   86.9150
 1.328   86.7410
 1.324   87.1950
 1.320   87.6390
 1.316   87.6120
 1.312   87.4590
 1.308   87.2370
 1.304   87.0890
 1.300   86.9420
 1.296   86.8550
 1.292   86.8140
 1.288   86.6110
 1.284   86.2610
 1.280   85.9390
 1.276   86.4820
 1.272   86.5870
 1.268   86.6330
 1.264   87.3360
 1.260   87.2880
 1.256   87.6880
 1.252   87.7610
 1.248   87.7030
 1.244   87.6130
 1.240   87.5680
 1.236   87.3420
 1.232   87.4250
 1.228   87.7510
 1.224   87.0870
 1.220   87.6090
 1.216   87.0060
 1.212   87.3710
 1.208   87.2250
 1.204   87.1590
 1.200   87.0740
 1.196   87.0320
 1.192   86.8380
 1.188   86.7780
 1.184   86.5570
 1.180   86.5860
 1.176   86.4390
 1.172   86.3810
 1.168   86.0680
 1.164   85.7480
 1.160   85.6390
 1.156   85.0500
 1.152   84.6690
 1.148   85.3060
 1.144   85.6630
 1.140   86.2490
 1.136   87.0870
 1.132   86.5450
 1.128   87.2050
 1.124   86.7080
 1.120   86.7090
 1.116   87.1130
 1.112   86.5450
 1.108   86.6490
 1.104   86.3080
 1.100   86.2930
 1.096   86.1000
 1.092   86.3960
 1.088   86.0200
 1.084   86.2140
 1.080   85.9930
 1.076   86.3030
 1.072   85.9930
 1.068   86.3770
 1.064   85.9190
 1.060   85.3570
 1.056   85.4450
 1.052   85.4350
 1.048   85.2260
 1.044   85.2120
 1.040   85.0350
 1.036   84.8260
 1.032   85.2830
 1.028   85.2580
 1.024   85.1530
 1.020   84.8820
 1.016   84.9380
 1.012   85.3400
 1.008   84.9930
 1.004   84.5280
 1.000   84.3680
 0.996   84.7270
 0.992   84.7670
 0.988   84.4450
 0.984   83.9650
 0.980   83.6440
 0.976   83.9990
 0.972   83.7170
 0.968   83.8770
 0.964   83.6290
 0.960   83.7000
 0.956   83.8430
 0.952   83.4250
 0.948   83.2120
 0.944   83.4790
 0.940   83.3370
 0.936   83.2480
 0.932   83.0720
 0.928   83.1240
 0.924   82.9840
 0.920   83.1240
 0.916   82.8420
 0.912   82.6210
 0.908   82.4810
 0.904   82.7440
 0.900   82.7260
 0.896   81.9690
 0.892   82.0380
 0.888   82.2150
 0.884   81.9990
 0.880   82.3500
 0.876   82.1910
 0.872   81.9070
 0.868   82.1700
 0.864   82.1860
 0.860   82.2470
 0.856   81.9980
 0.852   82.3000
 0.848   81.9180
 0.844   82.0870
 0.840   82.0600
 0.836   82.2820
 0.832   82.2200
 0.828   82.3990
 0.824   82.3550
 0.820   81.9830
 0.816   81.6830
 0.812   82.3040
 0.808   82.2980
 0.804   81.8960
 0.800   82.0390
 0.799   82.0390
 0.798   82.0390
 0.797   82.5220
 0.796   81.7860
 0.795   82.3280
 0.794   82.2520
 0.793   82.0820
 0.792   82.2940
 0.791   82.2940
 0.790   81.9460
 0.789   81.7500
 0.788   81.7140
 0.787   81.7100
 0.786   81.8840
 0.785   81.7870
 0.784   81.6900
 0.783   81.8640
 0.782   81.8070
 0.781   81.6500
 0.780   81.5900
 0.779   81.8610
 0.778   81.4770
 0.777   81.1310
 0.776   81.1720
 0.775   81.2980
 0.774   81.1890
 0.773   81.4210
 0.772   81.4940
 0.771   81.3040
 0.770   81.4000
 0.769   81.4940
 0.768   81.2650
 0.767   81.5900
 0.766   81.4870
 0.765   81.2040
 0.764   81.0870
 0.763   80.9140
 0.762   80.9000
 0.761   80.8170
 0.760   80.8380
 0.759   80.7960
 0.758   81.0660
 0.757   81.0450
 0.756   80.9900
 0.755   80.9140
 0.754   80.7960
 0.753   80.8720
 0.752   80.3340
 0.751   80.1620
 0.750   80.3340
 0.749   80.7200
 0.748   80.6860
 0.747   80.8660
 0.746   80.7130
 0.745   80.4240
 0.744   80.2850
 0.743   80.0370
 0.742   79.9080
 0.741   80.8040
 0.740   80.4920
 0.739   80.0370
 0.738   79.9410
 0.737   79.9190
 0.736   79.8440
 0.735   79.9410
 0.734   79.5380
 0.733   80.1880
 0.732   80.4710
 0.731   79.9300
 0.730   79.6820
 0.729   80.0060
 0.728   79.8390
 0.727   79.7790
 0.726   79.1670
 0.725   80.0700
 0.724   79.4880
 0.723   78.8480
 0.722   78.7520
 0.721   79.0260
 0.720   79.0260
 0.719   79.1230
 0.718   79.2280
 0.717   79.1530
 0.716   78.9350
 0.715   78.9590
 0.714   79.6800
 0.713   79.3110
 0.712   78.6190
 0.711   77.9340
 0.710   78.3200
 0.709   78.2200
 0.708   78.3840
 0.707   78.8100
 0.706   79.0310
 0.705   79.3310
 0.704   79.3310
 0.703   78.1790
 0.702   77.9150
 0.701   77.9350
 0.700   77.9590
 0.699   78.1520
 0.698   79.1390
 0.697   79.0730
 0.696   78.8790
 0.695   79.1490
 0.694   78.2930
 0.693   77.8360
 0.692   77.8360
 0.691   77.8640
 0.690   77.5880
 0.689   78.0670
 0.688   78.1400
 0.687   78.1640
 0.686   78.3640
 0.685   78.1920
 0.684   77.4390
 0.683   77.4900
 0.682   77.8180
 0.681   77.4650
 0.680   76.9380
 0.679   76.6140
 0.678   76.4150
 0.677   77.2660
 0.676   77.2150
 0.675   77.0890
 0.674   76.9640
 0.673   76.7880
 0.672   76.5150
 0.671   77.2650
 0.670   76.5880
 0.669   76.3640
 0.668   76.9640
 0.667   77.0140
 0.666   76.6610
 0.665   76.4870
 0.664   76.2380
 0.663   76.6370
 0.662   76.5350
 0.661   76.2580
 0.660   75.4310
 0.659   75.3500
 0.658   75.8770
 0.657   76.2040
 0.656   75.9520
 0.655   75.3510
 0.654   75.6480
 0.653   75.4730
 0.652   75.5940
 0.651   75.7700
 0.650   75.6470
 0.649   75.3510
 0.648   75.1490
 0.647   75.3720
 0.646   75.3450
 0.645   75.0680
 0.644   74.8470
 0.643   74.8470
 0.642   74.6910
 0.641   74.9400
 0.640   75.3450
 0.639   75.1420
 0.638   74.5340
 0.637   74.1860
 0.636   74.1130
 0.635   73.9400
 0.634   73.8110
 0.633   73.6090
 0.632   73.6810
 0.631   73.4360
 0.630   73.8710
 0.629   73.8710
 0.628   73.9730
 0.627   73.7540
 0.626   73.5520
 0.625   73.1470
 0.624   72.9160
 0.623   73.2040
 0.622   73.0010
 0.621   72.9290
 0.620   72.7980
 0.619   72.9000
 0.618   72.9720
 0.617   72.7260
 0.616   72.3500
 0.615   72.1060
 0.614   72.0050
 0.613   71.8630
 0.612   71.9340
 0.611   71.6310
 0.610   71.5290
 0.609   71.5290
 0.608   71.4280
 0.607   71.3970
 0.606   71.2340
 0.605   71.1020
 0.604   70.7970
 0.603   70.7320
 0.602   70.6070
 0.601   70.3760
 0.600   69.9610
 0.599   69.8920
 0.598   69.6580
 0.597   69.4890
 0.596   69.9750
 0.595   69.8760
 0.594   69.6320
 0.593   69.7020
 0.592   69.3560
 0.591   68.8400
 0.590   68.6330
 0.589   69.0120
 0.588   68.7720
 0.587   68.4270
 0.586   68.3240
 0.585   68.0160
 0.584   68.2210
 0.583   67.9100
 0.582   67.2960
 0.581   67.5310
 0.580   66.8800
 0.579   66.8070
 0.578   66.8800
 0.577   66.5700
 0.576   66.2610
 0.575   66.2610
 0.574   66.0590
 0.573   65.8430
 0.572   65.1220
 0.571   64.9470
 0.570   64.9730
 0.569   64.5030
 0.568   64.1350
 0.567   64.0340
 0.566   63.8940
 0.565   63.5890
 0.564   63.3860
 0.563   62.9180
 0.562   62.6140
 0.561   62.4330
 0.560   62.0070
 0.559   59.3250
 0.558   60.8220
 0.557   60.4550
 0.556   59.9190
 0.555   59.6950
 0.554   59.4040
 0.553   59.1700
 0.552   59.0010
 0.551   58.8500
 0.550   58.7920
 0.549   58.9610
 0.548   58.8620
 0.547   58.4670
 0.546   58.6070
 0.545   57.6670
 0.544   57.6130
 0.543   57.7890
 0.542   57.4490
 0.541   57.3830
 0.540   56.9980
 0.539   56.8890
 0.538   56.8110
 0.537   56.7520
 0.536   56.4330
 0.535   56.2340
 0.534   56.0990
 0.533   55.8830
 0.532   55.6680
 0.531   55.3250
 0.530   55.4850
 0.529   55.5390
 0.528   55.3930
 0.527   54.9360
 0.526   54.7780
 0.525   54.6910
 0.524   54.6560
 0.523   54.0340
 0.522   53.8840
 0.521   53.9870
 0.520   54.0480
 0.519   54.1090
 0.518   53.5450
 0.517   53.3940
 0.516   53.4510
 0.515   53.0940
 0.514   52.5990
 0.513   52.5020
 0.512   52.2090
 0.511   51.6140
 0.510   52.7070
 0.509   52.6070
 0.508   51.6170
 0.507   52.0120
 0.506   51.4230
 0.505   51.5180
 0.504   51.6650
 0.503   51.1720
 0.502   51.4150
 0.501   50.8270
 0.500   50.8750
 0.499   50.7740
 0.498   50.4830
 0.497   50.6750
 0.496   50.2870
 0.495   50.2320
 0.494   50.1430
 0.493   49.2820
 0.492   49.6040
 0.491   49.6950
 0.490   49.6380
 0.489   49.4040
 0.488   48.9640
 0.487   48.8720
 0.486   48.4290
 0.485   48.4290
 0.484   48.4270
 0.483   48.1180
 0.482   48.7350
 0.481   48.5510
 0.480   48.3150
 0.479   47.7870
 0.478   47.3770
 0.477   47.3770
 0.476   47.4660
 0.475   47.2240
 0.474   47.2780
 0.473   46.9490
 0.472   46.8510
 0.471   46.6440
 0.470   46.7540
 0.469   46.3310
 0.468   46.2330
 0.467   46.1220
 0.466   45.7420
 0.465   45.8090
 0.464   45.6150
 0.463   45.7990
 0.462   45.2380
 0.461   45.4770
 0.460   45.1000
 0.459   45.0700
 0.458   45.2690
 0.457   44.7260
 0.456   44.7770
 0.455   44.1800
 0.454   44.3260
 0.453   44.0330
 0.452   43.9120
 0.451   43.9150
 0.450   44.1210
 0.449   43.9770
 0.448   43.5670
 0.447   43.6110
 0.446   43.3380
 0.445   42.8280
 0.444   42.4140
 0.443   42.7440
 0.442   42.7800
 0.441   42.4810
 0.440   42.5390
 0.439   42.0880
 0.438   42.0150
 0.437   41.7970
 0.436   41.1580
 0.435   41.2580
 0.434   41.2320
 0.433   41.2060
 0.432   40.9180
 0.431   40.7150
 0.430   40.3720
 0.429   40.8090
 0.428   40.3780
 0.427   40.0660
 0.426   39.8870
 0.425   39.6650
 0.424   39.3560
 0.423   39.3340
 0.422   38.9450
 0.421   38.9810
 0.420   39.1350
 0.419   38.7720
 0.418   38.5570
 0.417   38.4530
 0.416   38.1410
 0.415   38.3490
 0.414   38.1720
 0.413   37.3700
 0.412   37.6540
 0.411   37.8170
 0.410   37.3030
 0.409   37.0270
 0.408   37.0560
 0.407   37.1560
 0.406   36.8450
 0.405   36.6660
 0.404   36.5910
 0.403   36.4910
 0.402   36.3580
 0.401   36.1140
 0.400   36.0350
 0.000    0.0000
