Name: Barite, BaSO4
Type:  Mineral
Class:  Sulfates
Subclass:  
Particle Size: Fine (less than 2 Micrometers)
Sample No.:  barite.1
Owner: JHU
Wavelength Range:  IR
Origin: Norma Vergo Sample from Carterville, Georgia. 

Description: The pure white sample appeared to be pure barite with 
many grains showing what apear to be fluid inclusions.




Measurement: Transmission
First Column:  X
Second Column:  Y  
X Units:  Wavelength (micrometers)
Y Units:  Transmittance (percent)
First X Value:  25.0442
Last X Value:  2.079
Number of X Values:  2287
Additional Information:  barite1a.txt
25.044   96.3005
24.924   97.2029
24.805   97.3748
24.686   97.2224
24.569   96.8943
24.454   97.3943
24.339   97.4060
24.225   97.4450
24.112   97.5310
24.001   97.4950
23.890   97.2419
23.781   97.3982
23.672   97.4099
23.564   97.3611
23.458   97.0642
23.352   97.1736
23.247   97.3005
23.144   97.3826
23.041   97.1912
22.939   97.1404
22.838   97.1033
22.738   97.1267
22.638   97.2126
22.540   97.2107
22.442   96.8923
22.345   96.8279
22.250   97.0466
22.154   97.0310
22.060   96.8357
21.967   96.6326
21.874   96.6833
21.782   96.7537
21.691   96.5701
21.601   96.3767
21.511   96.2751
21.422   96.1404
21.334   95.8904
21.247   95.4685
21.160   95.2927
21.074   95.3826
20.988   95.5544
20.904   95.5955
20.820   95.5408
20.737   95.5173
20.654   95.4861
20.572   95.3572
20.491   95.2849
20.410   95.1804
20.330   95.1443
20.251   94.9724
20.172   95.0007
20.094   94.8084
20.016   94.5544
19.939   94.3796
19.863   94.3513
19.787   94.0955
19.712   94.0857
19.637   93.9255
19.563   93.8669
19.489   93.5701
19.416   93.4539
19.344   93.1375
19.272   92.9919
19.201   92.7888
19.130   92.6492
19.059   92.3328
18.990   92.1726
18.920   91.7263
18.851   91.5164
18.783   91.0906
18.715   90.9255
18.648   90.4744
18.581   90.2127
18.515   89.7205
18.449   89.5125
18.384   89.0007
18.319   88.7507
18.254   88.2556
18.190   87.9773
18.126   87.3328
18.063   86.9744
18.001   86.2527
17.938   85.7810
17.876   85.0847
17.815   84.6277
17.754   83.8035
17.693   83.2127
17.633   82.3494
17.573   81.6307
17.514   80.5955
17.455   79.6404
17.396   78.3953
17.338   77.3201
17.280   75.9021
17.223   74.4344
17.166   72.5740
17.109   70.6336
17.053   68.2586
16.997   65.6932
16.942   62.4969
16.886   58.8475
16.832   54.3553
16.777   49.1835
16.723   43.1229
16.669   36.5868
16.616   29.7060
16.563   23.2656
16.510   17.9179
16.458   14.2148
16.406   12.4238
16.354   12.6943
16.302   14.9443
16.251   19.1220
16.200   24.7617
16.150   30.7558
16.100   35.8290
16.050   39.2636
16.000   40.5712
15.951   39.5673
15.902   36.5175
15.854   32.4892
15.805   28.8603
15.757   26.8534
15.710   27.1210
15.662   29.6933
15.615   34.2314
15.568   40.0868
15.521   46.8124
15.475   53.7264
15.429   60.4325
15.383   66.3690
15.338   71.5652
15.292   75.9754
15.248   79.8289
15.203   82.9949
15.158   85.8133
15.114   88.1472
15.070   90.2854
15.027   91.9768
14.983   93.5354
14.940   94.7502
14.897   95.9919
14.854   96.8337
14.812   97.6233
14.770   98.0803
14.728   98.4997
14.686   98.7483
14.645   99.0037
14.603   99.0954
14.562   99.2165
14.521   99.1877
14.481   99.2654
14.441   99.1951
14.400   99.1794
14.361   99.0725
14.321   99.0530
14.281   98.9631
14.242   98.9099
14.203   98.8591
14.164   98.8318
14.126   98.8005
14.087   98.8279
14.049   98.8049
14.011   98.7869
13.973   98.7185
13.936   98.6428
13.899   98.5427
13.861   98.4470
13.824   98.3865
13.788   98.2615
13.751   98.1682
13.715   98.0354
13.679   97.8855
13.643   97.6858
13.607   97.5544
13.571   97.3386
13.536   97.1462
13.500   96.9744
13.465   96.8069
13.430   96.5803
13.396   96.4138
13.361   96.2449
13.327   96.0544
13.293   95.9011
13.259   95.7112
13.225   95.5193
13.191   95.3337
13.158   95.1248
13.124   94.9568
13.091   94.7712
13.058   94.5388
13.026   94.3616
12.993   94.1404
12.960   93.8767
12.928   93.6589
12.896   93.5295
12.864   93.3484
12.832   93.1599
12.800   92.9441
12.769   92.7659
12.737   92.5701
12.706   92.4041
12.675   92.2000
12.644   91.9768
12.614   91.7371
12.583   91.5916
12.552   91.4124
12.522   91.2332
12.492   91.0339
12.462   90.8338
12.432   90.6214
12.402   90.4314
12.373   90.2634
12.343   90.0838
12.314   89.8748
12.285   89.7073
12.256   89.5340
12.227   89.3455
12.198   89.1404
12.169   88.9885
12.141   88.8382
12.113   88.6248
12.084   88.4534
12.056   88.2498
12.028   88.1272
12.000   87.9358
11.973   87.7537
11.945   87.5530
11.918   87.3792
11.890   87.1433
11.863   86.9597
11.836   86.7014
11.809   86.5193
11.782   86.2659
11.755   86.0427
11.729   85.7986
11.702   85.6052
11.676   85.3069
11.650   85.0974
11.624   84.7991
11.598   84.5613
11.572   84.2693
11.546   84.0193
11.520   83.7068
11.495   83.4305
11.469   83.1424
11.444   82.8670
11.419   82.5511
11.394   82.2737
11.369   81.9646
11.344   81.6521
11.319   81.2879
11.294   80.9436
11.270   80.5921
11.245   80.2195
11.221   79.8767
11.197   79.5457
11.173   79.1956
11.149   78.8167
11.125   78.4891
11.101   78.1097
11.077   77.7718
11.054   77.4090
11.030   77.0477
11.007   76.6844
10.983   76.3626
10.960   75.9632
10.937   75.5647
10.914   75.1551
10.891   74.7859
10.868   74.3548
10.846   73.9773
10.823   73.5555
10.800   73.1483
10.778   72.7215
10.755   72.3172
10.733   71.8338
10.711   71.3753
10.689   70.9129
10.667   70.4510
10.645   69.9280
10.623   69.3992
10.602   68.8729
10.580   68.2947
10.558   67.6761
10.537   67.0692
10.516   66.4486
10.494   65.7557
10.473   65.0721
10.452   64.3592
10.431   63.5868
10.410   62.7235
10.389   61.7791
10.368   60.8309
10.348   59.9764
10.327   59.0238
10.306   57.8041
10.286   56.3626
10.266   54.6586
10.245   52.4520
10.225   49.3212
10.205   44.6376
10.185   39.2226
10.165   38.1923
10.145   45.6112
10.125   54.7723
10.106   58.3304
10.086   57.9325
10.066   56.6112
10.047   55.2176
10.027   53.8768
10.008   52.6390
 9.989   51.4501
 9.970   50.2650
 9.950   49.0873
 9.931   47.9530
 9.912   46.8319
 9.893   45.6957
 9.875   44.5468
 9.856   43.4271
 9.837   42.2699
 9.818   41.0980
 9.800   39.9027
 9.781   38.7147
 9.763   37.4765
 9.745   36.2148
 9.726   34.9081
 9.708   33.5937
 9.690   32.2372
 9.672   30.8564
 9.654   29.4325
 9.636   27.9726
 9.618   26.4965
 9.600   25.0175
 9.583   23.5317
 9.565   22.0771
 9.547   20.6201
 9.530   19.1459
 9.512   17.6679
 9.495   16.2236
 9.477   14.7607
 9.460   13.3471
 9.443   12.0468
 9.426   10.8564
 9.409    9.6841
 9.392    8.5327
 9.375    7.4712
 9.358    6.5264
 9.341    5.7246
 9.324    5.0732
 9.307    4.5688
 9.291    4.2021
 9.274    3.9770
 9.257    3.8501
 9.241    3.7783
 9.224    3.7778
 9.208    3.8310
 9.192    3.9643
 9.175    4.1919
 9.159    4.5127
 9.143    4.8725
 9.127    5.2705
 9.111    5.6059
 9.095    5.8955
 9.079    6.0893
 9.063    6.1831
 9.047    6.1763
 9.032    6.1177
 9.016    5.9966
 9.000    5.8906
 8.985    5.7930
 8.969    5.6958
 8.954    5.6416
 8.938    5.6592
 8.923    5.7383
 8.907    5.9223
 8.892    6.1899
 8.877    6.5752
 8.862    7.0781
 8.847    7.6548
 8.832    8.3227
 8.817    9.0571
 8.802    9.8164
 8.787   10.5903
 8.772   11.3501
 8.757   12.1176
 8.742   12.8335
 8.728   13.4765
 8.713   13.9934
 8.698   14.3769
 8.684   14.5986
 8.669   14.6594
 8.655   14.5390
 8.640   14.2297
 8.626   13.7922
 8.612   13.2944
 8.597   12.7939
 8.583   12.2856
 8.569   11.7500
 8.555   11.1985
 8.541   10.6838
 8.527   10.2387
 8.513    9.8781
 8.499    9.6438
 8.485    9.5071
 8.471    9.4858
 8.457    9.6145
 8.443    9.8889
 8.430   10.3349
 8.416   10.9487
 8.402   11.7392
 8.389   12.7199
 8.375   13.8654
 8.362   15.1838
 8.348   16.6406
 8.335   18.2229
 8.321   19.9306
 8.308   21.7275
 8.295   23.5695
 8.281   25.4941
 8.268   27.4477
 8.255   29.4277
 8.242   31.3813
 8.229   33.2687
 8.216   34.9884
 8.203   36.4279
 8.190   37.4921
 8.177   38.3136
 8.164   39.2831
 8.151   40.7433
 8.138   42.6102
 8.126   44.6552
 8.113   46.6124
 8.100   48.4376
 8.088   50.0624
 8.075   51.5262
 8.062   52.8495
 8.050   54.0638
 8.037   55.1991
 8.025   56.2914
 8.013   57.3409
 8.000   58.3690
 7.988   59.3665
 7.976   60.3070
 7.963   61.2093
 7.951   62.0658
 7.939   62.8780
 7.927   63.6436
 7.915   64.3829
 7.903   65.1055
 7.891   65.7899
 7.879   66.4652
 7.867   67.1414
 7.855   67.7989
 7.843   68.4710
 7.831   69.1190
 7.819   69.7979
 7.807   70.4266
 7.796   71.0665
 7.784   71.6829
 7.772   72.2930
 7.761   72.8738
 7.749   73.4329
 7.738   73.9942
 7.726   74.5401
 7.715   75.0564
 7.703   75.5755
 7.692   76.0721
 7.680   76.5586
 7.669   77.0437
 7.658   77.5206
 7.646   77.9798
 7.635   78.4295
 7.624   78.8741
 7.613   79.2930
 7.601   79.7229
 7.590   80.1248
 7.579   80.5433
 7.568   80.9375
 7.557   81.3099
 7.546   81.6785
 7.535   82.0462
 7.524   82.3943
 7.513   82.7517
 7.502   83.0840
 7.492   83.4388
 7.481   83.7517
 7.470   84.0811
 7.459   84.3809
 7.448   84.6934
 7.438   84.9942
 7.427   85.3008
 7.417   85.6043
 7.406   85.9170
 7.395   86.2510
 7.385   86.6006
 7.374   86.9324
 7.364   87.2844
 7.353   87.6465
 7.343   88.0000
 7.333   88.3408
 7.322   88.6736
 7.312   89.0264
 7.302   89.3672
 7.291   89.6897
 7.281   90.0125
 7.271   90.3479
 7.261   90.6631
 7.251   90.9844
 7.240   91.3064
 7.230   91.6563
 7.220   91.9912
 7.210   92.2822
 7.200   92.5432
 7.190   92.8494
 7.180   93.1270
 7.170   93.3965
 7.160   93.6384
 7.151   93.8626
 7.141   94.0603
 7.131   94.2295
 7.121   94.3914
 7.111   94.5706
 7.102   94.7361
 7.092   94.9111
 7.082   95.0820
 7.073   95.2344
 7.063   95.3711
 7.053   95.5149
 7.044   95.6433
 7.034   95.7249
 7.025   95.8262
 7.015   95.9231
 7.006   95.9824
 6.996   96.0583
 6.987   96.1260
 6.977   96.1345
 6.968   96.1023
 6.959   96.1091
 6.949   96.1309
 6.940   96.1418
 6.931   96.1877
 6.921   96.2307
 6.912   96.2527
 6.903   96.2559
 6.894   96.2852
 6.885   96.3203
 6.876   96.3555
 6.866   96.4016
 6.857   96.4465
 6.848   96.4807
 6.839   96.5732
 6.830   96.6399
 6.821   96.6980
 6.812   96.7483
 6.803   96.8240
 6.794   96.8965
 6.786   96.9658
 6.777   97.0124
 6.768   97.0935
 6.759   97.1455
 6.750   97.2087
 6.741   97.2529
 6.733   97.3171
 6.724   97.3616
 6.715   97.4209
 6.707   97.4729
 6.698   97.5178
 6.689   97.5779
 6.681   97.6428
 6.672   97.6904
 6.663   97.7605
 6.655   97.8039
 6.646   97.8498
 6.638   97.8811
 6.629   97.9011
 6.621   97.8975
 6.612   97.9211
 6.604   97.9434
 6.596   97.9363
 6.587   97.9268
 6.579   97.9336
 6.571   97.9470
 6.562   97.9206
 6.554   97.8997
 6.546   97.8835
 6.537   97.8437
 6.529   97.8137
 6.521   97.8147
 6.513   97.8015
 6.505   97.8018
 6.496   97.8415
 6.488   97.8828
 6.480   97.8777
 6.472   97.9060
 6.464   97.9238
 6.456   97.9548
 6.448   97.9456
 6.440   97.9968
 6.432   98.0417
 6.424   98.0920
 6.416   98.1501
 6.408   98.2288
 6.400   98.2634
 6.392   98.3347
 6.384   98.3992
 6.377   98.4441
 6.369   98.4817
 6.361   98.5361
 6.353   98.5847
 6.345   98.6218
 6.338   98.6377
 6.330   98.6582
 6.322   98.6484
 6.314   98.6130
 6.307   98.6013
 6.299   98.5437
 6.291   98.4480
 6.284   98.3894
 6.276   98.4314
 6.269   98.4766
 6.261   98.5605
 6.254   98.6428
 6.246   98.7109
 6.238   98.7239
 6.231   98.8225
 6.223   98.8935
 6.216   99.0115
 6.209   99.1047
 6.201   99.2341
 6.194   99.2937
 6.186   99.4070
 6.179   99.4744
 6.172   99.5544
 6.164   99.6252
 6.157   99.7285
 6.150   99.8115
 6.142   99.8808
 6.135   99.9414
 6.128  100.0222
 6.121  100.0837
 6.113  100.1560
 6.106  100.2224
 6.099  100.2634
 6.092  100.3284
 6.085  100.3884
 6.078  100.4453
 6.070  100.4687
 6.063  100.5283
 6.056  100.5583
 6.049  100.6182
 6.042  100.6277
 6.035  100.6848
 6.028  100.7136
 6.021  100.7536
 6.014  100.7737
 6.007  100.8135
 6.000  100.7890
 5.993  100.8279
 5.986  100.8205
 5.979  100.8376
 5.973  100.8359
 5.966  100.8777
 5.959  100.8721
 5.952  100.8904
 5.945  100.9045
 5.938  100.9541
 5.932  100.9404
 5.925  100.9424
 5.918  100.9587
 5.911  100.9621
 5.905  100.9621
 5.898  100.9910
 5.891  100.9968
 5.884  101.0007
 5.878  101.0254
 5.871  101.0178
 5.864  101.0095
 5.858  101.0085
 5.851  101.0193
 5.845  101.0293
 5.838  101.0508
 5.831  101.0583
 5.825  101.0818
 5.818  101.0798
 5.812  101.1208
 5.805  101.1328
 5.799  101.1455
 5.792  101.1133
 5.786  101.1387
 5.779  101.1311
 5.773  101.1572
 5.767  101.1545
 5.760  101.1433
 5.754  101.1218
 5.747  101.1455
 5.741  101.1472
 5.735  101.1374
 5.728  101.1201
 5.722  101.1328
 5.716  101.1120
 5.709  101.1296
 5.703  101.1250
 5.697  101.1133
 5.691  101.1103
 5.684  101.1018
 5.678  101.0937
 5.672  101.0808
 5.666  101.0701
 5.660  101.0859
 5.653  101.0754
 5.647  101.0654
 5.641  101.0849
 5.635  101.0771
 5.629  101.0740
 5.623  101.0657
 5.617  101.0615
 5.611  101.0520
 5.604  101.0488
 5.598  101.0466
 5.592  101.0566
 5.586  101.0310
 5.580  101.0505
 5.574  101.0495
 5.568  101.0322
 5.562  101.0173
 5.556  101.0359
 5.550  101.0098
 5.545  101.0090
 5.539  101.0041
 5.533  101.0178
 5.527  101.0056
 5.521  101.0144
 5.515  100.9939
 5.509  100.9861
 5.503  101.0068
 5.498  100.9951
 5.492  100.9822
 5.486  100.9944
 5.480  100.9870
 5.474  100.9717
 5.469  100.9758
 5.463  100.9931
 5.457  100.9846
 5.451  100.9812
 5.446  100.9778
 5.440  100.9892
 5.434  100.9853
 5.428  100.9853
 5.423  100.9951
 5.417  100.9944
 5.411  100.9846
 5.406  100.9834
 5.400  100.9922
 5.395  100.9827
 5.389  100.9870
 5.383  100.9824
 5.378  100.9866
 5.372  100.9900
 5.367  100.9997
 5.361  100.9846
 5.356  100.9880
 5.350  100.9934
 5.344  100.9900
 5.339  100.9885
 5.333  100.9961
 5.328  100.9685
 5.323  100.9641
 5.317  100.9648
 5.312  100.9480
 5.306  100.9377
 5.301  100.9453
 5.295  100.9485
 5.290  100.9473
 5.285  100.9202
 5.279  100.9267
 5.274  100.9123
 5.268  100.9082
 5.263  100.8982
 5.258  100.8913
 5.252  100.9140
 5.247  100.9031
 5.242  100.9021
 5.237  100.8957
 5.231  100.8916
 5.226  100.8916
 5.221  100.8896
 5.215  100.8701
 5.210  100.8877
 5.205  100.8611
 5.200  100.8508
 5.195  100.8213
 5.189  100.8249
 5.184  100.8157
 5.179  100.8132
 5.174  100.8125
 5.169  100.8291
 5.163  100.8057
 5.158  100.8047
 5.153  100.7732
 5.148  100.7663
 5.143  100.7585
 5.138  100.7483
 5.133  100.7129
 5.128  100.6846
 5.123  100.6589
 5.118  100.6130
 5.113  100.5596
 5.108  100.4880
 5.103  100.3923
 5.097  100.2724
 5.092  100.1113
 5.087   99.9658
 5.083   99.9551
 5.078  100.0937
 5.073  100.2988
 5.068  100.4180
 5.063  100.4785
 5.058  100.5019
 5.053  100.5283
 5.048  100.5066
 5.043  100.4990
 5.038  100.4890
 5.033  100.4587
 5.028  100.4158
 5.023  100.4326
 5.019  100.4121
 5.014  100.4011
 5.009  100.3828
 5.004  100.3884
 4.999  100.3479
 4.994  100.3357
 4.990  100.2849
 4.985  100.2578
 4.980  100.2204
 4.975  100.1936
 4.970  100.1526
 4.966  100.1003
 4.961  100.0351
 4.956   99.9922
 4.951   99.9404
 4.947   99.8913
 4.942   99.8135
 4.937   99.7219
 4.933   99.6240
 4.928   99.4932
 4.923   99.3352
 4.919   99.1418
 4.914   98.9033
 4.909   98.6025
 4.905   98.2351
 4.900   97.8105
 4.895   97.3164
 4.891   96.8362
 4.886   96.4480
 4.882   96.2441
 4.877   96.2529
 4.872   96.3181
 4.868   96.3486
 4.863   96.3145
 4.859   96.2051
 4.854   96.0603
 4.850   95.9307
 4.845   95.8389
 4.840   95.8428
 4.836   95.9656
 4.831   96.1562
 4.827   96.4050
 4.822   96.6760
 4.818   96.9304
 4.814   97.1367
 4.809   97.2468
 4.805   97.2800
 4.800   97.2305
 4.796   97.1130
 4.791   97.0354
 4.787   96.9861
 4.782   97.0300
 4.778   97.1103
 4.774   97.1951
 4.769   97.2998
 4.765   97.4167
 4.760   97.5322
 4.756   97.6396
 4.752   97.7129
 4.747   97.7751
 4.743   97.7830
 4.739   97.7419
 4.734   97.6667
 4.730   97.5947
 4.726   97.5290
 4.721   97.4648
 4.717   97.4021
 4.713   97.3467
 4.709   97.2761
 4.704   97.1951
 4.700   97.1321
 4.696   97.0791
 4.692   97.0486
 4.687   97.0254
 4.683   96.9795
 4.679   96.9297
 4.675   96.9309
 4.670   96.9558
 4.666   97.0242
 4.662   97.1423
 4.658   97.2976
 4.654   97.4717
 4.649   97.6169
 4.645   97.7383
 4.641   97.8132
 4.637   97.8457
 4.633   97.8367
 4.629   97.8230
 4.625   97.8008
 4.620   97.7969
 4.616   97.8174
 4.612   97.8093
 4.608   97.8074
 4.604   97.7966
 4.600   97.7654
 4.596   97.7546
 4.592   97.7351
 4.588   97.6836
 4.584   97.6374
 4.580   97.5837
 4.576   97.5518
 4.572   97.4949
 4.568   97.4548
 4.564   97.4219
 4.560   97.4199
 4.555   97.4355
 4.551   97.4814
 4.548   97.5105
 4.544   97.5566
 4.540   97.6023
 4.536   97.6697
 4.532   97.7244
 4.528   97.7754
 4.524   97.8281
 4.520   97.8896
 4.516   97.9382
 4.512   97.9910
 4.508   98.0603
 4.504   98.1006
 4.500   98.1169
 4.496   98.1365
 4.492   98.1619
 4.488   98.1804
 4.485   98.1912
 4.481   98.1970
 4.477   98.1982
 4.473   98.2048
 4.469   98.1875
 4.465   98.1706
 4.461   98.1543
 4.458   98.1599
 4.454   98.1619
 4.450   98.1775
 4.446   98.2029
 4.442   98.2224
 4.438   98.2578
 4.435   98.2861
 4.431   98.2920
 4.427   98.2976
 4.423   98.3230
 4.420   98.3425
 4.416   98.3308
 4.412   98.3271
 4.408   98.3545
 4.405   98.3469
 4.401   98.3616
 4.397   98.3601
 4.393   98.3591
 4.390   98.3664
 4.386   98.3552
 4.382   98.3318
 4.379   98.3342
 4.375   98.3332
 4.371   98.3420
 4.367   98.3230
 4.364   98.3118
 4.360   98.3181
 4.356   98.3230
 4.353   98.3137
 4.349   98.3176
 4.345   98.2956
 4.342   98.2830
 4.338   98.2805
 4.335   98.2751
 4.331   98.2649
 4.327   98.2351
 4.324   98.2141
 4.320   98.1824
 4.317   98.1609
 4.313   98.1189
 4.309   98.1077
 4.306   98.0730
 4.302   98.0510
 4.299   98.0271
 4.295   98.0046
 4.292   97.9651
 4.288   97.9426
 4.284   97.9407
 4.281   97.9216
 4.277   97.9324
 4.274   97.9602
 4.270   97.9412
 4.267   97.9412
 4.263   97.9431
 4.260   97.9573
 4.256   97.9548
 4.253   97.9670
 4.249   97.9656
 4.246   97.9587
 4.242   97.9514
 4.239   97.9548
 4.235   97.9631
 4.232   97.9685
 4.229   97.9978
 4.225   98.0002
 4.222   98.0281
 4.218   98.0388
 4.215   98.0417
 4.211   98.0588
 4.208   98.0789
 4.205   98.0940
 4.201   98.1111
 4.198   98.1101
 4.194   98.1428
 4.191   98.1511
 4.188   98.1697
 4.184   98.1746
 4.181   98.1765
 4.177   98.1838
 4.174   98.1985
 4.171   98.1985
 4.167   98.1892
 4.164   98.1819
 4.161   98.1892
 4.157   98.1819
 4.154   98.1653
 4.151   98.1365
 4.147   98.1423
 4.144   98.1379
 4.141   98.1252
 4.137   98.1077
 4.134   98.1052
 4.131   98.1028
 4.128   98.1018
 4.124   98.0789
 4.121   98.0642
 4.118   98.0622
 4.114   98.0383
 4.111   98.0437
 4.108   98.0242
 4.105   97.9958
 4.101   97.9895
 4.098   97.9748
 4.095   97.9416
 4.092   97.9289
 4.088   97.9285
 4.085   97.9202
 4.082   97.9206
 4.079   97.8918
 4.076   97.8630
 4.072   97.8450
 4.069   97.8401
 4.066   97.8210
 4.063   97.8118
 4.060   97.7981
 4.056   97.7790
 4.053   97.7688
 4.050   97.7742
 4.047   97.7654
 4.044   97.7615
 4.041   97.7366
 4.038   97.7014
 4.034   97.7048
 4.031   97.6995
 4.028   97.6706
 4.025   97.6560
 4.022   97.6438
 4.019   97.6370
 4.016   97.6091
 4.013   97.6194
 4.009   97.6023
 4.006   97.5974
 4.003   97.5627
 4.000   97.5603
 3.997   97.5452
 3.994   97.5461
 3.991   97.5261
 3.988   97.5286
 3.985   97.5154
 3.982   97.5027
 3.979   97.4827
 3.976   97.4709
 3.973   97.4475
 3.969   97.4324
 3.966   97.4304
 3.963   97.3992
 3.960   97.3625
 3.957   97.3552
 3.954   97.3347
 3.951   97.3186
 3.948   97.3127
 3.945   97.3020
 3.942   97.3000
 3.939   97.2830
 3.936   97.2585
 3.933   97.2356
 3.930   97.2131
 3.927   97.2263
 3.924   97.2112
 3.921   97.1838
 3.918   97.1790
 3.916   97.1428
 3.913   97.1311
 3.910   97.1052
 3.907   97.0681
 3.904   97.0530
 3.901   97.0286
 3.898   97.0115
 3.895   97.0061
 3.892   96.9958
 3.889   96.9763
 3.886   96.9636
 3.883   96.9670
 3.880   96.9456
 3.877   96.9373
 3.875   96.9011
 3.872   96.8772
 3.869   96.8484
 3.866   96.8313
 3.863   96.8005
 3.860   96.8005
 3.857   96.7825
 3.854   96.7839
 3.852   96.7659
 3.849   96.7566
 3.846   96.7634
 3.843   96.7419
 3.840   96.6956
 3.837   96.6794
 3.834   96.6624
 3.832   96.6399
 3.829   96.6345
 3.826   96.6125
 3.823   96.6033
 3.820   96.6057
 3.817   96.5803
 3.815   96.5554
 3.812   96.5378
 3.809   96.5320
 3.806   96.5085
 3.803   96.4978
 3.801   96.4578
 3.798   96.4304
 3.795   96.4241
 3.792   96.4128
 3.790   96.3992
 3.787   96.3835
 3.784   96.3762
 3.781   96.3660
 3.779   96.3445
 3.776   96.3201
 3.773   96.3035
 3.770   96.2991
 3.768   96.2791
 3.765   96.2541
 3.762   96.2249
 3.759   96.2244
 3.757   96.2136
 3.754   96.2063
 3.751   96.2009
 3.748   96.1638
 3.746   96.1472
 3.743   96.1252
 3.740   96.1003
 3.738   96.0730
 3.735   96.0623
 3.732   96.0588
 3.730   96.0417
 3.727   96.0081
 3.724   96.0022
 3.722   95.9817
 3.719   95.9548
 3.716   95.9421
 3.714   95.9045
 3.711   95.8948
 3.708   95.8689
 3.706   95.8396
 3.703   95.8220
 3.700   95.8093
 3.698   95.7996
 3.695   95.7947
 3.692   95.7581
 3.690   95.7639
 3.687   95.7322
 3.685   95.7053
 3.682   95.6960
 3.679   95.6565
 3.677   95.6418
 3.674   95.6345
 3.671   95.6194
 3.669   95.6077
 3.666   95.5867
 3.664   95.5657
 3.661   95.5515
 3.659   95.5344
 3.656   95.5046
 3.653   95.4973
 3.651   95.4929
 3.648   95.4529
 3.646   95.4236
 3.643   95.4080
 3.641   95.4182
 3.638   95.3953
 3.635   95.3679
 3.633   95.3386
 3.630   95.3401
 3.628   95.3162
 3.625   95.3127
 3.623   95.2771
 3.620   95.2625
 3.618   95.2600
 3.615   95.2400
 3.613   95.2058
 3.610   95.1897
 3.608   95.1633
 3.605   95.1584
 3.603   95.1409
 3.600   95.1257
 3.598   95.0959
 3.595   95.1057
 3.593   95.0798
 3.590   95.0671
 3.588   95.0652
 3.585   95.0452
 3.583   95.0447
 3.580   95.0085
 3.578   94.9822
 3.575   94.9626
 3.573   94.9480
 3.570   94.9334
 3.568   94.8933
 3.565   94.8713
 3.563   94.8748
 3.561   94.8455
 3.558   94.8186
 3.556   94.8250
 3.553   94.7908
 3.551   94.7761
 3.548   94.7683
 3.546   94.7449
 3.544   94.7170
 3.541   94.7092
 3.539   94.6804
 3.536   94.6624
 3.534   94.6404
 3.531   94.5837
 3.529   94.5642
 3.527   94.5398
 3.524   94.5256
 3.522   94.4768
 3.519   94.4495
 3.517   94.4138
 3.515   94.3713
 3.512   94.3147
 3.510   94.2756
 3.508   94.2131
 3.505   94.1755
 3.503   94.1443
 3.500   94.1462
 3.498   94.1472
 3.496   94.1550
 3.493   94.1858
 3.491   94.2000
 3.489   94.2009
 3.486   94.2029
 3.484   94.1956
 3.482   94.1843
 3.479   94.1550
 3.477   94.1521
 3.475   94.1487
 3.472   94.1306
 3.470   94.1389
 3.468   94.1257
 3.465   94.1096
 3.463   94.1130
 3.461   94.0745
 3.458   94.0491
 3.456   94.0330
 3.454   93.9753
 3.452   93.9573
 3.449   93.9338
 3.447   93.8987
 3.445   93.8752
 3.442   93.8225
 3.440   93.8084
 3.438   93.7620
 3.435   93.7229
 3.433   93.6877
 3.431   93.6238
 3.429   93.5623
 3.426   93.5237
 3.424   93.4749
 3.422   93.4221
 3.420   93.4045
 3.417   93.3923
 3.415   93.3772
 3.413   93.3962
 3.411   93.4065
 3.408   93.4021
 3.406   93.4334
 3.404   93.4729
 3.402   93.4983
 3.399   93.5037
 3.397   93.5466
 3.395   93.5710
 3.393   93.5886
 3.391   93.5842
 3.388   93.5867
 3.386   93.5295
 3.384   93.4880
 3.382   93.4841
 3.380   93.5193
 3.377   93.5237
 3.375   93.5393
 3.373   93.5310
 3.371   93.5310
 3.369   93.5281
 3.366   93.5564
 3.364   93.5569
 3.362   93.5652
 3.360   93.5862
 3.358   93.5837
 3.355   93.5706
 3.353   93.5759
 3.351   93.5667
 3.349   93.5720
 3.347   93.5505
 3.345   93.5505
 3.342   93.5491
 3.340   93.5388
 3.338   93.5359
 3.336   93.5115
 3.334   93.4924
 3.332   93.4617
 3.330   93.4417
 3.327   93.4182
 3.325   93.4041
 3.323   93.4085
 3.321   93.3909
 3.319   93.3850
 3.317   93.3811
 3.315   93.3557
 3.313   93.3460
 3.310   93.3303
 3.308   93.3225
 3.306   93.3147
 3.304   93.2893
 3.302   93.2659
 3.300   93.2537
 3.298   93.2385
 3.296   93.2224
 3.294   93.2068
 3.292   93.2107
 3.289   93.2087
 3.287   93.1687
 3.285   93.1702
 3.283   93.1545
 3.281   93.1482
 3.279   93.1467
 3.277   93.1252
 3.275   93.0984
 3.273   93.0803
 3.271   93.0974
 3.269   93.0798
 3.267   93.0603
 3.265   93.0432
 3.263   93.0593
 3.260   93.0530
 3.258   93.0330
 3.256   93.0212
 3.254   93.0139
 3.252   92.9944
 3.250   92.9802
 3.248   92.9788
 3.246   92.9807
 3.244   92.9627
 3.242   92.9412
 3.240   92.9002
 3.238   92.9163
 3.236   92.9246
 3.234   92.9177
 3.232   92.8987
 3.230   92.8831
 3.228   92.8694
 3.226   92.8674
 3.224   92.8738
 3.222   92.8699
 3.220   92.8640
 3.218   92.8362
 3.216   92.8245
 3.214   92.8181
 3.212   92.8264
 3.210   92.8201
 3.208   92.8142
 3.206   92.8005
 3.204   92.7952
 3.202   92.7893
 3.200   92.7888
 3.198   92.7756
 3.196   92.7576
 3.194   92.7678
 3.192   92.7507
 3.190   92.7463
 3.188   92.7268
 3.186   92.7146
 3.184   92.7146
 3.182   92.6682
 3.180   92.6619
 3.179   92.6682
 3.177   92.6663
 3.175   92.6213
 3.173   92.6209
 3.171   92.6111
 3.169   92.6336
 3.167   92.6350
 3.165   92.6077
 3.163   92.6038
 3.161   92.5818
 3.159   92.5671
 3.157   92.5525
 3.155   92.5491
 3.153   92.5408
 3.151   92.5549
 3.150   92.5354
 3.148   92.5193
 3.146   92.5066
 3.144   92.4866
 3.142   92.5134
 3.140   92.5003
 3.138   92.4807
 3.136   92.4998
 3.134   92.4783
 3.132   92.4734
 3.131   92.4436
 3.129   92.4412
 3.127   92.4436
 3.125   92.4529
 3.123   92.4334
 3.121   92.4573
 3.119   92.4451
 3.117   92.4553
 3.115   92.4319
 3.114   92.4045
 3.112   92.3850
 3.110   92.3792
 3.108   92.3323
 3.106   92.3342
 3.104   92.3167
 3.102   92.3279
 3.101   92.3045
 3.099   92.2742
 3.097   92.2830
 3.095   92.2776
 3.093   92.2693
 3.091   92.2634
 3.089   92.2361
 3.088   92.2420
 3.086   92.2068
 3.084   92.1853
 3.082   92.1897
 3.080   92.1638
 3.078   92.1624
 3.077   92.1467
 3.075   92.1409
 3.073   92.1365
 3.071   92.1292
 3.069   92.0818
 3.068   92.0720
 3.066   92.0545
 3.064   92.0491
 3.062   92.0432
 3.060   91.9924
 3.058   91.9685
 3.057   91.9705
 3.055   91.9495
 3.053   91.9343
 3.051   91.9338
 3.050   91.8826
 3.048   91.8421
 3.046   91.8435
 3.044   91.8396
 3.042   91.8552
 3.041   91.8464
 3.039   91.8181
 3.037   91.7957
 3.035   91.7800
 3.033   91.7683
 3.032   91.7390
 3.030   91.7439
 3.028   91.7107
 3.026   91.6843
 3.025   91.6277
 3.023   91.6511
 3.021   91.6170
 3.019   91.5945
 3.018   91.5955
 3.016   91.5935
 3.014   91.5671
 3.012   91.5603
 3.011   91.5242
 3.009   91.4890
 3.007   91.4812
 3.005   91.4548
 3.004   91.4334
 3.002   91.4295
 3.000   91.3884
 2.998   91.3484
 2.997   91.3347
 2.995   91.3289
 2.993   91.3084
 2.991   91.2976
 2.990   91.2625
 2.988   91.2136
 2.986   91.2341
 2.985   91.2127
 2.983   91.1990
 2.981   91.1697
 2.979   91.1609
 2.978   91.1326
 2.976   91.1023
 2.974   91.0642
 2.973   91.0603
 2.971   91.0379
 2.969   91.0115
 2.967   90.9890
 2.966   90.9451
 2.964   90.9548
 2.962   90.9392
 2.961   90.9080
 2.959   90.8591
 2.957   90.8172
 2.956   90.8240
 2.954   90.8201
 2.952   90.7966
 2.951   90.7673
 2.949   90.7127
 2.947   90.6912
 2.946   90.6726
 2.944   90.6238
 2.942   90.6170
 2.941   90.5945
 2.939   90.5857
 2.937   90.5476
 2.936   90.5466
 2.934   90.5623
 2.932   90.5437
 2.931   90.4871
 2.929   90.4656
 2.927   90.4763
 2.926   90.4568
 2.924   90.4197
 2.922   90.4304
 2.921   90.3797
 2.919   90.3484
 2.917   90.3289
 2.916   90.2732
 2.914   90.2849
 2.912   90.2791
 2.911   90.2693
 2.909   90.2517
 2.908   90.2351
 2.906   90.1775
 2.904   90.1502
 2.903   90.1150
 2.901   90.1072
 2.899   90.0945
 2.898   90.0945
 2.896   90.0740
 2.895   90.0134
 2.893   90.0242
 2.891   90.0017
 2.890   89.9314
 2.888   89.9138
 2.887   89.8757
 2.885   89.8328
 2.883   89.8006
 2.882   89.7361
 2.880   89.7556
 2.878   89.7478
 2.877   89.7029
 2.875   89.7088
 2.874   89.6873
 2.872   89.6882
 2.871   89.6795
 2.869   89.6873
 2.867   89.6277
 2.866   89.6013
 2.864   89.5759
 2.863   89.5486
 2.861   89.5095
 2.859   89.4881
 2.858   89.4861
 2.856   89.4783
 2.855   89.4500
 2.853   89.4382
 2.852   89.3953
 2.850   89.3338
 2.848   89.3064
 2.847   89.2908
 2.845   89.2459
 2.844   89.2595
 2.842   89.2439
 2.841   89.2088
 2.839   89.1394
 2.838   89.1756
 2.836   89.1140
 2.834   89.0711
 2.833   88.9890
 2.831   88.9920
 2.830   88.9822
 2.828   88.9802
 2.827   88.9373
 2.825   88.9041
 2.824   88.9031
 2.822   88.9461
 2.821   88.8875
 2.819   88.8299
 2.817   88.7849
 2.816   88.7966
 2.814   88.7986
 2.813   88.7693
 2.811   88.7224
 2.810   88.6687
 2.808   88.6492
 2.807   88.6375
 2.805   88.6091
 2.804   88.5593
 2.802   88.5564
 2.801   88.5164
 2.799   88.5056
 2.798   88.5320
 2.796   88.5291
 2.795   88.4939
 2.793   88.5086
 2.792   88.4929
 2.790   88.4236
 2.789   88.4002
 2.787   88.3875
 2.786   88.3533
 2.784   88.3054
 2.783   88.2537
 2.781   88.2781
 2.780   88.2361
 2.778   88.1853
 2.777   88.1609
 2.775   88.1424
 2.774   88.1218
 2.772   88.0974
 2.771   88.0945
 2.769   88.0711
 2.768   88.0252
 2.766   87.9480
 2.765   87.9031
 2.763   87.8748
 2.762   87.8455
 2.760   87.8279
 2.759   87.7742
 2.758   87.7312
 2.756   87.7185
 2.755   87.6736
 2.753   87.6883
 2.752   87.6287
 2.750   87.6248
 2.749   87.5740
 2.747   87.5115
 2.746   87.4978
 2.744   87.4685
 2.743   87.4627
 2.741   87.4265
 2.740   87.3963
 2.739   87.3767
 2.737   87.3592
 2.736   87.3162
 2.734   87.2927
 2.733   87.2674
 2.731   87.2508
 2.730   87.2302
 2.729   87.2381
 2.727   87.2283
 2.726   87.1912
 2.724   87.1570
 2.723   87.1267
 2.721   87.1092
 2.720   87.1365
 2.718   87.1072
 2.717   87.0759
 2.716   87.1033
 2.714   87.0896
 2.713   87.0506
 2.711   87.0437
 2.710   87.0125
 2.709   86.9549
 2.707   86.9109
 2.706   86.8445
 2.704   86.8084
 2.703   86.7781
 2.701   86.7342
 2.700   86.7185
 2.699   86.6385
 2.697   86.6385
 2.696   86.6541
 2.694   86.6492
 2.693   86.6111
 2.692   86.5838
 2.690   86.5506
 2.689   86.5398
 2.687   86.5174
 2.686   86.4939
 2.685   86.4627
 2.683   86.4373
 2.682   86.4470
 2.681   86.4217
 2.679   86.4373
 2.678   86.3963
 2.676   86.3689
 2.675   86.3474
 2.674   86.3279
 2.672   86.2849
 2.671   86.2517
 2.669   86.2351
 2.668   86.1990
 2.667   86.2234
 2.665   86.2078
 2.664   86.1648
 2.663   86.0857
 2.661   86.0779
 2.660   86.0984
 2.659   86.0545
 2.657   86.0310
 2.656   86.0086
 2.654   86.0056
 2.653   86.0017
 2.652   85.9724
 2.650   85.8836
 2.649   85.8650
 2.648   85.8552
 2.646   85.8406
 2.645   85.8142
 2.644   85.7820
 2.642   85.8025
 2.641   85.7664
 2.640   85.7322
 2.638   85.7049
 2.637   85.6326
 2.636   85.6179
 2.634   85.5867
 2.633   85.5584
 2.632   85.5623
 2.630   85.5310
 2.629   85.4890
 2.628   85.4773
 2.626   85.4881
 2.625   85.4617
 2.624   85.4304
 2.622   85.3943
 2.621   85.4109
 2.620   85.4109
 2.618   85.3592
 2.617   85.3601
 2.616   85.3445
 2.614   85.2732
 2.613   85.2703
 2.612   85.2234
 2.610   85.2263
 2.609   85.1804
 2.608   85.1648
 2.606   85.1795
 2.605   85.1258
 2.604   85.0779
 2.602   85.1013
 2.601   85.1336
 2.600   85.1336
 2.599   85.1101
 2.597   85.0486
 2.596   85.0476
 2.595   85.0564
 2.593   84.9851
 2.592   84.9607
 2.591   84.9256
 2.589   84.8875
 2.588   84.8631
 2.587   84.8260
 2.586   84.8015
 2.584   84.8562
 2.583   84.7361
 2.582   84.7908
 2.580   84.8133
 2.579   84.7986
 2.578   84.7732
 2.577   84.7185
 2.575   84.6814
 2.574   84.6873
 2.573   84.6297
 2.572   84.6248
 2.570   84.6414
 2.569   84.6023
 2.568   84.5437
 2.566   84.5213
 2.565   84.4529
 2.564   84.4304
 2.563   84.4178
 2.561   84.4265
 2.560   84.3406
 2.559   84.3181
 2.558   84.2967
 2.556   84.3162
 2.555   84.2888
 2.554   84.2898
 2.553   84.2674
 2.551   84.2576
 2.550   84.2947
 2.549   84.2967
 2.547   84.2234
 2.546   84.2117
 2.545   84.2195
 2.544   84.2039
 2.542   84.1853
 2.541   84.1336
 2.540   84.0828
 2.539   84.0877
 2.538   84.1023
 2.536   84.0623
 2.535   84.0906
 2.534   84.0428
 2.533   84.0428
 2.531   83.9959
 2.530   83.9451
 2.529   83.9656
 2.528   83.9451
 2.526   84.0047
 2.525   83.9314
 2.524   83.9226
 2.523   83.8523
 2.521   83.7771
 2.520   83.7547
 2.519   83.7185
 2.518   83.7420
 2.517   83.7342
 2.515   83.7156
 2.514   83.7088
 2.513   83.7390
 2.512   83.6521
 2.510   83.5984
 2.509   83.5867
 2.508   83.5515
 2.507   83.5398
 2.506   83.4998
 2.504   83.4539
 2.503   83.4412
 2.502   83.4500
 2.501   83.4412
 2.500   83.4412
 2.498   83.4305
 2.497   83.4461
 2.496   83.4344
 2.495   83.3513
 2.494   83.3318
 2.492   83.3670
 2.491   83.3562
 2.490   83.3680
 2.489   83.3084
 2.488   83.3162
 2.486   83.2351
 2.485   83.2976
 2.484   83.2478
 2.483   83.2185
 2.482   83.2381
 2.480   83.2342
 2.479   83.1541
 2.478   83.0916
 2.477   83.0486
 2.476   83.0740
 2.475   83.0017
 2.473   82.9783
 2.472   82.9607
 2.471   82.9451
 2.470   82.9471
 2.469   82.9431
 2.467   82.8650
 2.466   82.8396
 2.465   82.8943
 2.464   82.8904
 2.463   82.8787
 2.462   82.8455
 2.460   82.8826
 2.459   82.8416
 2.458   82.7830
 2.457   82.8240
 2.456   82.7361
 2.455   82.7088
 2.453   82.6658
 2.452   82.6521
 2.451   82.5974
 2.450   82.5974
 2.449   82.6170
 2.448   82.5896
 2.447   82.5857
 2.445   82.5408
 2.444   82.5603
 2.443   82.5389
 2.442   82.4939
 2.441   82.4314
 2.440   82.4900
 2.438   82.4392
 2.437   82.4197
 2.436   82.4099
 2.435   82.3709
 2.434   82.4021
 2.433   82.3904
 2.432   82.3846
 2.430   82.3592
 2.429   82.3416
 2.428   82.2674
 2.427   82.2713
 2.426   82.2596
 2.425   82.2185
 2.424   82.1756
 2.423   82.1521
 2.421   82.1092
 2.420   82.0623
 2.419   81.9842
 2.418   82.0037
 2.417   82.0193
 2.416   81.9842
 2.415   81.9744
 2.413   82.0467
 2.412   82.0564
 2.411   81.9724
 2.410   81.9334
 2.409   81.9705
 2.408   81.9783
 2.407   81.9803
 2.406   81.9900
 2.405   81.9158
 2.403   81.8611
 2.402   81.8123
 2.401   81.8162
 2.400   81.7986
 2.399   81.7557
 2.398   81.7810
 2.397   81.8670
 2.396   81.9021
 2.395   81.8299
 2.393   81.7478
 2.392   81.7517
 2.391   81.7596
 2.390   81.7283
 2.389   81.7303
 2.388   81.6990
 2.387   81.6873
 2.386   81.6072
 2.385   81.5974
 2.384   81.5974
 2.382   81.5642
 2.381   81.5428
 2.380   81.4861
 2.379   81.4607
 2.378   81.4705
 2.377   81.4295
 2.376   81.4373
 2.375   81.3689
 2.374   81.4060
 2.373   81.4041
 2.372   81.4275
 2.370   81.3865
 2.369   81.3865
 2.368   81.3474
 2.367   81.2537
 2.366   81.2224
 2.365   81.2517
 2.364   81.3689
 2.363   81.3123
 2.362   81.2732
 2.361   81.2068
 2.360   81.2127
 2.359   81.2693
 2.358   81.2537
 2.356   81.1990
 2.355   81.2185
 2.354   81.1482
 2.353   81.2674
 2.352   81.2303
 2.351   81.1912
 2.350   81.1971
 2.349   81.1482
 2.348   81.1873
 2.347   81.1599
 2.346   81.1170
 2.345   81.1228
 2.344   81.0857
 2.343   81.0564
 2.342   81.0896
 2.340   81.0428
 2.339   80.9764
 2.338   80.9373
 2.337   80.9490
 2.336   80.9549
 2.335   80.9373
 2.334   80.8631
 2.333   80.8689
 2.332   80.8631
 2.331   80.8767
 2.330   80.8279
 2.329   80.8142
 2.328   80.7596
 2.327   80.7654
 2.326   80.7537
 2.325   80.7576
 2.324   80.8279
 2.323   80.7674
 2.322   80.7224
 2.321   80.6814
 2.320   80.6658
 2.318   80.6639
 2.317   80.6795
 2.316   80.6326
 2.315   80.6033
 2.314   80.6346
 2.313   80.6189
 2.312   80.6111
 2.311   80.5818
 2.310   80.6014
 2.309   80.5974
 2.308   80.6443
 2.307   80.5252
 2.306   80.5096
 2.305   80.4392
 2.304   80.4568
 2.303   80.4412
 2.302   80.5076
 2.301   80.5877
 2.300   80.4725
 2.299   80.4842
 2.298   80.5584
 2.297   80.4607
 2.296   80.4471
 2.295   80.4490
 2.294   80.4158
 2.293   80.4549
 2.292   80.4529
 2.291   80.3553
 2.290   80.3455
 2.289   80.4139
 2.288   80.4314
 2.287   80.4529
 2.286   80.4002
 2.285   80.3201
 2.284   80.3064
 2.283   80.2830
 2.282   80.2596
 2.281   80.2517
 2.280   80.2674
 2.279   80.2029
 2.278   80.2185
 2.277   80.2537
 2.276   80.2303
 2.275   80.1600
 2.274   80.1346
 2.273   80.1014
 2.272   80.1482
 2.271   80.1443
 2.270   80.1189
 2.269   80.1092
 2.268   80.0975
 2.267   80.1834
 2.266   80.1033
 2.265   80.1014
 2.264   80.0662
 2.263   80.0642
 2.262   80.0428
 2.261   79.9920
 2.260   80.0623
 2.259   80.0252
 2.258   79.9998
 2.257   79.9549
 2.256   79.9842
 2.255   80.0428
 2.254   79.9939
 2.253   79.9236
 2.252   79.8846
 2.251   79.9549
 2.250   80.0486
 2.249   80.0408
 2.248   80.0623
 2.247   80.0721
 2.246   80.0389
 2.245   80.0310
 2.244   79.9529
 2.243   79.8826
 2.242   79.9373
 2.241   79.9217
 2.240   79.8435
 2.239   79.8142
 2.238   79.8611
 2.237   79.8357
 2.236   79.7928
 2.236   79.8162
 2.235   79.7986
 2.234   79.7732
 2.233   79.7459
 2.232   79.7498
 2.231   79.7283
 2.230   79.7771
 2.229   79.7205
 2.228   79.6990
 2.227   79.7068
 2.226   79.7498
 2.225   79.7654
 2.224   79.6365
 2.223   79.6560
 2.222   79.6736
 2.221   79.6834
 2.220   79.6658
 2.219   79.6424
 2.218   79.6424
 2.217   79.6482
 2.216   79.6560
 2.215   79.6717
 2.215   79.6951
 2.214   79.7185
 2.213   79.7420
 2.212   79.7967
 2.211   79.7967
 2.210   79.7439
 2.209   79.7303
 2.208   79.7107
 2.207   79.6014
 2.206   79.6014
 2.205   79.5799
 2.204   79.5096
 2.203   79.5330
 2.202   79.5232
 2.201   79.6033
 2.200   79.5662
 2.199   79.5017
 2.199   79.6424
 2.198   79.6717
 2.197   79.6131
 2.196   79.4959
 2.195   79.5154
 2.194   79.5174
 2.193   79.5232
 2.192   79.4471
 2.191   79.4295
 2.190   79.4549
 2.189   79.3670
 2.188   79.4314
 2.187   79.4490
 2.186   79.4060
 2.186   79.3904
 2.185   79.5174
 2.184   79.5310
 2.183   79.3826
 2.182   79.4080
 2.181   79.4178
 2.180   79.3767
 2.179   79.4471
 2.178   79.4627
 2.177   79.4158
 2.176   79.4080
 2.175   79.5154
 2.175   79.4471
 2.174   79.4451
 2.173   79.4392
 2.172   79.4842
 2.171   79.4607
 2.170   79.3846
 2.169   79.4314
 2.168   79.3865
 2.167   79.3279
 2.166   79.3435
 2.165   79.3455
 2.165   79.2732
 2.164   79.3826
 2.163   79.4471
 2.162   79.4080
 2.161   79.4314
 2.160   79.4100
 2.159   79.3377
 2.158   79.3064
 2.157   79.2185
 2.156   79.1912
 2.156   79.2185
 2.155   79.2283
 2.154   79.2459
 2.153   79.2205
 2.152   79.2049
 2.151   79.1717
 2.150   79.2537
 2.149   79.2361
 2.148   79.2615
 2.148   79.2596
 2.147   79.2185
 2.146   79.1951
 2.145   79.1560
 2.144   79.1678
 2.143   79.2283
 2.142   79.1873
 2.141   79.2439
 2.140   79.2439
 2.140   79.1795
 2.139   79.1951
 2.138   79.1951
 2.137   79.2225
 2.136   79.2889
 2.135   79.2810
 2.134   79.2752
 2.133   79.2185
 2.133   79.1795
 2.132   79.2146
 2.131   79.2576
 2.130   79.2225
 2.129   79.1404
 2.128   79.2107
 2.127   79.1639
 2.126   79.2459
 2.126   79.1560
 2.125   79.0310
 2.124   79.1560
 2.123   79.0955
 2.122   79.0643
 2.121   79.0701
 2.120   79.0857
 2.119   79.0330
 2.119   79.1482
 2.118   79.0643
 2.117   79.0701
 2.116   78.9920
 2.115   78.9451
 2.114   78.9920
 2.113   79.0564
 2.113   79.0389
 2.112   78.9998
 2.111   79.0154
 2.110   79.0252
 2.109   78.8846
 2.108   78.9217
 2.107   78.9393
 2.107   78.9334
 2.106   79.0935
 2.105   79.0545
 2.104   78.9959
 2.103   79.0076
 2.102   79.0154
 2.101   79.0623
 2.101   79.0877
 2.100   79.0955
 2.099   79.2049
 2.098   79.1033
 2.097   79.1658
 2.096   79.1170
 2.095   79.2029
 2.095   79.2498
 2.094   79.2654
 2.093   79.2498
 2.092   79.2518
 2.091   79.1814
 2.090   79.1795
 2.090   79.1951
 2.089   79.2107
 2.088   79.2771
 2.087   79.1795
 2.086   79.1560
 2.085   79.1131
 2.085   79.1014
 2.084   79.1951
 2.083   79.0193
 2.082   78.9568
 2.081   79.0584
 2.080   78.9568
 2.079   78.9256
