Name: Acmite NaFe+3Si2O6
Type:  Mineral
Class:  Silicates
Subclass:  Inosilicates (Pyroxene Group - single chain)
Particle Size:  Solid
Sample No.:  acmite.2
Owner: JHU
Wavelength Range:  IR
Origin:  Sample from Kangerdluarssuk, near Narssaq, Greenland via 
the Smithsonian (sample no. NMNH 133746).
Description: The sample consisted of large (up to 2 cm long and 
almost as wide), very dark green prismatic crystals of acmite 
intergrown with albite (?).  The material was crushed and hand-
picked for single crystal measurements and grinding.  The 
concentrate appeared pure under microscopic examination.  

Measurement: Bidirectional reflectance
First Column:  X
Second Column:  Y  
X Units:  Wavelength (micrometers)
Y Units:  Reflectance (percent)
First X Value:  25.0442
Last X Value:  2.079
Number of X Values:  2287
Additional Information:  acmite2a.txt
25.044   16.6337
24.924   15.9887
24.805   15.5254
24.686   15.3247
24.569   15.2832
24.454   15.1547
24.339   14.6963
24.225   14.4609
24.112   14.5595
24.001   14.6464
23.890   14.8711
23.781   15.0796
23.672   15.2124
23.564   15.3588
23.458   15.8286
23.352   16.3466
23.247   16.7678
23.144   16.9650
23.041   17.2197
22.939   17.7531
22.838   18.2443
22.738   18.5683
22.638   18.9741
22.540   19.3937
22.442   19.8713
22.345   20.2324
22.250   20.6308
22.154   20.8994
22.060   20.9931
21.967   21.3349
21.874   21.7329
21.782   21.9457
21.691   22.1538
21.601   22.5034
21.511   22.7053
21.422   22.8408
21.334   23.1396
21.247   23.4287
21.160   23.5561
21.074   23.6765
20.988   23.7404
20.904   23.6596
20.820   23.5060
20.737   23.5305
20.654   23.5756
20.572   23.6169
20.491   23.7651
20.410   23.9294
20.330   24.1071
20.251   24.3679
20.172   24.5593
20.094   24.8127
20.016   25.1454
19.939   25.4970
19.863   25.8510
19.787   26.1913
19.712   26.5004
19.637   26.4858
19.563   26.0087
19.489   25.1454
19.416   23.9868
19.344   22.8491
19.272   22.1430
19.201   21.7521
19.130   21.5327
19.059   21.4604
18.990   21.4272
18.920   21.3046
18.851   21.1227
18.783   20.9736
18.715   20.7619
18.648   20.4833
18.581   20.2543
18.515   20.1166
18.449   20.0231
18.384   20.0461
18.319   20.1887
18.254   20.3559
18.190   20.6069
18.126   20.8998
18.063   21.1347
18.001   21.4052
17.938   21.7446
17.876   22.0322
17.815   22.2553
17.754   22.4924
17.693   22.7114
17.633   22.7795
17.573   22.7617
17.514   22.6271
17.455   22.2006
17.396   21.5895
17.338   20.8417
17.280   19.8610
17.223   18.6835
17.166   17.4040
17.109   16.0415
17.053   14.5981
16.997   13.1579
16.942   11.7060
16.886   10.3110
16.832    8.9819
16.777    7.6450
16.723    6.3901
16.669    5.3186
16.616    4.5234
16.563    4.0510
16.510    3.8960
16.458    3.9668
16.406    4.0898
16.354    4.2607
16.302    4.4582
16.251    4.6318
16.200    4.8125
16.150    4.9751
16.100    5.1841
16.050    5.3933
16.000    5.5437
15.951    5.7297
15.902    5.9419
15.854    6.0996
15.805    6.2732
15.757    6.5014
15.710    6.7295
15.662    6.9570
15.615    7.2126
15.568    7.4592
15.521    7.6665
15.475    7.8242
15.429    7.8804
15.383    7.7878
15.338    7.5300
15.292    7.2170
15.248    6.9411
15.203    6.7759
15.158    6.7175
15.114    6.7217
15.070    6.7248
15.027    6.7624
14.983    6.8508
14.940    6.9341
14.897    7.0017
14.854    7.0847
14.812    7.1433
14.770    7.1992
14.728    7.2409
14.686    7.2771
14.645    7.3454
14.603    7.4253
14.562    7.4934
14.521    7.5381
14.481    7.5791
14.441    7.6181
14.400    7.6833
14.361    7.7400
14.321    7.7832
14.281    7.8083
14.242    7.8406
14.203    7.9153
14.164    7.9514
14.126    7.9648
14.087    8.0315
14.049    8.0967
14.011    8.1277
13.973    8.1413
13.936    8.1877
13.899    8.2363
13.861    8.2617
13.824    8.3220
13.788    8.3733
13.751    8.3879
13.715    8.4092
13.679    8.4516
13.643    8.5129
13.607    8.5532
13.571    8.5593
13.536    8.5783
13.500    8.5942
13.465    8.6335
13.430    8.7004
13.396    8.7334
13.361    8.7590
13.327    8.8032
13.293    8.8467
13.259    8.8762
13.225    8.9021
13.191    8.9619
13.158    9.0029
13.124    9.0456
13.091    9.1150
13.058    9.1823
13.026    9.2273
12.993    9.2678
12.960    9.3449
12.928    9.4236
12.896    9.4511
12.864    9.4760
12.832    9.5420
12.800    9.6032
12.769    9.6364
12.737    9.7029
12.706    9.7949
12.675    9.8464
12.644    9.8943
12.614    9.9531
12.583   10.0093
12.552   10.0586
12.522   10.0996
12.492   10.1731
12.462   10.2697
12.432   10.3225
12.402   10.3825
12.373   10.4677
12.343   10.5241
12.314   10.6032
12.285   10.7124
12.256   10.7715
12.227   10.8178
12.198   10.9170
12.169   11.0244
12.141   11.1042
12.113   11.1797
12.084   11.2942
12.056   11.4018
12.028   11.4780
12.000   11.5744
11.973   11.7158
11.945   11.8393
11.918   11.9550
11.890   12.0971
11.863   12.2378
11.836   12.3606
11.809   12.4973
11.782   12.6455
11.755   12.7683
11.729   12.8694
11.702   12.9631
11.676   13.0332
11.650   13.0774
11.624   13.0783
11.598   13.0656
11.572   13.0742
11.546   13.1164
11.520   13.1794
11.495   13.2517
11.469   13.3364
11.444   13.4428
11.419   13.5595
11.394   13.6811
11.369   13.7990
11.344   13.9030
11.319   14.0026
11.294   14.1047
11.270   14.1967
11.245   14.2951
11.221   14.4055
11.197   14.5168
11.173   14.6291
11.149   14.7509
11.125   14.8918
11.101   15.0239
11.077   15.1701
11.054   15.3508
11.030   15.5141
11.007   15.6716
10.983   15.8471
10.960   16.0498
10.937   16.2631
10.914   16.4746
10.891   16.7226
10.868   16.9777
10.846   17.2439
10.823   17.5483
10.800   17.8742
10.778   18.2114
10.755   18.5742
10.733   18.9545
10.711   19.3413
10.689   19.7600
10.667   20.1743
10.645   20.5544
10.623   20.9140
10.602   21.2514
10.580   21.5029
10.558   21.6567
10.537   21.7421
10.516   21.7697
10.494   21.8098
10.473   22.0078
10.452   22.3505
10.431   22.6498
10.410   22.8530
10.389   22.9741
10.368   23.0131
10.348   22.9789
10.327   22.8933
10.306   22.7636
10.286   22.6135
10.266   22.5004
10.245   22.4523
10.225   22.4428
10.205   22.4472
10.185   22.4389
10.165   22.3984
10.145   22.3442
10.125   22.3022
10.106   22.2614
10.086   22.2397
10.066   22.2902
10.047   22.3969
10.027   22.5497
10.008   22.7797
 9.989   23.0463
 9.970   23.2661
 9.950   23.4521
 9.931   23.6191
 9.912   23.7460
 9.893   23.8344
 9.875   23.9716
 9.856   24.1657
 9.837   24.3669
 9.818   24.6039
 9.800   24.9001
 9.781   25.1979
 9.763   25.4426
 9.745   25.6579
 9.726   25.8483
 9.708   26.1220
 9.690   26.6081
 9.672   27.1935
 9.654   27.7302
 9.636   28.2443
 9.618   28.7587
 9.600   29.2272
 9.583   29.6759
 9.565   30.1396
 9.547   30.5431
 9.530   30.8644
 9.512   31.1742
 9.495   31.4574
 9.477   31.6313
 9.460   31.7333
 9.443   31.7831
 9.426   31.7006
 9.409   31.4811
 9.392   31.1867
 9.375   30.8049
 9.358   30.3713
 9.341   29.9294
 9.324   29.4867
 9.307   28.9992
 9.291   28.4855
 9.274   27.9804
 9.257   27.4418
 9.241   26.8613
 9.224   26.2839
 9.208   25.7038
 9.192   25.0925
 9.175   24.4929
 9.159   23.8981
 9.143   23.2758
 9.127   22.6559
 9.111   22.0224
 9.095   21.3591
 9.079   20.6923
 9.063   20.0434
 9.047   19.3818
 9.032   18.7180
 9.016   18.1274
 9.000   17.5954
 8.985   17.0883
 8.969   16.6372
 8.954   16.2395
 8.938   15.8906
 8.923   15.6159
 8.907   15.3894
 8.892   15.1975
 8.877   15.0925
 8.862   15.0800
 8.847   15.1379
 8.832   15.2487
 8.817   15.4038
 8.802   15.5932
 8.787   15.8017
 8.772   16.0075
 8.757   16.2028
 8.742   16.3649
 8.728   16.3884
 8.713   16.1923
 8.698   15.7534
 8.684   15.0935
 8.669   14.3032
 8.655   13.4550
 8.640   12.5876
 8.626   11.7365
 8.612   10.9192
 8.597   10.1611
 8.583    9.4802
 8.569    8.8772
 8.555    8.3435
 8.541    7.8598
 8.527    7.3974
 8.513    6.9319
 8.499    6.4543
 8.485    5.9746
 8.471    5.4866
 8.457    4.9995
 8.443    4.5151
 8.430    4.0557
 8.416    3.6401
 8.402    3.2800
 8.389    2.9846
 8.375    2.7510
 8.362    2.5720
 8.348    2.4463
 8.335    2.3550
 8.321    2.3044
 8.308    2.2966
 8.295    2.3098
 8.281    2.3398
 8.268    2.3945
 8.255    2.4558
 8.242    2.5146
 8.229    2.5796
 8.216    2.6423
 8.203    2.6985
 8.190    2.7519
 8.177    2.8052
 8.164    2.8579
 8.151    2.9204
 8.138    2.9722
 8.126    3.0059
 8.113    3.0601
 8.100    3.1204
 8.088    3.1572
 8.075    3.2021
 8.062    3.2497
 8.050    3.2954
 8.037    3.3362
 8.025    3.3704
 8.013    3.4087
 8.000    3.4563
 7.988    3.5059
 7.976    3.5325
 7.963    3.5630
 7.951    3.6057
 7.939    3.6365
 7.927    3.6731
 7.915    3.7187
 7.903    3.7556
 7.891    3.7873
 7.879    3.8181
 7.867    3.8489
 7.855    3.8738
 7.843    3.9116
 7.831    3.9524
 7.819    3.9814
 7.807    4.0073
 7.796    4.0403
 7.784    4.0662
 7.772    4.0950
 7.761    4.1284
 7.749    4.1511
 7.738    4.1797
 7.726    4.2170
 7.715    4.2461
 7.703    4.2683
 7.692    4.2869
 7.680    4.3103
 7.669    4.3379
 7.658    4.3647
 7.646    4.3804
 7.635    4.3967
 7.624    4.4153
 7.613    4.4387
 7.601    4.4700
 7.590    4.4922
 7.579    4.5010
 7.568    4.5154
 7.557    4.5373
 7.546    4.5574
 7.535    4.5725
 7.524    4.5832
 7.513    4.5928
 7.502    4.6120
 7.492    4.6291
 7.481    4.6467
 7.470    4.6631
 7.459    4.6819
 7.448    4.6946
 7.438    4.7085
 7.427    4.7273
 7.417    4.7363
 7.406    4.7405
 7.395    4.7558
 7.385    4.7786
 7.374    4.7969
 7.364    4.8074
 7.353    4.8203
 7.343    4.8445
 7.333    4.8628
 7.322    4.8745
 7.312    4.8845
 7.302    4.8955
 7.291    4.9040
 7.281    4.9155
 7.271    4.9311
 7.261    4.9453
 7.251    4.9536
 7.240    4.9690
 7.230    4.9897
 7.220    5.0019
 7.210    5.0107
 7.200    5.0190
 7.190    5.0305
 7.180    5.0474
 7.170    5.0559
 7.160    5.0637
 7.151    5.0791
 7.141    5.0879
 7.131    5.0974
 7.121    5.1167
 7.111    5.1372
 7.102    5.1462
 7.092    5.1555
 7.082    5.1692
 7.073    5.1719
 7.063    5.1767
 7.053    5.1958
 7.044    5.2126
 7.034    5.2168
 7.025    5.2278
 7.015    5.2385
 7.006    5.2451
 6.996    5.2536
 6.987    5.2622
 6.977    5.2712
 6.968    5.2771
 6.959    5.2934
 6.949    5.3054
 6.940    5.3074
 6.931    5.3118
 6.921    5.3186
 6.912    5.3320
 6.903    5.3481
 6.894    5.3459
 6.885    5.3511
 6.876    5.3664
 6.866    5.3740
 6.857    5.3823
 6.848    5.3865
 6.839    5.3979
 6.830    5.4026
 6.821    5.4067
 6.812    5.4206
 6.803    5.4328
 6.794    5.4424
 6.786    5.4514
 6.777    5.4534
 6.768    5.4529
 6.759    5.4534
 6.750    5.4563
 6.741    5.4629
 6.733    5.4746
 6.724    5.4773
 6.715    5.4778
 6.707    5.4868
 6.698    5.4922
 6.689    5.4985
 6.681    5.5017
 6.672    5.5105
 6.663    5.5185
 6.655    5.5188
 6.646    5.5207
 6.638    5.5310
 6.629    5.5403
 6.621    5.5434
 6.612    5.5488
 6.604    5.5532
 6.596    5.5544
 6.587    5.5620
 6.579    5.5730
 6.571    5.5862
 6.562    5.5935
 6.554    5.5979
 6.546    5.5925
 6.537    5.5881
 6.529    5.5954
 6.521    5.6052
 6.513    5.6116
 6.505    5.6169
 6.496    5.6269
 6.488    5.6318
 6.480    5.6291
 6.472    5.6267
 6.464    5.6326
 6.456    5.6411
 6.448    5.6462
 6.440    5.6492
 6.432    5.6487
 6.424    5.6504
 6.416    5.6601
 6.408    5.6684
 6.400    5.6675
 6.392    5.6614
 6.384    5.6597
 6.377    5.6631
 6.369    5.6699
 6.361    5.6738
 6.353    5.6772
 6.345    5.6860
 6.338    5.6921
 6.330    5.6943
 6.322    5.6968
 6.314    5.7009
 6.307    5.7109
 6.299    5.7175
 6.291    5.7275
 6.284    5.7336
 6.276    5.7339
 6.269    5.7324
 6.261    5.7439
 6.254    5.7485
 6.246    5.7515
 6.238    5.7615
 6.231    5.7688
 6.223    5.7707
 6.216    5.7700
 6.209    5.7734
 6.201    5.7715
 6.194    5.7715
 6.186    5.7856
 6.179    5.7959
 6.172    5.7942
 6.164    5.7983
 6.157    5.8069
 6.150    5.8176
 6.142    5.8306
 6.135    5.8354
 6.128    5.8371
 6.121    5.8450
 6.113    5.8552
 6.106    5.8552
 6.099    5.8552
 6.092    5.8620
 6.085    5.8633
 6.078    5.8662
 6.070    5.8762
 6.063    5.8835
 6.056    5.8845
 6.049    5.8872
 6.042    5.8884
 6.035    5.8830
 6.028    5.8865
 6.021    5.8899
 6.014    5.8923
 6.007    5.8848
 6.000    5.8767
 5.993    5.8867
 5.986    5.8918
 5.979    5.8811
 5.973    5.8774
 5.966    5.8799
 5.959    5.8762
 5.952    5.8796
 5.945    5.8752
 5.938    5.8711
 5.932    5.8796
 5.925    5.8740
 5.918    5.8664
 5.911    5.8650
 5.905    5.8662
 5.898    5.8660
 5.891    5.8596
 5.884    5.8528
 5.878    5.8523
 5.871    5.8479
 5.864    5.8454
 5.858    5.8420
 5.851    5.8313
 5.845    5.8203
 5.838    5.8149
 5.831    5.8154
 5.825    5.8154
 5.818    5.8196
 5.812    5.8218
 5.805    5.8176
 5.799    5.8176
 5.792    5.8259
 5.786    5.8342
 5.779    5.8320
 5.773    5.8425
 5.767    5.8630
 5.760    5.8684
 5.754    5.8679
 5.747    5.8767
 5.741    5.8794
 5.735    5.8791
 5.728    5.8889
 5.722    5.8938
 5.716    5.8901
 5.709    5.8918
 5.703    5.8948
 5.697    5.8882
 5.691    5.8843
 5.684    5.8840
 5.678    5.8867
 5.672    5.8928
 5.666    5.8926
 5.660    5.8901
 5.653    5.8916
 5.647    5.8933
 5.641    5.8931
 5.635    5.8916
 5.629    5.8818
 5.623    5.8813
 5.617    5.8940
 5.611    5.9045
 5.604    5.9109
 5.598    5.9155
 5.592    5.9228
 5.586    5.9324
 5.580    5.9370
 5.574    5.9455
 5.568    5.9592
 5.562    5.9736
 5.556    5.9839
 5.550    5.9966
 5.545    6.0012
 5.539    6.0115
 5.533    6.0332
 5.527    6.0452
 5.521    6.0578
 5.515    6.0639
 5.509    6.0735
 5.503    6.0869
 5.498    6.0945
 5.492    6.0993
 5.486    6.1045
 5.480    6.1108
 5.474    6.1125
 5.469    6.1077
 5.463    6.1116
 5.457    6.1128
 5.451    6.1184
 5.446    6.1225
 5.440    6.1203
 5.434    6.1223
 5.428    6.1267
 5.423    6.1247
 5.417    6.1250
 5.411    6.1355
 5.406    6.1387
 5.400    6.1255
 5.395    6.1203
 5.389    6.1179
 5.383    6.1199
 5.378    6.1216
 5.372    6.1184
 5.367    6.1191
 5.361    6.1199
 5.356    6.1233
 5.350    6.1272
 5.344    6.1277
 5.339    6.1225
 5.333    6.1169
 5.328    6.1196
 5.323    6.1203
 5.317    6.1225
 5.312    6.1225
 5.306    6.1172
 5.301    6.1194
 5.295    6.1257
 5.290    6.1272
 5.285    6.1264
 5.279    6.1238
 5.274    6.1208
 5.268    6.1225
 5.263    6.1238
 5.258    6.1211
 5.252    6.1255
 5.247    6.1294
 5.242    6.1252
 5.237    6.1272
 5.231    6.1243
 5.226    6.1223
 5.221    6.1264
 5.215    6.1274
 5.210    6.1299
 5.205    6.1267
 5.200    6.1318
 5.195    6.1369
 5.189    6.1406
 5.184    6.1450
 5.179    6.1462
 5.174    6.1457
 5.169    6.1482
 5.163    6.1570
 5.158    6.1755
 5.153    6.1799
 5.148    6.1804
 5.143    6.1902
 5.138    6.1946
 5.133    6.1994
 5.128    6.2048
 5.123    6.2131
 5.118    6.2160
 5.113    6.2187
 5.108    6.2234
 5.103    6.2297
 5.097    6.2410
 5.092    6.2541
 5.087    6.2610
 5.083    6.2641
 5.078    6.2722
 5.073    6.2807
 5.068    6.2810
 5.063    6.2859
 5.058    6.2917
 5.053    6.2954
 5.048    6.3069
 5.043    6.3144
 5.038    6.3183
 5.033    6.3193
 5.028    6.3227
 5.023    6.3269
 5.019    6.3291
 5.014    6.3352
 5.009    6.3396
 5.004    6.3432
 4.999    6.3547
 4.994    6.3557
 4.990    6.3533
 4.985    6.3633
 4.980    6.3745
 4.975    6.3769
 4.970    6.3801
 4.966    6.3867
 4.961    6.3865
 4.956    6.3911
 4.951    6.3972
 4.947    6.3984
 4.942    6.4021
 4.937    6.4038
 4.933    6.4123
 4.928    6.4165
 4.923    6.4143
 4.919    6.4175
 4.914    6.4167
 4.909    6.4243
 4.905    6.4355
 4.900    6.4397
 4.895    6.4341
 4.891    6.4407
 4.886    6.4477
 4.882    6.4494
 4.877    6.4597
 4.872    6.4678
 4.868    6.4712
 4.863    6.4756
 4.859    6.4783
 4.854    6.4902
 4.850    6.5007
 4.845    6.5076
 4.840    6.5032
 4.836    6.5014
 4.831    6.5124
 4.827    6.5232
 4.822    6.5268
 4.818    6.5237
 4.814    6.5244
 4.809    6.5325
 4.805    6.5400
 4.800    6.5500
 4.796    6.5618
 4.791    6.5649
 4.787    6.5618
 4.782    6.5632
 4.778    6.5688
 4.774    6.5798
 4.769    6.5923
 4.765    6.5976
 4.760    6.6001
 4.756    6.6096
 4.752    6.6157
 4.747    6.6233
 4.743    6.6313
 4.739    6.6367
 4.734    6.6433
 4.730    6.6548
 4.726    6.6633
 4.721    6.6711
 4.717    6.6882
 4.713    6.6977
 4.709    6.6999
 4.704    6.7087
 4.700    6.7248
 4.696    6.7427
 4.692    6.7578
 4.687    6.7722
 4.683    6.7890
 4.679    6.8042
 4.675    6.8249
 4.670    6.8418
 4.666    6.8584
 4.662    6.8764
 4.658    6.9001
 4.654    6.9270
 4.649    6.9433
 4.645    6.9592
 4.641    6.9831
 4.637    7.0073
 4.633    7.0254
 4.629    7.0459
 4.625    7.0671
 4.620    7.0879
 4.616    7.1062
 4.612    7.1330
 4.608    7.1621
 4.604    7.1838
 4.600    7.2053
 4.596    7.2312
 4.592    7.2468
 4.588    7.2580
 4.584    7.2773
 4.580    7.2966
 4.576    7.3191
 4.572    7.3388
 4.568    7.3503
 4.564    7.3584
 4.560    7.3740
 4.555    7.3899
 4.551    7.4079
 4.548    7.4260
 4.544    7.4421
 4.540    7.4585
 4.536    7.4768
 4.532    7.4922
 4.528    7.5002
 4.524    7.5066
 4.520    7.5144
 4.516    7.5281
 4.512    7.5437
 4.508    7.5549
 4.504    7.5591
 4.500    7.5696
 4.496    7.5869
 4.492    7.5945
 4.488    7.5908
 4.485    7.5942
 4.481    7.6113
 4.477    7.6269
 4.473    7.6213
 4.469    7.6211
 4.465    7.6338
 4.461    7.6345
 4.458    7.6321
 4.454    7.6399
 4.450    7.6506
 4.446    7.6513
 4.442    7.6548
 4.438    7.6626
 4.435    7.6594
 4.431    7.6684
 4.427    7.6797
 4.423    7.6870
 4.420    7.6846
 4.416    7.6889
 4.412    7.6972
 4.408    7.7014
 4.405    7.7073
 4.401    7.7146
 4.397    7.7212
 4.393    7.7114
 4.390    7.7107
 4.386    7.7231
 4.382    7.7387
 4.379    7.7429
 4.375    7.7400
 4.371    7.7419
 4.367    7.7471
 4.364    7.7502
 4.360    7.7519
 4.356    7.7566
 4.353    7.7612
 4.349    7.7632
 4.345    7.7610
 4.342    7.7666
 4.338    7.7722
 4.335    7.7710
 4.331    7.7627
 4.327    7.7641
 4.324    7.7715
 4.320    7.7749
 4.317    7.7751
 4.313    7.7754
 4.309    7.7815
 4.306    7.7837
 4.302    7.7812
 4.299    7.7759
 4.295    7.7803
 4.292    7.7854
 4.288    7.7895
 4.284    7.7947
 4.281    7.7986
 4.277    7.8076
 4.274    7.8100
 4.270    7.8122
 4.267    7.8181
 4.263    7.8210
 4.260    7.8254
 4.256    7.8288
 4.253    7.8301
 4.249    7.8301
 4.246    7.8332
 4.242    7.8366
 4.239    7.8371
 4.235    7.8337
 4.232    7.8420
 4.229    7.8484
 4.225    7.8513
 4.222    7.8542
 4.218    7.8476
 4.215    7.8486
 4.211    7.8562
 4.208    7.8528
 4.205    7.8486
 4.201    7.8608
 4.198    7.8706
 4.194    7.8713
 4.191    7.8686
 4.188    7.8725
 4.184    7.8738
 4.181    7.8774
 4.177    7.8821
 4.174    7.8852
 4.171    7.8906
 4.167    7.8950
 4.164    7.9018
 4.161    7.9067
 4.157    7.9079
 4.154    7.9067
 4.151    7.9018
 4.147    7.8987
 4.144    7.9057
 4.141    7.9094
 4.137    7.9136
 4.134    7.9116
 4.131    7.9065
 4.128    7.9111
 4.124    7.9211
 4.121    7.9299
 4.118    7.9324
 4.114    7.9382
 4.111    7.9407
 4.108    7.9365
 4.105    7.9419
 4.101    7.9492
 4.098    7.9548
 4.095    7.9585
 4.092    7.9602
 4.088    7.9680
 4.085    7.9780
 4.082    7.9770
 4.079    7.9824
 4.076    7.9856
 4.072    7.9836
 4.069    8.0005
 4.066    8.0149
 4.063    8.0163
 4.060    8.0117
 4.056    8.0097
 4.053    8.0183
 4.050    8.0273
 4.047    8.0298
 4.044    8.0378
 4.041    8.0422
 4.038    8.0471
 4.034    8.0449
 4.031    8.0439
 4.028    8.0512
 4.025    8.0544
 4.022    8.0561
 4.019    8.0603
 4.016    8.0657
 4.013    8.0718
 4.009    8.0791
 4.006    8.0754
 4.003    8.0757
 4.000    8.0781
 3.997    8.0798
 3.994    8.0837
 3.991    8.0888
 3.988    8.0886
 3.985    8.0952
 3.982    8.0967
 3.979    8.0986
 3.976    8.1057
 3.973    8.1047
 3.969    8.1101
 3.966    8.1096
 3.963    8.1184
 3.960    8.1235
 3.957    8.1238
 3.954    8.1250
 3.951    8.1216
 3.948    8.1289
 3.945    8.1394
 3.942    8.1355
 3.939    8.1338
 3.936    8.1374
 3.933    8.1401
 3.930    8.1516
 3.927    8.1579
 3.924    8.1484
 3.921    8.1435
 3.918    8.1516
 3.916    8.1533
 3.913    8.1555
 3.910    8.1555
 3.907    8.1577
 3.904    8.1643
 3.901    8.1611
 3.898    8.1609
 3.895    8.1670
 3.892    8.1682
 3.889    8.1572
 3.886    8.1494
 3.883    8.1609
 3.880    8.1694
 3.877    8.1684
 3.875    8.1645
 3.872    8.1533
 3.869    8.1577
 3.866    8.1660
 3.863    8.1621
 3.860    8.1601
 3.857    8.1658
 3.854    8.1662
 3.852    8.1711
 3.849    8.1694
 3.846    8.1606
 3.843    8.1618
 3.840    8.1672
 3.837    8.1677
 3.834    8.1621
 3.832    8.1677
 3.829    8.1814
 3.826    8.1809
 3.823    8.1711
 3.820    8.1767
 3.817    8.1819
 3.815    8.1821
 3.812    8.1806
 3.809    8.1806
 3.806    8.1782
 3.803    8.1753
 3.801    8.1777
 3.798    8.1770
 3.795    8.1736
 3.792    8.1709
 3.790    8.1728
 3.787    8.1797
 3.784    8.1819
 3.781    8.1838
 3.779    8.1882
 3.776    8.1889
 3.773    8.1897
 3.770    8.1860
 3.768    8.1880
 3.765    8.1994
 3.762    8.2002
 3.759    8.1965
 3.757    8.1987
 3.754    8.1990
 3.751    8.2033
 3.748    8.1924
 3.746    8.1897
 3.743    8.2002
 3.740    8.2075
 3.738    8.2085
 3.735    8.2014
 3.732    8.2048
 3.730    8.2019
 3.727    8.1953
 3.724    8.1985
 3.722    8.1970
 3.719    8.1992
 3.716    8.2068
 3.714    8.2075
 3.711    8.2126
 3.708    8.2075
 3.706    8.2060
 3.703    8.2143
 3.700    8.2168
 3.698    8.2070
 3.695    8.2014
 3.692    8.1972
 3.690    8.2002
 3.687    8.2026
 3.685    8.1977
 3.682    8.1972
 3.679    8.2036
 3.677    8.2002
 3.674    8.1921
 3.671    8.1965
 3.669    8.1938
 3.666    8.1933
 3.664    8.2019
 3.661    8.1997
 3.659    8.1931
 3.656    8.1963
 3.653    8.1972
 3.651    8.2014
 3.648    8.2060
 3.646    8.2033
 3.643    8.1987
 3.641    8.1992
 3.638    8.1980
 3.635    8.1875
 3.633    8.1784
 3.630    8.1848
 3.628    8.1916
 3.625    8.1826
 3.623    8.1836
 3.620    8.1919
 3.618    8.1972
 3.615    8.1938
 3.613    8.1889
 3.610    8.1916
 3.608    8.1941
 3.605    8.1919
 3.603    8.1936
 3.600    8.1907
 3.598    8.1858
 3.595    8.1789
 3.593    8.1828
 3.590    8.1914
 3.588    8.1897
 3.585    8.1814
 3.583    8.1777
 3.580    8.1748
 3.578    8.1743
 3.575    8.1765
 3.573    8.1670
 3.570    8.1653
 3.568    8.1567
 3.565    8.1601
 3.563    8.1567
 3.561    8.1496
 3.558    8.1528
 3.556    8.1577
 3.553    8.1509
 3.551    8.1491
 3.548    8.1516
 3.546    8.1553
 3.544    8.1489
 3.541    8.1423
 3.539    8.1391
 3.536    8.1323
 3.534    8.1267
 3.531    8.1194
 3.529    8.1184
 3.527    8.1137
 3.524    8.1020
 3.522    8.1008
 3.519    8.0928
 3.517    8.0722
 3.515    8.0615
 3.512    8.0600
 3.510    8.0522
 3.508    8.0395
 3.505    8.0344
 3.503    8.0403
 3.500    8.0464
 3.498    8.0478
 3.496    8.0471
 3.493    8.0544
 3.491    8.0649
 3.489    8.0727
 3.486    8.0700
 3.484    8.0561
 3.482    8.0500
 3.479    8.0549
 3.477    8.0512
 3.475    8.0510
 3.472    8.0532
 3.470    8.0454
 3.468    8.0395
 3.465    8.0405
 3.463    8.0405
 3.461    8.0310
 3.458    8.0293
 3.456    8.0325
 3.454    8.0183
 3.452    8.0088
 3.449    8.0071
 3.447    8.0061
 3.445    7.9988
 3.442    7.9875
 3.440    7.9790
 3.438    7.9719
 3.435    7.9638
 3.433    7.9499
 3.431    7.9446
 3.429    7.9404
 3.426    7.9350
 3.424    7.9275
 3.422    7.9214
 3.420    7.9199
 3.417    7.9245
 3.415    7.9177
 3.413    7.9089
 3.411    7.9053
 3.408    7.9121
 3.406    7.9216
 3.404    7.9319
 3.402    7.9367
 3.399    7.9282
 3.397    7.9262
 3.395    7.9341
 3.393    7.9436
 3.391    7.9280
 3.388    7.9172
 3.386    7.9158
 3.384    7.9155
 3.382    7.9079
 3.380    7.8989
 3.377    7.9038
 3.375    7.9128
 3.373    7.9150
 3.371    7.9175
 3.369    7.9175
 3.366    7.9082
 3.364    7.9035
 3.362    7.9143
 3.360    7.9133
 3.358    7.9121
 3.355    7.9106
 3.353    7.9065
 3.351    7.9072
 3.349    7.9026
 3.347    7.8918
 3.345    7.8879
 3.342    7.8921
 3.340    7.8938
 3.338    7.8899
 3.336    7.8850
 3.334    7.8818
 3.332    7.8742
 3.330    7.8672
 3.327    7.8552
 3.325    7.8554
 3.323    7.8576
 3.321    7.8425
 3.319    7.8374
 3.317    7.8305
 3.315    7.8232
 3.313    7.8213
 3.310    7.8249
 3.308    7.8247
 3.306    7.8135
 3.304    7.8012
 3.302    7.7917
 3.300    7.7898
 3.298    7.7844
 3.296    7.7778
 3.294    7.7773
 3.292    7.7783
 3.289    7.7688
 3.287    7.7541
 3.285    7.7588
 3.283    7.7549
 3.281    7.7363
 3.279    7.7265
 3.277    7.7319
 3.275    7.7275
 3.273    7.7153
 3.271    7.7058
 3.269    7.7043
 3.267    7.6914
 3.265    7.6802
 3.263    7.6753
 3.260    7.6709
 3.258    7.6679
 3.256    7.6545
 3.254    7.6523
 3.252    7.6460
 3.250    7.6347
 3.248    7.6274
 3.246    7.6125
 3.244    7.6094
 3.242    7.6047
 3.240    7.5971
 3.238    7.5937
 3.236    7.5928
 3.234    7.5857
 3.232    7.5718
 3.230    7.5620
 3.228    7.5693
 3.226    7.5679
 3.224    7.5439
 3.222    7.5356
 3.220    7.5456
 3.218    7.5390
 3.216    7.5310
 3.214    7.5144
 3.212    7.5032
 3.210    7.5010
 3.208    7.4907
 3.206    7.4778
 3.204    7.4734
 3.202    7.4758
 3.200    7.4658
 3.198    7.4516
 3.196    7.4421
 3.194    7.4385
 3.192    7.4319
 3.190    7.4143
 3.188    7.4101
 3.186    7.4094
 3.184    7.4043
 3.182    7.3948
 3.180    7.3857
 3.179    7.3659
 3.177    7.3554
 3.175    7.3513
 3.173    7.3498
 3.171    7.3437
 3.169    7.3335
 3.167    7.3298
 3.165    7.3369
 3.163    7.3227
 3.161    7.3030
 3.159    7.3042
 3.157    7.3027
 3.155    7.2954
 3.153    7.2812
 3.151    7.2649
 3.150    7.2575
 3.148    7.2502
 3.146    7.2414
 3.144    7.2302
 3.142    7.2297
 3.140    7.2256
 3.138    7.2043
 3.136    7.1880
 3.134    7.1838
 3.132    7.1858
 3.131    7.1763
 3.129    7.1650
 3.127    7.1596
 3.125    7.1582
 3.123    7.1548
 3.121    7.1411
 3.119    7.1350
 3.117    7.1311
 3.115    7.1225
 3.114    7.1108
 3.112    7.1108
 3.110    7.1037
 3.108    7.0859
 3.106    7.0849
 3.104    7.0849
 3.102    7.0762
 3.101    7.0696
 3.099    7.0652
 3.097    7.0610
 3.095    7.0532
 3.093    7.0459
 3.091    7.0405
 3.089    7.0312
 3.088    7.0188
 3.086    7.0178
 3.084    7.0244
 3.082    7.0159
 3.080    7.0093
 3.078    7.0027
 3.077    6.9907
 3.075    6.9880
 3.073    6.9907
 3.071    6.9888
 3.069    6.9824
 3.068    6.9692
 3.066    6.9614
 3.064    6.9565
 3.062    6.9563
 3.060    6.9519
 3.058    6.9433
 3.057    6.9453
 3.055    6.9433
 3.053    6.9297
 3.051    6.9126
 3.050    6.9150
 3.048    6.9136
 3.046    6.9011
 3.044    6.8872
 3.042    6.8930
 3.041    6.8872
 3.039    6.8877
 3.037    6.8813
 3.035    6.8738
 3.033    6.8552
 3.032    6.8489
 3.030    6.8550
 3.028    6.8564
 3.026    6.8501
 3.025    6.8518
 3.023    6.8401
 3.021    6.8186
 3.019    6.8257
 3.018    6.8357
 3.016    6.8215
 3.014    6.8169
 3.012    6.8061
 3.011    6.7895
 3.009    6.7883
 3.007    6.7937
 3.005    6.7868
 3.004    6.7700
 3.002    6.7690
 3.000    6.7641
 2.998    6.7554
 2.997    6.7519
 2.995    6.7409
 2.993    6.7449
 2.991    6.7554
 2.990    6.7466
 2.988    6.7366
 2.986    6.7287
 2.985    6.7290
 2.983    6.7270
 2.981    6.7251
 2.979    6.7241
 2.978    6.7136
 2.976    6.6982
 2.974    6.6958
 2.973    6.6958
 2.971    6.6816
 2.969    6.6709
 2.967    6.6804
 2.966    6.6763
 2.964    6.6723
 2.962    6.6792
 2.961    6.6665
 2.959    6.6562
 2.957    6.6557
 2.956    6.6511
 2.954    6.6482
 2.952    6.6489
 2.951    6.6372
 2.949    6.6304
 2.947    6.6387
 2.946    6.6523
 2.944    6.6289
 2.942    6.6098
 2.941    6.6147
 2.939    6.6091
 2.937    6.6157
 2.936    6.6098
 2.934    6.5947
 2.932    6.6033
 2.931    6.6128
 2.929    6.6089
 2.927    6.5918
 2.926    6.5896
 2.924    6.5913
 2.922    6.5918
 2.921    6.5903
 2.919    6.5891
 2.917    6.5889
 2.916    6.5874
 2.914    6.5818
 2.912    6.5722
 2.911    6.5730
 2.909    6.5740
 2.908    6.5669
 2.906    6.5771
 2.904    6.5779
 2.903    6.5732
 2.901    6.5693
 2.899    6.5683
 2.898    6.5657
 2.896    6.5639
 2.895    6.5693
 2.893    6.5622
 2.891    6.5542
 2.890    6.5630
 2.888    6.5786
 2.887    6.5771
 2.885    6.5771
 2.883    6.5788
 2.882    6.5683
 2.880    6.5554
 2.878    6.5473
 2.877    6.5451
 2.875    6.5547
 2.874    6.5600
 2.872    6.5701
 2.871    6.5727
 2.869    6.5642
 2.867    6.5686
 2.866    6.5722
 2.864    6.5693
 2.863    6.5639
 2.861    6.5732
 2.859    6.5815
 2.858    6.5840
 2.856    6.5815
 2.855    6.5827
 2.853    6.5762
 2.852    6.5823
 2.850    6.5859
 2.848    6.5801
 2.847    6.5766
 2.845    6.5786
 2.844    6.5825
 2.842    6.5810
 2.841    6.5915
 2.839    6.5932
 2.838    6.5784
 2.836    6.5649
 2.834    6.5666
 2.833    6.5608
 2.831    6.5669
 2.830    6.5708
 2.828    6.5708
 2.827    6.5718
 2.825    6.5654
 2.824    6.5620
 2.822    6.5762
 2.821    6.5798
 2.819    6.5779
 2.817    6.5805
 2.816    6.5893
 2.814    6.5991
 2.813    6.5918
 2.811    6.5962
 2.810    6.6172
 2.808    6.6181
 2.807    6.6040
 2.805    6.6011
 2.804    6.6138
 2.802    6.6299
 2.801    6.6223
 2.799    6.6247
 2.798    6.6382
 2.796    6.6357
 2.795    6.6352
 2.793    6.6267
 2.792    6.6255
 2.790    6.6387
 2.789    6.6369
 2.787    6.6347
 2.786    6.6357
 2.784    6.6557
 2.783    6.6704
 2.781    6.6848
 2.780    6.6675
 2.778    6.6631
 2.777    6.6811
 2.775    6.6897
 2.774    6.7021
 2.772    6.6982
 2.771    6.6992
 2.769    6.6972
 2.768    6.7060
 2.766    6.7134
 2.765    6.7085
 2.763    6.7243
 2.762    6.7510
 2.760    6.7544
 2.759    6.7412
 2.758    6.7451
 2.756    6.7524
 2.755    6.7705
 2.753    6.7837
 2.752    6.7812
 2.750    6.7856
 2.749    6.7915
 2.747    6.8042
 2.746    6.8056
 2.744    6.7973
 2.743    6.8000
 2.741    6.8183
 2.740    6.8371
 2.739    6.8452
 2.737    6.8450
 2.736    6.8452
 2.734    6.8598
 2.733    6.8642
 2.731    6.8616
 2.730    6.8598
 2.729    6.8677
 2.727    6.8808
 2.726    6.8725
 2.724    6.8755
 2.723    6.8769
 2.721    6.8662
 2.720    6.8628
 2.718    6.8574
 2.717    6.8711
 2.716    6.8955
 2.714    6.9028
 2.713    6.9087
 2.711    6.9350
 2.710    6.9492
 2.709    6.9648
 2.707    6.9629
 2.706    6.9656
 2.704    6.9829
 2.703    6.9780
 2.701    6.9678
 2.700    6.9609
 2.699    6.9795
 2.697    6.9878
 2.696    6.9922
 2.694    6.9848
 2.693    6.9888
 2.692    6.9883
 2.690    6.9761
 2.689    6.9853
 2.687    7.0005
 2.686    7.0034
 2.685    6.9927
 2.683    7.0014
 2.682    7.0095
 2.681    7.0024
 2.679    6.9868
 2.678    6.9819
 2.676    6.9800
 2.675    6.9805
 2.674    6.9765
 2.672    6.9604
 2.671    6.9746
 2.669    6.9897
 2.668    6.9839
 2.667    6.9678
 2.665    6.9634
 2.664    6.9570
 2.663    6.9399
 2.661    6.9311
 2.660    6.9311
 2.659    6.9321
 2.657    6.9253
 2.656    6.9145
 2.654    6.9111
 2.653    6.9199
 2.652    6.9150
 2.650    6.9077
 2.649    6.9062
 2.648    6.9160
 2.646    6.8989
 2.645    6.8833
 2.644    6.8808
 2.642    6.8921
 2.641    6.8926
 2.640    6.8948
 2.638    6.8852
 2.637    6.8550
 2.636    6.8545
 2.634    6.8574
 2.633    6.8508
 2.632    6.8535
 2.630    6.8674
 2.629    6.8523
 2.628    6.8293
 2.626    6.8252
 2.625    6.8139
 2.624    6.8052
 2.622    6.8118
 2.621    6.8130
 2.620    6.7920
 2.618    6.7781
 2.617    6.7785
 2.616    6.7859
 2.614    6.7920
 2.613    6.7803
 2.612    6.7624
 2.610    6.7507
 2.609    6.7615
 2.608    6.7729
 2.606    6.7690
 2.605    6.7654
 2.604    6.7485
 2.602    6.7314
 2.601    6.7336
 2.600    6.7370
 2.599    6.7392
 2.597    6.7341
 2.596    6.7490
 2.595    6.7561
 2.593    6.7427
 2.592    6.7344
 2.591    6.7363
 2.589    6.7287
 2.588    6.7119
 2.587    6.7065
 2.586    6.6960
 2.584    6.6868
 2.583    6.7012
 2.582    6.7034
 2.580    6.6868
 2.579    6.6758
 2.578    6.6648
 2.577    6.6592
 2.575    6.6682
 2.574    6.6723
 2.573    6.6672
 2.572    6.6435
 2.570    6.6340
 2.569    6.6575
 2.568    6.6709
 2.566    6.6487
 2.565    6.6374
 2.564    6.6308
 2.563    6.6194
 2.561    6.6238
 2.560    6.6186
 2.559    6.5937
 2.558    6.6052
 2.556    6.6189
 2.555    6.6086
 2.554    6.6015
 2.553    6.6020
 2.551    6.5862
 2.550    6.5774
 2.549    6.5830
 2.547    6.5776
 2.546    6.5737
 2.545    6.5625
 2.544    6.5725
 2.542    6.5725
 2.541    6.5615
 2.540    6.5508
 2.539    6.5464
 2.538    6.5390
 2.536    6.5478
 2.535    6.5373
 2.534    6.5251
 2.533    6.5215
 2.531    6.5093
 2.530    6.5022
 2.529    6.4912
 2.528    6.4853
 2.526    6.4993
 2.525    6.4931
 2.524    6.5012
 2.523    6.4988
 2.521    6.4873
 2.520    6.4922
 2.519    6.4885
 2.518    6.4631
 2.517    6.4643
 2.515    6.4585
 2.514    6.4619
 2.513    6.4595
 2.512    6.4468
 2.510    6.4643
 2.509    6.4758
 2.508    6.4680
 2.507    6.4599
 2.506    6.4504
 2.504    6.4475
 2.503    6.4436
 2.502    6.4385
 2.501    6.4272
 2.500    6.4199
 2.498    6.4316
 2.497    6.4236
 2.496    6.4184
 2.495    6.4126
 2.494    6.4009
 2.492    6.4009
 2.491    6.3887
 2.490    6.3735
 2.489    6.3918
 2.488    6.3974
 2.486    6.3896
 2.485    6.3782
 2.484    6.3576
 2.483    6.3664
 2.482    6.3813
 2.480    6.3794
 2.479    6.3684
 2.478    6.3491
 2.477    6.3557
 2.476    6.3545
 2.475    6.3481
 2.473    6.3320
 2.472    6.3384
 2.471    6.3266
 2.470    6.3157
 2.469    6.3157
 2.467    6.3076
 2.466    6.2925
 2.465    6.2905
 2.464    6.2934
 2.463    6.2861
 2.462    6.2910
 2.460    6.3222
 2.459    6.3166
 2.458    6.2744
 2.457    6.2627
 2.456    6.2764
 2.455    6.2922
 2.453    6.2900
 2.452    6.2844
 2.451    6.2649
 2.450    6.2597
 2.449    6.2778
 2.448    6.2588
 2.447    6.2466
 2.445    6.2512
 2.444    6.2275
 2.443    6.2131
 2.442    6.2388
 2.441    6.2549
 2.440    6.2485
 2.438    6.2344
 2.437    6.2358
 2.436    6.2192
 2.435    6.2063
 2.434    6.2163
 2.433    6.2209
 2.432    6.2090
 2.430    6.1987
 2.429    6.2063
 2.428    6.2021
 2.427    6.1919
 2.426    6.1777
 2.425    6.1809
 2.424    6.1926
 2.423    6.1806
 2.421    6.1777
 2.420    6.1926
 2.419    6.1880
 2.418    6.1789
 2.417    6.1780
 2.416    6.1782
 2.415    6.1929
 2.413    6.1792
 2.412    6.1504
 2.411    6.1504
 2.410    6.1582
 2.409    6.1438
 2.408    6.1467
 2.407    6.1582
 2.406    6.1416
 2.405    6.1333
 2.403    6.1379
 2.402    6.1506
 2.401    6.1379
 2.400    6.1196
 2.399    6.1008
 2.398    6.0871
 2.397    6.1125
 2.396    6.1194
 2.395    6.1133
 2.393    6.0986
 2.392    6.1030
 2.391    6.1045
 2.390    6.0869
 2.389    6.0784
 2.388    6.0566
 2.387    6.0508
 2.386    6.0657
 2.385    6.0830
 2.384    6.0713
 2.382    6.0644
 2.381    6.0744
 2.380    6.0928
 2.379    6.0705
 2.378    6.0732
 2.377    6.0625
 2.376    6.0381
 2.375    6.0432
 2.374    6.0705
 2.373    6.0754
 2.372    6.0727
 2.370    6.0527
 2.369    6.0552
 2.368    6.0430
 2.367    6.0430
 2.366    6.0762
 2.365    6.0754
 2.364    6.0356
 2.363    6.0156
 2.362    6.0041
 2.361    6.0171
 2.360    6.0344
 2.359    6.0386
 2.358    6.0237
 2.356    6.0010
 2.355    6.0014
 2.354    6.0205
 2.353    6.0098
 2.352    5.9983
 2.351    6.0129
 2.350    6.0185
 2.349    6.0207
 2.348    6.0058
 2.347    6.0000
 2.346    5.9905
 2.345    5.9758
 2.344    5.9717
 2.343    5.9670
 2.342    5.9707
 2.340    5.9800
 2.339    5.9590
 2.338    5.9570
 2.337    5.9800
 2.336    5.9905
 2.335    5.9827
 2.334    5.9768
 2.333    5.9739
 2.332    5.9397
 2.331    5.9419
 2.330    5.9621
 2.329    5.9414
 2.328    5.9658
 2.327    5.9709
 2.326    5.9504
 2.325    5.9377
 2.324    5.9360
 2.323    5.9463
 2.322    5.9641
 2.321    5.9494
 2.320    5.9123
 2.318    5.9289
 2.317    5.9387
 2.316    5.9443
 2.315    5.9582
 2.314    5.9346
 2.313    5.9172
 2.312    5.9065
 2.311    5.9238
 2.310    5.9297
 2.309    5.9165
 2.308    5.9145
 2.307    5.9233
 2.306    5.9170
 2.305    5.9241
 2.304    5.9114
 2.303    5.9043
 2.302    5.8960
 2.301    5.8996
 2.300    5.9111
 2.299    5.8860
 2.298    5.8791
 2.297    5.9053
 2.296    5.9065
 2.295    5.8926
 2.294    5.8838
 2.293    5.8613
 2.292    5.8701
 2.291    5.8967
 2.290    5.9033
 2.289    5.9111
 2.288    5.8848
 2.287    5.8596
 2.286    5.8867
 2.285    5.8860
 2.284    5.8701
 2.283    5.8713
 2.282    5.8691
 2.281    5.8642
 2.280    5.8535
 2.279    5.8359
 2.278    5.8437
 2.277    5.8801
 2.276    5.8811
 2.275    5.8606
 2.274    5.8352
 2.273    5.8330
 2.272    5.8418
 2.271    5.8437
 2.270    5.8450
 2.269    5.8557
 2.268    5.8555
 2.267    5.8506
 2.266    5.8359
 2.265    5.8056
 2.264    5.8274
 2.263    5.8457
 2.262    5.8437
 2.261    5.8242
 2.260    5.8457
 2.259    5.8557
 2.258    5.8127
 2.257    5.7912
 2.256    5.8008
 2.255    5.8061
 2.254    5.7920
 2.253    5.8100
 2.252    5.8227
 2.251    5.8364
 2.250    5.8486
 2.249    5.8237
 2.248    5.7876
 2.247    5.7876
 2.246    5.8037
 2.245    5.7915
 2.244    5.7861
 2.243    5.8032
 2.242    5.7939
 2.241    5.7905
 2.240    5.8081
 2.239    5.7944
 2.238    5.7978
 2.237    5.8013
 2.236    5.7920
 2.236    5.7920
 2.235    5.8135
 2.234    5.8076
 2.233    5.8047
 2.232    5.8076
 2.231    5.7969
 2.230    5.7807
 2.229    5.7856
 2.228    5.7900
 2.227    5.7705
 2.226    5.7627
 2.225    5.7925
 2.224    5.8013
 2.223    5.7617
 2.222    5.7383
 2.221    5.7641
 2.220    5.7637
 2.219    5.7373
 2.218    5.7446
 2.217    5.7705
 2.216    5.7695
 2.215    5.7588
 2.215    5.7558
 2.214    5.7471
 2.213    5.7344
 2.212    5.7178
 2.211    5.7309
 2.210    5.7656
 2.209    5.8027
 2.208    5.7954
 2.207    5.7524
 2.206    5.7519
 2.205    5.7598
 2.204    5.7461
 2.203    5.7466
 2.202    5.7583
 2.201    5.7700
 2.200    5.7490
 2.199    5.7334
 2.199    5.7300
 2.198    5.7412
 2.197    5.7192
 2.196    5.7314
 2.195    5.7563
 2.194    5.7397
 2.193    5.7344
 2.192    5.7466
 2.191    5.7348
 2.190    5.7212
 2.189    5.7461
 2.188    5.7446
 2.187    5.7388
 2.186    5.7412
 2.186    5.7207
 2.185    5.7324
 2.184    5.7402
 2.183    5.7363
 2.182    5.7524
 2.181    5.7431
 2.180    5.7265
 2.179    5.7129
 2.178    5.7119
 2.177    5.7534
 2.176    5.7549
 2.175    5.7427
 2.175    5.7314
 2.174    5.7402
 2.173    5.7075
 2.172    5.6977
 2.171    5.7182
 2.170    5.7329
 2.169    5.7187
 2.168    5.7099
 2.167    5.7202
 2.166    5.7246
 2.165    5.6968
 2.165    5.7080
 2.164    5.7236
 2.163    5.7212
 2.162    5.7178
 2.161    5.7290
 2.160    5.7295
 2.159    5.7397
 2.158    5.7607
 2.157    5.7388
 2.156    5.7021
 2.156    5.7129
 2.155    5.7305
 2.154    5.7329
 2.153    5.7207
 2.152    5.7197
 2.151    5.7007
 2.150    5.7056
 2.149    5.7192
 2.148    5.6943
 2.148    5.6748
 2.147    5.6919
 2.146    5.7075
 2.145    5.7026
 2.144    5.6738
 2.143    5.6743
 2.142    5.6914
 2.141    5.6997
 2.140    5.7070
 2.140    5.7231
 2.139    5.7056
 2.138    5.7070
 2.137    5.7305
 2.136    5.7334
 2.135    5.7212
 2.134    5.7036
 2.133    5.6704
 2.133    5.6645
 2.132    5.6816
 2.131    5.6621
 2.130    5.6655
 2.129    5.6836
 2.128    5.6684
 2.127    5.6518
 2.126    5.6553
 2.126    5.6567
 2.125    5.6567
 2.124    5.6948
 2.123    5.6875
 2.122    5.6465
 2.121    5.6660
 2.120    5.6728
 2.119    5.6719
 2.119    5.6836
 2.118    5.6763
 2.117    5.6660
 2.116    5.6582
 2.115    5.6631
 2.114    5.6797
 2.113    5.7021
 2.113    5.6924
 2.112    5.6728
 2.111    5.6894
 2.110    5.7056
 2.109    5.6621
 2.108    5.6665
 2.107    5.6958
 2.107    5.6880
 2.106    5.6582
 2.105    5.6704
 2.104    5.6958
 2.103    5.6963
 2.102    5.6880
 2.101    5.6528
 2.101    5.6211
 2.100    5.6313
 2.099    5.6377
 2.098    5.6431
 2.097    5.6509
 2.096    5.6543
 2.095    5.6719
 2.095    5.6704
 2.094    5.6084
 2.093    5.6201
 2.092    5.6509
 2.091    5.6455
 2.090    5.6626
 2.090    5.6601
 2.089    5.6426
 2.088    5.6645
 2.087    5.6728
 2.086    5.6738
 2.085    5.6533
 2.085    5.6445
 2.084    5.6631
 2.083    5.6582
 2.082    5.6279
 2.081    5.6177
 2.080    5.6445
 2.079    5.6640
