Name:  ALH 83102
Type:  Stony Meteorites
Class:  Carbonaceous chondrite
Subclass:  CM2
Particle Size:  0-75 micrometers
Sample No.:  ALH 83102
Owner:  JHU
Wavelength range:  IR
Origin:  Meteorite found in Antarctica in 1983..  Smithsonian sample USNM No. 
ALH 83102.45.
Description:  None.





Measurement:  Bidirectional reflectance
First Column:  X
Second Column:  Y
X Units:  Wavelength (micrometers)
Y Units:  Reflectance (percent)
First X Value:  25.044
Last X Value:  2.0795
Number of X Values:  2286
Additional information:  None
25.044    0.7842
24.924    0.7424
24.805    0.7021
24.686    0.6775
24.569    0.6728
24.454    0.6838
24.339    0.7004
24.225    0.7129
24.112    0.7185
24.001    0.7209
23.890    0.7258
23.781    0.7336
23.672    0.7412
23.564    0.7456
23.458    0.7441
23.352    0.7366
23.247    0.7244
23.144    0.7139
23.041    0.7119
22.939    0.7197
22.838    0.7346
22.738    0.7541
22.638    0.7754
22.540    0.7944
22.442    0.8069
22.345    0.8120
22.250    0.8123
22.154    0.8081
22.060    0.8000
21.967    0.7908
21.874    0.7827
21.782    0.7773
21.691    0.7734
21.601    0.7710
21.511    0.7678
21.422    0.7620
21.334    0.7512
21.247    0.7373
21.160    0.7234
21.074    0.7124
20.988    0.7063
20.904    0.7048
20.820    0.7061
20.737    0.7061
20.654    0.7017
20.572    0.6916
20.491    0.6770
20.410    0.6589
20.330    0.6394
20.251    0.6213
20.172    0.6050
20.094    0.5906
20.016    0.5771
19.939    0.5635
19.863    0.5496
19.787    0.5349
19.712    0.5208
19.637    0.5076
19.563    0.4954
19.489    0.4836
19.416    0.4709
19.344    0.4548
19.272    0.4348
19.201    0.4114
19.130    0.3862
19.059    0.3618
18.990    0.3416
18.920    0.3279
18.851    0.3203
18.783    0.3166
18.715    0.3147
18.648    0.3123
18.581    0.3074
18.515    0.3010
18.449    0.2959
18.384    0.2942
18.319    0.2966
18.254    0.3027
18.190    0.3110
18.126    0.3198
18.063    0.3264
18.001    0.3298
17.938    0.3308
17.876    0.3296
17.815    0.3269
17.754    0.3242
17.693    0.3232
17.633    0.3254
17.573    0.3303
17.514    0.3372
17.455    0.3447
17.396    0.3516
17.338    0.3564
17.280    0.3591
17.223    0.3611
17.166    0.3635
17.109    0.3672
17.053    0.3716
16.997    0.3765
16.942    0.3813
16.886    0.3855
16.832    0.3884
16.777    0.3904
16.723    0.3918
16.669    0.3928
16.616    0.3928
16.563    0.3928
16.510    0.3933
16.458    0.3948
16.406    0.3975
16.354    0.4009
16.302    0.4043
16.251    0.4065
16.200    0.4062
16.150    0.4038
16.100    0.4006
16.050    0.3982
16.000    0.3975
15.951    0.3992
15.902    0.4028
15.854    0.4070
15.805    0.4099
15.757    0.4104
15.710    0.4080
15.662    0.4021
15.615    0.3945
15.568    0.3875
15.521    0.3828
15.475    0.3816
15.429    0.3835
15.383    0.3865
15.338    0.3879
15.292    0.3853
15.248    0.3774
15.203    0.3655
15.158    0.3520
15.114    0.3398
15.070    0.3311
15.027    0.3257
14.983    0.3225
14.940    0.3201
14.897    0.3164
14.854    0.3113
14.812    0.3044
14.770    0.2979
14.728    0.2917
14.686    0.2866
14.645    0.2822
14.603    0.2781
14.562    0.2734
14.521    0.2686
14.481    0.2637
14.441    0.2598
14.400    0.2581
14.361    0.2583
14.321    0.2603
14.281    0.2634
14.242    0.2661
14.203    0.2681
14.164    0.2688
14.126    0.2686
14.087    0.2683
14.049    0.2688
14.011    0.2708
13.973    0.2739
13.936    0.2773
13.899    0.2810
13.861    0.2847
13.824    0.2878
13.788    0.2908
13.751    0.2935
13.715    0.2961
13.679    0.2986
13.643    0.3010
13.607    0.3042
13.571    0.3091
13.536    0.3162
13.500    0.3250
13.465    0.3347
13.430    0.3435
13.396    0.3506
13.361    0.3555
13.327    0.3591
13.293    0.3625
13.259    0.3662
13.225    0.3696
13.191    0.3723
13.158    0.3733
13.124    0.3735
13.091    0.3748
13.058    0.3787
13.026    0.3867
12.993    0.3977
12.960    0.4106
12.928    0.4229
12.896    0.4324
12.864    0.4399
12.832    0.4456
12.800    0.4509
12.769    0.4563
12.737    0.4624
12.706    0.4690
12.675    0.4758
12.644    0.4829
12.614    0.4895
12.583    0.4951
12.552    0.5007
12.522    0.5059
12.492    0.5120
12.462    0.5198
12.432    0.5295
12.402    0.5410
12.373    0.5530
12.343    0.5647
12.314    0.5754
12.285    0.5847
12.256    0.5928
12.227    0.5999
12.198    0.6069
12.169    0.6135
12.141    0.6199
12.113    0.6255
12.084    0.6301
12.056    0.6340
12.028    0.6372
12.000    0.6404
11.973    0.6440
11.945    0.6484
11.918    0.6538
11.890    0.6597
11.863    0.6655
11.836    0.6711
11.809    0.6768
11.782    0.6824
11.755    0.6882
11.729    0.6943
11.702    0.6999
11.676    0.7048
11.650    0.7078
11.624    0.7090
11.598    0.7078
11.572    0.7051
11.546    0.7009
11.520    0.6963
11.495    0.6909
11.469    0.6855
11.444    0.6812
11.419    0.6780
11.394    0.6768
11.369    0.6780
11.344    0.6814
11.319    0.6863
11.294    0.6909
11.270    0.6936
11.245    0.6938
11.221    0.6912
11.197    0.6855
11.173    0.6780
11.149    0.6692
11.125    0.6597
11.101    0.6494
11.077    0.6389
11.054    0.6294
11.030    0.6211
11.007    0.6143
10.983    0.6086
10.960    0.6035
10.937    0.5979
10.914    0.5913
10.891    0.5835
10.868    0.5752
10.846    0.5671
10.823    0.5601
10.800    0.5544
10.778    0.5503
10.755    0.5471
10.733    0.5442
10.711    0.5415
10.689    0.5391
10.667    0.5366
10.645    0.5347
10.623    0.5334
10.602    0.5327
10.580    0.5322
10.558    0.5315
10.537    0.5305
10.516    0.5288
10.494    0.5271
10.473    0.5251
10.452    0.5232
10.431    0.5212
10.410    0.5193
10.389    0.5173
10.368    0.5159
10.348    0.5149
10.327    0.5151
10.306    0.5164
10.286    0.5178
10.266    0.5188
10.245    0.5193
10.225    0.5186
10.205    0.5171
10.185    0.5151
10.165    0.5137
10.145    0.5127
10.125    0.5124
10.106    0.5127
10.086    0.5129
10.066    0.5124
10.047    0.5115
10.027    0.5103
10.008    0.5090
 9.989    0.5088
 9.970    0.5093
 9.950    0.5110
 9.931    0.5129
 9.912    0.5149
 9.893    0.5164
 9.875    0.5171
 9.856    0.5166
 9.837    0.5151
 9.819    0.5127
 9.800    0.5098
 9.781    0.5063
 9.763    0.5034
 9.745    0.5007
 9.726    0.4983
 9.708    0.4951
 9.690    0.4907
 9.672    0.4846
 9.654    0.4770
 9.636    0.4683
 9.618    0.4592
 9.600    0.4502
 9.582    0.4412
 9.565    0.4319
 9.547    0.4221
 9.530    0.4121
 9.512    0.4021
 9.495    0.3921
 9.477    0.3821
 9.460    0.3721
 9.443    0.3623
 9.426    0.3525
 9.409    0.3430
 9.392    0.3337
 9.375    0.3250
 9.358    0.3166
 9.341    0.3088
 9.324    0.3020
 9.307    0.2957
 9.291    0.2900
 9.274    0.2852
 9.257    0.2810
 9.241    0.2773
 9.225    0.2739
 9.208    0.2705
 9.192    0.2668
 9.175    0.2629
 9.159    0.2593
 9.143    0.2563
 9.127    0.2544
 9.111    0.2537
 9.095    0.2541
 9.079    0.2551
 9.063    0.2561
 9.047    0.2571
 9.032    0.2583
 9.016    0.2603
 9.000    0.2625
 8.985    0.2651
 8.969    0.2676
 8.954    0.2698
 8.938    0.2715
 8.923    0.2732
 8.908    0.2749
 8.892    0.2773
 8.877    0.2798
 8.862    0.2822
 8.847    0.2847
 8.832    0.2866
 8.817    0.2881
 8.802    0.2898
 8.787    0.2922
 8.772    0.2959
 8.757    0.3008
 8.742    0.3064
 8.727    0.3125
 8.713    0.3186
 8.698    0.3240
 8.684    0.3289
 8.669    0.3333
 8.655    0.3374
 8.640    0.3423
 8.626    0.3472
 8.612    0.3523
 8.597    0.3574
 8.583    0.3625
 8.569    0.3674
 8.555    0.3723
 8.541    0.3770
 8.527    0.3818
 8.513    0.3862
 8.499    0.3911
 8.485    0.3962
 8.471    0.4019
 8.457    0.4082
 8.443    0.4150
 8.430    0.4226
 8.416    0.4304
 8.402    0.4382
 8.389    0.4456
 8.375    0.4524
 8.361    0.4592
 8.348    0.4661
 8.335    0.4739
 8.321    0.4834
 8.308    0.4946
 8.295    0.5076
 8.281    0.5220
 8.268    0.5371
 8.255    0.5522
 8.242    0.5679
 8.229    0.5837
 8.216    0.5999
 8.203    0.6167
 8.190    0.6340
 8.177    0.6521
 8.164    0.6704
 8.151    0.6890
 8.138    0.7073
 8.126    0.7256
 8.113    0.7434
 8.100    0.7607
 8.088    0.7783
 8.075    0.7959
 8.062    0.8135
 8.050    0.8306
 8.037    0.8467
 8.025    0.8616
 8.013    0.8750
 8.000    0.8874
 7.988    0.8997
 7.976    0.9121
 7.963    0.9248
 7.951    0.9380
 7.939    0.9512
 7.927    0.9641
 7.915    0.9763
 7.903    0.9880
 7.891    0.9985
 7.879    1.0081
 7.867    1.0166
 7.855    1.0242
 7.843    1.0315
 7.831    1.0386
 7.819    1.0459
 7.808    1.0532
 7.796    1.0601
 7.784    1.0664
 7.772    1.0720
 7.761    1.0767
 7.749    1.0806
 7.737    1.0840
 7.726    1.0879
 7.715    1.0920
 7.703    1.0964
 7.692    1.1011
 7.680    1.1057
 7.669    1.1099
 7.657    1.1135
 7.646    1.1165
 7.635    1.1191
 7.624    1.1211
 7.613    1.1233
 7.601    1.1252
 7.590    1.1274
 7.579    1.1294
 7.568    1.1313
 7.557    1.1328
 7.546    1.1343
 7.535    1.1360
 7.524    1.1377
 7.513    1.1404
 7.502    1.1433
 7.492    1.1460
 7.481    1.1482
 7.470    1.1492
 7.459    1.1494
 7.449    1.1489
 7.438    1.1482
 7.427    1.1477
 7.417    1.1470
 7.406    1.1460
 7.395    1.1445
 7.385    1.1431
 7.374    1.1414
 7.364    1.1399
 7.353    1.1389
 7.343    1.1374
 7.333    1.1357
 7.322    1.1331
 7.312    1.1294
 7.302    1.1252
 7.291    1.1208
 7.281    1.1167
 7.271    1.1128
 7.261    1.1096
 7.251    1.1072
 7.240    1.1057
 7.230    1.1052
 7.220    1.1057
 7.210    1.1069
 7.200    1.1084
 7.190    1.1094
 7.180    1.1101
 7.170    1.1101
 7.160    1.1101
 7.151    1.1101
 7.141    1.1106
 7.131    1.1116
 7.121    1.1130
 7.111    1.1150
 7.102    1.1174
 7.092    1.1199
 7.082    1.1228
 7.072    1.1260
 7.063    1.1291
 7.053    1.1323
 7.044    1.1353
 7.034    1.1372
 7.025    1.1382
 7.015    1.1382
 7.006    1.1379
 6.996    1.1379
 6.987    1.1387
 6.977    1.1396
 6.968    1.1409
 6.959    1.1418
 6.949    1.1426
 6.940    1.1426
 6.931    1.1421
 6.921    1.1421
 6.912    1.1426
 6.903    1.1433
 6.894    1.1445
 6.885    1.1460
 6.875    1.1472
 6.866    1.1484
 6.857    1.1494
 6.848    1.1509
 6.839    1.1528
 6.830    1.1560
 6.821    1.1602
 6.812    1.1655
 6.803    1.1714
 6.794    1.1772
 6.785    1.1831
 6.777    1.1890
 6.768    1.1943
 6.759    1.1997
 6.750    1.2048
 6.741    1.2092
 6.733    1.2129
 6.724    1.2163
 6.715    1.2197
 6.707    1.2234
 6.698    1.2273
 6.689    1.2317
 6.681    1.2361
 6.672    1.2402
 6.663    1.2441
 6.655    1.2478
 6.646    1.2515
 6.638    1.2551
 6.629    1.2585
 6.621    1.2617
 6.612    1.2649
 6.604    1.2678
 6.596    1.2707
 6.587    1.2732
 6.579    1.2754
 6.571    1.2773
 6.562    1.2790
 6.554    1.2812
 6.546    1.2837
 6.537    1.2864
 6.529    1.2893
 6.521    1.2920
 6.513    1.2944
 6.505    1.2966
 6.496    1.2986
 6.488    1.3003
 6.480    1.3015
 6.472    1.3020
 6.464    1.3022
 6.456    1.3022
 6.448    1.3020
 6.440    1.3018
 6.432    1.3018
 6.424    1.3015
 6.416    1.3008
 6.408    1.2998
 6.400    1.2986
 6.392    1.2966
 6.384    1.2947
 6.377    1.2925
 6.369    1.2900
 6.361    1.2874
 6.353    1.2842
 6.345    1.2808
 6.338    1.2769
 6.330    1.2727
 6.322    1.2678
 6.314    1.2627
 6.307    1.2573
 6.299    1.2519
 6.291    1.2468
 6.284    1.2419
 6.276    1.2378
 6.269    1.2336
 6.261    1.2297
 6.253    1.2258
 6.246    1.2214
 6.239    1.2168
 6.231    1.2119
 6.223    1.2063
 6.216    1.1999
 6.209    1.1929
 6.201    1.1846
 6.194    1.1750
 6.186    1.1650
 6.179    1.1548
 6.172    1.1457
 6.164    1.1382
 6.157    1.1328
 6.150    1.1294
 6.142    1.1279
 6.135    1.1277
 6.128    1.1279
 6.121    1.1282
 6.113    1.1284
 6.106    1.1287
 6.099    1.1294
 6.092    1.1306
 6.085    1.1328
 6.078    1.1360
 6.070    1.1396
 6.063    1.1438
 6.056    1.1482
 6.049    1.1526
 6.042    1.1575
 6.035    1.1626
 6.028    1.1685
 6.021    1.1750
 6.014    1.1826
 6.007    1.1904
 6.000    1.1982
 5.993    1.2061
 5.986    1.2131
 5.979    1.2197
 5.973    1.2261
 5.966    1.2327
 5.959    1.2393
 5.952    1.2468
 5.945    1.2554
 5.938    1.2644
 5.931    1.2739
 5.925    1.2837
 5.918    1.2939
 5.911    1.3047
 5.904    1.3154
 5.898    1.3262
 5.891    1.3364
 5.884    1.3464
 5.878    1.3555
 5.871    1.3640
 5.864    1.3721
 5.858    1.3799
 5.851    1.3877
 5.845    1.3957
 5.838    1.4033
 5.831    1.4104
 5.825    1.4170
 5.818    1.4226
 5.812    1.4272
 5.805    1.4316
 5.799    1.4363
 5.792    1.4412
 5.786    1.4465
 5.779    1.4524
 5.773    1.4582
 5.767    1.4634
 5.760    1.4680
 5.754    1.4719
 5.747    1.4753
 5.741    1.4785
 5.735    1.4819
 5.728    1.4853
 5.722    1.4890
 5.716    1.4927
 5.709    1.4961
 5.703    1.4998
 5.697    1.5032
 5.691    1.5066
 5.684    1.5103
 5.678    1.5139
 5.672    1.5173
 5.666    1.5207
 5.660    1.5239
 5.653    1.5271
 5.647    1.5303
 5.641    1.5334
 5.635    1.5366
 5.629    1.5393
 5.623    1.5415
 5.617    1.5435
 5.611    1.5447
 5.604    1.5457
 5.598    1.5464
 5.592    1.5466
 5.586    1.5469
 5.580    1.5466
 5.574    1.5469
 5.568    1.5474
 5.562    1.5483
 5.556    1.5500
 5.551    1.5520
 5.545    1.5544
 5.539    1.5569
 5.533    1.5593
 5.527    1.5618
 5.521    1.5642
 5.515    1.5664
 5.509    1.5691
 5.503    1.5720
 5.497    1.5752
 5.492    1.5791
 5.486    1.5840
 5.480    1.5896
 5.474    1.5955
 5.468    1.6018
 5.463    1.6079
 5.457    1.6138
 5.451    1.6189
 5.446    1.6235
 5.440    1.6279
 5.434    1.6318
 5.428    1.6357
 5.423    1.6392
 5.417    1.6423
 5.411    1.6453
 5.406    1.6479
 5.400    1.6506
 5.394    1.6531
 5.389    1.6558
 5.383    1.6584
 5.378    1.6609
 5.372    1.6636
 5.367    1.6660
 5.361    1.6685
 5.356    1.6707
 5.350    1.6731
 5.345    1.6755
 5.339    1.6780
 5.333    1.6802
 5.328    1.6826
 5.322    1.6846
 5.317    1.6865
 5.312    1.6887
 5.306    1.6909
 5.301    1.6936
 5.295    1.6965
 5.290    1.6995
 5.285    1.7024
 5.279    1.7048
 5.274    1.7065
 5.268    1.7080
 5.263    1.7092
 5.258    1.7107
 5.252    1.7124
 5.247    1.7144
 5.242    1.7165
 5.237    1.7185
 5.231    1.7205
 5.226    1.7222
 5.221    1.7236
 5.215    1.7248
 5.210    1.7258
 5.205    1.7270
 5.200    1.7285
 5.194    1.7302
 5.189    1.7319
 5.184    1.7339
 5.179    1.7356
 5.174    1.7368
 5.169    1.7375
 5.164    1.7380
 5.158    1.7385
 5.153    1.7393
 5.148    1.7402
 5.143    1.7415
 5.138    1.7429
 5.133    1.7441
 5.128    1.7451
 5.123    1.7461
 5.118    1.7466
 5.113    1.7471
 5.107    1.7473
 5.103    1.7476
 5.098    1.7483
 5.093    1.7493
 5.088    1.7502
 5.082    1.7515
 5.077    1.7527
 5.073    1.7534
 5.068    1.7534
 5.063    1.7532
 5.058    1.7529
 5.053    1.7527
 5.048    1.7527
 5.043    1.7532
 5.038    1.7539
 5.033    1.7549
 5.028    1.7559
 5.023    1.7566
 5.019    1.7576
 5.014    1.7583
 5.009    1.7595
 5.004    1.7607
 4.999    1.7620
 4.994    1.7627
 4.990    1.7629
 4.985    1.7629
 4.980    1.7627
 4.975    1.7629
 4.970    1.7639
 4.966    1.7651
 4.961    1.7666
 4.956    1.7678
 4.951    1.7690
 4.947    1.7703
 4.942    1.7712
 4.937    1.7722
 4.933    1.7732
 4.928    1.7739
 4.923    1.7742
 4.919    1.7744
 4.914    1.7744
 4.909    1.7744
 4.905    1.7747
 4.900    1.7756
 4.895    1.7766
 4.891    1.7781
 4.886    1.7793
 4.882    1.7805
 4.877    1.7815
 4.872    1.7825
 4.868    1.7837
 4.863    1.7849
 4.859    1.7861
 4.854    1.7871
 4.849    1.7881
 4.845    1.7888
 4.840    1.7895
 4.836    1.7900
 4.832    1.7903
 4.827    1.7903
 4.822    1.7900
 4.818    1.7893
 4.814    1.7886
 4.809    1.7883
 4.805    1.7883
 4.800    1.7888
 4.796    1.7900
 4.791    1.7915
 4.787    1.7932
 4.782    1.7947
 4.778    1.7959
 4.774    1.7969
 4.769    1.7976
 4.765    1.7978
 4.761    1.7983
 4.756    1.7988
 4.752    1.7993
 4.747    1.8003
 4.743    1.8013
 4.739    1.8027
 4.734    1.8040
 4.730    1.8052
 4.726    1.8061
 4.721    1.8061
 4.717    1.8059
 4.713    1.8052
 4.709    1.8049
 4.704    1.8057
 4.700    1.8071
 4.696    1.8091
 4.691    1.8110
 4.687    1.8120
 4.683    1.8123
 4.679    1.8115
 4.675    1.8105
 4.670    1.8098
 4.666    1.8096
 4.662    1.8103
 4.658    1.8118
 4.654    1.8132
 4.649    1.8152
 4.645    1.8169
 4.641    1.8184
 4.637    1.8196
 4.633    1.8203
 4.629    1.8208
 4.625    1.8208
 4.620    1.8206
 4.616    1.8206
 4.612    1.8206
 4.608    1.8208
 4.604    1.8210
 4.600    1.8218
 4.596    1.8225
 4.592    1.8230
 4.588    1.8235
 4.584    1.8242
 4.580    1.8249
 4.576    1.8257
 4.572    1.8262
 4.567    1.8269
 4.564    1.8271
 4.559    1.8271
 4.556    1.8269
 4.551    1.8264
 4.548    1.8259
 4.543    1.8254
 4.540    1.8252
 4.536    1.8252
 4.532    1.8252
 4.528    1.8257
 4.524    1.8259
 4.520    1.8262
 4.516    1.8259
 4.512    1.8254
 4.508    1.8247
 4.504    1.8240
 4.500    1.8235
 4.496    1.8232
 4.492    1.8235
 4.488    1.8237
 4.485    1.8240
 4.481    1.8242
 4.477    1.8242
 4.473    1.8245
 4.469    1.8245
 4.465    1.8247
 4.461    1.8249
 4.458    1.8252
 4.454    1.8249
 4.450    1.8247
 4.446    1.8245
 4.442    1.8240
 4.439    1.8240
 4.435    1.8240
 4.431    1.8245
 4.427    1.8249
 4.423    1.8252
 4.420    1.8254
 4.416    1.8254
 4.412    1.8252
 4.408    1.8247
 4.404    1.8242
 4.401    1.8237
 4.397    1.8235
 4.393    1.8230
 4.390    1.8227
 4.386    1.8227
 4.382    1.8230
 4.378    1.8237
 4.375    1.8245
 4.371    1.8254
 4.367    1.8264
 4.364    1.8269
 4.360    1.8264
 4.356    1.8257
 4.353    1.8245
 4.349    1.8237
 4.346    1.8232
 4.342    1.8232
 4.338    1.8235
 4.335    1.8232
 4.331    1.8223
 4.327    1.8210
 4.324    1.8191
 4.320    1.8176
 4.316    1.8166
 4.313    1.8164
 4.309    1.8169
 4.306    1.8171
 4.302    1.8174
 4.299    1.8171
 4.295    1.8166
 4.292    1.8164
 4.288    1.8164
 4.284    1.8166
 4.281    1.8169
 4.277    1.8169
 4.274    1.8164
 4.270    1.8154
 4.267    1.8144
 4.263    1.8137
 4.260    1.8135
 4.256    1.8135
 4.253    1.8140
 4.249    1.8144
 4.246    1.8149
 4.242    1.8152
 4.239    1.8157
 4.235    1.8162
 4.232    1.8166
 4.229    1.8169
 4.225    1.8166
 4.222    1.8154
 4.218    1.8140
 4.215    1.8123
 4.211    1.8110
 4.208    1.8105
 4.205    1.8108
 4.201    1.8118
 4.198    1.8127
 4.194    1.8135
 4.191    1.8137
 4.188    1.8132
 4.184    1.8123
 4.181    1.8113
 4.177    1.8108
 4.174    1.8108
 4.171    1.8113
 4.167    1.8118
 4.164    1.8120
 4.161    1.8118
 4.157    1.8110
 4.154    1.8101
 4.151    1.8088
 4.147    1.8076
 4.144    1.8066
 4.141    1.8061
 4.137    1.8057
 4.134    1.8057
 4.131    1.8059
 4.128    1.8061
 4.124    1.8061
 4.121    1.8057
 4.118    1.8052
 4.114    1.8044
 4.111    1.8037
 4.108    1.8032
 4.105    1.8027
 4.101    1.8022
 4.098    1.8015
 4.095    1.8003
 4.092    1.7991
 4.088    1.7983
 4.085    1.7978
 4.082    1.7976
 4.079    1.7978
 4.076    1.7981
 4.072    1.7981
 4.069    1.7976
 4.066    1.7969
 4.063    1.7959
 4.060    1.7947
 4.056    1.7932
 4.053    1.7917
 4.050    1.7905
 4.047    1.7891
 4.044    1.7878
 4.041    1.7864
 4.037    1.7849
 4.034    1.7832
 4.031    1.7812
 4.028    1.7788
 4.025    1.7764
 4.022    1.7739
 4.019    1.7715
 4.016    1.7688
 4.013    1.7664
 4.009    1.7639
 4.006    1.7612
 4.003    1.7583
 4.000    1.7546
 3.997    1.7502
 3.994    1.7451
 3.991    1.7395
 3.988    1.7344
 3.985    1.7295
 3.982    1.7258
 3.979    1.7229
 3.976    1.7207
 3.973    1.7192
 3.970    1.7183
 3.966    1.7178
 3.963    1.7175
 3.960    1.7173
 3.957    1.7168
 3.954    1.7161
 3.951    1.7151
 3.948    1.7136
 3.945    1.7126
 3.942    1.7122
 3.939    1.7124
 3.936    1.7126
 3.933    1.7134
 3.930    1.7139
 3.927    1.7141
 3.924    1.7141
 3.921    1.7141
 3.918    1.7141
 3.916    1.7139
 3.913    1.7139
 3.910    1.7136
 3.907    1.7136
 3.904    1.7134
 3.901    1.7134
 3.898    1.7131
 3.895    1.7131
 3.892    1.7131
 3.889    1.7131
 3.886    1.7129
 3.883    1.7124
 3.880    1.7117
 3.877    1.7107
 3.875    1.7097
 3.872    1.7087
 3.869    1.7078
 3.866    1.7068
 3.863    1.7058
 3.860    1.7046
 3.857    1.7034
 3.854    1.7019
 3.852    1.7004
 3.849    1.6990
 3.846    1.6975
 3.843    1.6960
 3.840    1.6946
 3.837    1.6926
 3.834    1.6904
 3.832    1.6882
 3.829    1.6858
 3.826    1.6836
 3.823    1.6814
 3.820    1.6794
 3.817    1.6775
 3.815    1.6755
 3.812    1.6736
 3.809    1.6721
 3.806    1.6707
 3.804    1.6697
 3.801    1.6689
 3.798    1.6682
 3.795    1.6672
 3.792    1.6660
 3.790    1.6648
 3.787    1.6638
 3.784    1.6633
 3.781    1.6631
 3.779    1.6628
 3.776    1.6628
 3.773    1.6623
 3.770    1.6619
 3.768    1.6606
 3.765    1.6594
 3.762    1.6580
 3.759    1.6565
 3.757    1.6550
 3.754    1.6533
 3.751    1.6521
 3.748    1.6509
 3.746    1.6501
 3.743    1.6497
 3.740    1.6492
 3.738    1.6484
 3.735    1.6472
 3.732    1.6460
 3.730    1.6440
 3.727    1.6416
 3.724    1.6387
 3.722    1.6355
 3.719    1.6321
 3.716    1.6289
 3.714    1.6262
 3.711    1.6243
 3.708    1.6233
 3.706    1.6228
 3.703    1.6228
 3.700    1.6223
 3.698    1.6216
 3.695    1.6201
 3.692    1.6182
 3.690    1.6155
 3.687    1.6128
 3.684    1.6101
 3.682    1.6082
 3.679    1.6064
 3.677    1.6052
 3.674    1.6038
 3.672    1.6020
 3.669    1.5998
 3.666    1.5974
 3.664    1.5947
 3.661    1.5923
 3.659    1.5903
 3.656    1.5881
 3.653    1.5864
 3.651    1.5852
 3.648    1.5842
 3.646    1.5835
 3.643    1.5830
 3.641    1.5825
 3.638    1.5813
 3.636    1.5793
 3.633    1.5771
 3.630    1.5747
 3.628    1.5723
 3.625    1.5703
 3.623    1.5686
 3.620    1.5669
 3.618    1.5652
 3.615    1.5632
 3.613    1.5608
 3.610    1.5581
 3.608    1.5554
 3.605    1.5525
 3.603    1.5498
 3.600    1.5471
 3.598    1.5444
 3.595    1.5420
 3.593    1.5395
 3.590    1.5376
 3.588    1.5356
 3.585    1.5339
 3.583    1.5325
 3.580    1.5308
 3.578    1.5288
 3.575    1.5269
 3.573    1.5244
 3.570    1.5220
 3.568    1.5195
 3.565    1.5173
 3.563    1.5151
 3.561    1.5129
 3.558    1.5105
 3.556    1.5078
 3.553    1.5046
 3.551    1.5010
 3.548    1.4971
 3.546    1.4934
 3.543    1.4902
 3.541    1.4873
 3.539    1.4851
 3.536    1.4832
 3.534    1.4810
 3.531    1.4783
 3.529    1.4751
 3.527    1.4709
 3.524    1.4658
 3.522    1.4604
 3.519    1.4551
 3.517    1.4499
 3.515    1.4453
 3.512    1.4412
 3.510    1.4373
 3.507    1.4331
 3.505    1.4287
 3.503    1.4241
 3.500    1.4197
 3.498    1.4150
 3.496    1.4109
 3.493    1.4070
 3.491    1.4033
 3.489    1.4001
 3.486    1.3972
 3.484    1.3940
 3.482    1.3909
 3.479    1.3874
 3.477    1.3840
 3.475    1.3809
 3.472    1.3787
 3.470    1.3769
 3.468    1.3757
 3.465    1.3745
 3.463    1.3730
 3.461    1.3711
 3.458    1.3684
 3.456    1.3655
 3.454    1.3623
 3.451    1.3591
 3.449    1.3562
 3.447    1.3533
 3.445    1.3503
 3.442    1.3474
 3.440    1.3445
 3.438    1.3413
 3.436    1.3384
 3.433    1.3350
 3.431    1.3313
 3.429    1.3271
 3.426    1.3225
 3.424    1.3176
 3.422    1.3132
 3.420    1.3093
 3.417    1.3064
 3.415    1.3042
 3.413    1.3025
 3.411    1.3010
 3.408    1.2996
 3.406    1.2978
 3.404    1.2961
 3.402    1.2947
 3.399    1.2937
 3.397    1.2930
 3.395    1.2922
 3.393    1.2913
 3.391    1.2895
 3.388    1.2871
 3.386    1.2847
 3.384    1.2820
 3.382    1.2795
 3.380    1.2778
 3.377    1.2766
 3.375    1.2759
 3.373    1.2751
 3.371    1.2744
 3.369    1.2737
 3.366    1.2732
 3.364    1.2732
 3.362    1.2734
 3.360    1.2739
 3.358    1.2737
 3.355    1.2725
 3.353    1.2710
 3.351    1.2693
 3.349    1.2678
 3.347    1.2664
 3.345    1.2656
 3.342    1.2646
 3.340    1.2634
 3.338    1.2620
 3.336    1.2603
 3.334    1.2585
 3.332    1.2563
 3.330    1.2539
 3.327    1.2515
 3.325    1.2485
 3.323    1.2454
 3.321    1.2427
 3.319    1.2400
 3.317    1.2375
 3.315    1.2356
 3.313    1.2336
 3.310    1.2317
 3.308    1.2297
 3.306    1.2278
 3.304    1.2263
 3.302    1.2249
 3.300    1.2234
 3.298    1.2222
 3.296    1.2207
 3.294    1.2190
 3.292    1.2165
 3.289    1.2139
 3.287    1.2107
 3.285    1.2073
 3.283    1.2034
 3.281    1.1995
 3.279    1.1953
 3.277    1.1916
 3.275    1.1887
 3.273    1.1865
 3.271    1.1848
 3.269    1.1836
 3.267    1.1819
 3.265    1.1797
 3.263    1.1768
 3.261    1.1736
 3.258    1.1699
 3.256    1.1663
 3.254    1.1628
 3.252    1.1594
 3.250    1.1562
 3.248    1.1533
 3.246    1.1504
 3.244    1.1477
 3.242    1.1448
 3.240    1.1418
 3.238    1.1392
 3.236    1.1365
 3.234    1.1340
 3.232    1.1316
 3.230    1.1291
 3.228    1.1260
 3.226    1.1226
 3.224    1.1186
 3.222    1.1143
 3.220    1.1099
 3.218    1.1057
 3.216    1.1018
 3.214    1.0981
 3.212    1.0950
 3.210    1.0923
 3.208    1.0903
 3.206    1.0889
 3.204    1.0872
 3.202    1.0852
 3.200    1.0828
 3.198    1.0793
 3.196    1.0759
 3.194    1.0725
 3.192    1.0691
 3.190    1.0659
 3.188    1.0625
 3.186    1.0586
 3.184    1.0542
 3.182    1.0496
 3.180    1.0449
 3.179    1.0408
 3.177    1.0371
 3.175    1.0339
 3.173    1.0308
 3.171    1.0281
 3.169    1.0251
 3.167    1.0220
 3.165    1.0188
 3.163    1.0154
 3.161    1.0122
 3.159    1.0090
 3.157    1.0056
 3.155    1.0024
 3.153    0.9988
 3.152    0.9946
 3.150    0.9902
 3.148    0.9856
 3.146    0.9812
 3.144    0.9768
 3.142    0.9729
 3.140    0.9695
 3.138    0.9668
 3.136    0.9641
 3.134    0.9612
 3.132    0.9582
 3.131    0.9548
 3.129    0.9512
 3.127    0.9478
 3.125    0.9448
 3.123    0.9419
 3.121    0.9392
 3.119    0.9365
 3.117    0.9338
 3.115    0.9309
 3.114    0.9277
 3.112    0.9243
 3.110    0.9214
 3.108    0.9182
 3.106    0.9153
 3.104    0.9124
 3.102    0.9092
 3.101    0.9060
 3.099    0.9028
 3.097    0.8997
 3.095    0.8965
 3.093    0.8936
 3.091    0.8901
 3.090    0.8865
 3.088    0.8831
 3.086    0.8804
 3.084    0.8784
 3.082    0.8772
 3.080    0.8760
 3.079    0.8743
 3.077    0.8716
 3.075    0.8677
 3.073    0.8630
 3.071    0.8584
 3.069    0.8545
 3.067    0.8516
 3.066    0.8494
 3.064    0.8477
 3.062    0.8459
 3.060    0.8442
 3.059    0.8425
 3.057    0.8408
 3.055    0.8386
 3.053    0.8362
 3.051    0.8332
 3.050    0.8293
 3.048    0.8252
 3.046    0.8208
 3.044    0.8166
 3.042    0.8130
 3.041    0.8101
 3.039    0.8081
 3.037    0.8066
 3.035    0.8054
 3.033    0.8040
 3.032    0.8025
 3.030    0.8005
 3.028    0.7978
 3.026    0.7944
 3.025    0.7910
 3.023    0.7878
 3.021    0.7852
 3.019    0.7834
 3.018    0.7825
 3.016    0.7817
 3.014    0.7803
 3.012    0.7778
 3.011    0.7742
 3.009    0.7698
 3.007    0.7654
 3.005    0.7620
 3.004    0.7598
 3.002    0.7585
 3.000    0.7578
 2.998    0.7568
 2.997    0.7551
 2.995    0.7527
 2.993    0.7498
 2.991    0.7466
 2.990    0.7441
 2.988    0.7422
 2.986    0.7402
 2.985    0.7380
 2.983    0.7353
 2.981    0.7327
 2.979    0.7295
 2.978    0.7270
 2.976    0.7251
 2.974    0.7236
 2.973    0.7222
 2.971    0.7205
 2.969    0.7185
 2.967    0.7166
 2.966    0.7144
 2.964    0.7126
 2.962    0.7114
 2.961    0.7100
 2.959    0.7080
 2.957    0.7056
 2.956    0.7026
 2.954    0.6999
 2.952    0.6978
 2.951    0.6963
 2.949    0.6956
 2.947    0.6946
 2.946    0.6931
 2.944    0.6909
 2.942    0.6882
 2.941    0.6851
 2.939    0.6824
 2.937    0.6799
 2.936    0.6782
 2.934    0.6770
 2.932    0.6760
 2.931    0.6750
 2.929    0.6741
 2.927    0.6731
 2.926    0.6716
 2.924    0.6704
 2.922    0.6689
 2.921    0.6680
 2.919    0.6672
 2.917    0.6670
 2.916    0.6670
 2.914    0.6675
 2.912    0.6677
 2.911    0.6677
 2.909    0.6670
 2.908    0.6655
 2.906    0.6628
 2.904    0.6594
 2.903    0.6558
 2.901    0.6519
 2.899    0.6489
 2.898    0.6470
 2.896    0.6460
 2.895    0.6455
 2.893    0.6453
 2.891    0.6453
 2.890    0.6450
 2.888    0.6448
 2.886    0.6450
 2.885    0.6453
 2.883    0.6453
 2.882    0.6448
 2.880    0.6433
 2.878    0.6406
 2.877    0.6370
 2.875    0.6331
 2.874    0.6291
 2.872    0.6260
 2.870    0.6233
 2.869    0.6208
 2.867    0.6189
 2.866    0.6172
 2.864    0.6157
 2.863    0.6145
 2.861    0.6135
 2.859    0.6125
 2.858    0.6116
 2.856    0.6099
 2.855    0.6077
 2.853    0.6047
 2.852    0.6013
 2.850    0.5981
 2.848    0.5952
 2.847    0.5925
 2.845    0.5903
 2.844    0.5884
 2.842    0.5864
 2.841    0.5840
 2.839    0.5811
 2.837    0.5779
 2.836    0.5745
 2.834    0.5715
 2.833    0.5691
 2.831    0.5671
 2.830    0.5654
 2.828    0.5627
 2.827    0.5591
 2.825    0.5547
 2.824    0.5498
 2.822    0.5454
 2.821    0.5420
 2.819    0.5395
 2.817    0.5378
 2.816    0.5364
 2.814    0.5347
 2.813    0.5325
 2.811    0.5295
 2.810    0.5264
 2.808    0.5232
 2.807    0.5203
 2.805    0.5173
 2.804    0.5144
 2.802    0.5110
 2.801    0.5076
 2.799    0.5041
 2.798    0.5015
 2.796    0.4995
 2.795    0.4988
 2.793    0.4988
 2.792    0.4988
 2.790    0.4980
 2.789    0.4966
 2.787    0.4944
 2.786    0.4915
 2.784    0.4885
 2.783    0.4854
 2.781    0.4827
 2.780    0.4797
 2.778    0.4768
 2.777    0.4741
 2.775    0.4714
 2.774    0.4690
 2.772    0.4673
 2.771    0.4661
 2.769    0.4656
 2.768    0.4656
 2.766    0.4658
 2.765    0.4663
 2.763    0.4670
 2.762    0.4670
 2.761    0.4666
 2.759    0.4651
 2.757    0.4631
 2.756    0.4607
 2.755    0.4590
 2.753    0.4583
 2.752    0.4587
 2.750    0.4597
 2.749    0.4612
 2.747    0.4622
 2.746    0.4624
 2.744    0.4622
 2.743    0.4617
 2.741    0.4612
 2.740    0.4609
 2.739    0.4612
 2.737    0.4617
 2.736    0.4622
 2.734    0.4626
 2.733    0.4626
 2.731    0.4622
 2.730    0.4617
 2.728    0.4617
 2.727    0.4629
 2.726    0.4653
 2.724    0.4690
 2.723    0.4736
 2.721    0.4783
 2.720    0.4834
 2.719    0.4897
 2.717    0.4990
 2.716    0.5120
 2.714    0.5300
 2.713    0.5535
 2.711    0.5815
 2.710    0.6140
 2.708    0.6494
 2.707    0.6877
 2.706    0.7290
 2.704    0.7739
 2.703    0.8232
 2.701    0.8777
 2.700    0.9363
 2.699    0.9973
 2.697    1.0574
 2.696    1.1133
 2.695    1.1621
 2.693    1.2029
 2.692    1.2361
 2.690    1.2629
 2.689    1.2849
 2.688    1.3032
 2.686    1.3184
 2.685    1.3308
 2.683    1.3408
 2.682    1.3491
 2.680    1.3562
 2.679    1.3623
 2.678    1.3682
 2.676    1.3733
 2.675    1.3779
 2.674    1.3821
 2.672    1.3857
 2.671    1.3896
 2.670    1.3933
 2.668    1.3962
 2.667    1.3984
 2.665    1.3987
 2.664    1.3975
 2.663    1.3948
 2.661    1.3918
 2.660    1.3896
 2.659    1.3896
 2.657    1.3911
 2.656    1.3943
 2.655    1.3979
 2.653    1.4011
 2.652    1.4036
 2.650    1.4053
 2.649    1.4065
 2.648    1.4077
 2.646    1.4084
 2.645    1.4087
 2.644    1.4080
 2.642    1.4067
 2.641    1.4055
 2.640    1.4050
 2.638    1.4060
 2.637    1.4082
 2.636    1.4109
 2.634    1.4133
 2.633    1.4148
 2.632    1.4150
 2.630    1.4141
 2.629    1.4126
 2.627    1.4114
 2.626    1.4106
 2.625    1.4106
 2.624    1.4104
 2.622    1.4104
 2.621    1.4099
 2.620    1.4089
 2.618    1.4077
 2.617    1.4065
 2.616    1.4058
 2.614    1.4053
 2.613    1.4050
 2.612    1.4050
 2.610    1.4055
 2.609    1.4055
 2.608    1.4050
 2.606    1.4040
 2.605    1.4026
 2.604    1.4006
 2.603    1.3989
 2.601    1.3977
 2.600    1.3977
 2.599    1.3982
 2.597    1.3992
 2.596    1.4004
 2.595    1.4011
 2.593    1.4014
 2.592    1.4014
 2.591    1.4016
 2.590    1.4021
 2.588    1.4023
 2.587    1.4019
 2.586    1.4001
 2.584    1.3975
 2.583    1.3936
 2.582    1.3901
 2.580    1.3872
 2.579    1.3853
 2.578    1.3845
 2.577    1.3840
 2.575    1.3843
 2.574    1.3848
 2.573    1.3860
 2.571    1.3874
 2.570    1.3887
 2.569    1.3892
 2.568    1.3889
 2.566    1.3882
 2.565    1.3872
 2.564    1.3862
 2.563    1.3857
 2.561    1.3850
 2.560    1.3838
 2.559    1.3823
 2.558    1.3809
 2.556    1.3801
 2.555    1.3806
 2.554    1.3821
 2.553    1.3833
 2.551    1.3835
 2.550    1.3821
 2.549    1.3787
 2.547    1.3745
 2.546    1.3706
 2.545    1.3686
 2.544    1.3689
 2.543    1.3711
 2.541    1.3740
 2.540    1.3765
 2.539    1.3779
 2.538    1.3777
 2.536    1.3765
 2.535    1.3745
 2.534    1.3726
 2.533    1.3704
 2.531    1.3684
 2.530    1.3667
 2.529    1.3655
 2.528    1.3652
 2.526    1.3660
 2.525    1.3667
 2.524    1.3674
 2.523    1.3674
 2.522    1.3660
 2.520    1.3635
 2.519    1.3608
 2.518    1.3584
 2.517    1.3572
 2.515    1.3564
 2.514    1.3562
 2.513    1.3560
 2.512    1.3547
 2.511    1.3528
 2.509    1.3508
 2.508    1.3489
 2.507    1.3474
 2.506    1.3467
 2.504    1.3462
 2.503    1.3455
 2.502    1.3442
 2.501    1.3430
 2.500    1.3420
 2.498    1.3415
 2.497    1.3423
 2.496    1.3433
 2.495    1.3440
 2.494    1.3433
 2.492    1.3408
 2.491    1.3367
 2.490    1.3320
 2.489    1.3279
 2.488    1.3254
 2.486    1.3249
 2.485    1.3264
 2.484    1.3286
 2.483    1.3306
 2.482    1.3318
 2.481    1.3315
 2.479    1.3298
 2.478    1.3276
 2.477    1.3257
 2.476    1.3242
 2.474    1.3240
 2.473    1.3247
 2.472    1.3254
 2.471    1.3254
 2.470    1.3247
 2.469    1.3232
 2.467    1.3218
 2.466    1.3210
 2.465    1.3218
 2.464    1.3232
 2.463    1.3242
 2.462    1.3235
 2.460    1.3208
 2.459    1.3164
 2.458    1.3118
 2.457    1.3081
 2.456    1.3066
 2.455    1.3081
 2.454    1.3113
 2.452    1.3144
 2.451    1.3162
 2.450    1.3154
 2.449    1.3115
 2.448    1.3059
 2.446    1.3005
 2.445    1.2971
 2.444    1.2966
 2.443    1.2983
 2.442    1.3010
 2.441    1.3035
 2.440    1.3042
 2.438    1.3037
 2.437    1.3027
 2.436    1.3020
 2.435    1.3020
 2.434    1.3025
 2.433    1.3032
 2.432    1.3035
 2.430    1.3032
 2.429    1.3020
 2.428    1.3005
 2.427    1.2993
 2.426    1.2978
 2.425    1.2961
 2.424    1.2939
 2.422    1.2913
 2.421    1.2886
 2.420    1.2861
 2.419    1.2849
 2.418    1.2849
 2.417    1.2856
 2.416    1.2866
 2.415    1.2871
 2.414    1.2874
 2.412    1.2874
 2.411    1.2874
 2.410    1.2878
 2.409    1.2891
 2.408    1.2908
 2.407    1.2930
 2.406    1.2954
 2.405    1.2978
 2.403    1.3000
 2.402    1.3015
 2.401    1.3018
 2.400    1.3008
 2.399    1.2988
 2.398    1.2961
 2.397    1.2930
 2.396    1.2898
 2.394    1.2871
 2.393    1.2847
 2.392    1.2830
 2.391    1.2825
 2.390    1.2827
 2.389    1.2839
 2.388    1.2852
 2.387    1.2856
 2.386    1.2854
 2.385    1.2844
 2.384    1.2832
 2.382    1.2820
 2.381    1.2817
 2.380    1.2827
 2.379    1.2852
 2.378    1.2878
 2.377    1.2898
 2.376    1.2903
 2.375    1.2888
 2.374    1.2856
 2.373    1.2817
 2.372    1.2781
 2.370    1.2759
 2.369    1.2749
 2.368    1.2747
 2.367    1.2749
 2.366    1.2751
 2.365    1.2749
 2.364    1.2747
 2.363    1.2747
 2.362    1.2744
 2.361    1.2737
 2.360    1.2725
 2.359    1.2710
 2.357    1.2693
 2.356    1.2676
 2.355    1.2666
 2.354    1.2656
 2.353    1.2649
 2.352    1.2642
 2.351    1.2634
 2.350    1.2629
 2.349    1.2632
 2.348    1.2639
 2.347    1.2642
 2.346    1.2632
 2.345    1.2610
 2.344    1.2576
 2.343    1.2532
 2.341    1.2495
 2.341    1.2466
 2.339    1.2446
 2.338    1.2432
 2.337    1.2419
 2.336    1.2405
 2.335    1.2385
 2.334    1.2371
 2.333    1.2368
 2.332    1.2378
 2.331    1.2395
 2.330    1.2415
 2.329    1.2439
 2.328    1.2458
 2.327    1.2471
 2.326    1.2478
 2.325    1.2478
 2.324    1.2466
 2.323    1.2441
 2.322    1.2412
 2.321    1.2385
 2.320    1.2371
 2.318    1.2368
 2.317    1.2383
 2.316    1.2410
 2.315    1.2439
 2.314    1.2461
 2.313    1.2478
 2.312    1.2483
 2.311    1.2476
 2.310    1.2463
 2.309    1.2454
 2.308    1.2449
 2.307    1.2449
 2.306    1.2451
 2.305    1.2449
 2.304    1.2436
 2.303    1.2407
 2.302    1.2375
 2.301    1.2351
 2.300    1.2341
 2.299    1.2349
 2.298    1.2368
 2.297    1.2395
 2.296    1.2412
 2.295    1.2422
 2.294    1.2429
 2.293    1.2444
 2.292    1.2463
 2.291    1.2480
 2.290    1.2493
 2.289    1.2493
 2.288    1.2471
 2.287    1.2432
 2.286    1.2393
 2.285    1.2368
 2.284    1.2356
 2.283    1.2356
 2.282    1.2353
 2.281    1.2336
 2.280    1.2302
 2.279    1.2261
 2.278    1.2231
 2.277    1.2227
 2.276    1.2253
 2.275    1.2310
 2.274    1.2368
 2.273    1.2410
 2.272    1.2419
 2.271    1.2397
 2.270    1.2351
 2.269    1.2295
 2.268    1.2249
 2.267    1.2224
 2.266    1.2224
 2.265    1.2249
 2.264    1.2292
 2.263    1.2336
 2.262    1.2366
 2.261    1.2371
 2.260    1.2351
 2.259    1.2322
 2.258    1.2292
 2.257    1.2285
 2.256    1.2297
 2.255    1.2324
 2.254    1.2346
 2.253    1.2356
 2.252    1.2351
 2.251    1.2336
 2.250    1.2322
 2.249    1.2314
 2.248    1.2322
 2.247    1.2341
 2.246    1.2363
 2.245    1.2385
 2.244    1.2397
 2.243    1.2393
 2.242    1.2368
 2.241    1.2322
 2.240    1.2261
 2.239    1.2202
 2.238    1.2161
 2.237    1.2151
 2.236    1.2175
 2.236    1.2222
 2.235    1.2275
 2.234    1.2324
 2.233    1.2349
 2.232    1.2356
 2.231    1.2346
 2.230    1.2332
 2.229    1.2312
 2.228    1.2285
 2.227    1.2266
 2.226    1.2253
 2.225    1.2244
 2.224    1.2234
 2.223    1.2224
 2.222    1.2205
 2.221    1.2180
 2.220    1.2151
 2.219    1.2139
 2.218    1.2146
 2.217    1.2170
 2.216    1.2197
 2.216    1.2214
 2.215    1.2214
 2.214    1.2200
 2.213    1.2180
 2.212    1.2175
 2.211    1.2192
 2.210    1.2222
 2.209    1.2256
 2.208    1.2280
 2.207    1.2280
 2.206    1.2251
 2.205    1.2200
 2.204    1.2136
 2.203    1.2080
 2.202    1.2043
 2.201    1.2041
 2.200    1.2073
 2.200    1.2129
 2.199    1.2192
 2.198    1.2244
 2.197    1.2270
 2.196    1.2268
 2.195    1.2244
 2.194    1.2209
 2.193    1.2175
 2.192    1.2156
 2.191    1.2148
 2.190    1.2146
 2.189    1.2146
 2.188    1.2146
 2.187    1.2136
 2.187    1.2126
 2.186    1.2117
 2.185    1.2114
 2.184    1.2119
 2.183    1.2136
 2.182    1.2173
 2.181    1.2227
 2.180    1.2288
 2.179    1.2344
 2.178    1.2380
 2.177    1.2380
 2.176    1.2344
 2.176    1.2275
 2.175    1.2187
 2.174    1.2095
 2.173    1.2012
 2.172    1.1956
 2.171    1.1926
 2.170    1.1934
 2.169    1.1973
 2.168    1.2034
 2.167    1.2095
 2.166    1.2146
 2.166    1.2175
 2.165    1.2180
 2.164    1.2168
 2.163    1.2153
 2.162    1.2148
 2.161    1.2156
 2.160    1.2161
 2.159    1.2158
 2.158    1.2136
 2.157    1.2090
 2.156    1.2034
 2.156    1.1985
 2.155    1.1965
 2.154    1.1982
 2.153    1.2029
 2.152    1.2090
 2.151    1.2146
 2.150    1.2183
 2.149    1.2197
 2.148    1.2197
 2.148    1.2192
 2.147    1.2190
 2.146    1.2185
 2.145    1.2170
 2.144    1.2141
 2.143    1.2104
 2.142    1.2070
 2.141    1.2048
 2.140    1.2034
 2.140    1.2031
 2.139    1.2036
 2.138    1.2043
 2.137    1.2053
 2.136    1.2068
 2.135    1.2080
 2.134    1.2075
 2.133    1.2051
 2.132    1.2009
 2.132    1.1968
 2.131    1.1934
 2.130    1.1921
 2.129    1.1924
 2.128    1.1938
 2.127    1.1956
 2.126    1.1975
 2.126    1.2002
 2.125    1.2039
 2.124    1.2085
 2.123    1.2126
 2.122    1.2156
 2.121    1.2161
 2.120    1.2139
 2.119    1.2095
 2.119    1.2043
 2.118    1.1999
 2.117    1.1975
 2.116    1.1975
 2.115    1.1999
 2.114    1.2036
 2.113    1.2063
 2.112    1.2068
 2.112    1.2053
 2.111    1.2024
 2.110    1.1999
 2.109    1.1997
 2.108    1.2014
 2.107    1.2043
 2.107    1.2063
 2.106    1.2063
 2.105    1.2043
 2.104    1.2009
 2.103    1.1982
 2.102    1.1985
 2.101    1.2014
 2.100    1.2063
 2.100    1.2109
 2.099    1.2134
 2.098    1.2124
 2.097    1.2085
 2.096    1.2031
 2.095    1.1990
 2.095    1.1975
 2.094    1.2002
 2.093    1.2063
 2.092    1.2139
 2.091    1.2200
 2.090    1.2234
 2.090    1.2227
 2.089    1.2180
 2.088    1.2114
 2.087    1.2041
 2.086    1.1970
 2.085    1.1916
 2.084    1.1853
 2.084    1.1809
 2.083    1.1797
 2.082    1.1719
 2.081    1.1841
 2.080    1.1899
 2.079    1.1855
