Name:  Black Shale 
Type:  Rocks
Class:  Sedimentary
Subclass:  Shale 
Particle Size:  0 - 75 Micrometers
File Name:  shale.4
Owner:  JHU
Wavelength Range:  All
Origin:  Sample No. 385,  The Hunt and Salisbury Collection at the U.S. 
Geological Survey, Denver, Co.
Description: This is very similar to shale.6, but with more clay in the 
matrix and fewer forams (mostly uniserial, some biserial and 
plani/trocho spiral types). There is possibly more quartz than 
carbonate in the groundmass, while again both opaques and 
carbonaceous material are present here.

Measurement:  Directional (10 Degree) Hemispherical Reflectance
First Column:  X
Second Column:  Y  
X Units:  Wavelength (micrometers)
Y Units:  Reflectance (percent)
First X Value: 14.0112
Last X Value:  0.4
Number of X Values: 2844
Additional Information:  None
14.983    3.2306
14.940    3.3858
14.897    3.5830
14.854    3.8026
14.812    4.0017
14.770    4.1170
14.728    4.1694
14.686    4.1734
14.645    4.1211
14.603    4.0131
14.562    3.8537
14.521    3.6519
14.481    3.4075
14.441    3.1518
14.400    2.9671
14.361    2.9188
14.321    3.0317
14.281    3.2901
14.242    3.5897
14.203    3.7936
14.164    3.8175
14.126    3.6500
14.087    3.3583
14.049    3.0748
14.011    2.9469
13.973    3.0410
13.936    3.2948
13.899    3.6020
13.861    3.8831
13.824    4.0749
13.788    4.1670
13.751    4.2167
13.715    4.2916
13.679    4.4176
13.643    4.5710
13.607    4.7157
13.571    4.8230
13.536    4.8673
13.500    4.8493
13.465    4.7941
13.430    4.7245
13.396    4.6615
13.361    4.6174
13.327    4.5933
13.293    4.5850
13.259    4.5843
13.225    4.5881
13.191    4.5968
13.158    4.6065
13.124    4.6056
13.091    4.5748
13.058    4.4976
13.026    4.3612
12.993    4.1554
12.960    3.8864
12.928    3.5844
12.896    3.2915
12.864    3.0452
12.832    2.8759
12.800    2.7999
12.769    2.8070
12.737    2.8586
12.706    2.9112
12.675    2.9285
12.644    2.8856
12.614    2.7750
12.583    2.6097
12.552    2.4207
12.522    2.2471
12.492    2.1280
12.462    2.1003
12.432    2.1801
12.402    2.3625
12.373    2.6258
12.343    2.9353
12.314    3.2510
12.285    3.5383
12.256    3.7763
12.227    3.9593
12.198    4.0893
12.169    4.1767
12.141    4.2385
12.113    4.2935
12.084    4.3598
12.056    4.4498
12.028    4.5705
12.000    4.7377
11.973    4.9556
11.945    5.1934
11.918    5.4108
11.890    5.5851
11.863    5.7146
11.836    5.8105
11.809    5.9036
11.782    6.0551
11.755    6.2924
11.729    6.5705
11.702    6.8338
11.676    7.0448
11.650    7.1689
11.624    7.1587
11.598    6.9745
11.572    6.6017
11.546    6.0341
11.520    5.2850
11.495    4.4296
11.469    3.5987
11.444    2.9230
11.419    2.4963
11.394    2.3665
11.369    2.5256
11.344    2.9190
11.319    3.4540
11.294    4.0273
11.270    4.5412
11.245    4.9175
11.221    5.1204
11.197    5.1590
11.173    5.0681
11.149    4.8971
11.125    4.6873
11.101    4.4675
11.077    4.2539
11.054    4.0543
11.030    3.8774
11.007    3.7320
10.983    3.6216
10.960    3.5456
10.937    3.4968
10.914    3.4686
10.891    3.4554
10.868    3.4504
10.846    3.4473
10.823    3.4409
10.800    3.4310
10.778    3.4215
10.755    3.4154
10.733    3.4170
10.711    3.4258
10.689    3.4390
10.667    3.4554
10.645    3.4705
10.623    3.4831
10.602    3.4966
10.580    3.5139
10.558    3.5347
10.537    3.5534
10.516    3.5662
10.494    3.5714
10.473    3.5617
10.452    3.5328
10.431    3.4864
10.410    3.4263
10.389    3.3545
10.368    3.2737
10.348    3.1909
10.327    3.1084
10.306    3.0244
10.286    2.9391
10.266    2.8536
10.245    2.7710
10.225    2.6940
10.205    2.6258
10.185    2.5716
10.165    2.5264
10.145    2.4833
10.125    2.4418
10.106    2.4030
10.086    2.3698
10.066    2.3457
10.047    2.3322
10.027    2.3277
10.008    2.3201
 9.989    2.3011
 9.970    2.2763
 9.950    2.2514
 9.931    2.2303
 9.912    2.2194
 9.893    2.2175
 9.875    2.2178
 9.856    2.2123
 9.837    2.2038
 9.819    2.2005
 9.800    2.2033
 9.781    2.2128
 9.763    2.2301
 9.745    2.2467
 9.726    2.2547
 9.708    2.2564
 9.690    2.2569
 9.672    2.2566
 9.654    2.2564
 9.636    2.2621
 9.618    2.2737
 9.600    2.2855
 9.582    2.2981
 9.565    2.3144
 9.547    2.3300
 9.530    2.3438
 9.512    2.3587
 9.495    2.3767
 9.477    2.3961
 9.460    2.4188
 9.443    2.4541
 9.426    2.5088
 9.409    2.5829
 9.392    2.6781
 9.375    2.7899
 9.358    2.9083
 9.341    3.0232
 9.324    3.1274
 9.307    3.2186
 9.291    3.2936
 9.274    3.3453
 9.257    3.3725
 9.241    3.3789
 9.225    3.3708
 9.208    3.3557
 9.192    3.3398
 9.175    3.3301
 9.159    3.3256
 9.143    3.3221
 9.127    3.3192
 9.111    3.3180
 9.095    3.3166
 9.079    3.3102
 9.063    3.2974
 9.047    3.2797
 9.032    3.2565
 9.016    3.2290
 9.000    3.1996
 8.985    3.1731
 8.969    3.1501
 8.954    3.1293
 8.938    3.1125
 8.923    3.1035
 8.908    3.1044
 8.892    3.1127
 8.877    3.1241
 8.862    3.1376
 8.847    3.1501
 8.832    3.1556
 8.817    3.1558
 8.802    3.1556
 8.787    3.1575
 8.772    3.1622
 8.757    3.1693
 8.742    3.1769
 8.727    3.1816
 8.713    3.1788
 8.698    3.1669
 8.684    3.1447
 8.669    3.1132
 8.655    3.0779
 8.640    3.0488
 8.626    3.0357
 8.612    3.0504
 8.597    3.0976
 8.583    3.1705
 8.569    3.2591
 8.555    3.3533
 8.541    3.4407
 8.527    3.5158
 8.513    3.5785
 8.499    3.6377
 8.485    3.6969
 8.471    3.7566
 8.457    3.8227
 8.443    3.9004
 8.430    3.9856
 8.416    4.0770
 8.402    4.1753
 8.389    4.2835
 8.375    4.4015
 8.361    4.5305
 8.348    4.6785
 8.335    4.8519
 8.321    5.0494
 8.308    5.2701
 8.295    5.5135
 8.281    5.7797
 8.268    6.0679
 8.255    6.3772
 8.242    6.7069
 8.229    7.0512
 8.216    7.3991
 8.203    7.7368
 8.190    8.0515
 8.177    8.3331
 8.164    8.5734
 8.151    8.7724
 8.138    8.9343
 8.126    9.0618
 8.113    9.1629
 8.100    9.2484
 8.088    9.3291
 8.075    9.4127
 8.062    9.5067
 8.050    9.6178
 8.037    9.7480
 8.025    9.8908
 8.013   10.0390
 8.000   10.1830
 7.988   10.3150
 7.976   10.4240
 7.963   10.5050
 7.951   10.5540
 7.939   10.5770
 7.927   10.5800
 7.915   10.5700
 7.903   10.5630
 7.891   10.5690
 7.879   10.5950
 7.867   10.6360
 7.855   10.6860
 7.843   10.7400
 7.831   10.7960
 7.819   10.8590
 7.808   10.9390
 7.796   11.0470
 7.784   11.1770
 7.772   11.3220
 7.761   11.4660
 7.749   11.5950
 7.737   11.7010
 7.726   11.7830
 7.715   11.8440
 7.703   11.8850
 7.692   11.9050
 7.680   11.9020
 7.669   11.8760
 7.657   11.8270
 7.646   11.7580
 7.635   11.6790
 7.624   11.6000
 7.613   11.5320
 7.601   11.4810
 7.590   11.4510
 7.579   11.4440
 7.568   11.4540
 7.557   11.4720
 7.546   11.4900
 7.535   11.5030
 7.524   11.5040
 7.513   11.4870
 7.502   11.4520
 7.492   11.4010
 7.481   11.3330
 7.470   11.2500
 7.459   11.1550
 7.449   11.0500
 7.438   10.9380
 7.427   10.8200
 7.417   10.6970
 7.406   10.5630
 7.395   10.4110
 7.385   10.2300
 7.374   10.0100
 7.364    9.7462
 7.353    9.4418
 7.343    9.1060
 7.333    8.7480
 7.322    8.3781
 7.312    8.0060
 7.302    7.6413
 7.291    7.2899
 7.281    6.9626
 7.271    6.6668
 7.261    6.3969
 7.251    6.1385
 7.240    5.8775
 7.230    5.5983
 7.220    5.2961
 7.210    4.9769
 7.200    4.6586
 7.190    4.3593
 7.180    4.0910
 7.170    3.8644
 7.160    3.6853
 7.151    3.5558
 7.141    3.4779
 7.131    3.4450
 7.121    3.4442
 7.111    3.4561
 7.102    3.4601
 7.092    3.4438
 7.082    3.4009
 7.072    3.3363
 7.063    3.2602
 7.053    3.1790
 7.044    3.0999
 7.034    3.0260
 7.025    2.9564
 7.015    2.8894
 7.006    2.8205
 6.996    2.7485
 6.987    2.6753
 6.977    2.6019
 6.968    2.5342
 6.959    2.4788
 6.949    2.4371
 6.940    2.4072
 6.931    2.3845
 6.921    2.3651
 6.912    2.3464
 6.903    2.3236
 6.894    2.2976
 6.885    2.2737
 6.875    2.2531
 6.866    2.2348
 6.857    2.2194
 6.848    2.2081
 6.839    2.1977
 6.830    2.1868
 6.821    2.1787
 6.812    2.1773
 6.803    2.1832
 6.794    2.1943
 6.785    2.2100
 6.777    2.2313
 6.768    2.2552
 6.759    2.2798
 6.750    2.3049
 6.741    2.3293
 6.733    2.3513
 6.724    2.3717
 6.715    2.3918
 6.707    2.4158
 6.698    2.4463
 6.689    2.4830
 6.681    2.5285
 6.672    2.5820
 6.663    2.6419
 6.655    2.7101
 6.646    2.7857
 6.638    2.8676
 6.629    2.9566
 6.621    3.0495
 6.612    3.1442
 6.604    3.2363
 6.596    3.3258
 6.587    3.4180
 6.579    3.5141
 6.571    3.6145
 6.562    3.7216
 6.554    3.8350
 6.546    3.9536
 6.537    4.0723
 6.529    4.1926
 6.521    4.3176
 6.513    4.4483
 6.505    4.5876
 6.496    4.7456
 6.488    4.9386
 6.480    5.1782
 6.472    5.4683
 6.464    5.8006
 6.456    6.1461
 6.448    6.4729
 6.440    6.7535
 6.432    6.9747
 6.424    7.1388
 6.416    7.2589
 6.408    7.3586
 6.400    7.4479
 6.392    7.5156
 6.384    7.5549
 6.377    7.5599
 6.369    7.5234
 6.361    7.4410
 6.353    7.3162
 6.345    7.1656
 6.338    7.0017
 6.330    6.8293
 6.322    6.6619
 6.314    6.5134
 6.307    6.3914
 6.299    6.2967
 6.291    6.2273
 6.284    6.1818
 6.276    6.1494
 6.269    6.1141
 6.261    6.0689
 6.253    6.0116
 6.246    5.9455
 6.239    5.8766
 6.231    5.8098
 6.223    5.7494
 6.216    5.6964
 6.209    5.6516
 6.201    5.6196
 6.194    5.6035
 6.186    5.6080
 6.179    5.6360
 6.172    5.6855
 6.164    5.7544
 6.157    5.8389
 6.150    5.9306
 6.142    6.0234
 6.135    6.1110
 6.128    6.1930
 6.121    6.2735
 6.113    6.3554
 6.106    6.4435
 6.099    6.5409
 6.092    6.6413
 6.085    6.7331
 6.078    6.8132
 6.070    6.8897
 6.063    6.9716
 6.056    7.0637
 6.049    7.1753
 6.042    7.3171
 6.035    7.4758
 6.028    7.6300
 6.021    7.7716
 6.014    7.9009
 6.007    8.0141
 6.000    8.1062
 5.993    8.1855
 5.986    8.2684
 5.979    8.3511
 5.973    8.4238
 5.966    8.4884
 5.959    8.5514
 5.952    8.6170
 5.945    8.6940
 5.938    8.7953
 5.931    8.9384
 5.925    9.1174
 5.918    9.3099
 5.911    9.5029
 5.904    9.6910
 5.898    9.8726
 5.891   10.0570
 5.884   10.2490
 5.878   10.4580
 5.871   10.6830
 5.864   10.9020
 5.858   11.1020
 5.851   11.2740
 5.845   11.4180
 5.838   11.5360
 5.831   11.6390
 5.825   11.7430
 5.818   11.8640
 5.812   12.0000
 5.805   12.1370
 5.799   12.2580
 5.792   12.3530
 5.786   12.4170
 5.779   12.4560
 5.773   12.4850
 5.767   12.5280
 5.760   12.6030
 5.754   12.7080
 5.747   12.8310
 5.741   12.9630
 5.735   13.0920
 5.728   13.2120
 5.722   13.3190
 5.716   13.4190
 5.709   13.5150
 5.703   13.6060
 5.697   13.6870
 5.691   13.7540
 5.684   13.8070
 5.678   13.8460
 5.672   13.8660
 5.666   13.8630
 5.660   13.8300
 5.653   13.7640
 5.647   13.6650
 5.641   13.5390
 5.635   13.3910
 5.629   13.2140
 5.623   12.9890
 5.617   12.6600
 5.611   12.1510
 5.604   11.4150
 5.598   10.4550
 5.592    9.3246
 5.586    8.1460
 5.580    7.0986
 5.574    6.3711
 5.568    6.0850
 5.562    6.2766
 5.556    6.9141
 5.551    7.8881
 5.545    9.0206
 5.539   10.1260
 5.533   11.0770
 5.527   11.8200
 5.521   12.3580
 5.515   12.7390
 5.509   13.0400
 5.503   13.3260
 5.497   13.6260
 5.492   13.9450
 5.486   14.2830
 5.480   14.6390
 5.474   15.0010
 5.468   15.3570
 5.463   15.6940
 5.457   15.9930
 5.451   16.2350
 5.446   16.4110
 5.440   16.5230
 5.434   16.5750
 5.428   16.5740
 5.423   16.5260
 5.417   16.4390
 5.411   16.3070
 5.406   16.1170
 5.400   15.8720
 5.394   15.5810
 5.389   15.2630
 5.383   14.9420
 5.378   14.6420
 5.372   14.3820
 5.367   14.1720
 5.361   14.0180
 5.356   13.9200
 5.350   13.8820
 5.345   13.9000
 5.339   13.9640
 5.333   14.0610
 5.328   14.1780
 5.322   14.3050
 5.317   14.4410
 5.312   14.5840
 5.306   14.7380
 5.301   14.9100
 5.295   15.1030
 5.290   15.3170
 5.285   15.5520
 5.279   15.8100
 5.274   16.0910
 5.268   16.3920
 5.263   16.7130
 5.258   17.0510
 5.252   17.4100
 5.247   17.7840
 5.242   18.1630
 5.237   18.5390
 5.231   18.9000
 5.226   19.2350
 5.221   19.5350
 5.215   19.7950
 5.210   20.0150
 5.205   20.1940
 5.200   20.3320
 5.194   20.4330
 5.189   20.5040
 5.184   20.5560
 5.179   20.5990
 5.174   20.6360
 5.169   20.6730
 5.164   20.7060
 5.158   20.7350
 5.153   20.7590
 5.148   20.7800
 5.143   20.8050
 5.138   20.8370
 5.133   20.8770
 5.128   20.9180
 5.123   20.9490
 5.118   20.9600
 5.113   20.9470
 5.107   20.9120
 5.103   20.8680
 5.098   20.8260
 5.093   20.7940
 5.088   20.7680
 5.082   20.7430
 5.077   20.7180
 5.073   20.6920
 5.068   20.6690
 5.063   20.6600
 5.058   20.6670
 5.053   20.6880
 5.048   20.7110
 5.043   20.7320
 5.038   20.7440
 5.033   20.7470
 5.028   20.7460
 5.023   20.7480
 5.019   20.7600
 5.014   20.7840
 5.009   20.8250
 5.004   20.8860
 4.999   20.9710
 4.994   21.0830
 4.990   21.2260
 4.985   21.3990
 4.980   21.6010
 4.975   21.8290
 4.970   22.0760
 4.966   22.3280
 4.961   22.5700
 4.956   22.7880
 4.951   22.9730
 4.947   23.1200
 4.942   23.2370
 4.937   23.3390
 4.933   23.4430
 4.928   23.5640
 4.923   23.7140
 4.919   23.8980
 4.914   24.1130
 4.909   24.3470
 4.905   24.5890
 4.900   24.8290
 4.895   25.0580
 4.891   25.2670
 4.886   25.4550
 4.882   25.6190
 4.877   25.7600
 4.872   25.8780
 4.868   25.9780
 4.863   26.0670
 4.859   26.1500
 4.854   26.2290
 4.849   26.3050
 4.845   26.3780
 4.840   26.4440
 4.836   26.5010
 4.832   26.5500
 4.827   26.5950
 4.822   26.6350
 4.818   26.6720
 4.814   26.7080
 4.809   26.7430
 4.805   26.7770
 4.800   26.8120
 4.796   26.8480
 4.791   26.8810
 4.787   26.9120
 4.782   26.9420
 4.778   26.9690
 4.774   26.9950
 4.769   27.0220
 4.765   27.0480
 4.761   27.0700
 4.756   27.0870
 4.752   27.1010
 4.747   27.1110
 4.743   27.1190
 4.739   27.1240
 4.734   27.1240
 4.730   27.1110
 4.726   27.0790
 4.721   27.0240
 4.717   26.9450
 4.713   26.8450
 4.709   26.7310
 4.704   26.6090
 4.700   26.4880
 4.696   26.3760
 4.691   26.2780
 4.687   26.1970
 4.683   26.1380
 4.679   26.1040
 4.675   26.0940
 4.670   26.1070
 4.666   26.1450
 4.662   26.2100
 4.658   26.3000
 4.654   26.4090
 4.649   26.5370
 4.645   26.6780
 4.641   26.8220
 4.637   26.9590
 4.633   27.0880
 4.629   27.2050
 4.625   27.3080
 4.620   27.3990
 4.616   27.4790
 4.612   27.5500
 4.608   27.6110
 4.604   27.6640
 4.600   27.7090
 4.596   27.7500
 4.592   27.7920
 4.588   27.8330
 4.584   27.8720
 4.580   27.9090
 4.576   27.9430
 4.572   27.9730
 4.567   27.9990
 4.564   28.0230
 4.559   28.0460
 4.556   28.0650
 4.551   28.0790
 4.548   28.0890
 4.543   28.0950
 4.540   28.0980
 4.536   28.0980
 4.532   28.0980
 4.528   28.1000
 4.524   28.1030
 4.520   28.1040
 4.516   28.1040
 4.512   28.0980
 4.508   28.0910
 4.504   28.0820
 4.500   28.0760
 4.496   28.0750
 4.492   28.0800
 4.488   28.0900
 4.485   28.1040
 4.481   28.1210
 4.477   28.1390
 4.473   28.1600
 4.469   28.1860
 4.465   28.2150
 4.461   28.2480
 4.458   28.2820
 4.454   28.3170
 4.450   28.3530
 4.446   28.3900
 4.442   28.4300
 4.439   28.4700
 4.435   28.5100
 4.431   28.5470
 4.427   28.5830
 4.423   28.6190
 4.420   28.6560
 4.416   28.6950
 4.412   28.7350
 4.408   28.7730
 4.404   28.8080
 4.401   28.8400
 4.397   28.8720
 4.393   28.9060
 4.390   28.9440
 4.386   28.9840
 4.382   29.0220
 4.378   29.0560
 4.375   29.0830
 4.371   29.1020
 4.367   29.1160
 4.364   29.1260
 4.360   29.1310
 4.356   29.1310
 4.353   29.1310
 4.349   29.1310
 4.346   29.1330
 4.342   29.1380
 4.338   29.1470
 4.335   29.1560
 4.331   29.1610
 4.327   29.1630
 4.324   29.1630
 4.320   29.1630
 4.316   29.1660
 4.313   29.1710
 4.309   29.1840
 4.306   29.1990
 4.302   29.2130
 4.299   29.2230
 4.295   29.2250
 4.292   29.2210
 4.288   29.2130
 4.284   29.2040
 4.281   29.1990
 4.277   29.1970
 4.274   29.1970
 4.270   29.1990
 4.267   29.2040
 4.263   29.2150
 4.260   29.2330
 4.256   29.2570
 4.253   29.2840
 4.249   29.3090
 4.246   29.3310
 4.242   29.3460
 4.239   29.3550
 4.235   29.3580
 4.232   29.3570
 4.229   29.3560
 4.225   29.3580
 4.222   29.3640
 4.218   29.3740
 4.215   29.3860
 4.211   29.3970
 4.208   29.4020
 4.205   29.4010
 4.201   29.3940
 4.198   29.3870
 4.194   29.3820
 4.191   29.3790
 4.188   29.3780
 4.184   29.3780
 4.181   29.3770
 4.177   29.3740
 4.174   29.3680
 4.171   29.3610
 4.167   29.3520
 4.164   29.3420
 4.161   29.3290
 4.157   29.3140
 4.154   29.2970
 4.151   29.2800
 4.147   29.2620
 4.144   29.2460
 4.141   29.2310
 4.137   29.2150
 4.134   29.1960
 4.131   29.1730
 4.128   29.1450
 4.124   29.1150
 4.121   29.0830
 4.118   29.0510
 4.114   29.0190
 4.111   28.9880
 4.108   28.9560
 4.105   28.9200
 4.101   28.8810
 4.098   28.8370
 4.095   28.7870
 4.092   28.7300
 4.088   28.6660
 4.085   28.5960
 4.082   28.5160
 4.079   28.4260
 4.076   28.3300
 4.072   28.2290
 4.069   28.1220
 4.066   28.0060
 4.063   27.8790
 4.060   27.7290
 4.056   27.5460
 4.053   27.3170
 4.050   27.0340
 4.047   26.6900
 4.044   26.2870
 4.041   25.8360
 4.037   25.3540
 4.034   24.8600
 4.031   24.3740
 4.028   23.8990
 4.025   23.4250
 4.022   22.9250
 4.019   22.3650
 4.016   21.7100
 4.013   20.9440
 4.009   20.0720
 4.006   19.1180
 4.003   18.1260
 4.000   17.1420
 3.997   16.2100
 3.994   15.3700
 3.991   14.6520
 3.988   14.0780
 3.985   13.6560
 3.982   13.3830
 3.979   13.2460
 3.976   13.2190
 3.973   13.2800
 3.970   13.4200
 3.966   13.6390
 3.963   13.9440
 3.960   14.3400
 3.957   14.8310
 3.954   15.4140
 3.951   16.0740
 3.948   16.7770
 3.945   17.4820
 3.942   18.1420
 3.939   18.7120
 3.936   19.1610
 3.933   19.4900
 3.930   19.7260
 3.927   19.9120
 3.924   20.0820
 3.921   20.2570
 3.918   20.4420
 3.916   20.6310
 3.913   20.8110
 3.910   20.9740
 3.907   21.1180
 3.904   21.2480
 3.901   21.3600
 3.898   21.4560
 3.895   21.5390
 3.892   21.6140
 3.889   21.6830
 3.886   21.7490
 3.883   21.8150
 3.880   21.8810
 3.877   21.9490
 3.875   22.0190
 3.872   22.0950
 3.869   22.1780
 3.866   22.2660
 3.863   22.3580
 3.860   22.4520
 3.857   22.5450
 3.854   22.6380
 3.852   22.7320
 3.849   22.8290
 3.846   22.9350
 3.843   23.0580
 3.840   23.2020
 3.837   23.3720
 3.834   23.5660
 3.832   23.7780
 3.829   23.9970
 3.826   24.2150
 3.823   24.4270
 3.820   24.6340
 3.817   24.8360
 3.815   25.0380
 3.812   25.2510
 3.809   25.4810
 3.806   25.7310
 3.804   26.0000
 3.801   26.2850
 3.798   26.5720
 3.795   26.8470
 3.792   27.0990
 3.790   27.3230
 3.787   27.5150
 3.784   27.6740
 3.781   27.8040
 3.779   27.9110
 3.776   28.0000
 3.773   28.0740
 3.770   28.1410
 3.768   28.2040
 3.765   28.2610
 3.762   28.3120
 3.759   28.3540
 3.757   28.3880
 3.754   28.4110
 3.751   28.4280
 3.748   28.4420
 3.746   28.4580
 3.743   28.4750
 3.740   28.4920
 3.738   28.5060
 3.735   28.5140
 3.732   28.5130
 3.730   28.5070
 3.727   28.4990
 3.724   28.4890
 3.722   28.4760
 3.719   28.4620
 3.716   28.4490
 3.714   28.4360
 3.711   28.4210
 3.708   28.4050
 3.706   28.3870
 3.703   28.3660
 3.700   28.3400
 3.698   28.3120
 3.695   28.2830
 3.692   28.2540
 3.690   28.2260
 3.687   28.1960
 3.684   28.1620
 3.682   28.1220
 3.679   28.0770
 3.677   28.0250
 3.674   27.9710
 3.672   27.9200
 3.669   27.8780
 3.666   27.8430
 3.664   27.8160
 3.661   27.7960
 3.659   27.7780
 3.656   27.7580
 3.653   27.7330
 3.651   27.7050
 3.648   27.6750
 3.646   27.6420
 3.643   27.6060
 3.641   27.5670
 3.638   27.5240
 3.636   27.4770
 3.633   27.4250
 3.630   27.3700
 3.628   27.3140
 3.625   27.2560
 3.623   27.1940
 3.620   27.1300
 3.618   27.0630
 3.615   26.9940
 3.613   26.9220
 3.610   26.8460
 3.608   26.7650
 3.605   26.6780
 3.603   26.5870
 3.600   26.4960
 3.598   26.4070
 3.595   26.3190
 3.593   26.2260
 3.590   26.1240
 3.588   26.0100
 3.585   25.8850
 3.583   25.7520
 3.580   25.6180
 3.578   25.4870
 3.575   25.3650
 3.573   25.2490
 3.570   25.1340
 3.568   25.0180
 3.565   24.9000
 3.563   24.7790
 3.561   24.6520
 3.558   24.5210
 3.556   24.3930
 3.553   24.2650
 3.551   24.1320
 3.548   23.9930
 3.546   23.8410
 3.543   23.6690
 3.541   23.4660
 3.539   23.2300
 3.536   22.9600
 3.534   22.6500
 3.531   22.2920
 3.529   21.8840
 3.527   21.4250
 3.524   20.9210
 3.522   20.3920
 3.519   19.8580
 3.517   19.3460
 3.515   18.8710
 3.512   18.4450
 3.510   18.0750
 3.507   17.7580
 3.505   17.4930
 3.503   17.2780
 3.500   17.1020
 3.498   16.9520
 3.496   16.8160
 3.493   16.6830
 3.491   16.5410
 3.489   16.3860
 3.486   16.2240
 3.484   16.0710
 3.482   15.9480
 3.479   15.8860
 3.477   15.9110
 3.475   16.0420
 3.472   16.2670
 3.470   16.5570
 3.468   16.8660
 3.465   17.1470
 3.463   17.3610
 3.461   17.4920
 3.458   17.5450
 3.456   17.5390
 3.454   17.4920
 3.451   17.4250
 3.449   17.3520
 3.447   17.2730
 3.445   17.1870
 3.442   17.0910
 3.440   16.9790
 3.438   16.8470
 3.436   16.6900
 3.433   16.5120
 3.431   16.3160
 3.429   16.1070
 3.426   15.9030
 3.424   15.7250
 3.422   15.5880
 3.420   15.5080
 3.417   15.4920
 3.415   15.5380
 3.413   15.6310
 3.411   15.7530
 3.408   15.8910
 3.406   16.0290
 3.404   16.1510
 3.402   16.2470
 3.399   16.3040
 3.397   16.3190
 3.395   16.2900
 3.393   16.2270
 3.391   16.1520
 3.388   16.0880
 3.386   16.0500
 3.384   16.0470
 3.382   16.0780
 3.380   16.1400
 3.377   16.2230
 3.375   16.3170
 3.373   16.4160
 3.371   16.5130
 3.369   16.5960
 3.366   16.6540
 3.364   16.6790
 3.362   16.6680
 3.360   16.6240
 3.358   16.5580
 3.355   16.4870
 3.353   16.4420
 3.351   16.4570
 3.349   16.5600
 3.347   16.7600
 3.345   17.0480
 3.342   17.3920
 3.340   17.7480
 3.338   18.0670
 3.336   18.3200
 3.334   18.5000
 3.332   18.6150
 3.330   18.6770
 3.327   18.7000
 3.325   18.7010
 3.323   18.6870
 3.321   18.6590
 3.319   18.6260
 3.317   18.5980
 3.315   18.5760
 3.313   18.5640
 3.310   18.5650
 3.308   18.5780
 3.306   18.6010
 3.304   18.6300
 3.302   18.6630
 3.300   18.6930
 3.298   18.7160
 3.296   18.7310
 3.294   18.7400
 3.292   18.7470
 3.289   18.7520
 3.287   18.7580
 3.285   18.7640
 3.283   18.7630
 3.281   18.7560
 3.279   18.7430
 3.277   18.7320
 3.275   18.7310
 3.273   18.7440
 3.271   18.7720
 3.269   18.8110
 3.267   18.8540
 3.265   18.8960
 3.263   18.9360
 3.261   18.9750
 3.258   19.0130
 3.256   19.0450
 3.254   19.0740
 3.252   19.1010
 3.250   19.1260
 3.248   19.1500
 3.246   19.1710
 3.244   19.1870
 3.242   19.1950
 3.240   19.1920
 3.238   19.1830
 3.236   19.1700
 3.234   19.1570
 3.232   19.1430
 3.230   19.1240
 3.228   19.0970
 3.226   19.0650
 3.224   19.0280
 3.222   18.9890
 3.220   18.9520
 3.218   18.9140
 3.216   18.8760
 3.214   18.8330
 3.212   18.7850
 3.210   18.7390
 3.208   18.6940
 3.206   18.6490
 3.204   18.6070
 3.202   18.5640
 3.200   18.5170
 3.198   18.4680
 3.196   18.4190
 3.194   18.3720
 3.192   18.3250
 3.190   18.2790
 3.188   18.2330
 3.186   18.1870
 3.184   18.1400
 3.182   18.0960
 3.180   18.0550
 3.179   18.0120
 3.177   17.9620
 3.175   17.9030
 3.173   17.8360
 3.171   17.7670
 3.169   17.7050
 3.167   17.6510
 3.165   17.6030
 3.163   17.5530
 3.161   17.4970
 3.159   17.4310
 3.157   17.3590
 3.155   17.2900
 3.153   17.2320
 3.152   17.1830
 3.150   17.1390
 3.148   17.0940
 3.146   17.0480
 3.144   16.9960
 3.142   16.9400
 3.140   16.8830
 3.138   16.8280
 3.136   16.7710
 3.134   16.7090
 3.132   16.6420
 3.131   16.5740
 3.129   16.5040
 3.127   16.4340
 3.125   16.3690
 3.123   16.3110
 3.121   16.2540
 3.119   16.1920
 3.117   16.1230
 3.115   16.0520
 3.114   15.9790
 3.112   15.9120
 3.110   15.8560
 3.108   15.8120
 3.106   15.7680
 3.104   15.7130
 3.102   15.6440
 3.101   15.5640
 3.099   15.4850
 3.097   15.4140
 3.095   15.3580
 3.093   15.3130
 3.091   15.2690
 3.090   15.2170
 3.088   15.1570
 3.086   15.0920
 3.084   15.0290
 3.082   14.9700
 3.080   14.9170
 3.079   14.8700
 3.077   14.8270
 3.075   14.7840
 3.073   14.7410
 3.071   14.6960
 3.069   14.6450
 3.067   14.5850
 3.066   14.5200
 3.064   14.4630
 3.062   14.4120
 3.060   14.3730
 3.059   14.3440
 3.057   14.3210
 3.055   14.2980
 3.053   14.2660
 3.051   14.2290
 3.050   14.1900
 3.048   14.1480
 3.046   14.1080
 3.044   14.0680
 3.042   14.0340
 3.041   14.0020
 3.039   13.9700
 3.037   13.9390
 3.035   13.9100
 3.033   13.8860
 3.032   13.8650
 3.030   13.8440
 3.028   13.8190
 3.026   13.7890
 3.025   13.7570
 3.023   13.7260
 3.021   13.7010
 3.019   13.6880
 3.018   13.6870
 3.016   13.6900
 3.014   13.6900
 3.012   13.6850
 3.011   13.6790
 3.009   13.6700
 3.007   13.6610
 3.005   13.6570
 3.004   13.6620
 3.002   13.6740
 3.000   13.6920
 2.998   13.7190
 2.997   13.7550
 2.995   13.7940
 2.993   13.8300
 2.991   13.8630
 2.990   13.8910
 2.988   13.9170
 2.986   13.9440
 2.985   13.9730
 2.983   14.0020
 2.981   14.0280
 2.979   14.0520
 2.978   14.0720
 2.976   14.0910
 2.974   14.1160
 2.973   14.1420
 2.971   14.1650
 2.969   14.1790
 2.967   14.1810
 2.966   14.1780
 2.964   14.1750
 2.962   14.1800
 2.961   14.1940
 2.959   14.2150
 2.957   14.2360
 2.956   14.2500
 2.954   14.2580
 2.952   14.2670
 2.951   14.2810
 2.949   14.2990
 2.947   14.3180
 2.946   14.3380
 2.944   14.3550
 2.942   14.3650
 2.941   14.3690
 2.939   14.3700
 2.937   14.3710
 2.936   14.3730
 2.934   14.3780
 2.932   14.3870
 2.931   14.4000
 2.929   14.4130
 2.927   14.4250
 2.926   14.4360
 2.924   14.4500
 2.922   14.4650
 2.921   14.4820
 2.919   14.5030
 2.917   14.5260
 2.916   14.5480
 2.914   14.5650
 2.912   14.5770
 2.911   14.5880
 2.909   14.5960
 2.908   14.6090
 2.906   14.6300
 2.904   14.6550
 2.903   14.6840
 2.901   14.7130
 2.899   14.7390
 2.898   14.7630
 2.896   14.7890
 2.895   14.8210
 2.893   14.8540
 2.891   14.8820
 2.890   14.9070
 2.888   14.9270
 2.886   14.9410
 2.885   14.9570
 2.883   14.9790
 2.882   15.0040
 2.880   15.0280
 2.878   15.0520
 2.877   15.0780
 2.875   15.1010
 2.874   15.1220
 2.872   15.1420
 2.870   15.1590
 2.869   15.1680
 2.867   15.1700
 2.866   15.1730
 2.864   15.1790
 2.863   15.1880
 2.861   15.2000
 2.859   15.2100
 2.858   15.2130
 2.856   15.2060
 2.855   15.1920
 2.853   15.1770
 2.852   15.1670
 2.850   15.1600
 2.848   15.1540
 2.847   15.1450
 2.845   15.1310
 2.844   15.1100
 2.842   15.0830
 2.841   15.0530
 2.839   15.0240
 2.837   14.9960
 2.836   14.9710
 2.834   14.9460
 2.833   14.9180
 2.831   14.8860
 2.830   14.8450
 2.828   14.7940
 2.827   14.7390
 2.825   14.6840
 2.824   14.6320
 2.822   14.5750
 2.821   14.5090
 2.819   14.4350
 2.817   14.3560
 2.816   14.2720
 2.814   14.1870
 2.813   14.1040
 2.811   14.0180
 2.810   13.9220
 2.808   13.8140
 2.807   13.7000
 2.805   13.5920
 2.804   13.4880
 2.802   13.3850
 2.801   13.2800
 2.799   13.1650
 2.798   13.0300
 2.796   12.8640
 2.795   12.6660
 2.793   12.4420
 2.792   12.1930
 2.790   11.9140
 2.789   11.6150
 2.787   11.3050
 2.786   10.9880
 2.784   10.6610
 2.783   10.3330
 2.781   10.0150
 2.780    9.7054
 2.778    9.4021
 2.777    9.1084
 2.775    8.8268
 2.774    8.5517
 2.772    8.2779
 2.771    8.0131
 2.769    7.7678
 2.768    7.5438
 2.766    7.3470
 2.765    7.1826
 2.763    7.0474
 2.762    6.9311
 2.761    6.8276
 2.759    6.7433
 2.757    6.6860
 2.756    6.6574
 2.755    6.6652
 2.753    6.7168
 2.752    6.8094
 2.750    6.9304
 2.749    7.0666
 2.747    7.2115
 2.746    7.3567
 2.744    7.4924
 2.743    7.6214
 2.741    7.7562
 2.740    7.9078
 2.739    8.0811
 2.737    8.2786
 2.736    8.5064
 2.734    8.7664
 2.733    9.0570
 2.731    9.3829
 2.730    9.7549
 2.728   10.1800
 2.727   10.6620
 2.726   11.2090
 2.724   11.8330
 2.723   12.5430
 2.721   13.3350
 2.720   14.2000
 2.719   15.1140
 2.717   16.0370
 2.716   16.9380
 2.714   17.7990
 2.713   18.6170
 2.711   19.4010
 2.710   20.1630
 2.708   20.9010
 2.707   21.5950
 2.706   22.2290
 2.704   22.7960
 2.703   23.2980
 2.701   23.7410
 2.700   24.1390
 2.699   24.5070
 2.697   24.8510
 2.696   25.1800
 2.695   25.5030
 2.693   25.8290
 2.692   26.1540
 2.690   26.4580
 2.689   26.7310
 2.688   26.9620
 2.686   27.1540
 2.685   27.3070
 2.683   27.4230
 2.682   27.5110
 2.680   27.5860
 2.679   27.6530
 2.678   27.7130
 2.676   27.7700
 2.675   27.8300
 2.674   27.8730
 2.672   27.8790
 2.671   27.8600
 2.670   27.8520
 2.668   27.8700
 2.667   27.9140
 2.665   28.0030
 2.664   28.1370
 2.663   28.2840
 2.661   28.4080
 2.660   28.5010
 2.659   28.5670
 2.657   28.6000
 2.656   28.6060
 2.655   28.6110
 2.653   28.6220
 2.652   28.6390
 2.650   28.6580
 2.649   28.6750
 2.648   28.6880
 2.646   28.6970
 2.645   28.7060
 2.644   28.7210
 2.642   28.7350
 2.641   28.7500
 2.640   28.7690
 2.638   28.7790
 2.637   28.7690
 2.636   28.7400
 2.634   28.6940
 2.633   28.6390
 2.632   28.5810
 2.630   28.5470
 2.629   28.5580
 2.627   28.5930
 2.626   28.6370
 2.625   28.6800
 2.624   28.6930
 2.622   28.6660
 2.621   28.6090
 2.620   28.5590
 2.618   28.5390
 2.617   28.5420
 2.616   28.5800
 2.614   28.6440
 2.613   28.6910
 2.612   28.7000
 2.610   28.6660
 2.609   28.6050
 2.608   28.5330
 2.606   28.4720
 2.605   28.4620
 2.604   28.5180
 2.603   28.6010
 2.601   28.6610
 2.600   28.6700
 2.599   28.6180
 2.597   28.5200
 2.596   28.4200
 2.595   28.3740
 2.593   28.4190
 2.592   28.5200
 2.591   28.6220
 2.590   28.6910
 2.588   28.7060
 2.587   28.6780
 2.586   28.6350
 2.584   28.6020
 2.583   28.6080
 2.582   28.6460
 2.580   28.6910
 2.579   28.7280
 2.578   28.7440
 2.577   28.7410
 2.575   28.7260
 2.574   28.7010
 2.573   28.6910
 2.571   28.7030
 2.570   28.7210
 2.569   28.7330
 2.568   28.7240
 2.566   28.6940
 2.565   28.6490
 2.564   28.6060
 2.563   28.5880
 2.561   28.6030
 2.560   28.6430
 2.559   28.6880
 2.558   28.7210
 2.556   28.7330
 2.555   28.7210
 2.554   28.6940
 2.553   28.6680
 2.551   28.6490
 2.550   28.6370
 2.549   28.6230
 2.547   28.6050
 2.546   28.5840
 2.545   28.5590
 2.544   28.5340
 2.543   28.5170
 2.541   28.5070
 2.540   28.4960
 2.539   28.4790
 2.538   28.4590
 2.536   28.4390
 2.535   28.4250
 2.534   28.4210
 2.533   28.4310
 2.531   28.4520
 2.530   28.4750
 2.529   28.4910
 2.528   28.5040
 2.526   28.5160
 2.525   28.5280
 2.524   28.5390
 2.523   28.5470
 2.522   28.5540
 2.520   28.5570
 2.519   28.5540
 2.518   28.5490
 2.517   28.5480
 2.515   28.5520
 2.514   28.5580
 2.513   28.5650
 2.512   28.5720
 2.511   28.5770
 2.509   28.5770
 2.508   28.5700
 2.507   28.5590
 2.506   28.5420
 2.504   28.5260
 2.503   28.5120
 2.502   28.5050
 2.501   28.5070
 2.500   28.5150
 2.498   28.5260
 2.497   28.5330
 2.496   28.5340
 2.495   28.5300
 2.494   28.5270
 2.492   28.5270
 2.491   28.5290
 2.490   28.5360
 2.489   28.5450
 2.488   28.5530
 2.486   28.5540
 2.485   28.5500
 2.484   28.5450
 2.483   28.5380
 2.482   28.5300
 2.481   28.5220
 2.479   28.5230
 2.478   28.5270
 2.477   28.5320
 2.476   28.5390
 2.474   28.5440
 2.473   28.5460
 2.472   28.5450
 2.471   28.5480
 2.470   28.5590
 2.469   28.5710
 2.467   28.5770
 2.466   28.5750
 2.465   28.5620
 2.464   28.5380
 2.463   28.5110
 2.462   28.4910
 2.460   28.4810
 2.459   28.4830
 2.458   28.4890
 2.457   28.4990
 2.456   28.5100
 2.455   28.5170
 2.454   28.5180
 2.452   28.5150
 2.451   28.5100
 2.450   28.5040
 2.449   28.4960
 2.448   28.4900
 2.446   28.4860
 2.445   28.4780
 2.444   28.4710
 2.443   28.4680
 2.442   28.4690
 2.441   28.4750
 2.440   28.4830
 2.438   28.4930
 2.437   28.5020
 2.436   28.5080
 2.435   28.5130
 2.434   28.5180
 2.433   28.5230
 2.432   28.5280
 2.430   28.5270
 2.429   28.5220
 2.428   28.5180
 2.427   28.5180
 2.426   28.5240
 2.425   28.5390
 2.424   28.5600
 2.422   28.5810
 2.421   28.5920
 2.420   28.5920
 2.419   28.5830
 2.418   28.5720
 2.417   28.5650
 2.416   28.5670
 2.415   28.5740
 2.414   28.5830
 2.412   28.5880
 2.411   28.5870
 2.410   28.5820
 2.409   28.5790
 2.408   28.5850
 2.407   28.5980
 2.406   28.6120
 2.405   28.6240
 2.403   28.6310
 2.402   28.6310
 2.401   28.6270
 2.400   28.6230
 2.399   28.6190
 2.398   28.6130
 2.397   28.6040
 2.396   28.5960
 2.394   28.5900
 2.393   28.5860
 2.392   28.5870
 2.391   28.5910
 2.390   28.5960
 2.389   28.5950
 2.388   28.5870
 2.387   28.5750
 2.386   28.5580
 2.385   28.5380
 2.384   28.5190
 2.382   28.5060
 2.381   28.4970
 2.380   28.4960
 2.379   28.5010
 2.378   28.5100
 2.377   28.5220
 2.376   28.5300
 2.375   28.5320
 2.374   28.5300
 2.373   28.5270
 2.372   28.5250
 2.370   28.5240
 2.369   28.5270
 2.368   28.5290
 2.367   28.5230
 2.366   28.5050
 2.365   28.4800
 2.364   28.4540
 2.363   28.4240
 2.362   28.3960
 2.361   28.3760
 2.360   28.3620
 2.359   28.3490
 2.357   28.3340
 2.356   28.3180
 2.355   28.3000
 2.354   28.2790
 2.353   28.2600
 2.352   28.2450
 2.351   28.2310
 2.350   28.2200
 2.349   28.2120
 2.348   28.2030
 2.347   28.1960
 2.346   28.1940
 2.345   28.1950
 2.344   28.1960
 2.343   28.1970
 2.341   28.2010
 2.341   28.2050
 2.339   28.2070
 2.338   28.2080
 2.337   28.2100
 2.336   28.2110
 2.335   28.2110
 2.334   28.2120
 2.333   28.2160
 2.332   28.2220
 2.331   28.2330
 2.330   28.2510
 2.329   28.2730
 2.328   28.2960
 2.327   28.3220
 2.326   28.3480
 2.325   28.3680
 2.324   28.3750
 2.323   28.3730
 2.322   28.3650
 2.321   28.3470
 2.320   28.3280
 2.318   28.3200
 2.317   28.3220
 2.316   28.3260
 2.315   28.3290
 2.314   28.3320
 2.313   28.3330
 2.312   28.3330
 2.311   28.3400
 2.310   28.3560
 2.309   28.3740
 2.308   28.3880
 2.307   28.3950
 2.306   28.3970
 2.305   28.3940
 2.304   28.3920
 2.303   28.3970
 2.302   28.4040
 2.301   28.4030
 2.300   28.3950
 2.299   28.3900
 2.298   28.3880
 2.297   28.3910
 2.296   28.4030
 2.295   28.4210
 2.294   28.4330
 2.293   28.4300
 2.292   28.4220
 2.291   28.4190
 2.290   28.4190
 2.289   28.4280
 2.288   28.4470
 2.287   28.4700
 2.286   28.4840
 2.285   28.4850
 2.284   28.4750
 2.283   28.4560
 2.282   28.4320
 2.281   28.4150
 2.280   28.4110
 2.279   28.4200
 2.278   28.4330
 2.277   28.4460
 2.276   28.4540
 2.275   28.4520
 2.274   28.4440
 2.273   28.4360
 2.272   28.4340
 2.271   28.4340
 2.270   28.4340
 2.269   28.4310
 2.268   28.4240
 2.267   28.4120
 2.266   28.4000
 2.265   28.3920
 2.264   28.3880
 2.263   28.3880
 2.262   28.3920
 2.261   28.3930
 2.260   28.3890
 2.259   28.3790
 2.258   28.3660
 2.257   28.3460
 2.256   28.3230
 2.255   28.3060
 2.254   28.3000
 2.253   28.2980
 2.252   28.2990
 2.251   28.3050
 2.250   28.3120
 2.249   28.3120
 2.248   28.3060
 2.247   28.2980
 2.246   28.2850
 2.245   28.2660
 2.244   28.2440
 2.243   28.2240
 2.242   28.2100
 2.241   28.2010
 2.240   28.1990
 2.239   28.2040
 2.238   28.2110
 2.237   28.2180
 2.236   28.2240
 2.236   28.2260
 2.235   28.2170
 2.234   28.1960
 2.233   28.1710
 2.232   28.1450
 2.231   28.1180
 2.230   28.0940
 2.229   28.0820
 2.228   28.0770
 2.227   28.0740
 2.226   28.0740
 2.225   28.0790
 2.224   28.0790
 2.223   28.0680
 2.222   28.0470
 2.221   28.0210
 2.220   27.9920
 2.219   27.9630
 2.218   27.9420
 2.217   27.9270
 2.216   27.9130
 2.216   27.8990
 2.215   27.8840
 2.214   27.8700
 2.213   27.8550
 2.212   27.8420
 2.211   27.8300
 2.210   27.8190
 2.209   27.8120
 2.208   27.8120
 2.207   27.8190
 2.206   27.8310
 2.205   27.8420
 2.204   27.8460
 2.203   27.8420
 2.202   27.8330
 2.201   27.8200
 2.200   27.8040
 2.200   27.7900
 2.199   27.7830
 2.198   27.7820
 2.197   27.7880
 2.196   27.8010
 2.195   27.8220
 2.194   27.8450
 2.193   27.8620
 2.192   27.8720
 2.191   27.8820
 2.190   27.8940
 2.189   27.9010
 2.188   27.9080
 2.187   27.9180
 2.187   27.9290
 2.186   27.9410
 2.185   27.9560
 2.184   27.9750
 2.183   27.9910
 2.182   27.9960
 2.181   27.9960
 2.180   27.9920
 2.179   27.9870
 2.178   27.9870
 2.177   27.9910
 2.176   27.9940
 2.176   27.9910
 2.175   27.9880
 2.174   27.9880
 2.173   27.9930
 2.172   28.0010
 2.171   28.0100
 2.170   28.0160
 2.169   28.0130
 2.168   28.0060
 2.167   28.0040
 2.166   28.0110
 2.166   28.0250
 2.165   28.0410
 2.164   28.0500
 2.163   28.0490
 2.162   28.0380
 2.161   28.0230
 2.160   28.0080
 2.159   27.9970
 2.158   27.9950
 2.157   27.9990
 2.156   27.9990
 2.156   27.9990
 2.155   28.0030
 2.154   28.0040
 2.153   28.0040
 2.152   28.0070
 2.151   28.0160
 2.150   28.0230
 2.149   28.0190
 2.148   28.0110
 2.148   28.0030
 2.147   27.9880
 2.146   27.9730
 2.145   27.9610
 2.144   27.9520
 2.143   27.9440
 2.142   27.9330
 2.141   27.9270
 2.140   27.9290
 2.140   27.9370
 2.139   27.9500
 2.138   27.9600
 2.137   27.9660
 2.136   27.9700
 2.135   27.9700
 2.134   27.9660
 2.133   27.9590
 2.132   27.9500
 2.132   27.9380
 2.131   27.9210
 2.130   27.9060
 2.129   27.8980
 2.128   27.8900
 2.127   27.8820
 2.126   27.8760
 2.126   27.8750
 2.125   27.8780
 2.124   27.8810
 2.123   27.8910
 2.122   27.9000
 2.121   27.8990
 2.120   27.8900
 2.119   27.8800
 2.119   27.8700
 2.118   27.8590
 2.117   27.8480
 2.116   27.8410
 2.115   27.8340
 2.114   27.8240
 2.113   27.8170
 2.112   27.8130
 2.112   27.8080
 2.111   27.7990
 2.110   27.7850
 2.109   27.7680
 2.108   27.7570
 2.107   27.7610
 2.107   27.7840
 2.106   27.8190
 2.105   27.8500
 2.104   27.8670
 2.103   27.8620
 2.102   27.8320
 2.101   27.7920
 2.100   27.7640
 2.100   27.7600
 2.099   27.7740
 2.098   27.7950
 2.097   27.8150
 2.096   27.8270
 2.095   27.8200
 2.095   27.8050
 2.094   27.8010
 2.093   27.8060
 2.092   27.8090
 2.091   27.8050
 2.090   27.7980
 2.090   27.7830
 2.089   27.7590
 2.088   27.7420
 2.087   27.7390
 2.086   27.7430
 2.085   27.7480
 2.084   27.7490
 2.084   27.7540
 2.083   27.7600
 2.082   27.7400
 2.081   27.7740
 2.080   27.7710
 2.079   27.7370
 2.076   27.7370
 2.072   27.8570
 2.068   28.0230
 2.064   28.0430
 2.060   27.7810
 2.056   27.9260
 2.052   27.9260
 2.048   27.6440
 2.044   27.5520
 2.040   27.4330
 2.036   27.5010
 2.032   27.5930
 2.028   27.4070
 2.024   27.2220
 2.020   27.2920
 2.016   27.2920
 2.012   27.1080
 2.008   26.9930
 2.004   26.9470
 2.000   26.9240
 1.996   27.0500
 1.992   26.7190
 1.988   26.5830
 1.984   26.6510
 1.980   26.4260
 1.976   26.5610
 1.972   26.5380
 1.968   26.5160
 1.964   26.4480
 1.960   26.3810
 1.956   26.3370
 1.952   26.3560
 1.948   26.2660
 1.944   26.1530
 1.940   26.0620
 1.936   25.8120
 1.932   25.8310
 1.928   25.7810
 1.924   25.9580
 1.920   26.0030
 1.916   25.8180
 1.912   25.7520
 1.908   25.8630
 1.904   26.0030
 1.900   26.2120
 1.896   26.5800
 1.892   26.4530
 1.888   26.2010
 1.884   25.9610
 1.880   25.7210
 1.876   25.7640
 1.872   25.6070
 1.868   25.3780
 1.864   25.6570
 1.860   26.1270
 1.856   26.3150
 1.852   26.3620
 1.848   26.2080
 1.844   25.8560
 1.840   25.7390
 1.836   25.7450
 1.832   25.9580
 1.828   26.1350
 1.824   26.0320
 1.820   25.7490
 1.816   25.7100
 1.812   25.5620
 1.808   25.5160
 1.804   25.6000
 1.800   25.5160
 1.796   25.3390
 1.792   25.3180
 1.788   25.2150
 1.784   25.2770
 1.780   25.2300
 1.776   25.2510
 1.772   25.2920
 1.768   25.1150
 1.764   24.9650
 1.760   24.8570
 1.756   24.8360
 1.752   24.9240
 1.748   24.8630
 1.744   24.8830
 1.740   24.8980
 1.736   24.8570
 1.732   24.8980
 1.728   24.9590
 1.724   24.9800
 1.720   25.1100
 1.716   25.1510
 1.712   25.1100
 1.708   24.8980
 1.704   24.8500
 1.700   24.6120
 1.696   24.7680
 1.692   24.7890
 1.688   24.7890
 1.684   24.5340
 1.680   24.6120
 1.676   24.4160
 1.672   24.4840
 1.668   24.4440
 1.664   24.3180
 1.660   24.5060
 1.656   24.2300
 1.652   24.2500
 1.648   24.1910
 1.644   24.1910
 1.640   24.2900
 1.636   24.2500
 1.632   24.1420
 1.628   24.3500
 1.624   24.2010
 1.620   23.9660
 1.616   23.8390
 1.612   23.7900
 1.608   23.8780
 1.604   23.7900
 1.600   23.7510
 1.596   23.7510
 1.592   23.8870
 1.588   23.9270
 1.584   23.9070
 1.580   23.8870
 1.576   23.8870
 1.572   23.7400
 1.568   23.7400
 1.564   23.6720
 1.560   23.4580
 1.556   23.5750
 1.552   23.4770
 1.548   23.6520
 1.544   23.3010
 1.540   23.2260
 1.536   23.0820
 1.532   23.1000
 1.528   23.0820
 1.524   23.0080
 1.520   23.1880
 1.516   23.1940
 1.512   23.1190
 1.508   22.9570
 1.504   22.7780
 1.500   22.6620
 1.496   22.7540
 1.492   22.9530
 1.488   23.1610
 1.484   22.7310
 1.480   22.6840
 1.476   22.6840
 1.472   22.6660
 1.468   22.6290
 1.464   22.5520
 1.460   22.6290
 1.456   22.3580
 1.452   22.3220
 1.448   22.3400
 1.444   22.0930
 1.440   21.9810
 1.436   21.8940
 1.432   22.0060
 1.428   21.9990
 1.424   21.9990
 1.420   21.9820
 1.416   21.9180
 1.412   21.6210
 1.408   21.3420
 1.404   21.3400
 1.400   21.4880
 1.396   21.6970
 1.392   21.8030
 1.388   21.7670
 1.384   21.5700
 1.380   21.6960
 1.376   21.6960
 1.372   21.8650
 1.368   22.0460
 1.364   21.6530
 1.360   21.1620
 1.356   21.3730
 1.352   21.7600
 1.348   21.8220
 1.344   21.8410
 1.340   21.4740
 1.336   21.1130
 1.332   20.9810
 1.328   20.8940
 1.324   20.9760
 1.320   21.0760
 1.316   20.9340
 1.312   20.7800
 1.308   20.6440
 1.304   20.6120
 1.300   20.5790
 1.296   20.5790
 1.292   20.5400
 1.288   20.4850
 1.284   20.2230
 1.280   20.1980
 1.276   20.2780
 1.272   20.2700
 1.268   20.2290
 1.264   20.4310
 1.260   20.4000
 1.256   20.2610
 1.252   20.2120
 1.248   20.2610
 1.244   20.1710
 1.240   20.2030
 1.236   20.2350
 1.232   20.0950
 1.228   19.8630
 1.224   19.5580
 1.220   19.5730
 1.216   19.6100
 1.212   19.9090
 1.208   20.0050
 1.204   20.0530
 1.200   19.7650
 1.196   19.5340
 1.192   19.4580
 1.188   19.2510
 1.184   19.3830
 1.180   19.1770
 1.176   19.1470
 1.172   19.0300
 1.168   18.8630
 1.164   18.8340
 1.160   18.8120
 1.156   18.5720
 1.152   18.4260
 1.148   18.3940
 1.144   18.4010
 1.140   18.5140
 1.136   18.6330
 1.132   18.3930
 1.128   18.5150
 1.124   18.4070
 1.120   18.3130
 1.116   18.3560
 1.112   18.2150
 1.108   18.2010
 1.104   18.0090
 1.100   18.0230
 1.096   17.9480
 1.092   18.0920
 1.088   17.9570
 1.084   17.8550
 1.080   17.7250
 1.076   17.7660
 1.072   17.7250
 1.068   17.6010
 1.064   17.4460
 1.060   17.3280
 1.056   17.2390
 1.052   17.3180
 1.048   17.3440
 1.044   17.1250
 1.040   17.1250
 1.036   16.9740
 1.032   17.1040
 1.028   16.9640
 1.024   16.8880
 1.020   16.8220
 1.016   16.7590
 1.012   16.8630
 1.008   16.6990
 1.004   16.4720
 1.000   16.4600
 0.996   16.4330
 0.992   16.3820
 0.988   16.3570
 0.984   16.2320
 0.980   16.1470
 0.976   16.0310
 0.972   15.9550
 0.968   15.8790
 0.964   15.7790
 0.960   15.8790
 0.956   15.8140
 0.952   15.7800
 0.948   15.4800
 0.944   15.5380
 0.940   15.5150
 0.936   15.4270
 0.932   15.4270
 0.928   15.3040
 0.924   15.2810
 0.920   15.0400
 0.916   15.0510
 0.912   15.0950
 0.908   14.9840
 0.904   14.9520
 0.900   14.8750
 0.896   14.6770
 0.892   14.6000
 0.888   14.6000
 0.884   14.6780
 0.880   14.6450
 0.876   14.4570
 0.872   14.4680
 0.868   14.4340
 0.864   14.3890
 0.860   14.4800
 0.856   14.3790
 0.852   14.3230
 0.848   14.0320
 0.844   14.1120
 0.840   14.0530
 0.836   14.0650
 0.832   13.9740
 0.828   13.9740
 0.824   13.9330
 0.820   13.8910
 0.816   13.8590
 0.812   13.8590
 0.808   13.7390
 0.804   13.6670
 0.800   13.5480
 0.799   13.5480
 0.798   13.5480
 0.797   13.5110
 0.796   13.5210
 0.795   13.4520
 0.794   13.5370
 0.793   13.3360
 0.792   13.3250
 0.791   13.2290
 0.790   13.0700
 0.789   13.1630
 0.788   13.2860
 0.787   13.1860
 0.786   13.1970
 0.785   13.1010
 0.784   13.1010
 0.783   13.1120
 0.782   13.0890
 0.781   13.0630
 0.780   13.0010
 0.779   13.0120
 0.778   13.0150
 0.777   12.8960
 0.776   12.9700
 0.775   13.2250
 0.774   13.0520
 0.773   12.8960
 0.772   12.8070
 0.771   12.6170
 0.770   12.6170
 0.769   12.7110
 0.768   12.7740
 0.767   12.8070
 0.766   12.9940
 0.765   12.7110
 0.764   12.7220
 0.763   12.6140
 0.762   12.5700
 0.761   12.5520
 0.760   12.4100
 0.759   12.5280
 0.758   12.5390
 0.757   12.5500
 0.756   12.5280
 0.755   12.4210
 0.754   12.2380
 0.753   12.4430
 0.752   12.2270
 0.751   12.4100
 0.750   12.5170
 0.749   12.4210
 0.748   12.3880
 0.747   12.4360
 0.746   12.4750
 0.745   12.4140
 0.744   12.3400
 0.743   12.3180
 0.742   12.2850
 0.741   12.3730
 0.740   12.3840
 0.739   12.2210
 0.738   12.2210
 0.737   12.2320
 0.736   12.2210
 0.735   12.2210
 0.734   12.0450
 0.733   12.1460
 0.732   12.2970
 0.731   12.2750
 0.730   11.9630
 0.729   11.9950
 0.728   11.7950
 0.727   11.8660
 0.726   11.5110
 0.725   11.7690
 0.724   11.8660
 0.723   11.7070
 0.722   11.7070
 0.721   11.8550
 0.720   11.8550
 0.719   11.7590
 0.718   11.7030
 0.717   11.6930
 0.716   11.4740
 0.715   11.6930
 0.714   11.7660
 0.713   11.4620
 0.712   11.5160
 0.711   11.5340
 0.710   11.6310
 0.709   11.4940
 0.708   11.2720
 0.707   11.3810
 0.706   11.5060
 0.705   11.5470
 0.704   11.4500
 0.703   11.4960
 0.702   11.4290
 0.701   11.5140
 0.700   11.5030
 0.699   12.0040
 0.698   11.8670
 0.697   11.7980
 0.696   11.8000
 0.695   11.6670
 0.694   11.5450
 0.693   11.1820
 0.692   11.1820
 0.691   11.2130
 0.690   11.1030
 0.689   11.1540
 0.688   11.2230
 0.687   11.3130
 0.686   11.3130
 0.685   11.3440
 0.684   11.1230
 0.683   11.1440
 0.682   11.1750
 0.681   11.0540
 0.680   11.0230
 0.679   10.8930
 0.678   10.8930
 0.677   11.0940
 0.676   11.0740
 0.675   11.1440
 0.674   11.1540
 0.673   10.9430
 0.672   10.8930
 0.671   10.8530
 0.670   10.8430
 0.669   10.8130
 0.668   10.8940
 0.667   10.8120
 0.666   10.7920
 0.665   10.6420
 0.664   10.5230
 0.663   10.5610
 0.662   10.7020
 0.661   10.6920
 0.660   10.4610
 0.659   10.4900
 0.658   10.6210
 0.657   10.6510
 0.656   10.7320
 0.655   10.5910
 0.654   10.7320
 0.653   10.6210
 0.652   10.5480
 0.651   10.5580
 0.650   10.3260
 0.649   10.3900
 0.648   10.2890
 0.647   10.3180
 0.646   10.3270
 0.645   10.3180
 0.644   10.2890
 0.643   10.2890
 0.642   10.4090
 0.641   10.3270
 0.640   10.2260
 0.639   10.2260
 0.638   10.1240
 0.637   10.3080
 0.636    9.9956
 0.635   10.0870
 0.634   10.0970
 0.633    9.9956
 0.632   10.0050
 0.631   10.0870
 0.630   10.0420
 0.629    9.8394
 0.628    9.8394
 0.627   10.0140
 0.626    9.8120
 0.625    9.8120
 0.624    9.8211
 0.623    9.8578
 0.622    9.7562
 0.621    9.8486
 0.620    9.8578
 0.619    9.7562
 0.618    9.6636
 0.617    9.7471
 0.616    9.6366
 0.615    9.8211
 0.614    9.7199
 0.613    9.6009
 0.612    9.5087
 0.611    9.5087
 0.610    9.6098
 0.609    9.5087
 0.608    9.5087
 0.607    9.5175
 0.606    9.5352
 0.605    9.5440
 0.604    9.5440
 0.603    9.4584
 0.602    9.3934
 0.601    9.4286
 0.600    9.2999
 0.599    9.1891
 0.598    9.2235
 0.597    9.3436
 0.596    9.3789
 0.595    9.4055
 0.594    9.2844
 0.593    9.1898
 0.592    9.3789
 0.591    9.2757
 0.590    9.1467
 0.589    9.2844
 0.588    9.1898
 0.587    9.2757
 0.586    9.0693
 0.585    9.1467
 0.584    9.0693
 0.583    9.1985
 0.582    9.0438
 0.581    9.0864
 0.580    9.0693
 0.579    8.8797
 0.578    8.8630
 0.577    8.8630
 0.576    8.7598
 0.575    8.7598
 0.574    8.9380
 0.573    8.9765
 0.572    8.9102
 0.571    8.7238
 0.570    8.9432
 0.569    8.9349
 0.568    8.7238
 0.567    8.7238
 0.566    8.7319
 0.565    8.6304
 0.564    8.5289
 0.563    8.5210
 0.562    8.5210
 0.561    8.6383
 0.560    8.5604
 0.559    8.2779
 0.558    8.7458
 0.557    8.6270
 0.556    8.5819
 0.555    8.4554
 0.554    8.5521
 0.553    8.6564
 0.552    8.5867
 0.551    8.5368
 0.550    8.4820
 0.549    8.5584
 0.548    8.5584
 0.547    8.3075
 0.546    8.3523
 0.545    8.2927
 0.544    8.1886
 0.543    8.4212
 0.542    8.3298
 0.541    8.3748
 0.540    8.2235
 0.539    8.2088
 0.538    8.2382
 0.537    8.2979
 0.536    8.2679
 0.535    8.2679
 0.534    8.2905
 0.533    7.9632
 0.532    8.0330
 0.531    8.0402
 0.530    8.0618
 0.529    7.9702
 0.528    8.1763
 0.527    8.1546
 0.526    7.8362
 0.525    7.9632
 0.524    8.1981
 0.523    7.9282
 0.522    7.8225
 0.521    7.9351
 0.520    7.7719
 0.519    7.9058
 0.518    7.8440
 0.517    7.6394
 0.516    7.7714
 0.515    7.7237
 0.514    7.6984
 0.513    7.7237
 0.512    7.6659
 0.511    7.8237
 0.510    7.6672
 0.509    7.7787
 0.508    7.5300
 0.507    7.4312
 0.506    7.3943
 0.505    7.5300
 0.504    7.4499
 0.503    7.7050
 0.502    7.8225
 0.501    7.5300
 0.500    7.4374
 0.499    7.4499
 0.498    7.5237
 0.497    7.4499
 0.496    7.3278
 0.495    7.3458
 0.494    7.5049
 0.493    7.3602
 0.492    7.4987
 0.491    7.4264
 0.490    7.3458
 0.489    7.2174
 0.488    7.2115
 0.487    7.3961
 0.486    7.3056
 0.485    7.2073
 0.484    7.4022
 0.483    7.2304
 0.482    7.3706
 0.481    7.2479
 0.480    7.3291
 0.479    7.1164
 0.478    7.0425
 0.477    6.9438
 0.476    6.9543
 0.475    7.0478
 0.474    7.0425
 0.473    7.0266
 0.472    6.9281
 0.471    6.8412
 0.470    6.9296
 0.469    6.7198
 0.468    6.7198
 0.467    6.9261
 0.466    6.8180
 0.465    6.9970
 0.464    6.8033
 0.463    6.9450
 0.462    6.7310
 0.461    6.8342
 0.460    6.7280
 0.459    6.6343
 0.458    6.7688
 0.457    6.5813
 0.456    6.6074
 0.455    6.3926
 0.454    6.3988
 0.453    6.4712
 0.452    6.3764
 0.451    6.4987
 0.450    6.4143
 0.449    6.5128
 0.448    6.5128
 0.447    6.5196
 0.446    6.3126
 0.445    6.2939
 0.444    6.3915
 0.443    6.4077
 0.442    6.4309
 0.441    6.1249
 0.440    6.0344
 0.439    6.0115
 0.438    6.0303
 0.437    6.1505
 0.436    6.1148
 0.435    6.0081
 0.434    6.2211
 0.433    6.2276
 0.432    6.1140
 0.431    6.2211
 0.430    6.1200
 0.429    6.1381
 0.428    5.8115
 0.427    6.1249
 0.426    6.1191
 0.425    5.8962
 0.424    5.7958
 0.423    6.0202
 0.422    6.0074
 0.421    5.8047
 0.420    6.0355
 0.419    5.9089
 0.418    5.8979
 0.417    6.1057
 0.416    5.8979
 0.415    6.1057
 0.414    5.9999
 0.413    5.8781
 0.412    6.0900
 0.411    5.8856
 0.410    5.8743
 0.409    5.7643
 0.408    5.8745
 0.407    5.7760
 0.406    5.7760
 0.405    5.7736
 0.404    5.4588
 0.403    5.5671
 0.402    5.6737
 0.401    5.7720
 0.400    5.7782
 0.000    0.0000
