Name:  Hemimorphite Zn4Si2O7(OH)2.H2O
Type:  Mineral
Class:  Silicates
Subclass:  Sorosilicates (Two isolated tetrahedra)
Particle Size: Fine  (Less than 2  Micrometers)
Sample No.: hemimor.1
Owner: JHU
Wavelength Range:  IR
Origin: Mapimi, Durango, Mexico via the Smithsonian (sample 
no.NMNH 161931). 
Description: The sample consisted of two white, translucent 
fragments about 1 cm long.  One fragment had some iron staining 
which was removed by picking.  Microscopic examination indicated a 
pure and unaltered sample.


Measurement:  Transmission 
First Column:  X
Second Column:  Y  
X Units:  Wavelength (micrometers)
Y Units:  Transmittance (percent)
First X Value:  25.0442
Last X Value:  2.079
Number of X Values:  2287
Additional Information: hemimo1a.txt
25.044   85.4842
24.924   85.7967
24.805   86.6873
24.686   87.5349
24.569   87.9529
24.454   87.7068
24.339   87.6912
24.225   87.7068
24.112   87.4256
24.001   86.7810
23.890   86.3943
23.781   85.7459
23.672   85.0662
23.564   84.1326
23.458   83.3123
23.352   82.6404
23.247   81.5740
23.144   80.7517
23.041   80.1580
22.939   79.2986
22.838   77.8064
22.738   75.5740
22.638   71.9217
22.540   66.7655
22.442   61.0233
22.345   56.4706
22.250   55.2577
22.154   58.0956
22.060   64.2752
21.967   71.6287
21.874   78.1326
21.782   82.9412
21.691   86.3064
21.601   88.3240
21.511   89.4451
21.422   90.4802
21.334   91.1795
21.247   91.6033
21.160   91.9373
21.074   92.0330
20.988   91.9236
20.904   91.6795
20.820   91.5330
20.737   91.4568
20.654   91.2146
20.572   90.8435
20.491   90.6560
20.410   90.2263
20.330   89.7283
20.251   89.2908
20.172   88.8924
20.094   88.4568
20.016   88.0252
19.939   87.5603
19.863   86.9373
19.787   86.4236
19.712   85.7459
19.637   84.8006
19.563   83.5594
19.489   82.5359
19.416   81.3865
19.344   79.9812
19.272   78.4891
19.201   76.9412
19.130   75.1170
19.059   73.1570
18.990   71.0272
18.920   68.7196
18.851   66.4295
18.783   64.3680
18.715   62.6170
18.648   61.1444
18.581   60.2586
18.515   59.8397
18.449   59.7362
18.384   59.9647
18.319   60.2010
18.254   60.2157
18.190   59.8485
18.126   58.7782
18.063   56.8915
18.001   54.5721
17.938   52.1922
17.876   50.2772
17.815   49.3788
17.754   49.7401
17.693   51.2704
17.633   53.5526
17.573   55.9891
17.514   58.4686
17.455   60.7088
17.396   62.5360
17.338   63.9666
17.280   64.9295
17.223   65.3983
17.166   65.3944
17.109   64.8709
17.053   64.0448
16.997   62.7157
16.942   60.9471
16.886   58.9657
16.832   56.9393
16.777   54.9061
16.723   53.2147
16.669   52.2030
16.616   51.6366
16.563   51.2899
16.510   51.1757
16.458   51.4510
16.406   52.6503
16.354   55.3612
16.302   59.4842
16.251   64.4686
16.200   69.5643
16.150   74.0682
16.100   77.7967
16.050   80.6101
16.000   82.7010
15.951   84.3162
15.902   85.6219
15.854   86.6287
15.805   87.5291
15.757   88.3054
15.710   88.9715
15.662   89.4920
15.615   89.8914
15.568   90.2029
15.521   90.3689
15.475   90.2830
15.429   90.1658
15.383   90.0545
15.338   89.9929
15.292   89.8787
15.248   89.6443
15.203   89.3054
15.158   88.9148
15.114   88.3367
15.070   87.5662
15.027   86.5154
14.983   84.9265
14.940   82.8904
14.897   80.2342
14.854   77.2771
14.812   74.7068
14.770   73.2772
14.728   73.3963
14.686   74.8836
14.645   77.2596
14.603   79.9969
14.562   82.4861
14.521   84.5242
14.481   86.1033
14.441   87.2713
14.400   88.0828
14.361   88.8299
14.321   89.4373
14.281   89.8211
14.242   90.2732
14.203   90.7224
14.164   91.0105
14.126   91.2185
14.087   91.5134
14.049   91.7390
14.011   91.9412
13.973   92.0164
13.936   92.0955
13.899   92.2888
13.861   92.4011
13.824   92.4998
13.788   92.5584
13.751   92.6253
13.715   92.7854
13.679   92.9861
13.643   93.0276
13.607   93.0042
13.571   92.9646
13.536   92.9553
13.500   92.9534
13.465   93.0681
13.430   93.1267
13.396   93.0486
13.361   93.0530
13.327   93.0940
13.293   93.1287
13.259   93.2752
13.225   93.3225
13.191   93.1990
13.158   93.0916
13.124   93.0881
13.091   93.1682
13.058   93.2771
13.026   93.4456
12.993   93.6248
12.960   93.5769
12.928   93.4080
12.896   93.3889
12.864   93.5120
12.832   93.3552
12.800   93.0623
12.769   93.0271
12.737   93.0808
12.706   93.0320
12.675   92.9592
12.644   92.9807
12.614   92.9885
12.583   92.8694
12.552   92.5979
12.522   92.3796
12.492   92.2366
12.462   91.9749
12.432   91.7556
12.402   91.5847
12.373   91.3494
12.343   91.0296
12.314   90.7322
12.285   90.4182
12.256   89.9944
12.227   89.7205
12.198   89.5418
12.169   89.2385
12.141   88.7908
12.113   88.4158
12.084   87.9256
12.056   87.3201
12.028   86.7249
12.000   86.0139
11.973   85.3006
11.945   84.4104
11.918   83.3865
11.890   82.1995
11.863   80.8728
11.836   79.2518
11.809   77.2386
11.782   75.0408
11.755   72.3924
11.729   69.1585
11.702   65.2889
11.676   60.6307
11.650   55.3929
11.624   50.0961
11.598   45.8036
11.572   43.6644
11.546   44.4794
11.520   48.0526
11.495   53.4618
11.469   59.2674
11.444   64.3612
11.419   68.3167
11.394   71.0374
11.369   72.7542
11.344   73.7674
11.319   74.1971
11.294   74.1639
11.270   73.8592
11.245   73.4490
11.221   72.8226
11.197   71.8870
11.173   70.8475
11.149   69.7581
11.125   68.4500
11.101   66.8465
11.077   65.1483
11.054   63.2332
11.030   61.0570
11.007   58.5204
10.983   55.7953
10.960   52.8124
10.937   49.5936
10.914   46.2543
10.891   42.6298
10.868   38.8173
10.846   35.0219
10.823   31.1528
10.800   27.2914
10.778   23.6513
10.755   20.4907
10.733   18.1464
10.711   16.8110
10.689   16.5200
10.667   17.1416
10.645   18.0576
10.623   19.2875
10.602   20.7734
10.580   22.2114
10.558   23.6703
10.537   25.0986
10.516   26.3398
10.494   27.5883
10.473   28.9125
10.452   30.2153
10.431   31.6200
10.410   33.2714
10.389   35.2060
10.368   37.3554
10.348   39.7738
10.327   42.3290
10.306   44.9769
10.286   47.5497
10.266   49.9515
10.245   52.1171
10.225   54.0687
10.205   55.8265
10.185   57.4852
10.165   58.9203
10.145   60.2342
10.125   61.5243
10.106   62.7244
10.086   63.8558
10.066   64.9852
10.047   66.0838
10.027   67.1141
10.008   68.0213
 9.989   68.9119
 9.970   69.6834
 9.950   70.3597
 9.931   70.9129
 9.912   71.3240
 9.893   71.6673
 9.875   72.0018
 9.856   72.2869
 9.837   72.5164
 9.818   72.7425
 9.800   72.9813
 9.781   73.1619
 9.763   73.3621
 9.745   73.5569
 9.726   73.7566
 9.708   73.9393
 9.690   74.2269
 9.672   74.5604
 9.654   74.9964
 9.636   75.5340
 9.618   76.0975
 9.600   76.6385
 9.583   77.2244
 9.565   77.8304
 9.547   78.4026
 9.530   78.8968
 9.512   79.3758
 9.495   79.7517
 9.477   80.0115
 9.460   80.2132
 9.443   80.2752
 9.426   80.1233
 9.409   79.7718
 9.392   79.2342
 9.375   78.2879
 9.358   76.9319
 9.341   75.1414
 9.324   72.6453
 9.307   69.3187
 9.291   65.2137
 9.274   60.4471
 9.257   55.3793
 9.241   50.7992
 9.224   47.4667
 9.208   45.8417
 9.192   46.1102
 9.175   48.1097
 9.159   51.3636
 9.143   55.2245
 9.127   59.2332
 9.111   63.0203
 9.095   66.3909
 9.079   69.3279
 9.063   71.9881
 9.047   74.3191
 9.032   76.3362
 9.016   78.1394
 9.000   79.7049
 8.985   80.9832
 8.969   82.1375
 8.954   83.1761
 8.938   84.0174
 8.923   84.7869
 8.907   85.4871
 8.892   85.9861
 8.877   86.4275
 8.862   86.8816
 8.847   87.2361
 8.832   87.4656
 8.817   87.6819
 8.802   87.9754
 8.787   88.2429
 8.772   88.5349
 8.757   88.8323
 8.742   89.0603
 8.728   89.2556
 8.713   89.5203
 8.698   89.7634
 8.684   89.9339
 8.669   90.0808
 8.655   90.2952
 8.640   90.4436
 8.626   90.5628
 8.612   90.6819
 8.597   90.9255
 8.583   91.2424
 8.569   91.5198
 8.555   91.8045
 8.541   92.0530
 8.527   92.2810
 8.513   92.4856
 8.499   92.7029
 8.485   92.9548
 8.471   93.1570
 8.457   93.3977
 8.443   93.6165
 8.430   93.8230
 8.416   94.0476
 8.402   94.2312
 8.389   94.3867
 8.375   94.5359
 8.362   94.6921
 8.348   94.8291
 8.335   94.9385
 8.321   95.0544
 8.308   95.1934
 8.295   95.3281
 8.281   95.4600
 8.268   95.5769
 8.255   95.7197
 8.242   95.8604
 8.229   95.9678
 8.216   96.0662
 8.203   96.1453
 8.190   96.2166
 8.177   96.3044
 8.164   96.4285
 8.151   96.4958
 8.138   96.5713
 8.126   96.6208
 8.113   96.6785
 8.100   96.7305
 8.088   96.8691
 8.075   96.9705
 8.062   96.9880
 8.050   97.0583
 8.037   97.1006
 8.025   97.1299
 8.013   97.1670
 8.000   97.2498
 7.988   97.3044
 7.976   97.3340
 7.963   97.3682
 7.951   97.4490
 7.939   97.4695
 7.927   97.5361
 7.915   97.6081
 7.903   97.6269
 7.891   97.6267
 7.879   97.7139
 7.867   97.7822
 7.855   97.7947
 7.843   97.8174
 7.831   97.8616
 7.819   97.9150
 7.807   97.9541
 7.796   98.0017
 7.784   98.0290
 7.772   98.0478
 7.761   98.0925
 7.749   98.1572
 7.738   98.1728
 7.726   98.1804
 7.715   98.2068
 7.703   98.2217
 7.692   98.2781
 7.680   98.3591
 7.669   98.4104
 7.658   98.4258
 7.646   98.5010
 7.635   98.5332
 7.624   98.5332
 7.613   98.5459
 7.601   98.5662
 7.590   98.5613
 7.579   98.5762
 7.568   98.6345
 7.557   98.6536
 7.546   98.6892
 7.535   98.7725
 7.524   98.8467
 7.513   98.8777
 7.502   98.9375
 7.492   98.9714
 7.481   99.0137
 7.470   99.0530
 7.459   99.0915
 7.448   99.1035
 7.438   99.1308
 7.427   99.1641
 7.417   99.2041
 7.406   99.2063
 7.395   99.2019
 7.385   99.2229
 7.374   99.2285
 7.364   99.2734
 7.353   99.3122
 7.343   99.3269
 7.333   99.3371
 7.322   99.3281
 7.312   99.3240
 7.302   99.3193
 7.291   99.3281
 7.281   99.3701
 7.271   99.3584
 7.261   99.3769
 7.251   99.4001
 7.240   99.4326
 7.230   99.4939
 7.220   99.5461
 7.210   99.5246
 7.200   99.4665
 7.190   99.4570
 7.180   99.4941
 7.170   99.5246
 7.160   99.5476
 7.151   99.5703
 7.141   99.5957
 7.131   99.6035
 7.121   99.6775
 7.111   99.7578
 7.102   99.7829
 7.092   99.8162
 7.082   99.8791
 7.073   99.8943
 7.063   99.8838
 7.053   99.9394
 7.044   99.9368
 7.034   99.8826
 7.025   99.8562
 7.015   99.8171
 7.006   99.7707
 6.996   99.7607
 6.987   99.7405
 6.977   99.6658
 6.968   99.6960
 6.959   99.7771
 6.949   99.7370
 6.940   99.6848
 6.931   99.6807
 6.921   99.7226
 6.912   99.7624
 6.903   99.8074
 6.894   99.8389
 6.885   99.8447
 6.876   99.8537
 6.866   99.9568
 6.857   99.9726
 6.848   99.9065
 6.839   99.8945
 6.830   99.9392
 6.821   99.9748
 6.812   99.9805
 6.803  100.0056
 6.794  100.0925
 6.786  100.1169
 6.777  100.1101
 6.768  100.0808
 6.759  100.0586
 6.750  100.0937
 6.741  100.0818
 6.733  100.0488
 6.724  100.1016
 6.715  100.1550
 6.707  100.1504
 6.698  100.1474
 6.689  100.1667
 6.681  100.1775
 6.672  100.1462
 6.663  100.1308
 6.655  100.1213
 6.646  100.1279
 6.638  100.2048
 6.629  100.1660
 6.621  100.0798
 6.612  100.1035
 6.604  100.1611
 6.596  100.1467
 6.587  100.1318
 6.579  100.1540
 6.571  100.1628
 6.562  100.0820
 6.554  100.0315
 6.546   99.9607
 6.537   99.9170
 6.529   99.9431
 6.521   99.9695
 6.513   99.8542
 6.505   99.7370
 6.496   99.7363
 6.488   99.7158
 6.480   99.6592
 6.472   99.6282
 6.464   99.5976
 6.456   99.5622
 6.448   99.5928
 6.440   99.6179
 6.432   99.6565
 6.424   99.6728
 6.416   99.7695
 6.408   99.7519
 6.400   99.6260
 6.392   99.6123
 6.384   99.6406
 6.377   99.6120
 6.369   99.6037
 6.361   99.5674
 6.353   99.5105
 6.345   99.5466
 6.338   99.5007
 6.330   99.4167
 6.322   99.3806
 6.314   99.3799
 6.307   99.3887
 6.299   99.3496
 6.291   99.2910
 6.284   99.2441
 6.276   99.1912
 6.269   99.1194
 6.261   99.0144
 6.254   98.9206
 6.246   98.8017
 6.238   98.6514
 6.231   98.5544
 6.223   98.4492
 6.216   98.2898
 6.209   98.1169
 6.201   97.8594
 6.194   97.5681
 6.186   97.3271
 6.179   96.9548
 6.172   96.4695
 6.164   95.9502
 6.157   95.1865
 6.150   93.9988
 6.142   92.2852
 6.135   90.0459
 6.128   87.6795
 6.121   86.0750
 6.113   86.0899
 6.106   87.6023
 6.099   89.8797
 6.092   92.1709
 6.085   94.0398
 6.078   95.4043
 6.070   96.3252
 6.063   96.9021
 6.056   97.3809
 6.049   97.8623
 6.042   98.1208
 6.035   98.3008
 6.028   98.5408
 6.021   98.6511
 6.014   98.6711
 6.007   98.6641
 6.000   98.6660
 5.993   98.8093
 5.986   98.9570
 5.979   99.0361
 5.973   99.2178
 5.966   99.3994
 5.959   99.4880
 5.952   99.5935
 5.945   99.7370
 5.938   99.9470
 5.932  100.0371
 5.925  100.0371
 5.918  100.1035
 5.911  100.1592
 5.905  100.2097
 5.898  100.3691
 5.891  100.4043
 5.884  100.4463
 5.878  100.4980
 5.871  100.4150
 5.864  100.4238
 5.858  100.4431
 5.851  100.4277
 5.845  100.3906
 5.838  100.3669
 5.831  100.4209
 5.825  100.4792
 5.818  100.4844
 5.812  100.4053
 5.805  100.4053
 5.799  100.4485
 5.792  100.4363
 5.786  100.4250
 5.779  100.4150
 5.773  100.4355
 5.767  100.4831
 5.760  100.4404
 5.754  100.3865
 5.747  100.4109
 5.741  100.4287
 5.735  100.4101
 5.728  100.4109
 5.722  100.4148
 5.716  100.4355
 5.709  100.4529
 5.703  100.4245
 5.697  100.3738
 5.691  100.3603
 5.684  100.3347
 5.678  100.3362
 5.672  100.3337
 5.666  100.3191
 5.660  100.3152
 5.653  100.3484
 5.647  100.3721
 5.641  100.3992
 5.635  100.3518
 5.629  100.3369
 5.623  100.3552
 5.617  100.3379
 5.611  100.3518
 5.604  100.3386
 5.598  100.3083
 5.592  100.2568
 5.586  100.2578
 5.580  100.2959
 5.574  100.3240
 5.568  100.3242
 5.562  100.3708
 5.556  100.3874
 5.550  100.3906
 5.545  100.4231
 5.539  100.4177
 5.533  100.3906
 5.527  100.4138
 5.521  100.4424
 5.515  100.4531
 5.509  100.4599
 5.503  100.5105
 5.498  100.4968
 5.492  100.4951
 5.486  100.4934
 5.480  100.4880
 5.474  100.4812
 5.469  100.5105
 5.463  100.5390
 5.457  100.5029
 5.451  100.4961
 5.446  100.5095
 5.440  100.4973
 5.434  100.4902
 5.428  100.4988
 5.423  100.5215
 5.417  100.5098
 5.411  100.4675
 5.406  100.4197
 5.400  100.3904
 5.395  100.3955
 5.389  100.3865
 5.383  100.3420
 5.378  100.3310
 5.372  100.3506
 5.367  100.3503
 5.361  100.3408
 5.356  100.3515
 5.350  100.3542
 5.344  100.3328
 5.339  100.3164
 5.333  100.3515
 5.328  100.3474
 5.323  100.3581
 5.317  100.3913
 5.312  100.3867
 5.306  100.4045
 5.301  100.4206
 5.295  100.4277
 5.290  100.4343
 5.285  100.4365
 5.279  100.4358
 5.274  100.4082
 5.268  100.3972
 5.263  100.3845
 5.258  100.4043
 5.252  100.4197
 5.247  100.4333
 5.242  100.4343
 5.237  100.4258
 5.231  100.4365
 5.226  100.4402
 5.221  100.4258
 5.215  100.4228
 5.210  100.4326
 5.205  100.4375
 5.200  100.4590
 5.195  100.4629
 5.189  100.4675
 5.184  100.4971
 5.179  100.5244
 5.174  100.5517
 5.169  100.5303
 5.163  100.5361
 5.158  100.5554
 5.153  100.5820
 5.148  100.6081
 5.143  100.6250
 5.138  100.6423
 5.133  100.6413
 5.128  100.6482
 5.123  100.6367
 5.118  100.6218
 5.113  100.6150
 5.108  100.6279
 5.103  100.6462
 5.097  100.6435
 5.092  100.6494
 5.087  100.6716
 5.083  100.6726
 5.078  100.6628
 5.073  100.6406
 5.068  100.6279
 5.063  100.6318
 5.058  100.6506
 5.053  100.6579
 5.048  100.6648
 5.043  100.6628
 5.038  100.6794
 5.033  100.6872
 5.028  100.6711
 5.023  100.6472
 5.019  100.6755
 5.014  100.6511
 5.009  100.6623
 5.004  100.6677
 4.999  100.7014
 4.994  100.6872
 4.990  100.6492
 4.985  100.6457
 4.980  100.6428
 4.975  100.6487
 4.970  100.6472
 4.966  100.6404
 4.961  100.6355
 4.956  100.6335
 4.951  100.6350
 4.947  100.6267
 4.942  100.6218
 4.937  100.6496
 4.933  100.6526
 4.928  100.6355
 4.923  100.6335
 4.919  100.6369
 4.914  100.6389
 4.909  100.6721
 4.905  100.7234
 4.900  100.7038
 4.895  100.7063
 4.891  100.7175
 4.886  100.7136
 4.882  100.7200
 4.877  100.7107
 4.872  100.7292
 4.868  100.7292
 4.863  100.7224
 4.859  100.6975
 4.854  100.6965
 4.850  100.6994
 4.845  100.7239
 4.840  100.7615
 4.836  100.7888
 4.831  100.8083
 4.827  100.7942
 4.822  100.7859
 4.818  100.7449
 4.814  100.7615
 4.809  100.8035
 4.805  100.8191
 4.800  100.8132
 4.796  100.8357
 4.791  100.8030
 4.787  100.7937
 4.782  100.8166
 4.778  100.8415
 4.774  100.8655
 4.769  100.9040
 4.765  100.8987
 4.760  100.9045
 4.756  100.9011
 4.752  100.9177
 4.747  100.9255
 4.743  100.9265
 4.739  100.9661
 4.734  100.9744
 4.730  100.9704
 4.726  100.9568
 4.721  100.9836
 4.717  100.9778
 4.713  100.9597
 4.709  100.9568
 4.704  100.9470
 4.700  100.9577
 4.696  100.9592
 4.692  100.9704
 4.687  100.9787
 4.683  101.0163
 4.679  101.0466
 4.675  101.0500
 4.670  101.0290
 4.666  101.0325
 4.662  101.0618
 4.658  101.0627
 4.654  101.1120
 4.649  101.1223
 4.645  101.1438
 4.641  101.1628
 4.637  101.1311
 4.633  101.1306
 4.629  101.1501
 4.625  101.1687
 4.620  101.1775
 4.616  101.1697
 4.612  101.1560
 4.608  101.1311
 4.604  101.1804
 4.600  101.2278
 4.596  101.2541
 4.592  101.2522
 4.588  101.2619
 4.584  101.2683
 4.580  101.2395
 4.576  101.2346
 4.572  101.2204
 4.568  101.2322
 4.564  101.2287
 4.560  101.2317
 4.555  101.2546
 4.551  101.2141
 4.548  101.2160
 4.544  101.2209
 4.540  101.2048
 4.536  101.2073
 4.532  101.2165
 4.528  101.2322
 4.524  101.2302
 4.520  101.2248
 4.516  101.2117
 4.512  101.2053
 4.508  101.2117
 4.504  101.1990
 4.500  101.1794
 4.496  101.1814
 4.492  101.1902
 4.488  101.2004
 4.485  101.2654
 4.481  101.2410
 4.477  101.2410
 4.473  101.2727
 4.469  101.2527
 4.465  101.2117
 4.461  101.2107
 4.458  101.2244
 4.454  101.2136
 4.450  101.1975
 4.446  101.1804
 4.442  101.1970
 4.438  101.2034
 4.435  101.1921
 4.431  101.1916
 4.427  101.2107
 4.423  101.2185
 4.420  101.2287
 4.416  101.2209
 4.412  101.2341
 4.408  101.2790
 4.405  101.2991
 4.401  101.3347
 4.397  101.3000
 4.393  101.2995
 4.390  101.2820
 4.386  101.2663
 4.382  101.2898
 4.379  101.2878
 4.375  101.2619
 4.371  101.2619
 4.367  101.2829
 4.364  101.3093
 4.360  101.3474
 4.356  101.3152
 4.353  101.2673
 4.349  101.2698
 4.345  101.2483
 4.342  101.2414
 4.338  101.2634
 4.335  101.2971
 4.331  101.3191
 4.327  101.3347
 4.324  101.3616
 4.320  101.3367
 4.317  101.3005
 4.313  101.2663
 4.309  101.2927
 4.306  101.3191
 4.302  101.3030
 4.299  101.3210
 4.295  101.3015
 4.292  101.2624
 4.288  101.2839
 4.284  101.2908
 4.281  101.2639
 4.277  101.2580
 4.274  101.2698
 4.270  101.2585
 4.267  101.2546
 4.263  101.2776
 4.260  101.3103
 4.256  101.3161
 4.253  101.3035
 4.249  101.3054
 4.246  101.3352
 4.242  101.3503
 4.239  101.3611
 4.235  101.3484
 4.232  101.3323
 4.229  101.3445
 4.225  101.3738
 4.222  101.3459
 4.218  101.3093
 4.215  101.2859
 4.211  101.2742
 4.208  101.2561
 4.205  101.2756
 4.201  101.3244
 4.198  101.3537
 4.194  101.3244
 4.191  101.3327
 4.188  101.3064
 4.184  101.3069
 4.181  101.2927
 4.177  101.3030
 4.174  101.3127
 4.171  101.3572
 4.167  101.3415
 4.164  101.3132
 4.161  101.2991
 4.157  101.3005
 4.154  101.3113
 4.151  101.3010
 4.147  101.3127
 4.144  101.3508
 4.141  101.3425
 4.137  101.3298
 4.134  101.3386
 4.131  101.3367
 4.128  101.3835
 4.124  101.3982
 4.121  101.3884
 4.118  101.3855
 4.114  101.3967
 4.111  101.3777
 4.108  101.3728
 4.105  101.3782
 4.101  101.3806
 4.098  101.3747
 4.095  101.3362
 4.092  101.3181
 4.088  101.3518
 4.085  101.3435
 4.082  101.3523
 4.079  101.3630
 4.076  101.3699
 4.072  101.3420
 4.069  101.3323
 4.066  101.3342
 4.063  101.3367
 4.060  101.3049
 4.056  101.3323
 4.053  101.3386
 4.050  101.3327
 4.047  101.3210
 4.044  101.3694
 4.041  101.3323
 4.038  101.3049
 4.034  101.3889
 4.031  101.4050
 4.028  101.3503
 4.025  101.3083
 4.022  101.2991
 4.019  101.3220
 4.016  101.3503
 4.013  101.3733
 4.009  101.3904
 4.006  101.4280
 4.003  101.4265
 4.000  101.3855
 3.997  101.2947
 3.994  101.2693
 3.991  101.2439
 3.988  101.3142
 3.985  101.3855
 3.982  101.3479
 3.979  101.3464
 3.976  101.3147
 3.973  101.2869
 3.969  101.3049
 3.966  101.3161
 3.963  101.3088
 3.960  101.3191
 3.957  101.3401
 3.954  101.3537
 3.951  101.3498
 3.948  101.3284
 3.945  101.3474
 3.942  101.3513
 3.939  101.2908
 3.936  101.3044
 3.933  101.3005
 3.930  101.2995
 3.927  101.3201
 3.924  101.3381
 3.921  101.3406
 3.918  101.3537
 3.916  101.3210
 3.913  101.2566
 3.910  101.2380
 3.907  101.2405
 3.904  101.2424
 3.901  101.2908
 3.898  101.3069
 3.895  101.2888
 3.892  101.2639
 3.889  101.2444
 3.886  101.2346
 3.883  101.2712
 3.880  101.2478
 3.877  101.2400
 3.875  101.2244
 3.872  101.2405
 3.869  101.2268
 3.866  101.1892
 3.863  101.1760
 3.860  101.1745
 3.857  101.2107
 3.854  101.2410
 3.852  101.2312
 3.849  101.2253
 3.846  101.2131
 3.843  101.2068
 3.840  101.1936
 3.837  101.1589
 3.834  101.1545
 3.832  101.1955
 3.829  101.2029
 3.826  101.1838
 3.823  101.1365
 3.820  101.1736
 3.817  101.1413
 3.815  101.1247
 3.812  101.1286
 3.809  101.1174
 3.806  101.1091
 3.803  101.0862
 3.801  101.0730
 3.798  101.0823
 3.795  101.0466
 3.792  101.0720
 3.790  101.0730
 3.787  101.0959
 3.784  101.1013
 3.781  101.0954
 3.779  101.0705
 3.776  101.0661
 3.773  101.0837
 3.770  101.0608
 3.768  101.0178
 3.765  101.0124
 3.762  101.0261
 3.759  101.0452
 3.757  101.0036
 3.754  100.9763
 3.751  100.9548
 3.748  100.9646
 3.746  100.9455
 3.743  100.9294
 3.740  100.9685
 3.738  100.9553
 3.735  100.9372
 3.732  100.9162
 3.730  100.8889
 3.727  100.8591
 3.724  100.8459
 3.722  100.8581
 3.719  100.8479
 3.716  100.8166
 3.714  100.8127
 3.711  100.7771
 3.708  100.7507
 3.706  100.7449
 3.703  100.7331
 3.700  100.7561
 3.698  100.7698
 3.695  100.7615
 3.692  100.7380
 3.690  100.7327
 3.687  100.7429
 3.685  100.7678
 3.682  100.7522
 3.679  100.7449
 3.677  100.7151
 3.674  100.6643
 3.671  100.6135
 3.669  100.6101
 3.666  100.6369
 3.664  100.6619
 3.661  100.6838
 3.659  100.6741
 3.656  100.6658
 3.653  100.6697
 3.651  100.6448
 3.648  100.6462
 3.646  100.6482
 3.643  100.6233
 3.641  100.6057
 3.638  100.6057
 3.635  100.5940
 3.633  100.5803
 3.630  100.5036
 3.628  100.4861
 3.625  100.5329
 3.623  100.5002
 3.620  100.4333
 3.618  100.4241
 3.615  100.4431
 3.613  100.4534
 3.610  100.4392
 3.608  100.4827
 3.605  100.4768
 3.603  100.4690
 3.600  100.4626
 3.598  100.4353
 3.595  100.4358
 3.593  100.4206
 3.590  100.4490
 3.588  100.4138
 3.585  100.3884
 3.583  100.3806
 3.580  100.3850
 3.578  100.3694
 3.575  100.3806
 3.573  100.3845
 3.570  100.3577
 3.568  100.3205
 3.565  100.3264
 3.563  100.3025
 3.561  100.2995
 3.558  100.2737
 3.556  100.2170
 3.553  100.1819
 3.551  100.1897
 3.548  100.1853
 3.546  100.1877
 3.544  100.1955
 3.541  100.1643
 3.539  100.1697
 3.536  100.1799
 3.534  100.1970
 3.531  100.1853
 3.529  100.1638
 3.527  100.1760
 3.524  100.1975
 3.522  100.2268
 3.519  100.2204
 3.517  100.2146
 3.515  100.1540
 3.512  100.1370
 3.510  100.1404
 3.508  100.1423
 3.505  100.1755
 3.503  100.1794
 3.500  100.2151
 3.498  100.2600
 3.496  100.2615
 3.493  100.2341
 3.491  100.2224
 3.489  100.2517
 3.486  100.1858
 3.484  100.1365
 3.482  100.1169
 3.479  100.0730
 3.477  100.0320
 3.475   99.9870
 3.472   99.9646
 3.470   99.9236
 3.468   99.9060
 3.465   99.8928
 3.463   99.8630
 3.461   99.8694
 3.458   99.8909
 3.456   99.9304
 3.454   99.9509
 3.452   99.9319
 3.449   99.9475
 3.447   99.9099
 3.445   99.8787
 3.442   99.9275
 3.440   99.9529
 3.438  100.0002
 3.435  100.0154
 3.433  100.0173
 3.431   99.9807
 3.429   99.9509
 3.426   99.9685
 3.424   99.9997
 3.422  100.0662
 3.420  100.0452
 3.417  100.0237
 3.415  100.0037
 3.413  100.0115
 3.411   99.9792
 3.408   99.9612
 3.406   99.8870
 3.404   99.8284
 3.402   99.7873
 3.399   99.7771
 3.397   99.7663
 3.395   99.7703
 3.393   99.7971
 3.391   99.7829
 3.388   99.7346
 3.386   99.7146
 3.384   99.6872
 3.382   99.6370
 3.380   99.5896
 3.377   99.5564
 3.375   99.5471
 3.373   99.5393
 3.371   99.4919
 3.369   99.4665
 3.366   99.3987
 3.364   99.3713
 3.362   99.3445
 3.360   99.2751
 3.358   99.2361
 3.355   99.2405
 3.353   99.2561
 3.351   99.2341
 3.349   99.1716
 3.347   99.1702
 3.345   99.1736
 3.342   99.1526
 3.340   99.1506
 3.338   99.1267
 3.336   99.1194
 3.334   99.1038
 3.332   99.0862
 3.330   99.0823
 3.327   99.0837
 3.325   99.0022
 3.323   98.9704
 3.321   99.0251
 3.319   99.0100
 3.317   98.9983
 3.315   98.9495
 3.313   98.9519
 3.310   98.9104
 3.308   98.8572
 3.306   98.8791
 3.304   98.8909
 3.302   98.8967
 3.300   98.8933
 3.298   98.8747
 3.296   98.8069
 3.294   98.7439
 3.292   98.7268
 3.289   98.7190
 3.287   98.6501
 3.285   98.6194
 3.283   98.6404
 3.281   98.7092
 3.279   98.7463
 3.277   98.7478
 3.275   98.6501
 3.273   98.6384
 3.271   98.6267
 3.269   98.5466
 3.267   98.4997
 3.265   98.4861
 3.263   98.4939
 3.260   98.4372
 3.258   98.3913
 3.256   98.3621
 3.254   98.3328
 3.252   98.3259
 3.250   98.2859
 3.248   98.2771
 3.246   98.2693
 3.244   98.2312
 3.242   98.2107
 3.240   98.2126
 3.238   98.2029
 3.236   98.1628
 3.234   98.0681
 3.232   97.9744
 3.230   97.9763
 3.228   97.9050
 3.226   97.8269
 3.224   97.8406
 3.222   97.8923
 3.220   97.8650
 3.218   97.8621
 3.216   97.7703
 3.214   97.6902
 3.212   97.6511
 3.210   97.6277
 3.208   97.5974
 3.206   97.5828
 3.204   97.5232
 3.202   97.4597
 3.200   97.4177
 3.198   97.3572
 3.196   97.3826
 3.194   97.3210
 3.192   97.3035
 3.190   97.3025
 3.188   97.2947
 3.186   97.2859
 3.184   97.2312
 3.182   97.0964
 3.180   97.0632
 3.179   97.0447
 3.177   97.0359
 3.175   96.9529
 3.173   96.8845
 3.171   96.8669
 3.169   96.8210
 3.167   96.7556
 3.165   96.7722
 3.163   96.7029
 3.161   96.5876
 3.159   96.5007
 3.157   96.3894
 3.155   96.2488
 3.153   96.1999
 3.151   96.1619
 3.150   96.0388
 3.148   95.9880
 3.146   95.9578
 3.144   95.8621
 3.142   95.8904
 3.140   95.8318
 3.138   95.7869
 3.136   95.7996
 3.134   95.7615
 3.132   95.6248
 3.131   95.4617
 3.129   95.3269
 3.127   95.2888
 3.125   95.2166
 3.123   95.0945
 3.121   95.0085
 3.119   94.9646
 3.117   94.9451
 3.115   94.8640
 3.114   94.7732
 3.112   94.6462
 3.110   94.5085
 3.108   94.4685
 3.106   94.3630
 3.104   94.2322
 3.102   94.0837
 3.101   93.9880
 3.099   93.8640
 3.097   93.7595
 3.095   93.6355
 3.093   93.5847
 3.091   93.4773
 3.089   93.3894
 3.088   93.3435
 3.086   93.4236
 3.084   93.4314
 3.082   93.4392
 3.080   93.4851
 3.078   93.5486
 3.077   93.5144
 3.075   93.5232
 3.073   93.4431
 3.071   93.3757
 3.069   93.3337
 3.068   93.3406
 3.066   93.3025
 3.064   93.2791
 3.062   93.2322
 3.060   93.1404
 3.058   92.9861
 3.057   92.8572
 3.055   92.8250
 3.053   92.8318
 3.051   92.8259
 3.050   92.7507
 3.048   92.6062
 3.046   92.3328
 3.044   92.1658
 3.042   92.0701
 3.041   91.9841
 3.039   91.8513
 3.037   91.7673
 3.035   91.6951
 3.033   91.5984
 3.032   91.4461
 3.030   91.3416
 3.028   91.2088
 3.026   91.0945
 3.025   90.9695
 3.023   90.8601
 3.021   90.7322
 3.019   90.5320
 3.018   90.4822
 3.016   90.4539
 3.014   90.2986
 3.012   90.1716
 3.011   90.0642
 3.009   89.9851
 3.007   89.9119
 3.005   89.8240
 3.004   89.6892
 3.002   89.5447
 3.000   89.4187
 2.998   89.3084
 2.997   89.2703
 2.995   89.2000
 2.993   89.1033
 2.991   89.0115
 2.990   88.8718
 2.988   88.7312
 2.986   88.6638
 2.985   88.4998
 2.983   88.3963
 2.981   88.2947
 2.979   88.2039
 2.978   88.1297
 2.976   87.9773
 2.974   87.8318
 2.973   87.6023
 2.971   87.3670
 2.969   87.0935
 2.967   86.8474
 2.966   86.7302
 2.964   86.6326
 2.962   86.5740
 2.961   86.4607
 2.959   86.2976
 2.957   86.1062
 2.956   85.9461
 2.954   85.7263
 2.952   85.5750
 2.951   85.3992
 2.949   85.2263
 2.947   85.1648
 2.946   85.0857
 2.944   84.9578
 2.942   84.7615
 2.941   84.5154
 2.939   84.3172
 2.937   84.1111
 2.936   83.9070
 2.934   83.7068
 2.932   83.5398
 2.931   83.4109
 2.929   83.3162
 2.927   83.1765
 2.926   83.0310
 2.924   82.8211
 2.922   82.6267
 2.921   82.4236
 2.919   82.3084
 2.917   82.1404
 2.916   81.9920
 2.914   81.9617
 2.912   81.9070
 2.911   81.7674
 2.909   81.7117
 2.908   81.6453
 2.906   81.6209
 2.904   81.6404
 2.903   81.6336
 2.901   81.6297
 2.899   81.5867
 2.898   81.5867
 2.896   81.6326
 2.895   81.7195
 2.893   81.7361
 2.891   81.6697
 2.890   81.6648
 2.888   81.6961
 2.887   81.7244
 2.885   81.8211
 2.883   81.9724
 2.882   82.1492
 2.880   82.1961
 2.878   82.2351
 2.877   82.3133
 2.875   82.3904
 2.874   82.3631
 2.872   82.3523
 2.871   82.5135
 2.869   82.5935
 2.867   82.7000
 2.866   82.9070
 2.864   83.0642
 2.863   83.1443
 2.861   83.3162
 2.859   83.4383
 2.858   83.5623
 2.856   83.6961
 2.855   83.8162
 2.853   84.0174
 2.852   84.2234
 2.850   84.4178
 2.848   84.5310
 2.847   84.6101
 2.845   84.6765
 2.844   84.7429
 2.842   84.8435
 2.841   85.0398
 2.839   85.1678
 2.838   85.2556
 2.836   85.2986
 2.834   85.3533
 2.833   85.4236
 2.831   85.4529
 2.830   85.5545
 2.828   85.7429
 2.827   85.8474
 2.825   85.9920
 2.824   86.1873
 2.822   86.3015
 2.821   86.4343
 2.819   86.5515
 2.817   86.6443
 2.816   86.7429
 2.814   86.9119
 2.813   86.9851
 2.811   87.0467
 2.810   87.1179
 2.808   87.1765
 2.807   87.2664
 2.805   87.3406
 2.804   87.4773
 2.802   87.6453
 2.801   87.8181
 2.799   87.9763
 2.798   88.1101
 2.796   88.2341
 2.795   88.3201
 2.793   88.3758
 2.792   88.4304
 2.790   88.4461
 2.789   88.6062
 2.787   88.7947
 2.786   88.9021
 2.784   89.0916
 2.783   89.3025
 2.781   89.4724
 2.780   89.6453
 2.778   89.8533
 2.777   90.0056
 2.775   90.0427
 2.774   90.1131
 2.772   90.2576
 2.771   90.4461
 2.769   90.5711
 2.768   90.7810
 2.766   91.0437
 2.765   91.3123
 2.763   91.6179
 2.762   91.8240
 2.760   92.1580
 2.759   92.5232
 2.758   92.8992
 2.756   93.2849
 2.755   93.6423
 2.753   93.9177
 2.752   94.3279
 2.750   94.7078
 2.749   95.1257
 2.747   95.4968
 2.746   95.7634
 2.744   96.0232
 2.743   96.4216
 2.741   96.7205
 2.740   97.0281
 2.739   97.3054
 2.737   97.4578
 2.736   97.6218
 2.734   97.8914
 2.733   98.0749
 2.731   98.3064
 2.730   98.5115
 2.729   98.6560
 2.727   98.9109
 2.726   99.1033
 2.724   99.2888
 2.723   99.4382
 2.721   99.5466
 2.720   99.6755
 2.718   99.8162
 2.717   99.8279
 2.716   99.8757
 2.714   99.9529
 2.713  100.0828
 2.711  100.2302
 2.710  100.2888
 2.709  100.3044
 2.707  100.3591
 2.706  100.3826
 2.704  100.4685
 2.703  100.5398
 2.701  100.6286
 2.700  100.7576
 2.699  100.8679
 2.697  100.8865
 2.696  100.9470
 2.694  101.0661
 2.693  101.1326
 2.692  101.2146
 2.690  101.1599
 2.689  101.1960
 2.687  101.1990
 2.686  101.2439
 2.685  101.2702
 2.683  101.3396
 2.682  101.3835
 2.681  101.4812
 2.679  101.5505
 2.678  101.6130
 2.676  101.5896
 2.675  101.5710
 2.674  101.4773
 2.672  101.5593
 2.671  101.7781
 2.669  101.7937
 2.668  101.6677
 2.667  101.7263
 2.665  101.7195
 2.664  101.7185
 2.663  101.5740
 2.661  101.4802
 2.660  101.5163
 2.659  101.4841
 2.657  101.5193
 2.656  101.5740
 2.654  101.6404
 2.653  101.6374
 2.652  101.6492
 2.650  101.5661
 2.649  101.6531
 2.648  101.6267
 2.646  101.5740
 2.645  101.5749
 2.644  101.5583
 2.642  101.5593
 2.641  101.5896
 2.640  101.6013
 2.638  101.6286
 2.637  101.6638
 2.636  101.6794
 2.634  101.6716
 2.633  101.6814
 2.632  101.6247
 2.630  101.6443
 2.629  101.7009
 2.628  101.6775
 2.626  101.7243
 2.625  101.7634
 2.624  101.8298
 2.622  101.8376
 2.621  101.8630
 2.620  101.8415
 2.618  101.8552
 2.617  101.8591
 2.616  101.7947
 2.614  101.7283
 2.613  101.7868
 2.612  101.8122
 2.610  101.8240
 2.609  101.8357
 2.608  101.8747
 2.606  101.8591
 2.605  101.8884
 2.604  101.9236
 2.602  101.7966
 2.601  101.8064
 2.600  101.7654
 2.599  101.7126
 2.597  101.7302
 2.596  101.7673
 2.595  101.9158
 2.593  101.9197
 2.592  101.8767
 2.591  101.9822
 2.589  102.0857
 2.588  102.0701
 2.587  102.0525
 2.586  102.1443
 2.584  102.1189
 2.583  102.0447
 2.582  101.9216
 2.580  101.9060
 2.579  101.9490
 2.578  101.8747
 2.577  101.8689
 2.575  101.7595
 2.574  101.7536
 2.573  101.8943
 2.572  101.9255
 2.570  101.9021
 2.569  101.8064
 2.568  101.7673
 2.566  101.7478
 2.565  101.8689
 2.564  101.9861
 2.563  101.9861
 2.561  101.9451
 2.560  101.9236
 2.559  101.8591
 2.558  101.9216
 2.556  101.8689
 2.555  101.9138
 2.554  101.9392
 2.553  101.9470
 2.551  101.9411
 2.550  101.8767
 2.549  101.7654
 2.547  101.7810
 2.546  101.7478
 2.545  101.8240
 2.544  101.9177
 2.542  101.9451
 2.541  101.9607
 2.540  101.9939
 2.539  102.0115
 2.538  102.0251
 2.536  102.0583
 2.535  101.9783
 2.534  102.0622
 2.533  101.9841
 2.531  101.9490
 2.530  101.9158
 2.529  101.9216
 2.528  101.8474
 2.526  101.8904
 2.525  101.8533
 2.524  101.7693
 2.523  101.7908
 2.521  101.8318
 2.520  101.7829
 2.519  101.7810
 2.518  101.8513
 2.517  101.8767
 2.515  101.8943
 2.514  101.9568
 2.513  101.9607
 2.512  101.9607
 2.510  101.9099
 2.509  102.0329
 2.508  101.9529
 2.507  102.0564
 2.506  102.0251
 2.504  101.9060
 2.503  101.9079
 2.502  102.0095
 2.501  101.9314
 2.500  102.0349
 2.498  102.1677
 2.497  102.0779
 2.496  101.9490
 2.495  101.9060
 2.494  101.8591
 2.492  101.9392
 2.491  101.7693
 2.490  101.8708
 2.489  102.0036
 2.488  101.9548
 2.486  102.0622
 2.485  102.0251
 2.484  101.9802
 2.483  101.9646
 2.482  101.9490
 2.480  101.9236
 2.479  102.0740
 2.478  101.9997
 2.477  102.0505
 2.476  102.1599
 2.475  102.2068
 2.473  102.0408
 2.472  101.8669
 2.471  101.7908
 2.470  101.8513
 2.469  101.8708
 2.467  101.9001
 2.466  101.9685
 2.465  102.1716
 2.464  102.1189
 2.463  102.0857
 2.462  102.0036
 2.460  101.9704
 2.459  101.9646
 2.458  102.0544
 2.457  101.8279
 2.456  101.9646
 2.455  102.0076
 2.453  102.1013
 2.452  102.1189
 2.451  102.0701
 2.450  101.9958
 2.449  101.9958
 2.448  102.0095
 2.447  101.9568
 2.445  101.9939
 2.444  101.8044
 2.443  101.6247
 2.442  101.8005
 2.441  101.8591
 2.440  101.9939
 2.438  102.1482
 2.437  102.1326
 2.436  102.0349
 2.435  101.9685
 2.434  101.9529
 2.433  102.0329
 2.432  102.1326
 2.430  102.2029
 2.429  102.0036
 2.428  101.9411
 2.427  101.9099
 2.426  101.9236
 2.425  101.8923
 2.424  101.8044
 2.423  101.7497
 2.421  101.8982
 2.420  101.9783
 2.419  101.9997
 2.418  102.0036
 2.417  101.8611
 2.416  101.8318
 2.415  101.9333
 2.413  102.0876
 2.412  102.1501
 2.411  102.2439
 2.410  102.2361
 2.409  102.0329
 2.408  101.9060
 2.407  101.9236
 2.406  101.8669
 2.405  101.9158
 2.403  102.0329
 2.402  102.1423
 2.401  102.2204
 2.400  102.1326
 2.399  102.0173
 2.398  102.0818
 2.397  102.1091
 2.396  102.1033
 2.395  101.9607
 2.393  101.8611
 2.392  101.8982
 2.391  101.9548
 2.390  101.7927
 2.389  101.7927
 2.388  101.8435
 2.387  101.9841
 2.386  102.1169
 2.385  102.1404
 2.384  102.1052
 2.382  102.1052
 2.381  102.0076
 2.380  101.8689
 2.379  101.8845
 2.378  101.9685
 2.377  102.0720
 2.376  102.0076
 2.375  102.0408
 2.374  102.1482
 2.373  102.2068
 2.372  102.2263
 2.370  102.3161
 2.369  102.3318
 2.368  102.3611
 2.367  102.3982
 2.366  102.3826
 2.365  102.2068
 2.364  102.2048
 2.363  102.0251
 2.362  101.7595
 2.361  101.9392
 2.360  102.0720
 2.359  102.0017
 2.358  101.9158
 2.356  101.9802
 2.355  101.9646
 2.354  102.0486
 2.353  102.0544
 2.352  101.9997
 2.351  101.9763
 2.350  102.0779
 2.349  101.9392
 2.348  101.9997
 2.347  101.9919
 2.346  102.0505
 2.345  102.1404
 2.344  102.1560
 2.343  102.1911
 2.342  102.2341
 2.340  102.2654
 2.339  102.2439
 2.338  102.1247
 2.337  101.9451
 2.336  102.1130
 2.335  102.1794
 2.334  102.1716
 2.333  102.0954
 2.332  102.3533
 2.331  102.2849
 2.330  102.1736
 2.329  102.0642
 2.328  101.9568
 2.327  101.9236
 2.326  102.0251
 2.325  102.0720
 2.324  102.0622
 2.323  102.1658
 2.322  102.1638
 2.321  102.1638
 2.320  102.2029
 2.318  102.1169
 2.317  102.0544
 2.316  102.0701
 2.315  102.2048
 2.314  102.3122
 2.313  102.3669
 2.312  102.4626
 2.311  102.5232
 2.310  102.4763
 2.309  102.3064
 2.308  102.0720
 2.307  102.2204
 2.306  102.1970
 2.305  102.2654
 2.304  102.3591
 2.303  102.2732
 2.302  102.2986
 2.301  102.1970
 2.300  102.2185
 2.299  102.0251
 2.298  101.8923
 2.297  101.7576
 2.296  101.8747
 2.295  102.0876
 2.294  102.1638
 2.293  102.2185
 2.292  102.3513
 2.291  102.5329
 2.290  102.5779
 2.289  102.4548
 2.288  102.3669
 2.287  102.3044
 2.286  102.3923
 2.285  102.3923
 2.284  102.4314
 2.283  102.3435
 2.282  102.2732
 2.281  102.1404
 2.280  102.0720
 2.279  101.7029
 2.278  102.0173
 2.277  102.1716
 2.276  102.1013
 2.275  102.1560
 2.274  102.2126
 2.273  102.3279
 2.272  102.3435
 2.271  102.3904
 2.270  102.4646
 2.269  102.4724
 2.268  102.4490
 2.267  102.4294
 2.266  102.3552
 2.265  102.1716
 2.264  102.2771
 2.263  102.3513
 2.262  102.4685
 2.261  102.4958
 2.260  102.4880
 2.259  102.4021
 2.258  102.1794
 2.257  102.0661
 2.256  102.0036
 2.255  102.3357
 2.254  102.4529
 2.253  102.7224
 2.252  102.7107
 2.251  102.7615
 2.250  102.5818
 2.249  102.3318
 2.248  102.1833
 2.247  101.9490
 2.246  101.8513
 2.245  102.0622
 2.244  102.2849
 2.243  102.2029
 2.242  102.2497
 2.241  102.3826
 2.240  102.2263
 2.239  102.1404
 2.238  102.2341
 2.237  102.3357
 2.236  102.3708
 2.236  102.5622
 2.235  102.6404
 2.234  102.5427
 2.233  102.4958
 2.232  102.5622
 2.231  102.5935
 2.230  102.5232
 2.229  102.4841
 2.228  102.5974
 2.227  102.3161
 2.226  101.9841
 2.225  102.0036
 2.224  102.1091
 2.223  102.3826
 2.222  102.4529
 2.221  102.5076
 2.220  102.6247
 2.219  102.6521
 2.218  102.4919
 2.217  102.2380
 2.216  102.3005
 2.215  102.2576
 2.215  102.2458
 2.214  102.2693
 2.213  102.1872
 2.212  102.1560
 2.211  102.3044
 2.210  102.3943
 2.209  102.3904
 2.208  102.4294
 2.207  102.5700
 2.206  102.5036
 2.205  102.8044
 2.204  102.8044
 2.203  102.6130
 2.202  102.5779
 2.201  102.5154
 2.200  102.4255
 2.199  102.4802
 2.199  102.5466
 2.198  102.5349
 2.197  102.5779
 2.196  102.7497
 2.195  102.8357
 2.194  103.0466
 2.193  102.8708
 2.192  102.6950
 2.191  102.7068
 2.190  102.6404
 2.189  102.5232
 2.188  102.7146
 2.187  102.7849
 2.186  102.7341
 2.186  102.6521
 2.185  102.5466
 2.184  102.5388
 2.183  102.3669
 2.182  101.9724
 2.181  102.1247
 2.180  102.5193
 2.179  102.5583
 2.178  102.6482
 2.177  102.4841
 2.176  102.6286
 2.175  102.4216
 2.175  102.2497
 2.174  102.3161
 2.173  102.4216
 2.172  102.7263
 2.171  102.8279
 2.170  102.7029
 2.169  102.6872
 2.168  102.7536
 2.167  102.8786
 2.166  102.7810
 2.165  102.6404
 2.165  102.7224
 2.164  102.7810
 2.163  102.8474
 2.162  102.7497
 2.161  102.7263
 2.160  102.7693
 2.159  102.7966
 2.158  102.8318
 2.157  102.8044
 2.156  102.7536
 2.156  102.8044
 2.155  102.7224
 2.154  102.5154
 2.153  102.6286
 2.152  102.9646
 2.151  102.6794
 2.150  102.4607
 2.149  102.4763
 2.148  102.4216
 2.148  102.4451
 2.147  102.7107
 2.146  102.8122
 2.145  102.7849
 2.144  102.6013
 2.143  102.5935
 2.142  102.4099
 2.141  102.2576
 2.140  102.4255
 2.140  102.5388
 2.139  102.5310
 2.138  102.5857
 2.137  102.8435
 2.136  102.9372
 2.135  103.0466
 2.134  102.8200
 2.133  102.5857
 2.133  102.4372
 2.132  102.6208
 2.131  102.6638
 2.130  102.6599
 2.129  102.8904
 2.128  102.7966
 2.127  102.6911
 2.126  102.6286
 2.126  102.6638
 2.125  102.5700
 2.124  102.5154
 2.123  102.5974
 2.122  102.6911
 2.121  102.9138
 2.120  103.1638
 2.119  103.1247
 2.119  103.0935
 2.118  102.9099
 2.117  102.9255
 2.116  103.1286
 2.115  103.0935
 2.114  103.0779
 2.113  102.9138
 2.113  102.9216
 2.112  103.2068
 2.111  103.3669
 2.110  103.2029
 2.109  103.2654
 2.108  103.0974
 2.107  102.7966
 2.107  102.6091
 2.106  102.4255
 2.105  102.3318
 2.104  102.5193
 2.103  102.7380
 2.102  102.8161
 2.101  102.9138
 2.101  102.7341
 2.100  102.8005
 2.099  102.8122
 2.098  103.1911
 2.097  103.1560
 2.096  103.0036
 2.095  103.2810
 2.095  103.1443
 2.094  102.8786
 2.093  102.8747
 2.092  103.1169
 2.091  103.0661
 2.090  103.3044
 2.090  103.2029
 2.089  103.2732
 2.088  103.0974
 2.087  103.0661
 2.086  103.1325
 2.085  102.9724
 2.085  102.9216
 2.084  102.8591
 2.083  102.9216
 2.082  102.9763
 2.081  102.9450
 2.080  102.8279
 2.079  102.6130
