Name: Cryolite Na_3AlF_6
Type: Mineral
Class: Halides
Subclass: 
Particle Size: 125-500um
Sample No.: H-1A
Owner: JPL
Wavelength range: IR
Origin: Denmark, Greenland, Ivigtut
Collected by Ward's
Description: 





Measurement: Hemispherical reflectance
First Column: X
Second Column: Y
X Units:  Wavelength (micrometers)
Y Units:  Reflectance (percent)
First X Value: 15.3853
Last X Value: 2.00032
Number of X Values: 2256
Additional information: h01aa.txt
15.385   40.1220
15.340   40.0391
15.294   39.8589
15.249   39.5392
15.205   39.0649
15.160   38.8335
15.116   38.5115
15.072   37.6882
15.028   36.6385
14.985   35.6449
14.942   34.2132
14.899   32.6583
14.856   31.0641
14.814   29.5109
14.772   27.9487
14.730   26.0463
14.688   24.0786
14.646   22.2493
14.605   20.4710
14.564   18.9921
14.523   17.7139
14.483   16.2658
14.442   14.8132
14.402   13.4618
14.362   12.2258
14.323   11.1662
14.283   10.0535
14.244    9.2262
14.205    8.4533
14.166    7.5550
14.128    6.7341
14.089    5.9402
14.051    5.3398
14.013    4.8732
13.975    4.3618
13.938    3.8074
13.900    3.4849
13.863    3.1311
13.826    2.7682
13.790    2.4451
13.753    2.1349
13.717    1.8510
13.680    1.5530
13.644    1.2846
13.608    1.3464
13.573    1.2346
13.537    1.0202
13.502    1.0500
13.467    0.8374
13.432    0.7231
13.398    0.7567
13.363    0.6765
13.329    0.5946
13.294    0.5599
13.260    0.3444
13.227    0.1976
13.193    0.1327
13.160    0.2635
13.126    0.4344
13.093    0.4482
13.060    0.2320
13.027    0.1580
12.995    0.1351
12.962    0.1671
12.930    0.0619
12.898    0.0304
12.866    0.0956
12.834    0.2072
12.802    0.2070
12.771    0.1890
12.739    0.1752
12.708    0.1300
12.677    0.1844
12.646    0.0454
12.615    0.0780
12.585    0.0643
12.554    0.0000
12.524    0.0000
12.494    0.0000
12.464    0.0697
12.434    0.0814
12.404    0.1320
12.374    0.0934
12.345    0.0000
12.316    0.0206
12.286    0.0553
12.257    0.0000
12.228    0.0000
12.200    0.0000
12.171    0.0170
12.143    0.1409
12.114    0.1093
12.086    0.0000
12.058    0.0408
12.030    0.0541
12.002    0.1904
11.974    0.2153
11.947    0.1306
11.919    0.0701
11.892    0.0531
11.865    0.0536
11.838    0.0887
11.811    0.1857
11.784    0.4004
11.757    0.3796
11.730    0.2304
11.704    0.1245
11.678    0.1101
11.651    0.0478
11.625    0.0619
11.599    0.1066
11.573    0.1477
11.547    0.1997
11.522    0.2273
11.496    0.2249
11.471    0.2330
11.445    0.1941
11.420    0.1711
11.395    0.3009
11.370    0.4645
11.345    0.3610
11.321    0.3631
11.296    0.3727
11.271    0.3530
11.247    0.2767
11.223    0.2231
11.198    0.2379
11.174    0.3125
11.150    0.4785
11.126    0.4896
11.102    0.3570
11.079    0.3414
11.055    0.2062
11.032    0.0844
11.008    0.1725
10.985    0.3648
10.962    0.3630
10.938    0.3805
10.915    0.4580
10.893    0.3502
10.870    0.1968
10.847    0.2192
10.824    0.2623
10.802    0.2897
10.779    0.2986
10.757    0.3459
10.735    0.4029
10.713    0.3224
10.690    0.1828
10.668    0.3282
10.647    0.4624
10.625    0.4360
10.603    0.3954
10.581    0.4715
10.560    0.3728
10.538    0.3051
10.517    0.2866
10.496    0.2274
10.474    0.3060
10.453    0.2510
10.432    0.1548
10.411    0.2595
10.390    0.2717
10.370    0.2789
10.349    0.2828
10.328    0.2862
10.308    0.2469
10.287    0.2447
10.267    0.3420
10.247    0.3111
10.227    0.1890
10.206    0.2434
10.186    0.3015
10.166    0.3148
10.146    0.3151
10.127    0.3376
10.107    0.3410
10.087    0.2684
10.068    0.1817
10.048    0.2901
10.029    0.4147
10.009    0.3907
 9.990    0.2206
 9.971    0.2677
 9.952    0.2875
 9.933    0.2274
 9.914    0.2290
 9.895    0.2996
 9.876    0.2975
 9.857    0.3159
 9.838    0.4693
 9.820    0.5660
 9.801    0.5700
 9.783    0.6132
 9.764    0.6374
 9.746    0.6326
 9.728    0.4927
 9.709    0.4353
 9.691    0.4577
 9.673    0.4391
 9.655    0.5376
 9.637    0.5748
 9.619    0.6284
 9.602    0.6200
 9.584    0.5072
 9.566    0.6112
 9.549    0.8225
 9.531    0.9803
 9.513    0.9330
 9.496    0.8054
 9.479    0.6508
 9.461    0.6998
 9.444    0.7377
 9.427    0.7960
 9.410    0.9502
 9.393    1.0098
 9.376    0.8208
 9.359    0.9016
 9.342    1.0700
 9.325    1.1571
 9.309    1.1878
 9.292    1.2243
 9.275    1.3920
 9.259    1.6903
 9.242    1.8036
 9.226    1.9660
 9.209    2.3139
 9.193    2.6263
 9.177    2.8696
 9.160    3.1102
 9.144    3.3301
 9.128    3.7235
 9.112    4.0962
 9.096    4.4025
 9.080    4.7090
 9.064    4.9959
 9.049    5.2081
 9.033    5.3887
 9.017    5.4622
 9.001    5.2828
 8.986    5.2434
 8.970    5.3212
 8.955    5.0767
 8.939    4.7389
 8.924    4.4184
 8.909    4.0127
 8.893    3.7075
 8.878    3.5880
 8.863    3.2988
 8.848    3.2029
 8.833    3.1289
 8.818    3.0242
 8.803    2.8906
 8.788    2.7897
 8.773    2.7702
 8.758    2.8736
 8.743    3.1205
 8.729    3.3799
 8.714    3.4923
 8.699    3.6968
 8.685    3.9233
 8.670    4.0353
 8.656    4.1981
 8.641    4.6236
 8.627    5.0791
 8.613    5.4735
 8.598    5.8725
 8.584    6.3858
 8.570    6.9225
 8.556    7.3777
 8.542    7.6085
 8.528    7.8964
 8.514    8.2183
 8.500    8.3300
 8.486    8.4577
 8.472    8.6587
 8.458    8.8303
 8.444    8.9322
 8.431    9.0171
 8.417    9.2740
 8.403    9.3829
 8.390    9.4883
 8.376    9.6061
 8.363    9.6410
 8.349    9.7476
 8.336    9.9374
 8.322    9.9483
 8.309    9.9017
 8.296   10.1185
 8.282   10.4290
 8.269   10.5743
 8.256   10.6425
 8.243   10.8109
 8.230   11.1380
 8.217   11.5128
 8.204   11.9326
 8.191   12.3871
 8.178   12.9895
 8.165   13.8191
 8.152   14.7157
 8.139   15.5271
 8.127   16.4662
 8.114   17.4355
 8.101   18.3256
 8.089   19.3044
 8.076   20.2794
 8.063   21.1763
 8.051   22.1139
 8.039   22.9516
 8.026   23.6802
 8.014   24.3100
 8.001   25.0058
 7.989   25.7281
 7.977   26.4133
 7.964   27.0847
 7.952   27.6993
 7.940   28.2299
 7.928   28.7087
 7.916   29.1912
 7.904   29.6897
 7.892   30.1566
 7.880   30.5332
 7.868   30.8884
 7.856   31.2918
 7.844   31.5643
 7.832   31.7692
 7.820   32.0236
 7.808   32.2712
 7.797   32.5286
 7.785   32.7323
 7.773   32.9324
 7.762   33.1506
 7.750   33.3100
 7.739   33.4201
 7.727   33.5300
 7.716   33.7127
 7.704   33.8527
 7.693   34.0030
 7.681   34.1794
 7.670   34.2450
 7.659   34.2959
 7.647   34.4301
 7.636   34.5807
 7.625   34.6807
 7.614   34.8049
 7.602   34.8513
 7.591   34.8492
 7.580   34.8947
 7.569   34.9566
 7.558   35.0945
 7.547   35.1761
 7.536   35.1962
 7.525   35.1979
 7.514   35.2010
 7.503   35.1638
 7.493   35.1283
 7.482   35.1505
 7.471   35.2011
 7.460   35.1348
 7.449   34.8693
 7.439   34.7305
 7.428   34.6380
 7.418   34.4459
 7.407   34.3069
 7.396   34.1909
 7.386   34.0887
 7.375   33.9872
 7.365   33.8798
 7.354   33.8695
 7.344   33.8794
 7.334   33.8247
 7.323   33.6735
 7.313   33.6920
 7.303   33.7370
 7.292   33.7621
 7.282   33.9702
 7.272   34.1087
 7.262   34.0488
 7.252   34.0939
 7.241   34.1991
 7.231   34.3366
 7.221   34.5606
 7.211   34.9844
 7.201   35.0452
 7.191   34.9484
 7.181   35.2763
 7.171   35.8232
 7.161   36.0124
 7.152   36.1999
 7.142   36.3587
 7.132   36.3858
 7.122   36.7365
 7.112   36.9657
 7.103   37.1047
 7.093   37.3952
 7.083   37.6842
 7.073   37.9833
 7.064   38.4457
 7.054   39.2360
 7.045   39.8988
 7.035   39.6592
 7.026   39.7660
 7.016   40.0179
 7.007   40.2707
 6.997   40.7999
 6.988   41.1246
 6.978   41.3242
 6.969   42.1294
 6.960   42.9335
 6.950   42.6149
 6.941   42.5856
 6.932   42.8556
 6.922   43.2604
 6.913   43.7491
 6.904   44.1476
 6.895   44.2860
 6.886   44.6104
 6.876   45.2970
 6.867   46.9187
 6.858   47.2731
 6.849   46.3673
 6.840   46.2490
 6.831   46.9727
 6.822   47.3734
 6.813   47.2979
 6.804   47.7261
 6.795   48.8651
 6.786   49.4439
 6.778   49.2371
 6.769   49.2294
 6.760   49.3152
 6.751   49.6844
 6.742   49.9012
 6.734   50.2782
 6.725   50.9494
 6.716   51.6160
 6.707   51.6973
 6.699   51.3558
 6.690   51.8624
 6.681   52.6234
 6.673   52.4616
 6.664   52.0775
 6.656   51.9724
 6.647   52.9569
 6.639   54.5698
 6.630   53.9831
 6.622   52.6519
 6.613   52.3021
 6.605   52.1730
 6.596   52.5060
 6.588   52.5938
 6.580   52.9664
 6.571   53.4776
 6.563   52.6857
 6.555   52.4172
 6.547   52.1641
 6.538   51.8239
 6.530   52.0158
 6.522   52.7054
 6.514   52.4273
 6.505   52.7823
 6.497   54.5063
 6.489   54.8253
 6.481   53.9545
 6.473   53.4834
 6.465   52.9655
 6.457   52.9749
 6.449   53.2002
 6.441   53.3731
 6.433   53.9490
 6.425   54.7238
 6.417   56.6175
 6.409   56.1189
 6.401   54.0808
 6.393   53.5949
 6.385   53.5627
 6.377   53.8214
 6.370   54.2136
 6.362   53.6473
 6.354   53.7305
 6.346   54.7357
 6.338   54.3531
 6.331   53.5405
 6.323   53.5198
 6.315   53.5601
 6.308   53.6181
 6.300   53.6157
 6.292   53.5864
 6.285   53.5690
 6.277   53.6591
 6.269   53.6394
 6.262   53.5909
 6.254   53.5147
 6.247   53.4856
 6.239   53.4370
 6.232   53.3618
 6.224   53.2404
 6.217   53.2002
 6.209   53.0613
 6.202   52.7978
 6.195   53.0608
 6.187   54.1056
 6.180   53.7667
 6.172   53.0263
 6.165   53.3470
 6.158   53.6512
 6.150   53.3466
 6.143   53.2884
 6.136   53.1111
 6.129   52.9852
 6.121   53.6978
 6.114   54.7453
 6.107   53.9998
 6.100   53.1634
 6.093   53.0087
 6.085   53.1717
 6.078   54.1025
 6.071   54.6337
 6.064   53.9636
 6.057   54.6456
 6.050   56.7554
 6.043   55.4266
 6.036   53.6920
 6.029   53.4800
 6.022   53.8742
 6.015   54.4907
 6.008   54.3845
 6.001   54.5194
 5.994   55.5858
 5.987   56.2141
 5.980   56.1410
 5.973   56.9468
 5.966   57.5956
 5.960   57.3268
 5.953   57.8396
 5.946   58.9425
 5.939   60.8838
 5.932   60.8690
 5.926   60.0650
 5.919   60.2743
 5.912   60.5267
 5.905   61.2832
 5.899   63.0696
 5.892   63.3869
 5.885   64.2332
 5.878   64.7328
 5.872   63.3048
 5.865   63.5515
 5.859   63.6422
 5.852   63.5277
 5.845   63.7130
 5.839   64.3353
 5.832   65.3112
 5.826   66.5518
 5.819   66.7333
 5.813   65.6751
 5.806   65.4612
 5.800   65.8351
 5.793   66.1122
 5.787   66.5493
 5.780   67.1137
 5.774   68.0820
 5.767   69.4956
 5.761   68.6947
 5.755   68.0199
 5.748   68.6913
 5.742   68.6412
 5.735   68.6701
 5.729   68.8070
 5.723   69.2241
 5.716   69.7553
 5.710   70.1200
 5.704   69.5685
 5.698   69.5524
 5.691   69.9386
 5.685   69.8185
 5.679   70.2130
 5.673   70.3320
 5.666   69.9736
 5.660   70.3797
 5.654   70.8214
 5.648   71.3460
 5.642   72.0098
 5.636   71.3858
 5.630   70.8591
 5.623   70.8648
 5.617   71.0988
 5.611   71.1379
 5.605   71.2716
 5.599   71.3370
 5.593   71.2156
 5.587   71.6168
 5.581   72.3713
 5.575   72.3203
 5.569   71.7616
 5.563   71.7986
 5.557   72.0986
 5.551   72.3007
 5.545   72.1921
 5.539   72.1658
 5.533   72.2137
 5.528   72.5276
 5.522   72.7886
 5.516   72.7570
 5.510   72.7102
 5.504   72.9584
 5.498   73.1157
 5.492   73.2839
 5.487   73.5191
 5.481   74.0123
 5.475   74.1233
 5.469   74.4006
 5.463   74.7962
 5.458   74.5929
 5.452   74.5144
 5.446   74.6308
 5.441   74.7154
 5.435   74.8446
 5.429   75.3349
 5.423   76.2108
 5.418   76.0876
 5.412   75.7030
 5.407   75.6309
 5.401   75.6277
 5.395   75.8208
 5.390   75.9633
 5.384   76.0667
 5.378   76.2066
 5.373   76.3448
 5.367   76.4649
 5.362   76.6373
 5.356   77.0734
 5.351   77.4632
 5.345   77.1558
 5.340   76.8367
 5.334   76.9124
 5.329   76.9836
 5.323   77.0550
 5.318   77.1125
 5.312   77.2542
 5.307   77.3559
 5.301   77.3811
 5.296   77.6393
 5.291   77.8473
 5.285   77.7003
 5.280   77.7752
 5.274   77.8512
 5.269   77.8367
 5.264   77.8177
 5.258   77.8884
 5.253   77.9502
 5.248   78.0120
 5.242   78.1019
 5.237   78.1927
 5.232   78.1648
 5.227   78.1658
 5.221   78.2540
 5.216   78.6063
 5.211   78.6581
 5.206   78.5101
 5.200   78.5767
 5.195   78.4859
 5.190   78.4107
 5.185   78.4487
 5.180   78.5426
 5.174   78.6295
 5.169   78.6845
 5.164   78.7212
 5.159   78.7485
 5.154   78.8411
 5.149   79.0808
 5.144   79.0152
 5.139   78.9011
 5.133   78.9341
 5.128   78.9648
 5.123   79.0157
 5.118   79.0568
 5.113   79.1019
 5.108   79.0892
 5.103   79.2039
 5.098   79.2342
 5.093   79.2118
 5.088   79.2885
 5.083   79.3806
 5.078   79.3085
 5.073   79.2963
 5.068   79.3116
 5.063   79.3500
 5.058   79.3571
 5.053   79.3245
 5.049   79.2957
 5.044   79.3109
 5.039   79.3013
 5.034   79.3246
 5.029   79.3473
 5.024   79.3804
 5.019   79.4747
 5.014   79.4375
 5.010   79.4047
 5.005   79.3614
 5.000   79.3163
 4.995   79.3726
 4.990   79.3603
 4.985   79.3280
 4.981   79.3841
 4.976   79.4185
 4.971   79.3829
 4.966   79.3617
 4.962   79.3769
 4.957   79.4540
 4.952   79.4408
 4.947   79.3536
 4.943   79.3490
 4.938   79.3697
 4.933   79.3607
 4.929   79.3439
 4.924   79.2992
 4.919   79.2846
 4.915   79.2815
 4.910   79.2581
 4.905   79.1846
 4.901   79.1822
 4.896   79.1630
 4.891   79.1435
 4.887   79.1103
 4.882   79.0711
 4.878   78.9845
 4.873   78.9633
 4.868   78.9787
 4.864   78.9926
 4.859   78.9530
 4.855   78.9420
 4.850   78.9349
 4.846   78.9354
 4.841   79.0045
 4.837   78.9489
 4.832   78.8789
 4.828   78.8803
 4.823   78.8221
 4.819   78.8250
 4.814   78.8567
 4.810   78.8380
 4.805   78.8638
 4.801   78.8820
 4.796   78.8037
 4.792   78.7927
 4.787   78.8049
 4.783   78.8066
 4.779   78.8282
 4.774   78.8326
 4.770   78.7607
 4.765   78.7874
 4.761   78.8062
 4.757   78.7832
 4.752   78.7435
 4.748   78.7884
 4.744   78.7943
 4.739   78.7881
 4.735   78.8114
 4.731   78.7865
 4.726   78.7050
 4.722   78.7164
 4.718   78.7487
 4.713   78.7002
 4.709   78.6727
 4.705   78.6634
 4.701   78.5927
 4.696   78.5409
 4.692   78.5056
 4.688   78.4749
 4.684   78.4146
 4.679   78.3874
 4.675   78.3450
 4.671   78.3004
 4.667   78.2466
 4.663   78.1861
 4.658   78.1574
 4.654   78.1541
 4.650   78.1167
 4.646   78.0663
 4.642   78.0334
 4.638   78.0548
 4.633   78.0547
 4.629   78.0582
 4.625   78.1014
 4.621   78.0806
 4.617   78.1462
 4.613   78.2694
 4.609   78.2456
 4.605   78.2873
 4.601   78.3931
 4.596   78.4893
 4.592   78.5368
 4.588   78.6023
 4.584   78.6846
 4.580   78.7983
 4.576   78.9291
 4.572   79.0222
 4.568   79.1489
 4.564   79.2858
 4.560   79.3736
 4.556   79.4516
 4.552   79.4579
 4.548   79.5498
 4.544   79.6770
 4.540   79.7608
 4.536   79.8261
 4.532   79.8835
 4.528   79.9568
 4.524   80.0417
 4.520   80.1382
 4.516   80.1790
 4.512   80.1907
 4.509   80.2804
 4.505   80.3303
 4.501   80.3316
 4.497   80.3924
 4.493   80.4820
 4.489   80.5367
 4.485   80.6269
 4.481   80.6772
 4.477   80.6321
 4.474   80.6169
 4.470   80.6918
 4.466   80.7552
 4.462   80.8355
 4.458   80.8485
 4.454   80.8926
 4.450   80.8601
 4.447   80.7934
 4.443   80.8235
 4.439   80.9146
 4.435   80.9631
 4.431   80.9759
 4.428   80.9833
 4.424   81.0358
 4.420   81.0729
 4.416   81.1324
 4.413   81.0630
 4.409   81.0053
 4.405   81.0495
 4.401   81.0618
 4.398   81.0027
 4.394   80.8795
 4.390   80.8614
 4.386   80.9952
 4.383   81.1260
 4.379   81.2044
 4.375   81.2747
 4.372   81.3609
 4.368   81.4024
 4.364   81.4405
 4.361   81.4534
 4.357   81.4341
 4.353   81.4118
 4.350   81.3978
 4.346   81.3561
 4.342   81.3102
 4.339   81.3080
 4.335   81.3363
 4.332   81.2908
 4.328   81.1147
 4.324   80.9345
 4.321   80.8395
 4.317   80.7576
 4.314   80.5708
 4.310   80.2917
 4.306   80.0489
 4.303   79.7188
 4.299   79.2983
 4.296   78.8363
 4.292   78.2774
 4.289   77.5253
 4.285   76.5038
 4.281   75.1094
 4.278   73.0518
 4.274   70.2576
 4.271   67.5194
 4.267   66.4019
 4.264   67.6862
 4.260   70.4118
 4.257   73.0960
 4.253   75.2876
 4.250   76.9488
 4.246   78.1155
 4.243   79.0082
 4.239   79.6824
 4.236   80.1327
 4.233   80.4838
 4.229   80.8131
 4.226   81.1434
 4.222   81.3839
 4.219   81.5626
 4.215   81.7768
 4.212   81.9681
 4.208   82.1901
 4.205   82.2707
 4.202   82.3883
 4.198   82.5452
 4.195   82.6413
 4.191   82.7006
 4.188   82.8249
 4.185   82.9574
 4.181   83.0158
 4.178   83.0504
 4.175   83.1376
 4.171   83.2199
 4.168   83.3167
 4.165   83.3530
 4.161   83.3630
 4.158   83.4672
 4.155   83.5577
 4.151   83.5652
 4.148   83.5678
 4.145   83.6335
 4.141   83.7052
 4.138   83.7454
 4.135   83.8086
 4.131   83.8340
 4.128   83.8028
 4.125   83.8052
 4.121   83.8602
 4.118   83.9009
 4.115   83.9227
 4.112   83.9458
 4.108   83.9917
 4.105   84.0550
 4.102   84.0410
 4.099   83.9975
 4.095   84.0258
 4.092   84.0861
 4.089   84.1431
 4.086   84.1759
 4.083   84.1488
 4.079   84.1484
 4.076   84.1491
 4.073   84.1781
 4.070   84.1956
 4.067   84.2097
 4.063   84.2420
 4.060   84.2697
 4.057   84.2803
 4.054   84.2734
 4.051   84.3214
 4.047   84.3644
 4.044   84.4018
 4.041   84.3948
 4.038   84.4014
 4.035   84.4459
 4.032   84.4221
 4.029   84.3767
 4.025   84.4060
 4.022   84.4646
 4.019   84.5668
 4.016   84.5931
 4.013   84.5601
 4.010   84.5848
 4.007   84.5708
 4.004   84.4947
 4.001   84.5852
 3.998   84.6769
 3.994   84.6801
 3.991   84.6823
 3.988   84.6735
 3.985   84.6671
 3.982   84.6685
 3.979   84.6858
 3.976   84.7334
 3.973   84.7623
 3.970   84.7796
 3.967   84.7821
 3.964   84.7444
 3.961   84.7530
 3.958   84.7734
 3.955   84.7462
 3.952   84.7984
 3.949   84.8389
 3.946   84.8239
 3.943   84.7934
 3.940   84.8177
 3.937   84.8668
 3.934   84.8807
 3.931   84.8815
 3.928   84.8733
 3.925   84.8661
 3.922   84.7990
 3.919   84.7807
 3.916   84.8929
 3.913   84.9617
 3.910   84.9519
 3.907   84.9351
 3.904   84.9721
 3.901   85.0157
 3.898   84.9834
 3.895   84.9503
 3.893   84.9814
 3.890   84.9772
 3.887   85.0355
 3.884   85.0676
 3.881   85.0328
 3.878   84.9865
 3.875   85.0241
 3.872   85.0440
 3.869   85.0746
 3.866   85.0539
 3.864   85.0354
 3.861   85.0051
 3.858   84.9869
 3.855   84.9931
 3.852   85.0188
 3.849   85.0301
 3.846   85.0183
 3.843   85.0039
 3.841   85.0336
 3.838   85.0146
 3.835   84.9737
 3.832   84.9910
 3.829   85.0152
 3.826   84.9780
 3.824   84.9327
 3.821   84.9528
 3.818   85.0177
 3.815   85.0855
 3.812   85.0307
 3.810   84.9432
 3.807   84.9100
 3.804   84.9751
 3.801   85.0080
 3.798   84.9500
 3.796   84.9591
 3.793   84.9686
 3.790   85.0263
 3.787   85.0682
 3.785   85.0135
 3.782   84.9385
 3.779   84.9104
 3.776   84.9523
 3.774   84.9668
 3.771   84.9169
 3.768   84.8812
 3.765   84.8769
 3.763   84.9037
 3.760   84.9383
 3.757   84.9505
 3.754   84.9212
 3.752   84.8729
 3.749   84.8449
 3.746   84.8465
 3.744   84.8294
 3.741   84.8143
 3.738   84.8162
 3.735   84.7893
 3.733   84.7724
 3.730   84.7736
 3.727   84.7115
 3.725   84.6924
 3.722   84.6838
 3.719   84.6178
 3.717   84.5746
 3.714   84.5758
 3.711   84.6143
 3.709   84.5587
 3.706   84.4788
 3.703   84.4877
 3.701   84.4972
 3.698   84.4471
 3.696   84.3583
 3.693   84.3538
 3.690   84.4369
 3.688   84.4412
 3.685   84.3306
 3.682   84.3269
 3.680   84.3652
 3.677   84.3234
 3.675   84.2644
 3.672   84.2543
 3.669   84.2205
 3.667   84.1878
 3.664   84.1652
 3.662   84.1209
 3.659   84.0932
 3.656   84.1163
 3.654   84.1389
 3.651   84.0836
 3.649   84.0532
 3.646   84.0249
 3.644   83.9600
 3.641   83.9083
 3.638   83.8203
 3.636   83.8107
 3.633   83.8970
 3.631   83.8655
 3.628   83.7356
 3.626   83.6573
 3.623   83.6696
 3.621   83.7204
 3.618   83.6953
 3.616   83.6450
 3.613   83.5644
 3.611   83.4908
 3.608   83.4238
 3.606   83.3525
 3.603   83.3148
 3.601   83.2469
 3.598   83.1568
 3.596   83.1676
 3.593   83.1289
 3.591   83.0260
 3.588   82.9334
 3.586   82.8627
 3.583   82.8249
 3.581   82.7102
 3.578   82.6041
 3.576   82.5853
 3.573   82.5246
 3.571   82.4031
 3.568   82.3662
 3.566   82.3855
 3.563   82.3298
 3.561   82.1580
 3.559   82.1005
 3.556   82.1680
 3.554   82.1228
 3.551   81.9657
 3.549   81.8662
 3.546   81.8709
 3.544   81.8760
 3.542   81.7990
 3.539   81.7064
 3.537   81.6406
 3.534   81.6042
 3.532   81.5648
 3.530   81.4672
 3.527   81.3777
 3.525   81.3359
 3.522   81.2217
 3.520   81.0764
 3.518   80.8951
 3.515   80.7235
 3.513   80.5710
 3.510   80.2557
 3.508   79.9630
 3.506   79.7810
 3.503   79.6145
 3.501   79.5435
 3.499   79.5767
 3.496   79.5503
 3.494   79.4562
 3.491   79.4234
 3.489   79.3993
 3.487   79.3177
 3.484   79.2662
 3.482   79.2319
 3.480   79.1513
 3.477   79.0191
 3.475   78.9418
 3.473   78.8899
 3.470   78.7807
 3.468   78.7150
 3.466   78.7391
 3.463   78.6904
 3.461   78.5770
 3.459   78.5067
 3.457   78.4370
 3.454   78.2423
 3.452   78.1547
 3.450   78.0597
 3.447   77.9189
 3.445   77.7668
 3.443   77.5964
 3.441   77.4347
 3.438   77.2691
 3.436   77.0737
 3.434   76.8657
 3.431   76.4949
 3.429   76.2153
 3.427   76.0907
 3.425   75.9115
 3.422   75.7528
 3.420   75.6384
 3.418   75.3992
 3.416   75.2074
 3.413   75.0850
 3.411   74.9759
 3.409   74.9574
 3.407   75.0460
 3.404   75.1004
 3.402   75.0733
 3.400   74.9711
 3.398   74.9577
 3.395   74.9970
 3.393   74.9545
 3.391   74.8866
 3.389   74.8231
 3.387   74.6757
 3.384   74.4543
 3.382   74.2520
 3.380   74.0645
 3.378   73.8467
 3.376   73.6826
 3.373   73.5294
 3.371   73.4936
 3.369   73.4345
 3.367   73.3479
 3.365   73.2789
 3.362   73.2022
 3.360   73.2506
 3.358   73.2689
 3.356   73.1403
 3.354   73.0469
 3.352   72.9602
 3.349   72.8301
 3.347   72.7624
 3.345   72.7375
 3.343   72.6670
 3.341   72.5648
 3.339   72.4683
 3.336   72.2539
 3.334   72.0777
 3.332   72.0132
 3.330   71.9341
 3.328   71.7778
 3.326   71.6331
 3.324   71.5280
 3.321   71.3553
 3.319   71.1690
 3.317   71.0130
 3.315   70.8651
 3.313   70.7121
 3.311   70.5879
 3.309   70.4267
 3.307   70.2779
 3.305   70.1478
 3.302   69.9506
 3.300   69.7678
 3.298   69.5714
 3.296   69.3937
 3.294   69.2490
 3.292   69.0638
 3.290   68.9199
 3.288   68.7408
 3.286   68.5355
 3.284   68.3174
 3.282   68.1597
 3.279   68.0942
 3.277   67.9482
 3.275   67.7005
 3.273   67.5158
 3.271   67.3061
 3.269   67.1045
 3.267   66.9091
 3.265   66.7330
 3.263   66.5498
 3.261   66.3797
 3.259   66.3001
 3.257   66.0653
 3.255   65.7786
 3.253   65.6153
 3.251   65.4817
 3.249   65.2799
 3.247   65.0165
 3.245   64.8738
 3.243   64.7558
 3.241   64.5386
 3.239   64.3592
 3.236   64.2320
 3.234   64.0565
 3.232   63.8627
 3.230   63.6304
 3.228   63.3350
 3.226   63.1723
 3.224   63.0296
 3.222   62.8111
 3.220   62.6285
 3.218   62.3248
 3.216   62.1649
 3.214   62.0435
 3.212   61.8356
 3.210   61.6224
 3.208   61.4088
 3.206   61.2087
 3.204   61.0286
 3.202   60.8221
 3.201   60.6267
 3.199   60.5296
 3.197   60.4740
 3.195   60.2184
 3.193   59.9312
 3.191   59.7770
 3.189   59.6005
 3.187   59.3630
 3.185   59.1588
 3.183   58.9553
 3.181   58.8286
 3.179   58.5955
 3.177   58.3967
 3.175   58.2069
 3.173   58.0337
 3.171   57.8624
 3.169   57.6816
 3.167   57.5029
 3.165   57.3431
 3.163   57.1922
 3.161   57.0773
 3.160   56.8955
 3.158   56.6923
 3.156   56.4636
 3.154   56.2325
 3.152   56.0884
 3.150   55.9103
 3.148   55.7401
 3.146   55.5938
 3.144   55.3755
 3.142   55.2574
 3.140   55.1579
 3.139   54.9192
 3.137   54.6698
 3.135   54.5685
 3.133   54.4703
 3.131   54.2998
 3.129   54.1376
 3.127   54.0011
 3.125   53.8933
 3.123   53.7761
 3.122   53.5761
 3.120   53.3658
 3.118   53.2160
 3.116   53.0930
 3.114   52.9507
 3.112   52.8431
 3.110   52.7312
 3.108   52.6297
 3.107   52.5277
 3.105   52.3838
 3.103   52.2581
 3.101   52.1563
 3.099   52.0762
 3.097   51.8958
 3.095   51.7589
 3.094   51.7632
 3.092   51.7324
 3.090   51.5929
 3.088   51.4043
 3.086   51.3132
 3.084   51.3002
 3.083   51.1992
 3.081   51.0125
 3.079   50.8626
 3.077   50.8008
 3.075   50.7284
 3.073   50.6665
 3.072   50.5844
 3.070   50.5485
 3.068   50.6255
 3.066   50.5578
 3.064   50.4055
 3.063   50.2801
 3.061   50.1594
 3.059   50.0782
 3.057   50.0460
 3.055   50.0000
 3.053   49.9431
 3.052   49.8856
 3.050   49.8550
 3.048   49.6808
 3.046   49.4734
 3.045   49.5849
 3.043   49.7140
 3.041   49.5821
 3.039   49.4801
 3.037   49.3684
 3.036   49.1917
 3.034   49.1457
 3.032   49.2235
 3.030   49.1343
 3.029   48.9650
 3.027   48.8500
 3.025   48.8428
 3.023   48.8493
 3.021   48.7381
 3.020   48.6088
 3.018   48.5281
 3.016   48.4736
 3.014   48.4392
 3.013   48.3779
 3.011   48.2900
 3.009   48.1751
 3.007   48.0861
 3.006   48.0550
 3.004   48.0648
 3.002   48.0798
 3.000   48.0320
 2.999   47.9658
 2.997   47.8694
 2.995   47.7569
 2.994   47.6866
 2.992   47.5973
 2.990   47.5719
 2.988   47.5198
 2.987   47.4739
 2.985   47.5021
 2.983   47.5786
 2.982   47.4660
 2.980   47.1532
 2.978   47.0417
 2.976   47.1430
 2.975   47.2499
 2.973   47.2325
 2.971   47.1703
 2.970   47.0667
 2.968   47.0532
 2.966   46.9444
 2.964   46.8236
 2.963   46.8970
 2.961   46.9363
 2.959   46.8714
 2.958   46.7471
 2.956   46.7482
 2.954   46.7304
 2.953   46.6145
 2.951   46.5366
 2.949   46.5806
 2.948   46.6702
 2.946   46.5725
 2.944   46.4567
 2.943   46.4062
 2.941   46.4038
 2.939   46.5020
 2.938   46.4917
 2.936   46.3792
 2.934   46.3215
 2.933   46.3487
 2.931   46.3774
 2.929   46.3475
 2.928   46.4061
 2.926   46.4043
 2.924   46.3885
 2.923   46.3595
 2.921   46.3164
 2.919   46.3170
 2.918   46.3215
 2.916   46.3059
 2.914   46.3429
 2.913   46.4883
 2.911   46.4920
 2.910   46.4300
 2.908   46.4525
 2.906   46.4802
 2.905   46.5482
 2.903   46.5630
 2.901   46.6369
 2.900   46.7061
 2.898   46.7933
 2.897   46.9103
 2.895   46.9127
 2.893   46.8910
 2.892   46.8183
 2.890   46.7998
 2.888   46.9656
 2.887   47.2077
 2.885   47.2644
 2.884   47.1930
 2.882   47.2184
 2.880   47.3782
 2.879   47.5009
 2.877   47.6878
 2.876   47.7623
 2.874   47.7460
 2.872   47.8601
 2.871   48.0396
 2.869   48.1004
 2.868   48.0940
 2.866   48.1855
 2.865   48.3931
 2.863   48.4930
 2.861   48.5454
 2.860   48.6459
 2.858   48.7333
 2.857   48.8380
 2.855   49.0419
 2.854   49.0797
 2.852   49.0001
 2.850   49.1322
 2.849   49.3236
 2.847   49.3386
 2.846   49.3879
 2.844   49.3746
 2.843   49.4585
 2.841   49.6769
 2.839   49.8957
 2.838   50.0201
 2.836   50.0795
 2.835   50.1764
 2.833   50.3103
 2.832   50.3765
 2.830   50.4415
 2.829   50.7372
 2.827   50.9450
 2.826   50.9952
 2.824   51.2799
 2.822   51.5511
 2.821   51.8601
 2.819   52.1077
 2.818   52.1109
 2.816   52.2613
 2.815   52.5962
 2.813   52.7329
 2.812   52.8330
 2.810   53.1031
 2.809   53.3680
 2.807   53.6046
 2.806   53.8711
 2.804   54.3980
 2.803   54.6724
 2.801   54.4431
 2.800   54.4224
 2.798   54.5735
 2.797   54.8449
 2.795   55.1572
 2.794   55.4163
 2.792   55.5246
 2.791   55.7351
 2.789   56.2281
 2.788   56.9023
 2.786   57.1049
 2.785   56.8450
 2.783   56.8893
 2.782   57.2051
 2.780   57.5198
 2.779   57.7147
 2.777   57.9621
 2.776   58.1262
 2.774   58.2415
 2.773   58.8047
 2.771   59.5765
 2.770   59.6283
 2.768   59.6438
 2.767   59.7444
 2.765   59.8266
 2.764   60.5708
 2.762   61.0510
 2.761   60.8431
 2.759   60.9183
 2.758   61.4183
 2.756   62.7379
 2.755   63.3473
 2.753   62.5741
 2.752   62.5701
 2.751   62.8289
 2.749   63.1186
 2.748   63.4312
 2.746   63.8360
 2.745   64.2946
 2.743   64.9576
 2.742   66.2099
 2.740   67.1790
 2.739   67.1286
 2.737   66.4821
 2.736   66.9323
 2.735   67.8028
 2.733   67.6836
 2.732   67.9247
 2.730   68.4728
 2.729   68.9688
 2.727   69.6620
 2.726   71.0096
 2.725   72.3196
 2.723   72.2497
 2.722   73.1196
 2.720   74.2634
 2.719   73.4133
 2.717   73.3010
 2.716   73.4875
 2.715   73.8353
 2.713   74.4663
 2.712   76.0328
 2.710   76.7536
 2.709   76.3939
 2.707   76.0908
 2.706   76.1994
 2.705   76.4340
 2.703   76.7397
 2.702   77.3534
 2.700   77.5591
 2.699   77.4783
 2.698   77.7730
 2.696   78.5991
 2.695   79.6007
 2.693   79.8883
 2.692   79.2229
 2.691   79.0431
 2.689   79.3311
 2.688   79.7490
 2.686   80.1462
 2.685   80.3200
 2.684   80.5706
 2.682   80.3635
 2.681   80.5605
 2.680   81.6678
 2.678   82.1965
 2.677   82.5531
 2.675   81.9435
 2.674   81.3581
 2.673   81.6714
 2.671   83.5105
 2.670   83.8026
 2.668   82.7731
 2.667   83.8188
 2.666   84.1345
 2.664   83.2875
 2.663   82.1893
 2.662   82.2742
 2.660   82.5510
 2.659   82.3499
 2.658   81.9444
 2.656   82.4394
 2.655   82.5768
 2.653   82.8501
 2.652   83.0746
 2.651   82.5033
 2.649   82.2035
 2.648   82.3239
 2.647   82.6753
 2.645   82.8616
 2.644   82.5040
 2.643   82.6670
 2.641   82.8524
 2.640   82.7934
 2.639   82.7117
 2.637   82.7892
 2.636   82.8379
 2.635   83.2979
 2.633   83.3987
 2.632   83.8403
 2.631   84.9007
 2.629   84.1314
 2.628   83.7837
 2.627   84.3604
 2.625   83.5526
 2.624   83.1935
 2.623   83.3404
 2.621   84.3249
 2.620   84.6336
 2.619   84.0108
 2.617   84.8046
 2.616   84.4334
 2.615   83.4270
 2.613   83.3690
 2.612   83.2851
 2.611   83.6144
 2.609   84.0018
 2.608   84.1660
 2.607   84.6758
 2.605   85.1553
 2.604   84.6364
 2.603   84.2509
 2.602   84.0974
 2.600   83.6970
 2.599   83.4835
 2.598   83.8790
 2.596   85.4501
 2.595   87.3619
 2.594   86.1081
 2.592   84.3042
 2.591   83.8554
 2.590   84.2238
 2.589   84.6650
 2.587   84.8714
 2.586   84.4731
 2.585   84.9967
 2.583   85.1033
 2.582   84.5345
 2.581   84.6100
 2.580   84.0940
 2.578   84.3572
 2.577   84.9330
 2.576   84.6247
 2.574   84.8843
 2.573   85.2292
 2.572   84.4839
 2.571   84.6441
 2.569   84.8869
 2.568   84.4424
 2.567   84.2514
 2.565   84.7072
 2.564   85.2412
 2.563   85.4076
 2.562   85.4719
 2.560   84.9909
 2.559   84.3013
 2.558   84.0479
 2.557   84.0364
 2.555   84.1047
 2.554   84.3800
 2.553   84.6551
 2.552   84.5075
 2.550   84.3040
 2.549   84.2768
 2.548   84.4408
 2.547   84.2757
 2.545   84.2535
 2.544   84.4507
 2.543   84.5943
 2.542   84.3987
 2.540   84.2733
 2.539   84.2335
 2.538   84.3154
 2.537   84.4990
 2.535   84.4045
 2.534   84.2396
 2.533   84.4175
 2.532   84.4459
 2.530   84.4064
 2.529   84.3606
 2.528   84.3190
 2.527   84.2770
 2.525   84.2854
 2.524   84.3814
 2.523   84.3665
 2.522   84.2477
 2.521   84.3433
 2.519   84.3616
 2.518   84.2927
 2.517   84.2907
 2.516   84.3241
 2.514   84.2840
 2.513   84.2394
 2.512   84.3096
 2.511   84.3449
 2.510   84.3087
 2.508   84.3374
 2.507   84.3541
 2.506   84.3463
 2.505   84.2740
 2.504   84.1928
 2.502   84.1972
 2.501   84.2163
 2.500   84.2902
 2.499   84.3168
 2.498   84.3256
 2.496   84.2465
 2.495   84.2224
 2.494   84.2319
 2.493   84.1912
 2.492   84.2154
 2.490   84.2143
 2.489   84.1069
 2.488   84.1419
 2.487   84.1205
 2.486   84.0406
 2.484   83.9800
 2.483   84.0079
 2.482   83.8976
 2.481   83.7787
 2.480   83.7481
 2.478   83.6865
 2.477   83.6286
 2.476   83.5771
 2.475   83.5068
 2.474   83.5617
 2.473   83.7309
 2.471   83.7602
 2.470   83.6354
 2.469   83.6465
 2.468   83.6895
 2.467   83.6134
 2.465   83.6906
 2.464   83.8423
 2.463   83.8389
 2.462   83.8778
 2.461   83.8630
 2.460   83.8281
 2.458   83.9495
 2.457   84.0145
 2.456   84.0289
 2.455   84.1506
 2.454   84.1723
 2.453   84.1254
 2.451   84.1409
 2.450   84.1790
 2.449   84.1323
 2.448   84.0777
 2.447   84.0497
 2.446   84.1637
 2.445   84.3763
 2.443   84.4359
 2.442   84.3321
 2.441   84.2636
 2.440   84.2739
 2.439   84.2969
 2.438   84.3649
 2.436   84.4557
 2.435   84.4038
 2.434   84.4221
 2.433   84.5024
 2.432   84.4989
 2.431   84.4131
 2.430   84.3885
 2.428   84.3900
 2.427   84.4894
 2.426   84.5278
 2.425   84.5263
 2.424   84.5059
 2.423   84.4455
 2.422   84.3829
 2.421   84.3736
 2.419   84.4184
 2.418   84.4098
 2.417   84.3185
 2.416   84.3006
 2.415   84.3207
 2.414   84.3350
 2.413   84.2741
 2.412   84.2426
 2.410   84.2229
 2.409   84.2335
 2.408   84.3797
 2.407   84.4226
 2.406   84.3484
 2.405   84.3335
 2.404   84.3714
 2.403   84.3682
 2.402   84.3425
 2.400   84.3509
 2.399   84.3728
 2.398   84.4086
 2.397   84.3302
 2.396   84.3807
 2.395   84.4380
 2.394   84.4793
 2.393   84.5267
 2.392   84.4937
 2.390   84.4907
 2.389   84.5421
 2.388   84.6122
 2.387   84.6316
 2.386   84.5744
 2.385   84.5837
 2.384   84.5657
 2.383   84.4876
 2.382   84.5510
 2.381   84.7140
 2.379   84.8499
 2.378   84.9358
 2.377   84.8684
 2.376   84.7214
 2.375   84.7208
 2.374   84.7733
 2.373   84.9294
 2.372   84.9597
 2.371   84.9251
 2.370   85.0949
 2.369   85.1556
 2.368   85.0856
 2.366   85.1059
 2.365   85.1658
 2.364   85.1474
 2.363   85.0911
 2.362   85.1437
 2.361   85.2942
 2.360   85.2294
 2.359   85.0583
 2.358   85.1564
 2.357   85.2909
 2.356   85.3349
 2.355   85.4045
 2.354   85.4049
 2.352   85.3666
 2.351   85.3854
 2.350   85.3873
 2.349   85.4168
 2.348   85.4308
 2.347   85.3471
 2.346   85.4221
 2.345   85.4643
 2.344   85.5045
 2.343   85.5528
 2.342   85.6098
 2.341   85.7532
 2.340   85.8359
 2.339   85.8397
 2.338   85.8927
 2.337   85.9181
 2.336   85.9320
 2.334   85.9779
 2.333   85.9727
 2.332   86.0023
 2.331   85.9973
 2.330   86.0090
 2.329   86.0947
 2.328   86.1158
 2.327   86.1515
 2.326   86.1698
 2.325   86.1659
 2.324   86.3155
 2.323   86.5529
 2.322   86.5415
 2.321   86.4429
 2.320   86.3482
 2.319   86.3827
 2.318   86.4547
 2.317   86.5343
 2.316   86.6255
 2.315   86.5414
 2.314   86.4561
 2.313   86.4960
 2.312   86.4553
 2.311   86.3994
 2.309   86.4421
 2.308   86.4216
 2.307   86.5019
 2.306   86.5149
 2.305   86.4896
 2.304   86.5661
 2.303   86.5508
 2.302   86.5643
 2.301   86.6877
 2.300   86.7030
 2.299   86.6262
 2.298   86.6462
 2.297   86.5930
 2.296   86.5557
 2.295   86.6143
 2.294   86.7881
 2.293   86.8115
 2.292   86.7941
 2.291   86.8193
 2.290   86.7182
 2.289   86.6601
 2.288   86.6946
 2.287   86.6833
 2.286   86.6601
 2.285   86.7423
 2.284   86.8292
 2.283   86.8154
 2.282   86.8550
 2.281   86.8250
 2.280   86.7097
 2.279   86.8023
 2.278   86.9167
 2.277   86.9185
 2.276   86.9636
 2.275   86.9546
 2.274   86.9564
 2.273   87.0002
 2.272   86.9290
 2.271   86.9293
 2.270   87.0136
 2.269   86.9753
 2.268   86.9599
 2.267   86.9674
 2.266   86.9372
 2.265   86.8537
 2.264   86.8046
 2.263   86.8049
 2.262   86.9038
 2.261   86.9567
 2.260   86.9589
 2.259   86.9207
 2.258   86.8034
 2.257   86.7838
 2.256   87.0280
 2.255   87.0689
 2.254   87.0395
 2.253   86.8810
 2.252   86.7532
 2.251   86.8702
 2.250   86.8531
 2.249   86.7920
 2.248   86.6971
 2.247   86.5776
 2.246   86.7787
 2.245   86.9296
 2.245   86.7898
 2.244   86.7858
 2.243   86.7823
 2.242   86.6767
 2.241   86.7381
 2.240   86.7359
 2.239   86.6265
 2.238   86.6341
 2.237   86.5923
 2.236   86.4645
 2.235   86.5198
 2.234   86.6665
 2.233   86.7804
 2.232   86.7454
 2.231   86.6245
 2.230   86.7112
 2.229   86.7757
 2.228   86.7487
 2.227   86.6824
 2.226   86.7195
 2.225   86.7222
 2.224   86.8334
 2.223   86.9178
 2.222   86.7852
 2.221   86.7365
 2.220   86.7712
 2.220   86.7157
 2.219   86.7050
 2.218   86.7116
 2.217   86.7358
 2.216   86.8149
 2.215   86.8535
 2.214   86.8143
 2.213   86.6973
 2.212   86.7444
 2.211   86.8212
 2.210   86.8647
 2.209   86.8200
 2.208   86.7627
 2.207   86.7814
 2.206   86.8085
 2.205   86.8387
 2.204   86.8860
 2.204   87.0038
 2.203   86.9616
 2.202   86.8649
 2.201   86.8105
 2.200   86.8065
 2.199   86.8447
 2.198   86.8599
 2.197   86.7173
 2.196   86.7756
 2.195   86.9960
 2.194   86.9421
 2.193   86.8862
 2.192   86.9325
 2.191   86.8825
 2.190   86.7361
 2.190   86.7584
 2.189   86.8705
 2.188   86.9522
 2.187   86.9713
 2.186   86.8758
 2.185   86.8684
 2.184   86.8333
 2.183   86.7499
 2.182   86.7844
 2.181   86.7997
 2.180   86.7666
 2.179   86.7154
 2.179   86.6213
 2.178   86.6683
 2.177   86.8307
 2.176   86.8707
 2.175   86.8748
 2.174   86.7818
 2.173   86.7075
 2.172   86.7942
 2.171   86.8564
 2.170   86.7370
 2.169   86.5859
 2.168   86.6489
 2.168   86.8732
 2.167   86.9562
 2.166   86.9348
 2.165   86.9143
 2.164   86.9101
 2.163   86.9375
 2.162   86.9406
 2.161   86.9874
 2.160   86.9329
 2.159   86.8648
 2.159   86.9537
 2.158   86.9782
 2.157   86.8314
 2.156   86.8133
 2.155   86.9757
 2.154   87.1213
 2.153   87.0552
 2.152   87.0296
 2.151   87.1309
 2.150   87.1607
 2.150   87.0571
 2.149   86.9336
 2.148   86.8616
 2.147   86.8666
 2.146   86.9916
 2.145   87.0316
 2.144   87.0972
 2.143   86.9551
 2.142   86.9583
 2.142   86.9839
 2.141   86.9849
 2.140   87.0508
 2.139   87.0303
 2.138   86.9899
 2.137   87.0413
 2.136   87.1622
 2.135   87.2504
 2.135   87.1521
 2.134   87.0977
 2.133   87.1450
 2.132   87.2367
 2.131   87.2559
 2.130   87.1728
 2.129   87.0497
 2.128   86.8892
 2.128   87.0026
 2.127   87.0603
 2.126   86.9939
 2.125   87.0707
 2.124   87.0803
 2.123   87.0864
 2.122   87.1727
 2.121   87.2709
 2.121   87.1155
 2.120   87.0090
 2.119   86.9977
 2.118   87.0790
 2.117   87.0946
 2.116   86.9635
 2.115   86.9687
 2.115   86.9031
 2.114   86.8620
 2.113   86.9705
 2.112   87.1401
 2.111   87.0980
 2.110   87.0840
 2.109   87.1692
 2.109   87.1310
 2.108   86.9594
 2.107   86.9061
 2.106   87.0052
 2.105   87.0320
 2.104   87.0332
 2.103   86.9834
 2.103   86.9639
 2.102   87.0886
 2.101   87.1524
 2.100   86.8899
 2.099   86.8205
 2.098   86.9938
 2.097   87.1455
 2.097   87.0661
 2.096   87.0560
 2.095   87.0627
 2.094   87.0078
 2.093   87.0458
 2.092   87.0839
 2.091   87.1657
 2.091   87.2366
 2.090   86.9654
 2.089   86.9497
 2.088   87.0419
 2.087   87.0540
 2.086   87.0259
 2.086   86.7959
 2.085   86.6464
 2.084   86.5439
 2.083   86.5664
 2.082   86.6386
 2.081   86.6967
 2.081   86.9271
 2.080   86.9484
 2.079   86.8686
 2.078   86.8629
 2.077   86.8698
 2.076   86.7969
 2.076   86.7007
 2.075   86.8917
 2.074   87.0628
 2.073   86.8224
 2.072   86.7073
 2.071   87.2367
 2.071   87.1320
 2.070   86.5713
 2.069   86.4742
 2.068   86.7899
 2.067   87.0017
 2.066   86.7505
 2.066   86.7938
 2.065   86.8644
 2.064   86.9265
 2.063   86.8107
 2.062   86.4928
 2.062   86.7620
 2.061   87.0230
 2.060   86.7900
 2.059   86.5157
 2.058   86.5595
 2.057   86.7035
 2.057   86.7604
 2.056   86.7259
 2.055   86.6519
 2.054   86.6275
 2.053   86.6750
 2.053   86.8280
 2.052   86.9541
 2.051   86.7979
 2.050   86.7447
 2.049   86.7985
 2.049   86.7245
 2.048   86.6476
 2.047   86.5957
 2.046   86.6040
 2.045   86.6565
 2.044   86.8009
 2.044   86.8315
 2.043   86.7727
 2.042   86.8145
 2.041   86.7050
 2.040   86.5938
 2.040   86.7504
 2.039   86.6927
 2.038   86.5489
 2.037   86.6367
 2.036   86.6937
 2.036   86.7255
 2.035   86.9224
 2.034   86.8902
 2.033   86.5174
 2.032   86.4551
 2.032   86.5844
 2.031   86.5603
 2.030   86.5954
 2.029   86.7197
 2.029   86.6406
 2.028   86.5261
 2.027   86.5743
 2.026   86.6071
 2.025   86.5293
 2.025   86.3678
 2.024   86.3472
 2.023   86.4019
 2.022   86.5627
 2.021   86.7112
 2.021   86.5749
 2.020   86.5711
 2.019   86.6118
 2.018   86.4873
 2.017   86.4894
 2.017   86.4397
 2.016   86.1962
 2.015   86.2694
 2.014   86.5409
 2.014   86.5936
 2.013   86.4272
 2.012   86.3035
 2.011   86.2851
 2.010   86.1925
 2.010   86.3110
 2.009   86.4145
 2.008   86.4262
 2.007   86.4356
 2.007   86.2081
 2.006   86.1083
 2.005   86.2530
 2.004   86.3251
 2.003   86.3253
 2.003   86.3272
 2.002   86.3059
 2.001   86.3858
 2.000   86.3501
