Name: Kaolinite Al_2Si_2O_5(OH)_4
Type: Mineral
Class: Silicates
Subclass: Phyllosilicates
Particle Size: 0-45um
Sample No.: PS-1B
Owner: JPL
Wavelength range: IR
Origin: USA, Georgia, Warren County
Collected by Clay Mineral Society
Description:  Disordered kaolinite. 





Measurement: Hemispherical reflectance
First Column: X
Second Column: Y
X Units:  Wavelength (micrometers)
Y Units:  Reflectance (percent)
First X Value: 15.3853
Last X Value: 2.00032
Number of X Values: 2256
Additional information: ps01ba.txt
15.385    0.3732
15.340    0.3768
15.294    0.3394
15.249    0.2555
15.205    0.1329
15.160    0.1644
15.116    0.2354
15.072    0.0732
15.028    0.1460
14.985    0.3610
14.942    0.3323
14.899    0.2471
14.856    0.2037
14.814    0.3008
14.772    0.3704
14.730    0.2970
14.688    0.2016
14.646    0.3623
14.605    0.4148
14.564    0.2307
14.523    0.1948
14.483    0.2548
14.442    0.2924
14.402    0.2350
14.362    0.1456
14.323    0.1250
14.283    0.1715
14.244    0.3414
14.205    0.2375
14.166    0.0000
14.128    0.0036
14.089    0.2273
14.051    0.0810
14.013    0.0059
13.975    0.1673
13.938    0.2162
13.900    0.1960
13.863    0.2844
13.826    0.3545
13.790    0.2850
13.753    0.3260
13.717    0.3343
13.680    0.2468
13.644    0.2881
13.608    0.3045
13.573    0.2117
13.537    0.2873
13.502    0.4229
13.467    0.4394
13.432    0.4127
13.398    0.3990
13.363    0.3916
13.329    0.3391
13.294    0.3988
13.260    0.4913
13.227    0.5017
13.193    0.4755
13.160    0.4126
13.126    0.2535
13.093    0.3342
13.060    0.6070
13.027    0.6070
12.995    0.5842
12.962    0.5550
12.930    0.4890
12.898    0.5789
12.866    0.6087
12.834    0.4939
12.802    0.5841
12.771    0.5526
12.739    0.4292
12.708    0.5033
12.677    0.4556
12.646    0.3812
12.615    0.3856
12.585    0.3506
12.554    0.3524
12.524    0.3923
12.494    0.3448
12.464    0.3260
12.434    0.2902
12.404    0.5081
12.374    0.6945
12.345    0.7309
12.316    0.7246
12.286    0.9123
12.257    1.1253
12.228    1.2731
12.200    1.3547
12.171    1.3998
12.143    1.4973
12.114    1.5799
12.086    1.5447
12.058    1.6033
12.030    1.6956
12.002    1.7645
11.974    1.8089
11.947    1.8154
11.919    2.0183
11.892    2.2750
11.865    2.3527
11.838    2.3014
11.811    2.2775
11.784    2.2595
11.757    2.2696
11.730    2.4402
11.704    2.5933
11.678    2.6580
11.651    2.5836
11.625    2.4843
11.599    2.4755
11.573    2.4920
11.547    2.5101
11.522    2.3848
11.496    2.2800
11.471    2.1935
11.445    2.0312
11.420    2.0159
11.395    2.0457
11.370    2.0821
11.345    1.9943
11.321    1.8677
11.296    1.8933
11.271    1.9625
11.247    1.8485
11.223    1.7624
11.198    1.6315
11.174    1.5080
11.150    1.4587
11.126    1.3865
11.102    1.2517
11.079    1.1950
11.055    1.2475
11.032    1.1290
11.008    0.9118
10.985    0.8302
10.962    0.8274
10.938    0.8012
10.915    0.6960
10.893    0.6317
10.870    0.5989
10.847    0.5206
10.824    0.5599
10.802    0.5242
10.779    0.5068
10.757    0.5474
10.735    0.5583
10.713    0.6080
10.690    0.6221
10.668    0.4744
10.647    0.4051
10.625    0.4862
10.603    0.4974
10.581    0.4535
10.560    0.3129
10.538    0.2383
10.517    0.2533
10.496    0.3599
10.474    0.4348
10.453    0.4688
10.432    0.6660
10.411    0.8355
10.390    0.9002
10.370    0.9782
10.349    1.0414
10.328    1.0476
10.308    1.1455
10.287    1.2506
10.267    1.4157
10.247    1.5461
10.227    1.6032
10.206    1.6622
10.186    1.7742
10.166    1.8021
10.146    1.7613
10.127    1.6759
10.107    1.6024
10.087    1.6522
10.068    1.6851
10.048    1.6028
10.029    1.5665
10.009    1.3683
 9.990    1.2619
 9.971    1.3091
 9.952    1.2912
 9.933    1.2386
 9.914    1.2319
 9.895    1.1146
 9.876    0.9398
 9.857    0.8889
 9.838    0.9247
 9.820    0.8754
 9.801    0.8152
 9.783    0.8667
 9.764    0.9757
 9.746    1.1541
 9.728    1.2076
 9.709    1.3264
 9.691    1.4860
 9.673    1.4425
 9.655    1.4463
 9.637    1.5465
 9.619    1.7279
 9.602    1.7882
 9.584    1.7769
 9.566    1.7663
 9.549    1.7397
 9.531    1.7386
 9.513    1.6763
 9.496    1.6813
 9.479    1.7727
 9.461    1.8918
 9.444    1.9297
 9.427    1.8701
 9.410    1.8581
 9.393    1.8852
 9.376    1.9164
 9.359    1.9481
 9.342    1.8622
 9.325    1.7908
 9.309    1.8190
 9.292    1.7526
 9.275    1.6505
 9.259    1.6375
 9.242    1.4493
 9.226    1.2317
 9.209    1.2359
 9.193    1.3093
 9.177    1.2853
 9.160    1.2022
 9.144    1.0228
 9.128    0.9114
 9.112    0.8447
 9.096    0.6681
 9.080    0.5449
 9.064    0.4857
 9.049    0.4447
 9.033    0.4523
 9.017    0.4363
 9.001    0.4821
 8.986    0.5424
 8.970    0.5192
 8.955    0.6106
 8.939    0.9257
 8.924    1.2240
 8.909    1.3496
 8.893    1.2824
 8.878    1.2135
 8.863    1.3641
 8.848    1.4820
 8.833    1.5368
 8.818    1.4232
 8.803    1.4038
 8.788    1.4855
 8.773    1.3491
 8.758    1.2325
 8.743    1.1410
 8.729    1.2393
 8.714    1.3402
 8.699    1.2534
 8.685    1.0476
 8.670    0.9093
 8.656    0.8490
 8.641    0.8755
 8.627    0.9428
 8.613    0.9080
 8.598    0.7521
 8.584    0.6542
 8.570    0.5895
 8.556    0.5608
 8.542    0.6507
 8.528    0.6840
 8.514    0.5804
 8.500    0.5268
 8.486    0.5604
 8.472    0.5720
 8.458    0.4179
 8.444    0.3232
 8.431    0.4110
 8.417    0.3449
 8.403    0.1819
 8.390    0.1322
 8.376    0.1790
 8.363    0.2926
 8.349    0.3406
 8.336    0.2927
 8.322    0.1962
 8.309    0.1662
 8.296    0.2013
 8.282    0.2714
 8.269    0.3114
 8.256    0.3087
 8.243    0.2358
 8.230    0.2081
 8.217    0.2468
 8.204    0.2901
 8.191    0.2429
 8.178    0.2142
 8.165    0.2292
 8.152    0.2021
 8.139    0.1867
 8.127    0.1956
 8.114    0.1205
 8.101    0.1357
 8.089    0.1455
 8.076    0.2106
 8.063    0.3537
 8.051    0.3121
 8.039    0.2909
 8.026    0.3973
 8.014    0.4057
 8.001    0.4264
 7.989    0.5049
 7.977    0.5731
 7.964    0.5753
 7.952    0.5847
 7.940    0.5084
 7.928    0.5105
 7.916    0.5133
 7.904    0.4483
 7.892    0.5681
 7.880    0.6705
 7.868    0.7082
 7.856    0.7741
 7.844    0.8037
 7.832    0.8077
 7.820    0.8591
 7.808    0.9309
 7.797    0.9591
 7.785    0.9934
 7.773    0.9967
 7.762    1.0757
 7.750    1.1974
 7.739    1.2344
 7.727    1.1646
 7.716    1.1807
 7.704    1.2459
 7.693    1.3116
 7.681    1.3394
 7.670    1.3744
 7.659    1.4614
 7.647    1.5226
 7.636    1.5404
 7.625    1.5355
 7.614    1.5529
 7.602    1.5980
 7.591    1.6571
 7.580    1.7100
 7.569    1.7286
 7.558    1.7021
 7.547    1.8229
 7.536    1.9317
 7.525    1.9066
 7.514    2.0222
 7.503    2.1224
 7.493    2.1332
 7.482    2.1657
 7.471    2.2867
 7.460    2.2926
 7.449    2.2686
 7.439    2.3555
 7.428    2.4376
 7.418    2.5092
 7.407    2.5610
 7.396    2.5750
 7.386    2.5473
 7.375    2.5391
 7.365    2.6578
 7.354    2.8308
 7.344    2.8536
 7.334    2.8305
 7.323    2.8672
 7.313    2.9743
 7.303    3.0925
 7.292    3.1145
 7.282    3.2184
 7.272    3.3670
 7.262    3.4282
 7.252    3.5011
 7.241    3.5385
 7.231    3.6390
 7.221    3.7190
 7.211    3.6937
 7.201    3.6951
 7.191    3.7029
 7.181    3.8737
 7.171    4.0207
 7.161    4.0694
 7.152    4.1049
 7.142    4.1868
 7.132    4.3489
 7.122    4.4603
 7.112    4.5098
 7.103    4.4932
 7.093    4.5156
 7.083    4.6178
 7.073    4.7126
 7.064    4.7788
 7.054    4.9673
 7.045    5.1140
 7.035    5.1251
 7.026    5.2580
 7.016    5.3532
 7.007    5.3509
 6.997    5.3754
 6.988    5.4646
 6.978    5.5917
 6.969    5.7651
 6.960    5.9505
 6.950    5.9971
 6.941    5.9586
 6.932    6.0375
 6.922    6.2048
 6.913    6.2982
 6.904    6.2890
 6.895    6.2057
 6.886    6.2242
 6.876    6.4347
 6.867    6.6658
 6.858    6.5204
 6.849    6.2564
 6.840    6.2555
 6.831    6.3552
 6.822    6.4256
 6.813    6.4616
 6.804    6.4879
 6.795    6.6391
 6.786    6.7560
 6.778    6.7615
 6.769    6.8018
 6.760    6.9471
 6.751    7.0644
 6.742    7.1120
 6.734    7.2068
 6.725    7.3447
 6.716    7.4780
 6.707    7.4940
 6.699    7.4746
 6.690    7.6179
 6.681    7.7666
 6.673    7.7654
 6.664    7.8732
 6.656    7.9204
 6.647    8.0724
 6.639    8.2817
 6.630    8.3470
 6.622    8.3742
 6.613    8.4076
 6.605    8.4192
 6.596    8.6514
 6.588    8.8423
 6.580    8.9794
 6.571    9.1848
 6.563    9.2195
 6.555    9.2978
 6.547    9.2539
 6.538    9.1814
 6.530    9.2498
 6.522    9.4121
 6.514    9.4347
 6.505    9.4638
 6.497    9.6947
 6.489    9.6840
 6.481    9.5103
 6.473    9.4488
 6.465    9.3964
 6.457    9.4649
 6.449    9.5868
 6.441    9.7227
 6.433    9.9337
 6.425   10.1316
 6.417   10.4457
 6.409   10.4055
 6.401   10.0998
 6.393   10.0878
 6.385   10.2239
 6.377   10.3152
 6.370   10.3347
 6.362   10.2593
 6.354   10.3208
 6.346   10.4982
 6.338   10.3488
 6.331   10.2680
 6.323   10.2433
 6.315   10.1463
 6.308   10.1987
 6.300   10.2872
 6.292   10.3106
 6.285   10.2752
 6.277   10.3574
 6.269   10.4291
 6.262   10.5222
 6.254   10.6446
 6.247   10.6945
 6.239   10.7155
 6.232   10.7246
 6.224   10.6949
 6.217   10.7012
 6.209   10.7500
 6.202   10.7399
 6.195   10.6524
 6.187   10.6089
 6.180   10.3063
 6.172   10.0009
 6.165    9.9672
 6.158    9.8783
 6.150    9.6736
 6.143    9.5664
 6.136    9.5194
 6.129    9.4568
 6.121    9.5367
 6.114    9.6869
 6.107    9.6130
 6.100    9.5874
 6.093    9.5823
 6.085    9.6044
 6.078    9.8183
 6.071    9.9637
 6.064    9.8598
 6.057   10.0571
 6.050   10.4519
 6.043   10.2516
 6.036   10.0819
 6.029   10.1150
 6.022   10.2841
 6.015   10.4707
 6.008   10.4536
 6.001   10.5200
 5.994   10.7979
 5.987   10.8447
 5.980   10.7723
 5.973   10.9743
 5.966   11.1016
 5.960   11.0026
 5.953   11.0184
 5.946   11.1579
 5.939   11.5246
 5.932   11.5370
 5.926   11.2427
 5.919   11.2613
 5.912   11.3786
 5.905   11.4352
 5.899   11.6133
 5.892   11.6248
 5.885   11.7114
 5.878   11.7347
 5.872   11.4244
 5.865   11.3533
 5.859   11.2396
 5.852   11.0846
 5.845   11.0137
 5.839   11.0559
 5.832   11.1761
 5.826   11.2423
 5.819   11.2318
 5.813   11.0081
 5.806   10.8703
 5.800   10.9391
 5.793   10.9966
 5.787   11.0251
 5.780   11.0789
 5.774   11.3321
 5.767   11.5459
 5.761   11.3679
 5.755   11.3894
 5.748   11.5305
 5.742   11.4693
 5.735   11.4278
 5.729   11.4073
 5.723   11.5043
 5.716   11.6670
 5.710   11.7122
 5.704   11.5323
 5.698   11.4791
 5.691   11.6365
 5.685   11.7027
 5.679   11.7859
 5.673   11.8614
 5.666   11.8835
 5.660   12.0133
 5.654   12.1625
 5.648   12.3802
 5.642   12.6517
 5.636   12.6040
 5.630   12.5238
 5.623   12.5724
 5.617   12.7202
 5.611   12.8539
 5.605   13.0463
 5.599   13.0325
 5.593   12.9247
 5.587   12.9743
 5.581   12.9945
 5.575   12.8275
 5.569   12.5808
 5.563   12.3911
 5.557   12.1191
 5.551   11.7838
 5.545   11.5001
 5.539   11.2030
 5.533   10.8422
 5.528   10.4931
 5.522   10.1200
 5.516    9.7342
 5.510    9.3492
 5.504    9.0355
 5.498    8.7820
 5.492    8.5993
 5.487    8.5312
 5.481    8.5774
 5.475    8.6163
 5.469    8.7522
 5.463    9.0146
 5.458    9.2372
 5.452    9.4603
 5.446    9.6860
 5.441    9.8947
 5.435   10.1353
 5.429   10.4607
 5.423   10.7283
 5.418   10.8312
 5.412   10.9173
 5.407   11.0862
 5.401   11.2311
 5.395   11.4207
 5.390   11.6730
 5.384   11.9287
 5.378   12.1660
 5.373   12.3984
 5.367   12.5715
 5.362   12.7786
 5.356   13.0644
 5.351   13.3263
 5.345   13.4581
 5.340   13.5618
 5.334   13.6738
 5.329   13.8032
 5.323   13.9062
 5.318   13.9258
 5.312   14.0148
 5.307   14.1108
 5.301   14.1679
 5.296   14.1914
 5.291   14.1953
 5.285   14.1355
 5.280   14.0265
 5.274   13.9827
 5.269   13.9278
 5.264   13.8434
 5.258   13.7045
 5.253   13.4971
 5.248   13.4030
 5.242   13.2722
 5.237   13.1631
 5.232   13.0628
 5.227   12.9503
 5.221   12.8203
 5.216   12.8207
 5.211   12.8123
 5.206   12.7296
 5.200   12.5974
 5.195   12.5043
 5.190   12.5260
 5.185   12.5488
 5.180   12.5723
 5.174   12.5880
 5.169   12.6401
 5.164   12.6649
 5.159   12.6875
 5.154   12.9151
 5.149   13.2132
 5.144   13.3920
 5.139   13.5278
 5.133   13.6519
 5.128   13.8306
 5.123   14.1070
 5.118   14.3700
 5.113   14.7066
 5.108   15.0792
 5.103   15.4386
 5.098   15.7657
 5.093   16.1277
 5.088   16.5689
 5.083   16.9743
 5.078   17.3145
 5.073   17.6760
 5.068   18.1167
 5.063   18.6536
 5.058   19.0783
 5.053   19.4800
 5.049   19.9081
 5.044   20.3584
 5.039   20.7788
 5.034   21.1677
 5.029   21.5503
 5.024   21.9548
 5.019   22.2772
 5.014   22.5742
 5.010   22.8883
 5.005   23.1752
 5.000   23.4248
 4.995   23.7304
 4.990   24.0892
 4.985   24.3599
 4.981   24.6221
 4.976   24.9861
 4.971   25.3241
 4.966   25.5195
 4.962   25.7299
 4.957   25.9944
 4.952   26.2724
 4.947   26.4492
 4.943   26.6196
 4.938   26.8306
 4.933   26.9600
 4.929   27.1526
 4.924   27.3408
 4.919   27.4221
 4.915   27.5303
 4.910   27.6857
 4.905   27.8264
 4.901   27.9262
 4.896   28.1034
 4.891   28.2879
 4.887   28.4787
 4.882   28.6968
 4.878   28.8994
 4.873   29.1403
 4.868   29.4177
 4.864   29.6609
 4.859   29.8792
 4.855   30.0739
 4.850   30.2777
 4.846   30.4601
 4.841   30.6292
 4.837   30.8103
 4.832   31.0305
 4.828   31.3289
 4.823   31.6030
 4.819   31.8486
 4.814   32.0363
 4.810   32.3030
 4.805   32.6515
 4.801   32.8934
 4.796   32.9546
 4.792   33.0536
 4.787   33.2843
 4.783   33.5586
 4.779   33.8084
 4.774   33.9314
 4.770   34.0269
 4.765   34.1672
 4.761   34.2780
 4.757   34.3785
 4.752   34.4590
 4.748   34.5095
 4.744   34.5236
 4.739   34.6134
 4.735   34.6433
 4.731   34.6001
 4.726   34.6220
 4.722   34.6663
 4.718   34.6591
 4.713   34.7168
 4.709   34.7145
 4.705   34.6620
 4.701   34.6774
 4.696   34.6709
 4.692   34.6572
 4.688   34.6313
 4.684   34.6458
 4.679   34.7362
 4.675   34.8199
 4.671   34.9651
 4.667   35.0723
 4.663   35.2238
 4.658   35.3832
 4.654   35.5690
 4.650   35.8137
 4.646   36.1277
 4.642   36.4600
 4.638   36.8550
 4.633   37.1611
 4.629   37.4265
 4.625   37.7380
 4.621   38.1480
 4.617   38.5469
 4.613   38.8831
 4.609   39.2368
 4.605   39.6113
 4.601   39.9134
 4.596   40.1409
 4.592   40.4024
 4.588   40.7244
 4.584   40.9567
 4.580   41.0962
 4.576   41.2627
 4.572   41.4832
 4.568   41.7075
 4.564   41.8479
 4.560   42.0244
 4.556   42.2355
 4.552   42.3516
 4.548   42.5469
 4.544   42.7020
 4.540   42.7200
 4.536   42.7397
 4.532   42.7836
 4.528   42.8656
 4.524   42.9490
 4.520   42.9865
 4.516   42.9732
 4.512   42.9231
 4.509   42.9409
 4.505   43.0356
 4.501   43.1490
 4.497   43.2113
 4.493   43.3319
 4.489   43.4131
 4.485   43.5186
 4.481   43.6838
 4.477   43.8290
 4.474   43.9969
 4.470   44.1894
 4.466   44.3096
 4.462   44.4415
 4.458   44.5863
 4.454   44.7090
 4.450   44.8192
 4.447   44.9245
 4.443   44.9946
 4.439   45.0750
 4.435   45.1346
 4.431   45.1272
 4.428   45.1175
 4.424   45.1589
 4.420   45.2405
 4.416   45.2878
 4.413   45.3358
 4.409   45.3759
 4.405   45.4660
 4.401   45.5809
 4.398   45.5696
 4.394   45.5457
 4.390   45.6113
 4.386   45.6877
 4.383   45.7523
 4.379   45.8084
 4.375   45.8215
 4.372   45.8444
 4.368   45.8951
 4.364   45.9439
 4.361   45.9756
 4.357   46.0356
 4.353   46.0697
 4.350   46.1186
 4.346   46.1808
 4.342   46.2924
 4.339   46.4152
 4.335   46.4924
 4.332   46.5022
 4.328   46.5230
 4.324   46.6016
 4.321   46.6761
 4.317   46.7432
 4.314   46.8456
 4.310   46.9026
 4.306   46.8848
 4.303   46.8711
 4.299   46.9807
 4.296   47.0544
 4.292   47.0663
 4.289   46.9999
 4.285   46.8952
 4.281   46.7614
 4.278   46.5104
 4.274   46.1680
 4.271   45.8298
 4.267   45.6194
 4.264   45.7191
 4.260   45.9901
 4.257   46.3042
 4.253   46.6295
 4.250   46.9467
 4.246   47.1926
 4.243   47.3537
 4.239   47.5395
 4.236   47.6770
 4.233   47.6910
 4.229   47.7268
 4.226   47.7352
 4.222   47.7352
 4.219   47.7236
 4.215   47.6986
 4.212   47.6440
 4.208   47.6106
 4.205   47.5362
 4.202   47.5387
 4.198   47.5889
 4.195   47.5441
 4.191   47.5116
 4.188   47.5314
 4.185   47.4897
 4.181   47.4606
 4.178   47.4799
 4.175   47.5409
 4.171   47.6203
 4.168   47.6788
 4.165   47.6637
 4.161   47.6242
 4.158   47.6964
 4.155   47.7192
 4.151   47.6472
 4.148   47.6685
 4.145   47.7153
 4.141   47.7281
 4.138   47.7223
 4.135   47.7766
 4.131   47.8550
 4.128   47.8940
 4.125   47.9120
 4.121   47.9154
 4.118   47.9191
 4.115   47.8938
 4.112   47.9181
 4.108   47.9809
 4.105   48.0249
 4.102   48.0593
 4.099   48.0936
 4.095   48.0941
 4.092   48.0590
 4.089   48.0870
 4.086   48.2120
 4.083   48.2754
 4.079   48.2484
 4.076   48.1798
 4.073   48.1462
 4.070   48.2389
 4.067   48.2334
 4.063   48.2176
 4.060   48.2070
 4.057   48.1670
 4.054   48.2285
 4.051   48.3333
 4.047   48.4263
 4.044   48.4157
 4.041   48.4065
 4.038   48.4082
 4.035   48.4096
 4.032   48.3786
 4.029   48.4433
 4.025   48.4745
 4.022   48.4627
 4.019   48.5110
 4.016   48.5962
 4.013   48.6196
 4.010   48.5659
 4.007   48.5087
 4.004   48.5323
 4.001   48.5775
 3.998   48.6461
 3.994   48.6535
 3.991   48.5974
 3.988   48.5590
 3.985   48.5963
 3.982   48.6669
 3.979   48.7495
 3.976   48.6851
 3.973   48.6327
 3.970   48.7173
 3.967   48.7376
 3.964   48.6919
 3.961   48.6725
 3.958   48.6634
 3.955   48.6818
 3.952   48.6245
 3.949   48.6038
 3.946   48.6475
 3.943   48.7234
 3.940   48.7051
 3.937   48.6239
 3.934   48.6567
 3.931   48.6492
 3.928   48.5976
 3.925   48.6158
 3.922   48.6186
 3.919   48.5465
 3.916   48.5575
 3.913   48.5800
 3.910   48.6191
 3.907   48.6160
 3.904   48.5771
 3.901   48.5016
 3.898   48.4914
 3.895   48.5438
 3.893   48.5488
 3.890   48.4731
 3.887   48.4446
 3.884   48.4051
 3.881   48.3896
 3.878   48.3993
 3.875   48.3784
 3.872   48.3512
 3.869   48.3660
 3.866   48.2845
 3.864   48.2385
 3.861   48.2680
 3.858   48.2318
 3.855   48.0901
 3.852   47.9925
 3.849   47.9728
 3.846   47.9510
 3.843   47.9168
 3.841   47.9026
 3.838   47.8732
 3.835   47.7803
 3.832   47.7440
 3.829   47.7390
 3.826   47.6802
 3.824   47.5778
 3.821   47.5565
 3.818   47.5117
 3.815   47.4356
 3.812   47.4253
 3.810   47.3421
 3.807   47.2666
 3.804   47.2118
 3.801   47.1448
 3.798   47.0672
 3.796   46.9676
 3.793   46.9097
 3.790   46.8610
 3.787   46.7926
 3.785   46.6894
 3.782   46.5707
 3.779   46.5185
 3.776   46.4816
 3.774   46.3908
 3.771   46.2681
 3.768   46.1779
 3.765   46.1165
 3.763   46.0674
 3.760   46.0054
 3.757   45.9233
 3.754   45.8467
 3.752   45.6965
 3.749   45.4215
 3.746   44.9738
 3.744   44.6309
 3.741   44.6506
 3.738   44.7794
 3.735   44.9161
 3.733   44.8732
 3.730   44.7489
 3.727   44.5706
 3.725   44.3418
 3.722   44.1834
 3.719   43.9910
 3.717   43.7726
 3.714   43.5835
 3.711   43.2253
 3.709   42.7780
 3.706   42.3874
 3.703   42.1194
 3.701   42.0366
 3.698   41.9571
 3.696   41.8335
 3.693   41.8776
 3.690   41.9352
 3.688   41.9511
 3.685   42.0280
 3.682   42.1168
 3.680   42.2272
 3.677   42.2784
 3.675   42.3999
 3.672   42.4993
 3.669   42.5210
 3.667   42.4602
 3.664   42.4684
 3.662   42.4828
 3.659   42.4075
 3.656   42.3493
 3.654   42.3167
 3.651   42.2777
 3.649   42.1876
 3.646   42.1217
 3.644   42.1191
 3.641   42.0437
 3.638   41.9825
 3.636   41.8546
 3.633   41.6765
 3.631   41.6207
 3.628   41.6109
 3.626   41.5790
 3.623   41.4455
 3.621   41.2983
 3.618   41.2675
 3.616   41.2049
 3.613   41.1169
 3.611   40.9667
 3.608   40.7779
 3.606   40.6193
 3.603   40.6157
 3.601   40.6243
 3.598   40.4517
 3.596   40.2346
 3.593   40.1333
 3.591   40.0417
 3.588   39.9205
 3.586   39.7516
 3.583   39.5062
 3.581   39.2762
 3.578   39.1018
 3.576   38.9201
 3.573   38.7439
 3.571   38.6758
 3.568   38.6813
 3.566   38.6811
 3.563   38.7055
 3.561   38.8308
 3.559   38.8398
 3.556   38.7214
 3.554   38.6458
 3.551   38.6299
 3.549   38.5524
 3.546   38.5083
 3.544   38.3919
 3.542   38.2558
 3.539   38.2717
 3.537   38.1444
 3.534   37.9391
 3.532   37.8267
 3.530   37.6926
 3.527   37.5607
 3.525   37.5183
 3.522   37.3941
 3.520   37.2339
 3.518   37.0426
 3.515   36.8287
 3.513   36.7277
 3.510   36.6652
 3.508   36.5503
 3.506   36.3755
 3.503   36.1733
 3.501   36.0900
 3.499   36.0830
 3.496   36.1170
 3.494   36.0795
 3.491   35.8771
 3.489   35.7701
 3.487   35.8008
 3.484   35.7377
 3.482   35.6182
 3.480   35.5383
 3.477   35.4297
 3.475   35.3251
 3.473   35.2412
 3.470   35.1278
 3.468   35.0540
 3.466   34.9984
 3.463   34.8895
 3.461   34.8279
 3.459   34.6874
 3.457   34.5356
 3.454   34.4305
 3.452   34.3336
 3.450   34.2204
 3.447   34.1823
 3.445   34.0399
 3.443   33.9025
 3.441   33.6981
 3.438   33.4490
 3.436   33.2744
 3.434   33.1867
 3.431   33.1589
 3.429   32.9922
 3.427   32.8611
 3.425   32.7446
 3.422   32.5948
 3.420   32.3907
 3.418   32.2431
 3.416   32.1633
 3.413   32.0811
 3.411   32.0112
 3.409   31.9375
 3.407   31.8957
 3.404   31.8639
 3.402   31.8678
 3.400   31.8568
 3.398   31.7946
 3.395   31.7492
 3.393   31.6367
 3.391   31.4881
 3.389   31.4371
 3.387   31.4083
 3.384   31.3190
 3.382   31.1452
 3.380   31.0780
 3.378   31.1196
 3.376   31.0744
 3.373   31.0168
 3.371   30.9623
 3.369   30.7729
 3.367   30.5994
 3.365   30.5668
 3.362   30.6126
 3.360   30.5271
 3.358   30.3722
 3.356   30.2819
 3.354   30.2676
 3.352   30.2538
 3.349   30.1502
 3.347   30.0224
 3.345   29.9840
 3.343   29.9432
 3.341   29.8196
 3.339   29.7033
 3.336   29.6470
 3.334   29.5756
 3.332   29.4481
 3.330   29.3734
 3.328   29.3744
 3.326   29.3088
 3.324   29.1637
 3.321   28.9959
 3.319   28.8405
 3.317   28.7964
 3.315   28.7861
 3.313   28.7711
 3.311   28.6663
 3.309   28.5650
 3.307   28.5609
 3.305   28.5208
 3.302   28.3705
 3.300   28.2449
 3.298   28.1649
 3.296   28.1105
 3.294   28.0224
 3.292   27.9417
 3.290   27.8289
 3.288   27.7383
 3.286   27.5796
 3.284   27.5520
 3.282   27.6341
 3.279   27.5501
 3.277   27.4267
 3.275   27.3843
 3.273   27.2537
 3.271   27.1864
 3.269   27.0686
 3.267   27.0046
 3.265   27.0403
 3.263   26.9623
 3.261   26.7784
 3.259   26.6732
 3.257   26.6722
 3.255   26.5857
 3.253   26.5284
 3.251   26.4940
 3.249   26.4608
 3.247   26.3908
 3.245   26.2946
 3.243   26.2288
 3.241   26.1488
 3.239   25.9795
 3.236   25.8755
 3.234   25.7975
 3.232   25.7714
 3.230   25.6904
 3.228   25.6105
 3.226   25.5602
 3.224   25.5273
 3.222   25.5320
 3.220   25.4144
 3.218   25.2063
 3.216   25.1580
 3.214   25.1659
 3.212   25.0188
 3.210   24.9983
 3.208   25.0317
 3.206   24.8871
 3.204   24.8241
 3.202   24.7399
 3.201   24.6253
 3.199   24.5609
 3.197   24.5939
 3.195   24.6063
 3.193   24.4827
 3.191   24.3561
 3.189   24.2115
 3.187   24.1495
 3.185   24.1922
 3.183   24.2042
 3.181   24.0585
 3.179   23.8857
 3.177   23.8084
 3.175   23.7889
 3.173   23.7635
 3.171   23.7186
 3.169   23.7166
 3.167   23.6275
 3.165   23.5358
 3.163   23.4522
 3.161   23.5086
 3.160   23.4372
 3.158   23.2551
 3.156   23.1438
 3.154   23.0986
 3.152   23.1274
 3.150   23.1640
 3.148   23.0855
 3.146   22.8996
 3.144   22.7796
 3.142   22.6994
 3.140   22.5610
 3.139   22.5543
 3.137   22.5623
 3.135   22.4738
 3.133   22.4414
 3.131   22.5018
 3.129   22.4150
 3.127   22.2728
 3.125   22.1363
 3.123   22.1025
 3.122   22.1940
 3.120   22.0899
 3.118   21.8958
 3.116   21.8843
 3.114   21.8971
 3.112   21.8336
 3.110   21.7882
 3.108   21.6492
 3.107   21.5030
 3.105   21.4735
 3.103   21.4454
 3.101   21.4213
 3.099   21.4742
 3.097   21.4387
 3.095   21.4130
 3.094   21.3398
 3.092   21.2707
 3.090   21.2043
 3.088   21.1864
 3.086   21.1632
 3.084   21.0374
 3.083   20.9682
 3.081   21.0347
 3.079   20.9938
 3.077   20.8369
 3.075   20.8417
 3.073   20.8870
 3.072   20.7750
 3.070   20.6857
 3.068   20.6128
 3.066   20.4975
 3.064   20.4656
 3.063   20.5093
 3.061   20.5052
 3.059   20.3918
 3.057   20.2833
 3.055   20.2150
 3.053   20.2314
 3.052   20.1942
 3.050   20.1071
 3.048   20.0281
 3.046   19.9612
 3.045   19.7933
 3.043   19.7785
 3.041   19.7990
 3.039   19.8010
 3.037   19.6482
 3.036   19.5153
 3.034   19.5637
 3.032   19.5228
 3.030   19.4333
 3.029   19.3446
 3.027   19.2671
 3.025   19.1854
 3.023   19.1173
 3.021   19.1450
 3.020   19.1603
 3.018   19.1005
 3.016   19.0700
 3.014   18.9881
 3.013   18.9225
 3.011   18.8941
 3.009   18.6715
 3.007   18.5241
 3.006   18.5168
 3.004   18.4966
 3.002   18.4091
 3.000   18.2361
 2.999   18.1795
 2.997   18.1618
 2.995   18.0906
 2.994   18.0457
 2.992   17.9790
 2.990   17.8655
 2.988   17.7582
 2.987   17.5912
 2.985   17.6219
 2.983   17.6169
 2.982   17.4024
 2.980   17.3060
 2.978   17.2863
 2.976   17.2213
 2.975   17.1952
 2.973   17.1966
 2.971   17.0802
 2.970   16.9378
 2.968   16.8516
 2.966   16.9029
 2.964   16.9703
 2.963   16.9591
 2.961   16.8411
 2.959   16.6643
 2.958   16.6198
 2.956   16.6595
 2.954   16.6570
 2.953   16.5451
 2.951   16.4320
 2.949   16.4529
 2.948   16.3401
 2.946   16.2657
 2.944   16.2364
 2.943   16.1800
 2.941   16.1614
 2.939   16.0299
 2.938   15.8598
 2.936   15.6721
 2.934   15.4742
 2.933   15.4928
 2.931   15.3917
 2.929   15.1714
 2.928   14.9456
 2.926   14.8003
 2.924   14.7891
 2.923   14.6155
 2.921   14.1873
 2.919   13.6854
 2.918   13.2190
 2.916   12.6959
 2.914   12.3407
 2.913   11.9337
 2.911   11.6853
 2.910   12.0139
 2.908   12.3464
 2.906   12.5099
 2.905   12.7051
 2.903   13.0600
 2.901   13.3792
 2.900   13.4672
 2.898   13.4799
 2.897   13.5819
 2.895   13.5070
 2.893   13.4114
 2.892   13.3347
 2.890   13.3538
 2.888   13.4164
 2.887   13.3192
 2.885   13.2864
 2.884   13.2051
 2.882   13.0880
 2.880   13.0120
 2.879   12.9509
 2.877   12.9092
 2.876   12.9742
 2.874   12.8975
 2.872   12.7293
 2.871   12.7870
 2.869   12.8055
 2.868   12.6868
 2.866   12.5740
 2.865   12.4607
 2.863   12.4324
 2.861   12.4875
 2.860   12.4452
 2.858   12.1828
 2.857   12.0856
 2.855   12.0870
 2.854   12.2078
 2.852   12.1883
 2.850   12.1115
 2.849   12.0076
 2.847   11.9227
 2.846   11.8374
 2.844   11.7720
 2.843   11.7655
 2.841   11.7457
 2.839   11.5161
 2.838   11.3365
 2.836   11.3010
 2.835   11.0498
 2.833   10.8935
 2.832   11.0017
 2.830   11.0911
 2.829   11.1420
 2.827   11.1389
 2.826   10.8831
 2.824   10.5430
 2.822   10.5067
 2.821   10.5682
 2.819   10.4090
 2.818   10.2205
 2.816   10.2022
 2.815   10.2431
 2.813   10.3101
 2.812   10.0945
 2.810    9.8489
 2.809    9.7503
 2.807    9.5520
 2.806    9.3905
 2.804    9.3930
 2.803    9.3730
 2.801    9.1297
 2.800    8.8048
 2.798    8.6653
 2.797    8.5473
 2.795    8.3300
 2.794    8.1214
 2.792    7.9130
 2.791    7.7209
 2.789    7.5414
 2.788    7.5046
 2.786    7.2418
 2.785    6.7261
 2.783    6.2170
 2.782    5.8488
 2.780    5.5161
 2.779    5.2632
 2.777    5.2823
 2.776    5.2214
 2.774    5.1098
 2.773    4.7730
 2.771    4.1760
 2.770    3.5239
 2.768    2.9888
 2.767    2.4340
 2.765    1.7760
 2.764    1.2517
 2.762    0.9626
 2.761    0.8954
 2.759    0.9404
 2.758    0.9701
 2.756    1.2444
 2.755    1.5509
 2.753    1.8033
 2.752    2.0257
 2.751    2.0002
 2.749    1.8594
 2.748    1.7381
 2.746    1.6750
 2.745    1.6392
 2.743    1.4853
 2.742    1.3808
 2.740    1.2486
 2.739    1.1291
 2.737    1.1107
 2.736    1.3476
 2.735    1.2638
 2.733    1.0930
 2.732    1.2526
 2.730    1.3308
 2.729    1.2609
 2.727    1.3201
 2.726    1.3650
 2.725    1.3493
 2.723    1.2024
 2.722    1.2179
 2.720    1.4206
 2.719    1.6621
 2.717    1.7564
 2.716    1.6061
 2.715    1.3989
 2.713    1.3015
 2.712    1.2660
 2.710    1.2132
 2.709    1.0669
 2.707    0.8541
 2.706    0.7513
 2.705    0.7576
 2.703    0.6837
 2.702    0.7410
 2.700    0.9739
 2.699    1.1554
 2.698    1.5455
 2.696    2.0535
 2.695    2.4962
 2.693    2.8921
 2.692    3.3809
 2.691    4.1715
 2.689    5.1613
 2.688    5.9824
 2.686    6.7426
 2.685    7.6041
 2.684    8.6489
 2.682    9.4548
 2.681   10.3408
 2.680   11.5162
 2.678   12.3550
 2.677   13.2088
 2.675   14.0731
 2.674   14.7840
 2.673   15.5761
 2.671   16.8457
 2.670   17.7341
 2.668   18.1796
 2.667   19.1120
 2.666   20.0323
 2.664   20.4279
 2.663   20.6868
 2.662   21.3474
 2.660   21.9013
 2.659   22.3308
 2.658   22.8755
 2.656   23.5110
 2.655   23.9723
 2.653   24.4399
 2.652   24.7914
 2.651   25.0642
 2.649   25.5136
 2.648   25.9761
 2.647   26.4399
 2.645   26.7776
 2.644   26.9161
 2.643   27.2642
 2.641   27.6350
 2.640   27.9717
 2.639   28.2512
 2.637   28.5847
 2.636   29.0491
 2.635   29.4586
 2.633   29.6914
 2.632   30.1244
 2.631   30.8524
 2.629   30.8425
 2.628   30.9220
 2.627   31.3996
 2.625   31.5005
 2.624   31.5848
 2.623   31.8409
 2.621   32.6337
 2.620   32.9974
 2.619   32.7261
 2.617   33.0481
 2.616   33.0152
 2.615   32.8427
 2.613   33.0048
 2.612   33.0147
 2.611   33.1250
 2.609   33.3378
 2.608   33.5439
 2.607   33.9007
 2.605   34.2225
 2.604   34.1353
 2.603   34.1565
 2.602   34.0199
 2.600   33.8660
 2.599   33.9250
 2.598   34.2551
 2.596   34.9592
 2.595   35.7532
 2.594   35.3435
 2.592   34.5088
 2.591   34.3046
 2.590   34.5201
 2.589   34.8672
 2.587   35.1330
 2.586   35.0221
 2.585   35.4811
 2.583   35.7642
 2.582   35.5127
 2.581   35.5201
 2.580   35.3796
 2.578   35.5536
 2.577   35.8361
 2.576   35.8808
 2.574   36.1095
 2.573   36.3162
 2.572   36.1055
 2.571   36.3505
 2.569   36.6625
 2.568   36.5422
 2.567   36.6353
 2.565   36.9399
 2.564   37.3773
 2.563   37.6711
 2.562   37.9873
 2.560   37.9524
 2.559   37.7887
 2.558   37.8673
 2.557   38.0149
 2.555   38.1267
 2.554   38.2422
 2.553   38.4225
 2.552   38.4990
 2.550   38.5882
 2.549   38.6575
 2.548   38.5388
 2.547   38.4797
 2.545   38.5104
 2.544   38.4986
 2.543   38.5008
 2.542   38.5651
 2.540   38.7408
 2.539   38.8404
 2.538   38.9827
 2.537   39.1397
 2.535   39.1518
 2.534   39.2232
 2.533   39.3196
 2.532   39.3561
 2.530   39.3929
 2.529   39.4634
 2.528   39.5286
 2.527   39.6432
 2.525   39.7080
 2.524   39.8583
 2.523   40.0692
 2.522   40.1576
 2.521   40.2053
 2.519   40.3463
 2.518   40.4770
 2.517   40.5012
 2.516   40.5220
 2.514   40.4952
 2.513   40.4711
 2.512   40.6302
 2.511   40.7994
 2.510   40.8957
 2.508   41.0165
 2.507   41.2187
 2.506   41.3480
 2.505   41.3707
 2.504   41.4716
 2.502   41.5753
 2.501   41.6035
 2.500   41.7076
 2.499   41.7943
 2.498   41.7979
 2.496   41.8183
 2.495   41.9770
 2.494   41.9986
 2.493   41.7911
 2.492   41.7599
 2.490   41.9170
 2.489   42.1721
 2.488   42.3355
 2.487   42.3395
 2.486   42.5257
 2.484   42.7898
 2.483   42.9916
 2.482   43.2334
 2.481   43.4657
 2.480   43.7371
 2.478   43.9694
 2.477   44.0782
 2.476   44.1527
 2.475   44.3298
 2.474   44.5106
 2.473   44.6181
 2.471   44.7751
 2.470   44.8162
 2.469   44.7925
 2.468   44.9538
 2.467   45.1607
 2.465   45.2143
 2.464   45.1147
 2.463   45.0518
 2.462   45.2135
 2.461   45.4484
 2.460   45.5140
 2.458   45.4789
 2.457   45.5582
 2.456   45.6608
 2.455   45.7749
 2.454   45.8666
 2.453   45.9601
 2.451   45.9855
 2.450   45.9688
 2.449   46.0559
 2.448   46.2809
 2.447   46.3309
 2.446   46.3136
 2.445   46.4811
 2.443   46.7422
 2.442   46.7872
 2.441   46.8034
 2.440   47.0520
 2.439   47.3644
 2.438   47.7246
 2.436   47.9752
 2.435   48.2588
 2.434   48.6015
 2.433   48.8897
 2.432   49.3559
 2.431   49.6528
 2.430   49.9172
 2.428   50.2567
 2.427   50.3445
 2.426   50.4990
 2.425   50.6874
 2.424   50.7982
 2.423   50.9931
 2.422   51.1518
 2.421   51.3404
 2.419   51.5214
 2.418   51.6535
 2.417   51.7604
 2.416   51.8698
 2.415   51.8743
 2.414   51.9561
 2.413   52.1695
 2.412   52.2433
 2.410   52.2140
 2.409   52.3087
 2.408   52.3504
 2.407   52.4433
 2.406   52.4571
 2.405   52.4614
 2.404   52.4175
 2.403   52.3388
 2.402   52.1266
 2.400   51.8898
 2.399   51.7495
 2.398   51.6888
 2.397   51.5482
 2.396   51.3009
 2.395   51.0116
 2.394   50.8380
 2.393   50.6308
 2.392   50.4128
 2.390   50.2058
 2.389   49.9660
 2.388   49.6408
 2.387   49.3472
 2.386   49.2894
 2.385   49.2797
 2.384   49.2695
 2.383   49.2781
 2.382   49.3042
 2.381   49.5782
 2.379   49.9492
 2.378   50.2210
 2.377   50.5316
 2.376   50.7025
 2.375   51.0449
 2.374   51.4730
 2.373   51.8099
 2.372   52.0146
 2.371   52.2265
 2.370   52.5233
 2.369   52.6774
 2.368   52.7125
 2.366   52.7981
 2.365   52.9228
 2.364   52.8859
 2.363   52.7801
 2.362   52.6055
 2.361   52.5098
 2.360   52.4584
 2.359   52.4039
 2.358   52.4679
 2.357   52.6796
 2.356   52.8096
 2.355   52.8492
 2.354   52.9374
 2.352   53.0696
 2.351   53.2953
 2.350   53.6488
 2.349   53.9651
 2.348   54.2028
 2.347   54.5235
 2.346   54.8022
 2.345   55.0220
 2.344   55.3697
 2.343   55.6953
 2.342   56.0481
 2.341   56.2417
 2.340   56.3623
 2.339   56.3639
 2.338   56.4194
 2.337   56.4281
 2.336   56.4076
 2.334   56.3781
 2.333   56.3463
 2.332   56.2320
 2.331   56.1318
 2.330   56.0207
 2.329   55.8234
 2.328   55.7381
 2.327   55.7888
 2.326   55.8760
 2.325   56.0087
 2.324   56.1165
 2.323   56.0597
 2.322   56.0510
 2.321   56.1891
 2.320   56.2157
 2.319   56.2789
 2.318   56.2768
 2.317   56.2142
 2.316   56.3354
 2.315   56.4688
 2.314   56.4868
 2.313   56.5174
 2.312   56.8516
 2.311   57.2289
 2.309   57.3395
 2.308   57.4695
 2.307   57.8282
 2.306   58.0657
 2.305   58.1900
 2.304   58.4866
 2.303   58.7493
 2.302   58.9788
 2.301   59.1512
 2.300   59.2467
 2.299   59.4501
 2.298   59.6698
 2.297   59.8866
 2.296   59.9724
 2.295   59.9143
 2.294   60.0412
 2.293   60.3264
 2.292   60.6046
 2.291   60.6906
 2.290   60.8624
 2.289   60.9803
 2.288   61.1017
 2.287   61.2352
 2.286   61.3260
 2.285   61.5596
 2.284   61.7900
 2.283   62.0370
 2.282   62.1304
 2.281   62.1504
 2.280   62.2814
 2.279   62.5753
 2.278   62.7300
 2.277   62.7435
 2.276   62.9036
 2.275   63.1670
 2.274   63.3560
 2.273   63.5432
 2.272   63.6545
 2.271   63.6752
 2.270   63.8849
 2.269   64.0363
 2.268   64.1235
 2.267   64.1956
 2.266   64.3247
 2.265   64.4916
 2.264   64.5746
 2.263   64.6275
 2.262   64.7058
 2.261   64.6622
 2.260   64.5896
 2.259   64.7711
 2.258   64.9276
 2.257   64.8411
 2.256   64.9077
 2.255   65.0139
 2.254   65.1314
 2.253   65.2726
 2.252   65.3518
 2.251   65.5241
 2.250   65.5182
 2.249   65.4455
 2.248   65.3753
 2.247   65.2743
 2.246   65.1727
 2.245   64.9840
 2.245   64.9164
 2.244   64.7629
 2.243   64.3931
 2.242   64.2498
 2.241   64.3407
 2.240   64.3220
 2.239   64.2081
 2.238   64.3344
 2.237   64.6071
 2.236   64.7432
 2.235   64.7002
 2.234   64.8049
 2.233   64.9098
 2.232   64.8674
 2.231   64.9505
 2.230   64.8932
 2.229   64.7064
 2.228   64.5437
 2.227   64.3729
 2.226   64.1714
 2.225   63.7587
 2.224   63.1908
 2.223   62.5540
 2.222   62.0108
 2.221   61.5940
 2.220   60.9081
 2.220   59.8933
 2.219   58.8696
 2.218   57.5896
 2.217   56.0762
 2.216   54.3690
 2.215   52.4412
 2.214   50.0541
 2.213   47.4772
 2.212   44.9284
 2.211   42.3831
 2.210   40.3454
 2.209   39.5419
 2.208   39.8267
 2.207   40.7979
 2.206   42.2668
 2.205   44.0659
 2.204   45.8070
 2.204   47.4169
 2.203   48.8217
 2.202   49.8245
 2.201   50.6088
 2.200   51.1755
 2.199   51.5025
 2.198   51.7035
 2.197   52.0361
 2.196   52.2226
 2.195   52.2447
 2.194   52.2718
 2.193   52.3705
 2.192   52.5014
 2.191   52.6466
 2.190   52.9476
 2.190   53.3666
 2.189   53.5681
 2.188   53.7274
 2.187   53.9629
 2.186   54.0741
 2.185   54.0050
 2.184   54.0098
 2.183   54.1278
 2.182   54.2022
 2.181   54.1372
 2.180   54.1033
 2.179   54.1192
 2.179   54.1376
 2.178   54.2103
 2.177   54.2925
 2.176   54.2726
 2.175   54.2502
 2.174   54.3153
 2.173   54.2584
 2.172   54.1376
 2.171   54.2127
 2.170   54.3271
 2.169   54.3645
 2.168   54.2144
 2.168   54.1414
 2.167   54.2852
 2.166   54.3141
 2.165   54.1752
 2.164   54.1169
 2.163   54.1373
 2.162   54.2758
 2.161   54.3726
 2.160   54.4380
 2.159   54.7009
 2.159   55.1794
 2.158   55.6742
 2.157   56.1437
 2.156   56.5803
 2.155   57.0142
 2.154   57.4108
 2.153   57.8679
 2.152   58.5045
 2.151   59.1782
 2.150   59.8766
 2.150   60.7113
 2.149   61.6019
 2.148   62.4233
 2.147   63.0706
 2.146   63.8678
 2.145   64.7972
 2.144   65.4537
 2.143   65.8999
 2.142   66.5568
 2.142   67.2577
 2.141   67.6847
 2.140   68.1811
 2.139   68.7871
 2.138   69.2033
 2.137   69.6262
 2.136   69.8842
 2.135   70.1253
 2.135   70.5712
 2.134   70.9621
 2.133   71.2710
 2.132   71.5229
 2.131   71.6071
 2.130   71.8766
 2.129   72.1604
 2.128   72.3880
 2.128   72.5101
 2.127   72.5905
 2.126   72.6073
 2.125   72.8173
 2.124   73.0800
 2.123   73.2347
 2.122   73.3936
 2.121   73.4753
 2.121   73.5014
 2.120   73.4511
 2.119   73.4876
 2.118   73.5496
 2.117   73.4424
 2.116   73.2284
 2.115   73.0284
 2.115   73.0294
 2.114   73.2250
 2.113   73.4748
 2.112   73.6905
 2.111   73.9201
 2.110   74.0617
 2.109   74.1988
 2.109   74.6414
 2.108   74.9482
 2.107   75.3867
 2.106   75.7611
 2.105   75.8611
 2.104   75.8618
 2.103   76.1473
 2.103   76.2845
 2.102   76.2119
 2.101   76.1194
 2.100   76.2387
 2.099   76.4248
 2.098   76.4072
 2.097   76.5101
 2.097   76.6680
 2.096   76.7069
 2.095   76.6890
 2.094   76.5966
 2.093   76.6473
 2.092   76.8320
 2.091   76.7060
 2.091   76.5750
 2.090   76.6523
 2.089   76.8414
 2.088   77.2115
 2.087   77.3464
 2.086   77.2845
 2.086   77.3232
 2.085   77.5697
 2.084   77.5446
 2.083   77.6810
 2.082   77.9718
 2.081   77.9119
 2.081   77.9707
 2.080   78.3906
 2.079   78.4055
 2.078   78.2453
 2.077   78.5940
 2.076   78.8864
 2.076   79.0832
 2.075   79.1984
 2.074   79.0950
 2.073   78.9127
 2.072   78.7934
 2.071   79.0298
 2.071   79.2460
 2.070   79.3783
 2.069   79.4614
 2.068   79.5191
 2.067   79.7699
 2.066   79.9001
 2.066   79.7005
 2.065   79.8721
 2.064   80.0781
 2.063   80.2183
 2.062   80.4678
 2.062   80.2607
 2.061   80.0509
 2.060   80.0894
 2.059   80.2858
 2.058   80.4882
 2.057   80.5394
 2.057   80.4813
 2.056   80.5948
 2.055   80.6242
 2.054   80.7719
 2.053   80.9344
 2.053   80.9382
 2.052   80.8394
 2.051   80.9946
 2.050   80.9049
 2.049   80.9545
 2.049   81.1143
 2.048   81.2371
 2.047   81.1221
 2.046   81.1779
 2.045   81.2806
 2.044   81.2568
 2.044   81.3166
 2.043   81.4248
 2.042   81.4488
 2.041   81.4285
 2.040   81.4119
 2.040   81.4486
 2.039   81.3904
 2.038   81.5594
 2.037   81.7046
 2.036   81.5590
 2.036   81.6216
 2.035   81.6928
 2.034   81.4536
 2.033   81.7596
 2.032   82.3081
 2.032   82.3550
 2.031   82.0819
 2.030   81.9593
 2.029   81.8044
 2.029   81.7547
 2.028   82.0281
 2.027   82.0391
 2.026   82.0992
 2.025   82.0883
 2.025   81.8950
 2.024   82.0194
 2.023   82.2843
 2.022   82.5033
 2.021   82.4507
 2.021   82.1725
 2.020   82.1945
 2.019   82.2218
 2.018   82.2923
 2.017   82.4237
 2.017   82.4411
 2.016   82.4426
 2.015   82.4085
 2.014   82.4428
 2.014   82.5602
 2.013   82.5537
 2.012   82.3731
 2.011   82.4255
 2.010   82.4835
 2.010   82.6163
 2.009   82.6973
 2.008   82.6498
 2.007   82.6131
 2.007   82.7216
 2.006   82.7036
 2.005   82.6411
 2.004   82.4746
 2.003   82.5902
 2.003   82.6285
 2.002   82.4946
 2.001   82.6988
 2.000   82.9572
