Name: Corundum Al_2O_3
Type: Mineral
Class: Oxides
Subclass: 
Particle Size: 45-125um
Sample No.: O-15A
Owner: JPL
Wavelength range: IR
Origin: 
Collected by JPL
Description:  Synthetic corundum. 





Measurement: Hemispherical reflectance
First Column: X
Second Column: Y
X Units:  Wavelength (micrometers)
Y Units:  Reflectance (percent)
First X Value: 15.3853
Last X Value: 2.00032
Number of X Values: 2256
Additional information: o15aa.txt
15.385   10.3496
15.340   10.0867
15.294   10.1250
15.249   10.2840
15.205   10.1836
15.160    9.8314
15.116    9.7737
15.072    9.8388
15.028    9.7796
14.985    9.5879
14.942    9.4086
14.899    9.4311
14.856    9.4314
14.814    9.3735
14.772    9.2476
14.730    9.1742
14.688    8.9581
14.646    8.9557
14.605    9.1865
14.564    9.0400
14.523    8.7246
14.483    8.5271
14.442    8.4473
14.402    8.6313
14.362    8.5418
14.323    8.2606
14.283    8.1101
14.244    8.2283
14.205    8.5321
14.166    8.4008
14.128    8.2829
14.089    8.2991
14.051    8.2649
14.013    8.1567
13.975    7.9639
13.938    7.9453
13.900    7.9106
13.863    7.8490
13.826    7.8793
13.790    7.7733
13.753    7.7878
13.717    7.9095
13.680    7.7714
13.644    7.7670
13.608    7.9615
13.573    8.0243
13.537    7.8018
13.502    7.8499
13.467    8.0277
13.432    7.7874
13.398    7.5559
13.363    7.5436
13.329    7.7120
13.294    7.8564
13.260    7.8289
13.227    7.8792
13.193    7.8926
13.160    7.9179
13.126    7.9286
13.093    7.9512
13.060    8.0453
13.027    8.0052
12.995    7.9535
12.962    8.1142
12.930    8.0892
12.898    8.0414
12.866    8.0804
12.834    8.2472
12.802    8.2684
12.771    8.0467
12.739    8.0580
12.708    8.2405
12.677    8.4039
12.646    8.2959
12.615    8.0847
12.585    8.0115
12.554    8.0417
12.524    8.2129
12.494    8.5337
12.464    8.4146
12.434    8.2150
12.404    8.2194
12.374    8.2682
12.345    8.3365
12.316    8.2777
12.286    8.2146
12.257    8.2170
12.228    8.2314
12.200    8.2419
12.171    8.2815
12.143    8.2898
12.114    8.2007
12.086    8.1495
12.058    8.2401
12.030    8.2651
12.002    8.1642
11.974    8.1560
11.947    8.2286
11.919    8.1056
11.892    8.1658
11.865    8.2987
11.838    8.1417
11.811    7.9846
11.784    8.0204
11.757    8.0178
11.730    8.0292
11.704    8.0662
11.678    8.0200
11.651    7.9655
11.625    8.0679
11.599    8.1191
11.573    8.0619
11.547    7.9370
11.522    7.9350
11.496    7.9133
11.471    7.8849
11.445    7.7812
11.420    7.7223
11.395    7.6569
11.370    7.5936
11.345    7.6052
11.321    7.6162
11.296    7.3810
11.271    7.0853
11.247    6.7998
11.223    6.5770
11.198    6.4605
11.174    6.3500
11.150    6.0763
11.126    5.8099
11.102    5.5586
11.079    5.2252
11.055    4.9355
11.032    4.7693
11.008    4.5278
10.985    4.1467
10.962    3.8554
10.938    3.6477
10.915    3.4313
10.893    3.1223
10.870    2.8311
10.847    2.7059
10.824    2.4517
10.802    2.2678
10.779    2.1597
10.757    1.9866
10.735    1.7557
10.713    1.5979
10.690    1.5045
10.668    1.4456
10.647    1.2954
10.625    1.1512
10.603    1.0865
10.581    1.0126
10.560    0.9312
10.538    0.9120
10.517    0.7798
10.496    0.6125
10.474    0.5590
10.453    0.5851
10.432    0.5497
10.411    0.5323
10.390    0.5423
10.370    0.4626
10.349    0.3469
10.328    0.3429
10.308    0.3480
10.287    0.2599
10.267    0.1650
10.247    0.2194
10.227    0.2697
10.206    0.1527
10.186    0.1398
10.166    0.3022
10.146    0.1915
10.127    0.1616
10.107    0.3219
10.087    0.3458
10.068    0.1834
10.048    0.0482
10.029    0.0347
10.009    0.1384
 9.990    0.1678
 9.971    0.1188
 9.952    0.0876
 9.933    0.0227
 9.914    0.0157
 9.895    0.0582
 9.876    0.0000
 9.857    0.0000
 9.838    0.0090
 9.820    0.0327
 9.801    0.1765
 9.783    0.2113
 9.764    0.0884
 9.746    0.0952
 9.728    0.2211
 9.709    0.2647
 9.691    0.1083
 9.673    0.0000
 9.655    0.1542
 9.637    0.2835
 9.619    0.1466
 9.602    0.0527
 9.584    0.0373
 9.566    0.0067
 9.549    0.0389
 9.531    0.0000
 9.513    0.0000
 9.496    0.0000
 9.479    0.0701
 9.461    0.1242
 9.444    0.0984
 9.427    0.0623
 9.410    0.0323
 9.393    0.0000
 9.376    0.0000
 9.359    0.0960
 9.342    0.1445
 9.325    0.1586
 9.309    0.1158
 9.292    0.0810
 9.275    0.1906
 9.259    0.1998
 9.242    0.0550
 9.226    0.0000
 9.209    0.0180
 9.193    0.1634
 9.177    0.2098
 9.160    0.1542
 9.144    0.0283
 9.128    0.0752
 9.112    0.2353
 9.096    0.2288
 9.080    0.2059
 9.064    0.1597
 9.049    0.1429
 9.033    0.1257
 9.017    0.0385
 9.001    0.1570
 8.986    0.2827
 8.970    0.2317
 8.955    0.2579
 8.939    0.3561
 8.924    0.3718
 8.909    0.3197
 8.893    0.2615
 8.878    0.2996
 8.863    0.2283
 8.848    0.1453
 8.833    0.2033
 8.818    0.2920
 8.803    0.3469
 8.788    0.4796
 8.773    0.3848
 8.758    0.2782
 8.743    0.4273
 8.729    0.5084
 8.714    0.4435
 8.699    0.4525
 8.685    0.4214
 8.670    0.3690
 8.656    0.3913
 8.641    0.4687
 8.627    0.5562
 8.613    0.5364
 8.598    0.5861
 8.584    0.7215
 8.570    0.7260
 8.556    0.6556
 8.542    0.6356
 8.528    0.7221
 8.514    0.7656
 8.500    0.7804
 8.486    0.8623
 8.472    0.9942
 8.458    1.0460
 8.444    1.0124
 8.431    0.9599
 8.417    0.9403
 8.403    0.9131
 8.390    0.9415
 8.376    1.0882
 8.363    1.2155
 8.349    1.2932
 8.336    1.2410
 8.322    1.2196
 8.309    1.3308
 8.296    1.3370
 8.282    1.3578
 8.269    1.4877
 8.256    1.7303
 8.243    1.8259
 8.230    1.8574
 8.217    1.8563
 8.204    1.8229
 8.191    1.9106
 8.178    2.0060
 8.165    2.1076
 8.152    2.0281
 8.139    1.9803
 8.127    2.0866
 8.114    2.1853
 8.101    2.2122
 8.089    2.3273
 8.076    2.4118
 8.063    2.3524
 8.051    2.3619
 8.039    2.3550
 8.026    2.4115
 8.014    2.4731
 8.001    2.4902
 7.989    2.4606
 7.977    2.5038
 7.964    2.6108
 7.952    2.6557
 7.940    2.6332
 7.928    2.7010
 7.916    2.8514
 7.904    2.9189
 7.892    2.8472
 7.880    2.8318
 7.868    2.8031
 7.856    2.7684
 7.844    2.8017
 7.832    2.8851
 7.820    2.9193
 7.808    2.9694
 7.797    3.0089
 7.785    3.0061
 7.773    3.1347
 7.762    3.2576
 7.750    3.2432
 7.739    3.2351
 7.727    3.3262
 7.716    3.3898
 7.704    3.4243
 7.693    3.5031
 7.681    3.6018
 7.670    3.6756
 7.659    3.7918
 7.647    3.8133
 7.636    3.8459
 7.625    3.8853
 7.614    3.9647
 7.602    4.0272
 7.591    4.0710
 7.580    4.0971
 7.569    4.1041
 7.558    4.0381
 7.547    4.0078
 7.536    4.0538
 7.525    4.1589
 7.514    4.3043
 7.503    4.3781
 7.493    4.3171
 7.482    4.3435
 7.471    4.4481
 7.460    4.6107
 7.449    4.7555
 7.439    4.7609
 7.428    4.7312
 7.418    4.8167
 7.407    4.9283
 7.396    5.0428
 7.386    5.1467
 7.375    5.1875
 7.365    5.2347
 7.354    5.2884
 7.344    5.2770
 7.334    5.2230
 7.323    5.1530
 7.313    5.0745
 7.303    5.1060
 7.292    5.0671
 7.282    4.9296
 7.272    4.8314
 7.262    4.6501
 7.252    4.3639
 7.241    4.0959
 7.231    3.8492
 7.221    3.4769
 7.211    3.0368
 7.201    2.7006
 7.191    2.4203
 7.181    2.1822
 7.171    2.0386
 7.161    2.0755
 7.152    2.1902
 7.142    2.3976
 7.132    2.5993
 7.122    2.8275
 7.112    3.0282
 7.103    3.2453
 7.093    3.5028
 7.083    3.7903
 7.073    3.9998
 7.064    4.1117
 7.054    4.3049
 7.045    4.6042
 7.035    4.8017
 7.026    5.0420
 7.016    5.2894
 7.007    5.4378
 6.997    5.6579
 6.988    5.9587
 6.978    6.2543
 6.969    6.6414
 6.960    7.0581
 6.950    7.3940
 6.941    7.6041
 6.932    7.9403
 6.922    8.3292
 6.913    8.7589
 6.904    9.1667
 6.895    9.4556
 6.886    9.8138
 6.876   10.1950
 6.867   10.5533
 6.858   10.8806
 6.849   11.1698
 6.840   11.3369
 6.831   11.5533
 6.822   11.7794
 6.813   11.9098
 6.804   12.0082
 6.795   12.1127
 6.786   12.1863
 6.778   12.2253
 6.769   12.2902
 6.760   12.3241
 6.751   12.2986
 6.742   12.2432
 6.734   12.2718
 6.725   12.3372
 6.716   12.3779
 6.707   12.3870
 6.699   12.4214
 6.690   12.3987
 6.681   12.4688
 6.673   12.5372
 6.664   12.5234
 6.656   12.5157
 6.647   12.5597
 6.639   12.7212
 6.630   12.7366
 6.622   12.7024
 6.613   12.7516
 6.605   12.8228
 6.596   12.8922
 6.588   12.7920
 6.580   12.7401
 6.571   12.6861
 6.563   12.5351
 6.555   12.4224
 6.547   12.2866
 6.538   12.0928
 6.530   11.8598
 6.522   11.6450
 6.514   11.3893
 6.505   11.1749
 6.497   10.9461
 6.489   10.5876
 6.481   10.2609
 6.473    9.8940
 6.465    9.5486
 6.457    9.2190
 6.449    8.9795
 6.441    8.7312
 6.433    8.3852
 6.425    8.1653
 6.417    8.0715
 6.409    7.6672
 6.401    7.2958
 6.393    7.0934
 6.385    6.8336
 6.377    6.6338
 6.370    6.4986
 6.362    6.2638
 6.354    6.0700
 6.346    5.8651
 6.338    5.7076
 6.331    5.6324
 6.323    5.5651
 6.315    5.4544
 6.308    5.4285
 6.300    5.5042
 6.292    5.6125
 6.285    5.7622
 6.277    5.9272
 6.269    6.0587
 6.262    6.1783
 6.254    6.3600
 6.247    6.7225
 6.239    7.1535
 6.232    7.5454
 6.224    7.9255
 6.217    8.4460
 6.209    8.9917
 6.202    9.4979
 6.195   10.0417
 6.187   10.6768
 6.180   11.1942
 6.172   11.6973
 6.165   12.3419
 6.158   13.0630
 6.150   13.6150
 6.143   14.0863
 6.136   14.6201
 6.129   15.1151
 6.121   15.5692
 6.114   16.1077
 6.107   16.5287
 6.100   16.9799
 6.093   17.4889
 6.085   17.9835
 6.078   18.3973
 6.071   18.7609
 6.064   19.0859
 6.057   19.5460
 6.050   20.0500
 6.043   20.3599
 6.036   20.5632
 6.029   20.8672
 6.022   21.2303
 6.015   21.6268
 6.008   21.9400
 6.001   22.2805
 5.994   22.6872
 5.987   23.0829
 5.980   23.4168
 5.973   23.8157
 5.966   24.1385
 5.960   24.4596
 5.953   24.8644
 5.946   25.3084
 5.939   25.8315
 5.932   26.1622
 5.926   26.4049
 5.919   26.7492
 5.912   27.1522
 5.905   27.5753
 5.899   28.0024
 5.892   28.3199
 5.885   28.6673
 5.878   28.9305
 5.872   29.0798
 5.865   29.4398
 5.859   29.7385
 5.852   29.9382
 5.845   30.1358
 5.839   30.4462
 5.832   30.7528
 5.826   31.0728
 5.819   31.2868
 5.813   31.4830
 5.806   31.7209
 5.800   31.9746
 5.793   32.2713
 5.787   32.5499
 5.780   32.7679
 5.774   33.0547
 5.767   33.3736
 5.761   33.4321
 5.755   33.5071
 5.748   33.7420
 5.742   33.8831
 5.735   34.0935
 5.729   34.3450
 5.723   34.5874
 5.716   34.8050
 5.710   34.9998
 5.704   35.0600
 5.698   35.1002
 5.691   35.1813
 5.685   35.3197
 5.679   35.4606
 5.673   35.5752
 5.666   35.5914
 5.660   35.6328
 5.654   35.6984
 5.648   35.8112
 5.642   35.9247
 5.636   35.9165
 5.630   35.9329
 5.623   36.0153
 5.617   36.1586
 5.611   36.3133
 5.605   36.4246
 5.599   36.4405
 5.593   36.4884
 5.587   36.6660
 5.581   36.8046
 5.575   36.8422
 5.569   36.8538
 5.563   36.9095
 5.557   36.9662
 5.551   36.9719
 5.545   36.9074
 5.539   36.8697
 5.533   36.7670
 5.528   36.6760
 5.522   36.5663
 5.516   36.4119
 5.510   36.2203
 5.504   36.0685
 5.498   35.9711
 5.492   35.9923
 5.487   36.0836
 5.481   36.2521
 5.475   36.3761
 5.469   36.4860
 5.463   36.6969
 5.458   36.9517
 5.452   37.1954
 5.446   37.4381
 5.441   37.6307
 5.435   37.7023
 5.429   37.8072
 5.423   38.0370
 5.418   38.1413
 5.412   38.2629
 5.407   38.4296
 5.401   38.5145
 5.395   38.5843
 5.390   38.7200
 5.384   38.8911
 5.378   38.9961
 5.373   39.0554
 5.367   39.1431
 5.362   39.1692
 5.356   39.1953
 5.351   39.2338
 5.345   39.2715
 5.340   39.3060
 5.334   39.3357
 5.329   39.3946
 5.323   39.4309
 5.318   39.4160
 5.312   39.3663
 5.307   39.3951
 5.301   39.4716
 5.296   39.5411
 5.291   39.6128
 5.285   39.6291
 5.280   39.6912
 5.274   39.7402
 5.269   39.7536
 5.264   39.7914
 5.258   39.9324
 5.253   40.0132
 5.248   39.9554
 5.242   39.9654
 5.237   40.0146
 5.232   40.0047
 5.227   40.0782
 5.221   40.1160
 5.216   40.1260
 5.211   40.1157
 5.206   40.0905
 5.200   40.1256
 5.195   40.1527
 5.190   40.1288
 5.185   40.1247
 5.180   40.0907
 5.174   40.0801
 5.169   40.1148
 5.164   40.1427
 5.159   40.1693
 5.154   40.1166
 5.149   40.1105
 5.144   40.1353
 5.139   40.1087
 5.133   40.0203
 5.128   39.9724
 5.123   39.9473
 5.118   39.8668
 5.113   39.7840
 5.108   39.7824
 5.103   39.7418
 5.098   39.6908
 5.093   39.5718
 5.088   39.4852
 5.083   39.4395
 5.078   39.3256
 5.073   39.2673
 5.068   39.2373
 5.063   39.2856
 5.058   39.2619
 5.053   39.2371
 5.049   39.2317
 5.044   39.2209
 5.039   39.1800
 5.034   39.2130
 5.029   39.2248
 5.024   39.2727
 5.019   39.2965
 5.014   39.3058
 5.010   39.3085
 5.005   39.3454
 5.000   39.3919
 4.995   39.3561
 4.990   39.2548
 4.985   39.2824
 4.981   39.2945
 4.976   39.3294
 4.971   39.3315
 4.966   39.3072
 4.962   39.3447
 4.957   39.3507
 4.952   39.2744
 4.947   39.2410
 4.943   39.2495
 4.938   39.2542
 4.933   39.2862
 4.929   39.2954
 4.924   39.1760
 4.919   39.1202
 4.915   39.0784
 4.910   39.0160
 4.905   38.9562
 4.901   38.9270
 4.896   38.8696
 4.891   38.8722
 4.887   38.8599
 4.882   38.8383
 4.878   38.8025
 4.873   38.7361
 4.868   38.7034
 4.864   38.6588
 4.859   38.6012
 4.855   38.5504
 4.850   38.5391
 4.846   38.5542
 4.841   38.5152
 4.837   38.4700
 4.832   38.4659
 4.828   38.4155
 4.823   38.3742
 4.819   38.3282
 4.814   38.2494
 4.810   38.1998
 4.805   38.1320
 4.801   38.0570
 4.796   38.0592
 4.792   38.0988
 4.787   37.9808
 4.783   37.8461
 4.779   37.7977
 4.774   37.7128
 4.770   37.6523
 4.765   37.6711
 4.761   37.6566
 4.757   37.6490
 4.752   37.7424
 4.748   37.7891
 4.744   37.8747
 4.739   37.9572
 4.735   37.9375
 4.731   37.9068
 4.726   37.9279
 4.722   37.9817
 4.718   38.0231
 4.713   38.0181
 4.709   37.9850
 4.705   37.9841
 4.701   38.0729
 4.696   38.1278
 4.692   38.1672
 4.688   38.2348
 4.684   38.2539
 4.679   38.3185
 4.675   38.3404
 4.671   38.3303
 4.667   38.3479
 4.663   38.4408
 4.658   38.5266
 4.654   38.5924
 4.650   38.6985
 4.646   38.7518
 4.642   38.7977
 4.638   38.9193
 4.633   39.0778
 4.629   39.2133
 4.625   39.2628
 4.621   39.2815
 4.617   39.3871
 4.613   39.5546
 4.609   39.6966
 4.605   39.8184
 4.601   39.9440
 4.596   40.0639
 4.592   40.1321
 4.588   40.2273
 4.584   40.3800
 4.580   40.4507
 4.576   40.5709
 4.572   40.7064
 4.568   40.7695
 4.564   40.9258
 4.560   41.1022
 4.556   41.2297
 4.552   41.2963
 4.548   41.3787
 4.544   41.4622
 4.540   41.5324
 4.536   41.6324
 4.532   41.6936
 4.528   41.7389
 4.524   41.7917
 4.520   41.8698
 4.516   41.9923
 4.512   42.0645
 4.509   42.1501
 4.505   42.2108
 4.501   42.2539
 4.497   42.3590
 4.493   42.4313
 4.489   42.4706
 4.485   42.4603
 4.481   42.4707
 4.477   42.5084
 4.474   42.5195
 4.470   42.6061
 4.466   42.6747
 4.462   42.7598
 4.458   42.8609
 4.454   42.8538
 4.450   42.8320
 4.447   42.8672
 4.443   42.9052
 4.439   42.9297
 4.435   42.9235
 4.431   42.9103
 4.428   42.9421
 4.424   42.9588
 4.420   42.9815
 4.416   42.9874
 4.413   42.9585
 4.409   42.9889
 4.405   43.0099
 4.401   43.0498
 4.398   43.0536
 4.394   43.0284
 4.390   42.9832
 4.386   42.9771
 4.383   42.9959
 4.379   43.0076
 4.375   42.9446
 4.372   42.9629
 4.368   42.9917
 4.364   42.9853
 4.361   42.9865
 4.357   42.8941
 4.353   42.8408
 4.350   42.8518
 4.346   42.8093
 4.342   42.7643
 4.339   42.7251
 4.335   42.6972
 4.332   42.6830
 4.328   42.7392
 4.324   42.7888
 4.321   42.7299
 4.317   42.5993
 4.314   42.5436
 4.310   42.5332
 4.306   42.4869
 4.303   42.4823
 4.299   42.4543
 4.296   42.3706
 4.292   42.3404
 4.289   42.3364
 4.285   42.3911
 4.281   42.4571
 4.278   42.3861
 4.274   42.3235
 4.271   42.2963
 4.267   42.2384
 4.264   42.2309
 4.260   42.2324
 4.257   42.2050
 4.253   42.2246
 4.250   42.2235
 4.246   42.1501
 4.243   42.0848
 4.239   42.0704
 4.236   42.1188
 4.233   42.1227
 4.229   42.0601
 4.226   42.0427
 4.222   42.0342
 4.219   41.9808
 4.215   41.9675
 4.212   42.0019
 4.208   42.0432
 4.205   42.0232
 4.202   41.9560
 4.198   41.8983
 4.195   41.8598
 4.191   41.8321
 4.188   41.7797
 4.185   41.6828
 4.181   41.6661
 4.178   41.6841
 4.175   41.6311
 4.171   41.5679
 4.168   41.4693
 4.165   41.4180
 4.161   41.3517
 4.158   41.2423
 4.155   41.1578
 4.151   41.1090
 4.148   41.0706
 4.145   41.0621
 4.141   40.9734
 4.138   40.8621
 4.135   40.7797
 4.131   40.7004
 4.128   40.6542
 4.125   40.5173
 4.121   40.3472
 4.118   40.2678
 4.115   40.2036
 4.112   40.1324
 4.108   40.1032
 4.105   39.9282
 4.102   39.6970
 4.099   39.5916
 4.095   39.5250
 4.092   39.3827
 4.089   39.2193
 4.086   39.0762
 4.083   38.9968
 4.079   38.9538
 4.076   38.8140
 4.073   38.6382
 4.070   38.4335
 4.067   38.2607
 4.063   38.0930
 4.060   37.9222
 4.057   37.8844
 4.054   37.8912
 4.051   37.8058
 4.047   37.6696
 4.044   37.5642
 4.041   37.5531
 4.038   37.5207
 4.035   37.4722
 4.032   37.3918
 4.029   37.2925
 4.025   37.2360
 4.022   37.2303
 4.019   37.2064
 4.016   37.1228
 4.013   37.0301
 4.010   36.9216
 4.007   36.8753
 4.004   36.7697
 4.001   36.6378
 3.998   36.6276
 3.994   36.5430
 3.991   36.4337
 3.988   36.3528
 3.985   36.2777
 3.982   36.2096
 3.979   36.1535
 3.976   36.0289
 3.973   35.9823
 3.970   35.9272
 3.967   35.8101
 3.964   35.7537
 3.961   35.6865
 3.958   35.6341
 3.955   35.6066
 3.952   35.5543
 3.949   35.5600
 3.946   35.6226
 3.943   35.6766
 3.940   35.7259
 3.937   35.7119
 3.934   35.6948
 3.931   35.6947
 3.928   35.7943
 3.925   35.9599
 3.922   36.0809
 3.919   36.1911
 3.916   36.3297
 3.913   36.4796
 3.910   36.5820
 3.907   36.7198
 3.904   36.8289
 3.901   36.9293
 3.898   37.0585
 3.895   37.2096
 3.893   37.4050
 3.890   37.5098
 3.887   37.6099
 3.884   37.7330
 3.881   37.8691
 3.878   38.0022
 3.875   38.1183
 3.872   38.2239
 3.869   38.3247
 3.866   38.3906
 3.864   38.4552
 3.861   38.5341
 3.858   38.6319
 3.855   38.6626
 3.852   38.6703
 3.849   38.7773
 3.846   38.8093
 3.843   38.8587
 3.841   38.9866
 3.838   39.1361
 3.835   39.2147
 3.832   39.1958
 3.829   39.1412
 3.826   39.1665
 3.824   39.2371
 3.821   39.2775
 3.818   39.2318
 3.815   39.2423
 3.812   39.3524
 3.810   39.3431
 3.807   39.3406
 3.804   39.3181
 3.801   39.2136
 3.798   39.1610
 3.796   39.1550
 3.793   39.1142
 3.790   39.1236
 3.787   39.0247
 3.785   38.8920
 3.782   38.8705
 3.779   38.8413
 3.776   38.7725
 3.774   38.6961
 3.771   38.7352
 3.768   38.6454
 3.765   38.4823
 3.763   38.4647
 3.760   38.4390
 3.757   38.3450
 3.754   38.2376
 3.752   38.1480
 3.749   38.0424
 3.746   37.9425
 3.744   37.8755
 3.741   37.8083
 3.738   37.8025
 3.735   37.7729
 3.733   37.7043
 3.730   37.5781
 3.727   37.5294
 3.725   37.4806
 3.722   37.4402
 3.719   37.3911
 3.717   37.2598
 3.714   37.1470
 3.711   37.1287
 3.709   37.0706
 3.706   36.9744
 3.703   36.9188
 3.701   36.8826
 3.698   36.8238
 3.696   36.7322
 3.693   36.7055
 3.690   36.6935
 3.688   36.6472
 3.685   36.5193
 3.682   36.4673
 3.680   36.4352
 3.677   36.3635
 3.675   36.2905
 3.672   36.2143
 3.669   36.1412
 3.667   36.0802
 3.664   36.0328
 3.662   35.9463
 3.659   35.8153
 3.656   35.7020
 3.654   35.6860
 3.651   35.6319
 3.649   35.5441
 3.646   35.4571
 3.644   35.3796
 3.641   35.3061
 3.638   35.1725
 3.636   35.0567
 3.633   35.0370
 3.631   34.9719
 3.628   34.8885
 3.626   34.8157
 3.623   34.8113
 3.621   34.8172
 3.618   34.7138
 3.616   34.5824
 3.613   34.4575
 3.611   34.3781
 3.608   34.3431
 3.606   34.2622
 3.603   34.1130
 3.601   33.9993
 3.598   33.9452
 3.596   33.8787
 3.593   33.7639
 3.591   33.6264
 3.588   33.5024
 3.586   33.4278
 3.583   33.2531
 3.581   33.0931
 3.578   33.0401
 3.576   32.9383
 3.573   32.8106
 3.571   32.6114
 3.568   32.4459
 3.566   32.4165
 3.563   32.3372
 3.561   32.1276
 3.559   31.8927
 3.556   31.7679
 3.554   31.7115
 3.551   31.6317
 3.549   31.5609
 3.546   31.4595
 3.544   31.4136
 3.542   31.3236
 3.539   31.1564
 3.537   31.0338
 3.534   30.9376
 3.532   30.8271
 3.530   30.6944
 3.527   30.5353
 3.525   30.3649
 3.522   30.1033
 3.520   29.8518
 3.518   29.7383
 3.515   29.5669
 3.513   29.3420
 3.510   29.1770
 3.508   29.0559
 3.506   29.0457
 3.503   28.9884
 3.501   28.8497
 3.499   28.8219
 3.496   28.7925
 3.494   28.7323
 3.491   28.7736
 3.489   28.7005
 3.487   28.5626
 3.484   28.5252
 3.482   28.4455
 3.480   28.3797
 3.477   28.2819
 3.475   28.1482
 3.473   28.0432
 3.470   27.9335
 3.468   27.8458
 3.466   27.8126
 3.463   27.7317
 3.461   27.6691
 3.459   27.5664
 3.457   27.4398
 3.454   27.3135
 3.452   27.2243
 3.450   27.1396
 3.447   27.1239
 3.445   27.0615
 3.443   26.9535
 3.441   26.8423
 3.438   26.7024
 3.436   26.5356
 3.434   26.3964
 3.431   26.3235
 3.429   26.2603
 3.427   26.3097
 3.425   26.2261
 3.422   26.0666
 3.420   25.9379
 3.418   25.7883
 3.416   25.6258
 3.413   25.5746
 3.411   25.5588
 3.409   25.3991
 3.407   25.1979
 3.404   25.1245
 3.402   25.0030
 3.400   24.9194
 3.398   24.8813
 3.395   24.8340
 3.393   24.7786
 3.391   24.7635
 3.389   24.7520
 3.387   24.7130
 3.384   24.5781
 3.382   24.4606
 3.380   24.4042
 3.378   24.3670
 3.376   24.3693
 3.373   24.2256
 3.371   24.0440
 3.369   23.9477
 3.367   23.9834
 3.365   23.9176
 3.362   23.8677
 3.360   23.8792
 3.358   23.8272
 3.356   23.7631
 3.354   23.6961
 3.352   23.6567
 3.349   23.6117
 3.347   23.5943
 3.345   23.4802
 3.343   23.2544
 3.341   23.2465
 3.339   23.2639
 3.336   23.1494
 3.334   23.0706
 3.332   23.0930
 3.330   23.0674
 3.328   22.9876
 3.326   22.9289
 3.324   22.8895
 3.321   22.8888
 3.319   22.8401
 3.317   22.7303
 3.315   22.5922
 3.313   22.4833
 3.311   22.4406
 3.309   22.4129
 3.307   22.2656
 3.305   22.1617
 3.302   22.1896
 3.300   22.0856
 3.298   21.9367
 3.296   21.9426
 3.294   21.9303
 3.292   21.7670
 3.290   21.6502
 3.288   21.6146
 3.286   21.4611
 3.284   21.3194
 3.282   21.2594
 3.279   21.2399
 3.277   21.2480
 3.275   21.1885
 3.273   21.0376
 3.271   20.9823
 3.269   20.9007
 3.267   20.6729
 3.265   20.5012
 3.263   20.5636
 3.261   20.5680
 3.259   20.4771
 3.257   20.4687
 3.255   20.4196
 3.253   20.2518
 3.251   20.1227
 3.249   20.0183
 3.247   19.9499
 3.245   19.8518
 3.243   19.8318
 3.241   19.7946
 3.239   19.6160
 3.236   19.5596
 3.234   19.5466
 3.232   19.4637
 3.230   19.3927
 3.228   19.2369
 3.226   19.0938
 3.224   19.1364
 3.222   19.1579
 3.220   19.0077
 3.218   18.8985
 3.216   18.7748
 3.214   18.6801
 3.212   18.7056
 3.210   18.5994
 3.208   18.4508
 3.206   18.4140
 3.204   18.3843
 3.202   18.3390
 3.201   18.2849
 3.199   18.1618
 3.197   18.0344
 3.195   17.8744
 3.193   17.8536
 3.191   17.8408
 3.189   17.7809
 3.187   17.5957
 3.185   17.3687
 3.183   17.4201
 3.181   17.5193
 3.179   17.5135
 3.177   17.3367
 3.175   17.1098
 3.173   16.9388
 3.171   16.9732
 3.169   16.8836
 3.167   16.6824
 3.165   16.6093
 3.163   16.5705
 3.161   16.4961
 3.160   16.3575
 3.158   16.2831
 3.156   16.1716
 3.154   16.0400
 3.152   16.1127
 3.150   16.0189
 3.148   15.8596
 3.146   15.7863
 3.144   15.6300
 3.142   15.5217
 3.140   15.5090
 3.139   15.4004
 3.137   15.2167
 3.135   15.1146
 3.133   15.0902
 3.131   15.0703
 3.129   14.9042
 3.127   14.7794
 3.125   14.6595
 3.123   14.6153
 3.122   14.6157
 3.120   14.5777
 3.118   14.4757
 3.116   14.3004
 3.114   14.0922
 3.112   13.8572
 3.110   13.8210
 3.108   13.7954
 3.107   13.6603
 3.105   13.5674
 3.103   13.3839
 3.101   13.1883
 3.099   13.1537
 3.097   13.0807
 3.095   12.9466
 3.094   12.8797
 3.092   12.8439
 3.090   12.6609
 3.088   12.5654
 3.086   12.4507
 3.084   12.3595
 3.083   12.2473
 3.081   12.0898
 3.079   11.8893
 3.077   11.7545
 3.075   11.5146
 3.073   11.3534
 3.072   11.2823
 3.070   11.1183
 3.068   10.8866
 3.066   10.7075
 3.064   10.5548
 3.063   10.4396
 3.061   10.3380
 3.059   10.1732
 3.057   10.0220
 3.055    9.8475
 3.053    9.6129
 3.052    9.4509
 3.050    9.4093
 3.048    9.3718
 3.046    9.2141
 3.045    9.0467
 3.043    8.9690
 3.041    8.9458
 3.039    9.0645
 3.037    9.1270
 3.036    8.9102
 3.034    8.6822
 3.032    8.7425
 3.030    8.8164
 3.029    8.8207
 3.027    8.9469
 3.025    9.0792
 3.023    9.0777
 3.021    9.1448
 3.020    9.1565
 3.018    9.1428
 3.016    9.2880
 3.014    9.4538
 3.013    9.5387
 3.011    9.7429
 3.009    9.8454
 3.007    9.6746
 3.006    9.6540
 3.004    9.8660
 3.002   10.1087
 3.000   10.2671
 2.999   10.1917
 2.997   10.1861
 2.995   10.2121
 2.994   10.2869
 2.992   10.4086
 2.990   10.3916
 2.988   10.2962
 2.987   10.4189
 2.985   10.5220
 2.983   10.5302
 2.982   10.5929
 2.980   10.6109
 2.978   10.6479
 2.976   10.7913
 2.975   10.8176
 2.973   10.7268
 2.971   10.8400
 2.970   10.9509
 2.968   10.9948
 2.966   11.0471
 2.964   11.0476
 2.963   11.1851
 2.961   11.2606
 2.959   11.1856
 2.958   11.1273
 2.956   11.1493
 2.954   11.3538
 2.953   11.6388
 2.951   11.6846
 2.949   11.5614
 2.948   11.5584
 2.946   11.6665
 2.944   11.6787
 2.943   11.7346
 2.941   11.7314
 2.939   11.6815
 2.938   11.7473
 2.936   11.8529
 2.934   11.8259
 2.933   11.7478
 2.931   11.7992
 2.929   11.7483
 2.928   11.7247
 2.926   11.6125
 2.924   11.5215
 2.923   11.5865
 2.921   11.6473
 2.919   11.6072
 2.918   11.7102
 2.916   11.8095
 2.914   11.8307
 2.913   11.9250
 2.911   11.9825
 2.910   12.0649
 2.908   12.1611
 2.906   12.0754
 2.905   12.1368
 2.903   12.3433
 2.901   12.4673
 2.900   12.4375
 2.898   12.2851
 2.897   12.2294
 2.895   12.2911
 2.893   12.3099
 2.892   12.3073
 2.890   12.2463
 2.888   12.0037
 2.887   11.8263
 2.885   11.7056
 2.884   11.7425
 2.882   11.6802
 2.880   11.5865
 2.879   11.5676
 2.877   11.4559
 2.876   11.4622
 2.874   11.6481
 2.872   11.7123
 2.871   11.8831
 2.869   12.1116
 2.868   12.1521
 2.866   12.1944
 2.865   12.2804
 2.863   12.3930
 2.861   12.4909
 2.860   12.5731
 2.858   12.5528
 2.857   12.6204
 2.855   12.8503
 2.854   13.0958
 2.852   13.3285
 2.850   13.4549
 2.849   13.4691
 2.847   13.5915
 2.846   13.7138
 2.844   13.8333
 2.843   13.9480
 2.841   13.9183
 2.839   13.9140
 2.838   14.0536
 2.836   14.1861
 2.835   14.1474
 2.833   14.2485
 2.832   14.4614
 2.830   14.7108
 2.829   14.9296
 2.827   14.9863
 2.826   15.0109
 2.824   15.1598
 2.822   15.2284
 2.821   15.0491
 2.819   14.9804
 2.818   15.0543
 2.816   15.2657
 2.815   15.5276
 2.813   15.7871
 2.812   16.0056
 2.810   16.2120
 2.809   16.4999
 2.807   16.8041
 2.806   17.0277
 2.804   17.3839
 2.803   17.8187
 2.801   18.2323
 2.800   18.8008
 2.798   19.2716
 2.797   19.6039
 2.795   20.0799
 2.794   20.4571
 2.792   20.8165
 2.791   21.2352
 2.789   21.6402
 2.788   21.8670
 2.786   22.0615
 2.785   22.1722
 2.783   22.4114
 2.782   22.9397
 2.780   23.3097
 2.779   23.4431
 2.777   23.5137
 2.776   23.7672
 2.774   24.2102
 2.773   24.4150
 2.771   24.5813
 2.770   24.8711
 2.768   25.0330
 2.767   25.0667
 2.765   25.0629
 2.764   25.2051
 2.762   25.3549
 2.761   25.6192
 2.759   25.9683
 2.758   26.5728
 2.756   27.3084
 2.755   27.8338
 2.753   28.1970
 2.752   28.7086
 2.751   29.2503
 2.749   29.6727
 2.748   29.9893
 2.746   30.4871
 2.745   30.8205
 2.743   31.0182
 2.742   31.2283
 2.740   31.2852
 2.739   31.3938
 2.737   31.3977
 2.736   31.3562
 2.735   31.6036
 2.733   31.9739
 2.732   32.6963
 2.730   33.6901
 2.729   34.6320
 2.727   35.3287
 2.726   35.9865
 2.725   36.6708
 2.723   37.1096
 2.722   37.5258
 2.720   37.9890
 2.719   38.1693
 2.717   38.3618
 2.716   38.4851
 2.715   38.6862
 2.713   38.9354
 2.712   39.2027
 2.710   39.3692
 2.709   39.3854
 2.707   39.6079
 2.706   39.9643
 2.705   40.3768
 2.703   40.9698
 2.702   41.6742
 2.700   42.6439
 2.699   43.7062
 2.698   44.9073
 2.696   46.1603
 2.695   47.4997
 2.693   48.8092
 2.692   49.9700
 2.691   51.1328
 2.689   52.1348
 2.688   52.9153
 2.686   53.5545
 2.685   54.2742
 2.684   55.1592
 2.682   56.0306
 2.681   56.8807
 2.680   57.7929
 2.678   58.5989
 2.677   59.0908
 2.675   59.5125
 2.674   59.9848
 2.673   60.5400
 2.671   61.1296
 2.670   61.7042
 2.668   62.1169
 2.667   62.6777
 2.666   63.2856
 2.664   63.7951
 2.663   64.2242
 2.662   64.7908
 2.660   65.3741
 2.659   65.9384
 2.658   66.3267
 2.656   66.6626
 2.655   67.0053
 2.653   67.3886
 2.652   67.6842
 2.651   67.8986
 2.649   68.2396
 2.648   68.5123
 2.647   68.7443
 2.645   69.0151
 2.644   69.1781
 2.643   69.3398
 2.641   69.5090
 2.640   69.6648
 2.639   69.7392
 2.637   69.7834
 2.636   69.9361
 2.635   70.2309
 2.633   70.4222
 2.632   70.5110
 2.631   70.6252
 2.629   70.6968
 2.628   70.6968
 2.627   70.8318
 2.625   70.9852
 2.624   71.0819
 2.623   71.1504
 2.621   71.2858
 2.620   71.3561
 2.619   71.3474
 2.617   71.4485
 2.616   71.6208
 2.615   71.6363
 2.613   71.7329
 2.612   71.8301
 2.611   71.9761
 2.609   71.9881
 2.608   71.9836
 2.607   72.1725
 2.605   72.3989
 2.604   72.5264
 2.603   72.5555
 2.602   72.4629
 2.600   72.3890
 2.599   72.4394
 2.598   72.6166
 2.596   72.8508
 2.595   73.0017
 2.594   72.8452
 2.592   72.8037
 2.591   72.8013
 2.590   72.9004
 2.589   72.9828
 2.587   73.0362
 2.586   73.0401
 2.585   73.0883
 2.583   73.2397
 2.582   73.2851
 2.581   73.3089
 2.580   73.3986
 2.578   73.4713
 2.577   73.4127
 2.576   73.3829
 2.574   73.5110
 2.573   73.6492
 2.572   73.7072
 2.571   73.7063
 2.569   73.7482
 2.568   73.7415
 2.567   73.7529
 2.565   73.8584
 2.564   73.9193
 2.563   73.8827
 2.562   73.8742
 2.560   73.8372
 2.559   73.8946
 2.558   74.0572
 2.557   74.1303
 2.555   74.0730
 2.554   74.1066
 2.553   74.1600
 2.552   74.1930
 2.550   74.2138
 2.549   74.2818
 2.548   74.2856
 2.547   74.3388
 2.545   74.4765
 2.544   74.5209
 2.543   74.5301
 2.542   74.5801
 2.540   74.6246
 2.539   74.6327
 2.538   74.6779
 2.537   74.7547
 2.535   74.6850
 2.534   74.7102
 2.533   74.7822
 2.532   74.7091
 2.530   74.7179
 2.529   74.7840
 2.528   74.7975
 2.527   74.8856
 2.525   74.9982
 2.524   75.0849
 2.523   75.0838
 2.522   75.1319
 2.521   75.1951
 2.519   75.1503
 2.518   75.1678
 2.517   75.2606
 2.516   75.2994
 2.514   75.2281
 2.513   75.2896
 2.512   75.4005
 2.511   75.5131
 2.510   75.5495
 2.508   75.4476
 2.507   75.3983
 2.506   75.5405
 2.505   75.6613
 2.504   75.7433
 2.502   75.8033
 2.501   75.8696
 2.500   75.9440
 2.499   75.9969
 2.498   76.0420
 2.496   76.0416
 2.495   76.0597
 2.494   76.0790
 2.493   76.1224
 2.492   76.1672
 2.490   76.1537
 2.489   76.1912
 2.488   76.3225
 2.487   76.3865
 2.486   76.4391
 2.484   76.3981
 2.483   76.3550
 2.482   76.3978
 2.481   76.4154
 2.480   76.4223
 2.478   76.5557
 2.477   76.5432
 2.476   76.5734
 2.475   76.7428
 2.474   76.7748
 2.473   76.7077
 2.471   76.6995
 2.470   76.8015
 2.469   76.9106
 2.468   76.9053
 2.467   76.9301
 2.465   76.9324
 2.464   77.0341
 2.463   77.1006
 2.462   77.1498
 2.461   77.1831
 2.460   77.1745
 2.458   77.2707
 2.457   77.2768
 2.456   77.2248
 2.455   77.2215
 2.454   77.2601
 2.453   77.3585
 2.451   77.4210
 2.450   77.4922
 2.449   77.6188
 2.448   77.6295
 2.447   77.5565
 2.446   77.5303
 2.445   77.5188
 2.443   77.5023
 2.442   77.6295
 2.441   77.7178
 2.440   77.8250
 2.439   77.8382
 2.438   77.8395
 2.436   77.7575
 2.435   77.7119
 2.434   77.7871
 2.433   77.7789
 2.432   77.7819
 2.431   78.0032
 2.430   78.1394
 2.428   78.0989
 2.427   78.0479
 2.426   78.1267
 2.425   78.2122
 2.424   78.1602
 2.423   78.1927
 2.422   78.2359
 2.421   78.1867
 2.419   78.1126
 2.418   78.1704
 2.417   78.2353
 2.416   78.4371
 2.415   78.5069
 2.414   78.3948
 2.413   78.4047
 2.412   78.4183
 2.410   78.4186
 2.409   78.4662
 2.408   78.5698
 2.407   78.6127
 2.406   78.5998
 2.405   78.5514
 2.404   78.6193
 2.403   78.6557
 2.402   78.6988
 2.400   78.8123
 2.399   78.8807
 2.398   78.9695
 2.397   78.8928
 2.396   78.7872
 2.395   78.7957
 2.394   78.7032
 2.393   78.6989
 2.392   78.7379
 2.390   78.8202
 2.389   78.8368
 2.388   78.9226
 2.387   79.1268
 2.386   79.1626
 2.385   79.0388
 2.384   78.9208
 2.383   78.9318
 2.382   79.1340
 2.381   79.1656
 2.379   79.0394
 2.378   78.9711
 2.377   78.9358
 2.376   78.9410
 2.375   79.0892
 2.374   79.0660
 2.373   79.0263
 2.372   79.0477
 2.371   79.0129
 2.370   78.9173
 2.369   78.9287
 2.368   79.0304
 2.366   78.9524
 2.365   78.8930
 2.364   78.9239
 2.363   78.8364
 2.362   78.7386
 2.361   78.7744
 2.360   78.8312
 2.359   78.7117
 2.358   78.5767
 2.357   78.6543
 2.356   78.7560
 2.355   78.7928
 2.354   78.6450
 2.352   78.6382
 2.351   78.8315
 2.350   78.9824
 2.349   79.0485
 2.348   79.1762
 2.347   79.2738
 2.346   79.3963
 2.345   79.5036
 2.344   79.4933
 2.343   79.4981
 2.342   79.6700
 2.341   79.7435
 2.340   79.6374
 2.339   79.6518
 2.338   79.7849
 2.337   79.7514
 2.336   79.8582
 2.334   79.9471
 2.333   80.0614
 2.332   80.1304
 2.331   80.0575
 2.330   80.0343
 2.329   79.9778
 2.328   79.8879
 2.327   79.9675
 2.326   80.0781
 2.325   80.0923
 2.324   80.1737
 2.323   80.1708
 2.322   80.1300
 2.321   80.1841
 2.320   80.2438
 2.319   80.3667
 2.318   80.3179
 2.317   80.2683
 2.316   80.4223
 2.315   80.4322
 2.314   80.3665
 2.313   80.4264
 2.312   80.4628
 2.311   80.5759
 2.309   80.5566
 2.308   80.6135
 2.307   80.7318
 2.306   80.7464
 2.305   80.7195
 2.304   80.7382
 2.303   80.6932
 2.302   80.6366
 2.301   80.5867
 2.300   80.5991
 2.299   80.6821
 2.298   80.7073
 2.297   80.7206
 2.296   80.8061
 2.295   80.9289
 2.294   80.9632
 2.293   80.8676
 2.292   80.9520
 2.291   81.0952
 2.290   81.0252
 2.289   80.8979
 2.288   80.8306
 2.287   80.8334
 2.286   81.0412
 2.285   81.1030
 2.284   80.9744
 2.283   80.8496
 2.282   80.9066
 2.281   81.0333
 2.280   80.9887
 2.279   81.0066
 2.278   81.0246
 2.277   81.0477
 2.276   81.0777
 2.275   81.0570
 2.274   81.0493
 2.273   81.1345
 2.272   81.0852
 2.271   80.9126
 2.270   80.9447
 2.269   80.9708
 2.268   81.0046
 2.267   81.0108
 2.266   80.9609
 2.265   80.9972
 2.264   81.0241
 2.263   80.9005
 2.262   80.8510
 2.261   80.9874
 2.260   81.0809
 2.259   80.9971
 2.258   80.9428
 2.257   81.0128
 2.256   81.0585
 2.255   81.1613
 2.254   81.2469
 2.253   81.1240
 2.252   81.0835
 2.251   81.1630
 2.250   81.1781
 2.249   81.0945
 2.248   81.0729
 2.247   81.0300
 2.246   81.1354
 2.245   81.3104
 2.245   81.2791
 2.244   81.2777
 2.243   81.4566
 2.242   81.5916
 2.241   81.5311
 2.240   81.5829
 2.239   81.6934
 2.238   81.7072
 2.237   81.7216
 2.236   81.8179
 2.235   81.8494
 2.234   81.9106
 2.233   81.9777
 2.232   81.9926
 2.231   81.8726
 2.230   81.7928
 2.229   81.8555
 2.228   81.9766
 2.227   82.1363
 2.226   82.2683
 2.225   82.3518
 2.224   82.3112
 2.223   82.2428
 2.222   82.2884
 2.221   82.3082
 2.220   82.3622
 2.220   82.3769
 2.219   82.3213
 2.218   82.2125
 2.217   82.1850
 2.216   82.3655
 2.215   82.5277
 2.214   82.5079
 2.213   82.5455
 2.212   82.6567
 2.211   82.6214
 2.210   82.7021
 2.209   82.8421
 2.208   82.8095
 2.207   82.7901
 2.206   82.8088
 2.205   82.8984
 2.204   82.9936
 2.204   83.0339
 2.203   83.0779
 2.202   83.0837
 2.201   83.0261
 2.200   83.0353
 2.199   82.9968
 2.198   83.2898
 2.197   83.5178
 2.196   83.4085
 2.195   83.2138
 2.194   83.1661
 2.193   83.1763
 2.192   83.2953
 2.191   83.3809
 2.190   83.5211
 2.190   83.5574
 2.189   83.6138
 2.188   83.6351
 2.187   83.6352
 2.186   83.7139
 2.185   83.8484
 2.184   83.9259
 2.183   83.9112
 2.182   83.9122
 2.181   83.8453
 2.180   83.7269
 2.179   83.7306
 2.179   83.6892
 2.178   83.7186
 2.177   83.8399
 2.176   83.7395
 2.175   83.6718
 2.174   83.7966
 2.173   83.9914
 2.172   84.0711
 2.171   84.0436
 2.170   84.0007
 2.169   83.9500
 2.168   83.9699
 2.168   83.8967
 2.167   83.9550
 2.166   84.1354
 2.165   84.1902
 2.164   84.2061
 2.163   84.2238
 2.162   84.1047
 2.161   83.9636
 2.160   84.1163
 2.159   84.3217
 2.159   84.3409
 2.158   84.3115
 2.157   84.3008
 2.156   84.2971
 2.155   84.2918
 2.154   84.2904
 2.153   84.3342
 2.152   84.3375
 2.151   84.3109
 2.150   84.3665
 2.150   84.5315
 2.149   84.5455
 2.148   84.4466
 2.147   84.3849
 2.146   84.5018
 2.145   84.5566
 2.144   84.4448
 2.143   84.3693
 2.142   84.4646
 2.142   84.4917
 2.141   84.4799
 2.140   84.5834
 2.139   84.6793
 2.138   84.7263
 2.137   84.7626
 2.136   84.6658
 2.135   84.6556
 2.135   84.6268
 2.134   84.5059
 2.133   84.6456
 2.132   84.6699
 2.131   84.6725
 2.130   84.7436
 2.129   84.8731
 2.128   84.8146
 2.128   84.7794
 2.127   84.9042
 2.126   85.0072
 2.125   85.0447
 2.124   84.9843
 2.123   84.6865
 2.122   84.6121
 2.121   84.9516
 2.121   85.0775
 2.120   84.9814
 2.119   84.9157
 2.118   84.8148
 2.117   84.8010
 2.116   84.8956
 2.115   85.0878
 2.115   85.1118
 2.114   84.9456
 2.113   84.9637
 2.112   85.1165
 2.111   85.0223
 2.110   84.8672
 2.109   84.7700
 2.109   84.9208
 2.108   85.0366
 2.107   85.1530
 2.106   85.1975
 2.105   85.3216
 2.104   85.5295
 2.103   85.3178
 2.103   85.0478
 2.102   84.9576
 2.101   85.1070
 2.100   85.2312
 2.099   85.1742
 2.098   85.0911
 2.097   85.0082
 2.097   84.8744
 2.096   85.0670
 2.095   85.3330
 2.094   85.2126
 2.093   84.9717
 2.092   84.8250
 2.091   84.9848
 2.091   85.0343
 2.090   85.1324
 2.089   85.0274
 2.088   84.8114
 2.087   84.9788
 2.086   85.1207
 2.086   85.0224
 2.085   85.1294
 2.084   85.0656
 2.083   85.0170
 2.082   84.8871
 2.081   84.7215
 2.081   84.7944
 2.080   84.8630
 2.079   84.9598
 2.078   85.1359
 2.077   84.9043
 2.076   84.5859
 2.076   84.9482
 2.075   84.9864
 2.074   84.9326
 2.073   84.9092
 2.072   84.5966
 2.071   84.7345
 2.071   85.5257
 2.070   85.7503
 2.069   85.3878
 2.068   85.0346
 2.067   84.7447
 2.066   84.5637
 2.066   84.4117
 2.065   84.2368
 2.064   84.2802
 2.063   84.4930
 2.062   84.8082
 2.062   84.9436
 2.061   84.9224
 2.060   84.7465
 2.059   84.5200
 2.058   84.5831
 2.057   84.8976
 2.057   84.9682
 2.056   84.9510
 2.055   84.8301
 2.054   84.7096
 2.053   84.5921
 2.053   84.5550
 2.052   84.5178
 2.051   84.4473
 2.050   84.4404
 2.049   84.5098
 2.049   84.5405
 2.048   84.5876
 2.047   84.5880
 2.046   84.5575
 2.045   84.5132
 2.044   84.4128
 2.044   84.4037
 2.043   84.4107
 2.042   84.3156
 2.041   84.4417
 2.040   84.7299
 2.040   84.7098
 2.039   84.6431
 2.038   84.5898
 2.037   84.6207
 2.036   84.6974
 2.036   84.6354
 2.035   84.6349
 2.034   84.7345
 2.033   84.8463
 2.032   84.6900
 2.032   84.5106
 2.031   84.6103
 2.030   84.6486
 2.029   84.5996
 2.029   84.5916
 2.028   84.5357
 2.027   84.3724
 2.026   84.5115
 2.025   84.7570
 2.025   84.8282
 2.024   84.6437
 2.023   84.4781
 2.022   84.5572
 2.021   84.4887
 2.021   84.2833
 2.020   84.3190
 2.019   84.3582
 2.018   84.3689
 2.017   84.4316
 2.017   84.5320
 2.016   84.5715
 2.015   84.5635
 2.014   84.6079
 2.014   84.8053
 2.013   84.7866
 2.012   84.5484
 2.011   84.6049
 2.010   84.6430
 2.010   84.4411
 2.009   84.2573
 2.008   84.4253
 2.007   84.6816
 2.007   84.5899
 2.006   84.3540
 2.005   84.4119
 2.004   84.4043
 2.003   84.3282
 2.003   84.3678
 2.002   84.4300
 2.001   84.4219
 2.000   84.5485
