Name: Anatase TiO_2
Type: Mineral
Class: Oxides
Subclass: 
Particle Size: 0-45um
Sample No.: O-12A
Owner: JPL
Wavelength range: IR
Origin: 
Collected by JPL
Description:  Synthetic anatase. 





Measurement: Hemispherical reflectance
First Column: X
Second Column: Y
X Units:  Wavelength (micrometers)
Y Units:  Reflectance (percent)
First X Value: 15.3853
Last X Value: 2.00032
Number of X Values: 2256
Additional information: o12aa.txt
15.385    0.4366
15.340    0.5987
15.294    0.5554
15.249    0.4826
15.205    0.5335
15.160    0.6390
15.116    0.7051
15.072    0.7105
15.028    0.6930
14.985    0.5096
14.942    0.4829
14.899    0.7586
14.856    0.7950
14.814    0.4974
14.772    0.3789
14.730    0.5118
14.688    0.4512
14.646    0.3275
14.605    0.2831
14.564    0.2113
14.523    0.2674
14.483    0.4898
14.442    0.4605
14.402    0.2588
14.362    0.3406
14.323    0.4491
14.283    0.3526
14.244    0.4907
14.205    0.6855
14.166    0.7577
14.128    0.6103
14.089    0.4674
14.051    0.5684
14.013    0.6232
13.975    0.5713
13.938    0.5844
13.900    0.6419
13.863    0.4959
13.826    0.2439
13.790    0.3432
13.753    0.4933
13.717    0.5809
13.680    0.5109
13.644    0.5073
13.608    0.6344
13.573    0.5945
13.537    0.6014
13.502    0.7442
13.467    0.7364
13.432    0.6330
13.398    0.5463
13.363    0.6648
13.329    0.5169
13.294    0.5029
13.260    0.6626
13.227    0.5565
13.193    0.4054
13.160    0.4628
13.126    0.4092
13.093    0.4963
13.060    0.6266
13.027    0.5224
12.995    0.4429
12.962    0.5490
12.930    0.4619
12.898    0.3810
12.866    0.4256
12.834    0.4798
12.802    0.5774
12.771    0.6348
12.739    0.6923
12.708    0.5753
12.677    0.4299
12.646    0.3153
12.615    0.3317
12.585    0.4569
12.554    0.5298
12.524    0.5258
12.494    0.5676
12.464    0.6240
12.434    0.4836
12.404    0.4996
12.374    0.4889
12.345    0.3619
12.316    0.4726
12.286    0.5497
12.257    0.5061
12.228    0.5835
12.200    0.6856
12.171    0.5921
12.143    0.5171
12.114    0.5071
12.086    0.4804
12.058    0.4824
12.030    0.4401
12.002    0.4023
11.974    0.3761
11.947    0.3247
11.919    0.3581
11.892    0.4674
11.865    0.4431
11.838    0.4099
11.811    0.3449
11.784    0.2308
11.757    0.2582
11.730    0.2026
11.704    0.1419
11.678    0.2195
11.651    0.2217
11.625    0.1257
11.599    0.0826
11.573    0.1120
11.547    0.0961
11.522    0.0444
11.496    0.0571
11.471    0.1814
11.445    0.1121
11.420    0.0000
11.395    0.0000
11.370    0.1023
11.345    0.1117
11.321    0.0619
11.296    0.0886
11.271    0.2165
11.247    0.1213
11.223    0.0056
11.198    0.0104
11.174    0.0323
11.150    0.0045
11.126    0.0000
11.102    0.0000
11.079    0.0000
11.055    0.0999
11.032    0.0554
11.008    0.0000
10.985    0.1208
10.962    0.1347
10.938    0.1207
10.915    0.1488
10.893    0.0760
10.870    0.0000
10.847    0.0000
10.824    0.1835
10.802    0.2079
10.779    0.0511
10.757    0.0000
10.735    0.0763
10.713    0.2176
10.690    0.1826
10.668    0.0440
10.647    0.0963
10.625    0.1542
10.603    0.0518
10.581    0.1054
10.560    0.2068
10.538    0.0983
10.517    0.0330
10.496    0.1206
10.474    0.1078
10.453    0.1774
10.432    0.2219
10.411    0.0915
10.390    0.0000
10.370    0.0000
10.349    0.0254
10.328    0.0891
10.308    0.0899
10.287    0.1574
10.267    0.1795
10.247    0.1514
10.227    0.1111
10.206    0.0231
10.186    0.0170
10.166    0.0238
10.146    0.0000
10.127    0.0347
10.107    0.0858
10.087    0.0745
10.068    0.0176
10.048    0.0665
10.029    0.2413
10.009    0.3008
 9.990    0.1232
 9.971    0.0000
 9.952    0.0554
 9.933    0.1363
 9.914    0.0126
 9.895    0.0809
 9.876    0.2546
 9.857    0.1709
 9.838    0.0763
 9.820    0.0308
 9.801    0.1248
 9.783    0.1612
 9.764    0.1321
 9.746    0.1633
 9.728    0.2442
 9.709    0.1988
 9.691    0.0926
 9.673    0.1728
 9.655    0.2016
 9.637    0.1923
 9.619    0.2557
 9.602    0.2568
 9.584    0.1931
 9.566    0.3269
 9.549    0.3734
 9.531    0.3706
 9.513    0.4394
 9.496    0.3373
 9.479    0.2973
 9.461    0.3920
 9.444    0.3221
 9.427    0.2339
 9.410    0.2016
 9.393    0.2859
 9.376    0.3116
 9.359    0.2613
 9.342    0.2036
 9.325    0.3457
 9.309    0.4444
 9.292    0.4530
 9.275    0.5218
 9.259    0.4286
 9.242    0.3133
 9.226    0.3629
 9.209    0.5304
 9.193    0.5348
 9.177    0.4517
 9.160    0.4977
 9.144    0.4385
 9.128    0.4042
 9.112    0.4131
 9.096    0.4187
 9.080    0.4641
 9.064    0.6411
 9.049    0.6064
 9.033    0.4692
 9.017    0.5301
 9.001    0.6686
 8.986    0.7650
 8.970    0.6978
 8.955    0.6775
 8.939    0.6539
 8.924    0.4701
 8.909    0.4471
 8.893    0.5305
 8.878    0.5332
 8.863    0.4877
 8.848    0.5192
 8.833    0.4883
 8.818    0.4898
 8.803    0.6967
 8.788    0.9169
 8.773    0.8643
 8.758    0.6869
 8.743    0.7982
 8.729    0.9649
 8.714    0.9990
 8.699    0.9750
 8.685    0.8362
 8.670    0.8264
 8.656    0.9465
 8.641    0.9620
 8.627    0.9086
 8.613    0.9761
 8.598    1.0401
 8.584    0.9169
 8.570    0.8757
 8.556    1.0233
 8.542    1.1287
 8.528    1.1437
 8.514    1.2251
 8.500    1.3147
 8.486    1.3205
 8.472    1.3992
 8.458    1.4413
 8.444    1.5553
 8.431    1.6752
 8.417    1.4416
 8.403    1.4639
 8.390    1.7177
 8.376    1.8174
 8.363    1.9172
 8.349    1.9144
 8.336    1.8227
 8.322    2.0203
 8.309    2.2302
 8.296    2.1264
 8.282    2.1846
 8.269    2.2572
 8.256    2.2440
 8.243    2.4191
 8.230    2.6391
 8.217    2.7588
 8.204    2.7708
 8.191    2.7551
 8.178    2.9812
 8.165    3.1797
 8.152    3.2166
 8.139    3.2940
 8.127    3.5076
 8.114    3.5688
 8.101    3.6185
 8.089    3.7906
 8.076    3.8998
 8.063    4.0607
 8.051    4.1967
 8.039    4.2692
 8.026    4.3760
 8.014    4.4933
 8.001    4.6814
 7.989    4.8123
 7.977    4.8908
 7.964    5.0020
 7.952    5.0257
 7.940    5.1536
 7.928    5.2978
 7.916    5.3933
 7.904    5.6171
 7.892    5.7104
 7.880    5.8091
 7.868    6.0111
 7.856    6.1007
 7.844    6.2393
 7.832    6.4309
 7.820    6.5322
 7.808    6.6325
 7.797    6.8543
 7.785    6.9613
 7.773    6.9892
 7.762    7.0891
 7.750    7.2423
 7.739    7.4731
 7.727    7.6844
 7.716    7.7835
 7.704    7.8639
 7.693    8.0168
 7.681    8.1327
 7.670    8.2545
 7.659    8.3588
 7.647    8.4989
 7.636    8.6655
 7.625    8.8677
 7.614    9.0329
 7.602    9.1457
 7.591    9.2813
 7.580    9.4553
 7.569    9.6237
 7.558    9.7774
 7.547    9.8770
 7.536    9.9445
 7.525    9.9945
 7.514   10.1101
 7.503   10.2257
 7.493   10.3148
 7.482   10.4125
 7.471   10.6082
 7.460   10.7131
 7.449   10.7391
 7.439   10.8511
 7.428   11.0140
 7.418   11.0473
 7.407   11.0284
 7.396   11.0769
 7.386   11.1945
 7.375   11.3932
 7.365   11.5457
 7.354   11.6506
 7.344   11.8776
 7.334   12.0558
 7.323   12.1352
 7.313   12.2500
 7.303   12.3732
 7.292   12.5341
 7.282   12.7633
 7.272   12.9693
 7.262   13.1691
 7.252   13.3068
 7.241   13.3715
 7.231   13.5022
 7.221   13.6986
 7.211   13.8708
 7.201   13.9394
 7.191   14.0658
 7.181   14.2983
 7.171   14.4977
 7.161   14.6123
 7.152   14.8075
 7.142   14.9699
 7.132   15.1005
 7.122   15.1763
 7.112   15.2512
 7.103   15.3284
 7.093   15.3843
 7.083   15.5283
 7.073   15.6330
 7.064   15.7405
 7.054   15.9594
 7.045   16.1087
 7.035   15.9803
 7.026   16.0638
 7.016   16.1958
 7.007   16.3153
 6.997   16.4371
 6.988   16.4621
 6.978   16.5665
 6.969   16.8662
 6.960   17.0707
 6.950   16.9848
 6.941   17.0865
 6.932   17.2934
 6.922   17.3961
 6.913   17.4914
 6.904   17.6024
 6.895   17.6829
 6.886   17.8554
 6.876   18.0090
 6.867   18.2017
 6.858   18.2503
 6.849   18.0884
 6.840   18.0495
 6.831   18.2210
 6.822   18.3802
 6.813   18.4672
 6.804   18.7218
 6.795   19.1303
 6.786   19.4423
 6.778   19.6187
 6.769   19.8731
 6.760   20.1265
 6.751   20.3826
 6.742   20.5494
 6.734   20.8165
 6.725   21.1217
 6.716   21.3821
 6.707   21.5426
 6.699   21.6442
 6.690   21.9152
 6.681   22.2046
 6.673   22.3595
 6.664   22.5362
 6.656   22.6820
 6.647   23.0848
 6.639   23.6025
 6.630   23.6760
 6.622   23.6602
 6.613   23.7185
 6.605   23.7783
 6.596   23.9513
 6.588   24.0930
 6.580   24.3721
 6.571   24.6011
 6.563   24.4323
 6.555   24.4071
 6.547   24.4852
 6.538   24.4980
 6.530   24.5599
 6.522   24.6631
 6.514   24.5299
 6.505   24.6622
 6.497   25.1467
 6.489   25.1945
 6.481   25.0269
 6.473   24.9139
 6.465   24.6556
 6.457   24.5712
 6.449   24.5496
 6.441   24.4910
 6.433   24.5987
 6.425   24.7241
 6.417   25.0348
 6.409   24.8096
 6.401   24.2486
 6.393   24.1102
 6.385   24.0640
 6.377   24.0511
 6.370   24.0381
 6.362   23.8468
 6.354   23.8413
 6.346   24.0160
 6.338   23.7857
 6.331   23.4813
 6.323   23.4120
 6.315   23.2174
 6.308   23.0642
 6.300   22.9936
 6.292   22.9519
 6.285   22.8386
 6.277   22.7331
 6.269   22.6943
 6.262   22.5887
 6.254   22.4516
 6.247   22.4458
 6.239   22.3569
 6.232   22.2131
 6.224   22.0443
 6.217   21.8402
 6.209   21.5669
 6.202   21.3274
 6.195   21.3041
 6.187   21.4521
 6.180   21.2121
 6.172   20.9011
 6.165   20.7964
 6.158   20.6534
 6.150   20.4541
 6.143   20.3475
 6.136   20.2061
 6.129   20.0798
 6.121   20.1765
 6.114   20.4724
 6.107   20.3568
 6.100   20.1237
 6.093   20.1490
 6.085   20.3261
 6.078   20.6519
 6.071   20.9190
 6.064   20.9993
 6.057   21.4219
 6.050   22.1002
 6.043   22.0567
 6.036   21.9273
 6.029   22.1778
 6.022   22.5755
 6.015   22.9033
 6.008   23.1469
 6.001   23.4933
 5.994   23.9876
 5.987   24.3802
 5.980   24.7027
 5.973   25.2008
 5.966   25.6226
 5.960   25.8782
 5.953   26.2972
 5.946   26.7965
 5.939   27.5702
 5.932   27.9008
 5.926   27.9460
 5.919   28.2688
 5.912   28.6321
 5.905   29.1681
 5.899   29.9384
 5.892   30.3542
 5.885   30.8615
 5.878   31.2984
 5.872   31.2849
 5.865   31.5795
 5.859   31.8730
 5.852   32.2609
 5.845   32.5926
 5.839   33.0034
 5.832   33.5726
 5.826   34.1749
 5.819   34.4635
 5.813   34.4557
 5.806   34.6051
 5.800   34.8516
 5.793   35.0672
 5.787   35.3946
 5.780   35.8131
 5.774   36.3649
 5.767   37.0451
 5.761   37.0455
 5.755   37.0104
 5.748   37.3504
 5.742   37.4513
 5.735   37.5683
 5.729   37.7358
 5.723   38.0234
 5.716   38.3717
 5.710   38.7157
 5.704   38.6373
 5.698   38.6163
 5.691   38.8011
 5.685   38.9424
 5.679   39.2384
 5.673   39.3775
 5.666   39.3135
 5.660   39.5159
 5.654   39.7373
 5.648   39.9572
 5.642   40.2632
 5.636   40.1723
 5.630   40.0578
 5.623   40.1185
 5.617   40.2416
 5.611   40.3288
 5.605   40.4644
 5.599   40.6309
 5.593   40.7180
 5.587   40.8381
 5.581   41.0902
 5.575   41.1574
 5.569   41.0150
 5.563   41.0640
 5.557   41.2288
 5.551   41.3646
 5.545   41.3358
 5.539   41.3239
 5.533   41.4496
 5.528   41.6170
 5.522   41.6917
 5.516   41.6987
 5.510   41.7209
 5.504   41.8193
 5.498   41.9379
 5.492   42.0697
 5.487   42.1571
 5.481   42.3020
 5.475   42.3017
 5.469   42.3544
 5.463   42.5275
 5.458   42.5294
 5.452   42.4839
 5.446   42.5313
 5.441   42.5879
 5.435   42.6603
 5.429   42.8299
 5.423   43.0894
 5.418   43.0317
 5.412   42.9448
 5.407   42.9694
 5.401   42.9969
 5.395   43.0404
 5.390   43.0974
 5.384   43.1564
 5.378   43.2202
 5.373   43.2368
 5.367   43.2700
 5.362   43.3343
 5.356   43.5089
 5.351   43.6632
 5.345   43.6265
 5.340   43.5306
 5.334   43.5269
 5.329   43.5522
 5.323   43.6692
 5.318   43.7540
 5.312   43.7984
 5.307   43.8546
 5.301   43.9476
 5.296   44.0344
 5.291   44.1437
 5.285   44.1105
 5.280   44.1422
 5.274   44.1951
 5.269   44.1775
 5.264   44.1896
 5.258   44.2834
 5.253   44.4114
 5.248   44.5085
 5.242   44.5551
 5.237   44.5443
 5.232   44.5348
 5.227   44.5445
 5.221   44.5746
 5.216   44.7262
 5.211   44.7634
 5.206   44.7425
 5.200   44.7930
 5.195   44.7983
 5.190   44.7608
 5.185   44.8006
 5.180   44.8984
 5.174   44.9916
 5.169   44.9728
 5.164   44.9979
 5.159   45.0938
 5.154   45.2124
 5.149   45.2586
 5.144   45.1991
 5.139   45.1852
 5.133   45.2019
 5.128   45.1648
 5.123   45.1749
 5.118   45.2341
 5.113   45.3342
 5.108   45.3839
 5.103   45.3572
 5.098   45.3966
 5.093   45.4655
 5.088   45.4679
 5.083   45.5545
 5.078   45.5714
 5.073   45.5305
 5.068   45.5624
 5.063   45.5721
 5.058   45.6257
 5.053   45.7391
 5.049   45.7181
 5.044   45.7104
 5.039   45.7265
 5.034   45.7581
 5.029   45.8280
 5.024   45.8799
 5.019   45.8894
 5.014   45.8873
 5.010   45.9036
 5.005   45.9011
 5.000   45.9321
 4.995   45.9979
 4.990   45.9925
 4.985   45.9888
 4.981   46.0044
 4.976   46.0777
 4.971   46.1319
 4.966   46.1529
 4.962   46.1937
 4.957   46.1916
 4.952   46.1649
 4.947   46.1896
 4.943   46.2338
 4.938   46.2979
 4.933   46.3481
 4.929   46.3767
 4.924   46.3170
 4.919   46.3351
 4.915   46.4043
 4.910   46.4408
 4.905   46.3836
 4.901   46.3866
 4.896   46.4709
 4.891   46.5001
 4.887   46.5255
 4.882   46.5620
 4.878   46.6214
 4.873   46.6815
 4.868   46.6857
 4.864   46.6884
 4.859   46.7341
 4.855   46.8073
 4.850   46.8851
 4.846   46.9107
 4.841   46.8826
 4.837   46.8475
 4.832   46.8459
 4.828   46.8698
 4.823   46.9532
 4.819   47.0569
 4.814   47.1227
 4.810   47.0994
 4.805   47.0954
 4.801   47.1677
 4.796   47.2125
 4.792   47.2367
 4.787   47.2756
 4.783   47.3053
 4.779   47.2891
 4.774   47.3324
 4.770   47.4558
 4.765   47.5718
 4.761   47.5724
 4.757   47.6044
 4.752   47.6899
 4.748   47.7200
 4.744   47.7756
 4.739   47.8423
 4.735   47.8851
 4.731   47.9080
 4.726   47.9659
 4.722   48.0261
 4.718   48.0543
 4.713   48.0836
 4.709   48.1387
 4.705   48.1915
 4.701   48.2693
 4.696   48.3099
 4.692   48.3503
 4.688   48.4508
 4.684   48.4843
 4.679   48.5384
 4.675   48.6247
 4.671   48.7106
 4.667   48.7679
 4.663   48.7906
 4.658   48.8245
 4.654   48.8410
 4.650   48.8769
 4.646   48.9618
 4.642   49.0203
 4.638   49.0563
 4.633   49.1017
 4.629   49.2061
 4.625   49.2135
 4.621   49.1972
 4.617   49.2991
 4.613   49.4187
 4.609   49.4469
 4.605   49.4501
 4.601   49.4833
 4.596   49.5296
 4.592   49.5639
 4.588   49.5793
 4.584   49.6437
 4.580   49.7049
 4.576   49.7388
 4.572   49.7297
 4.568   49.7234
 4.564   49.7781
 4.560   49.8011
 4.556   49.8512
 4.552   49.9523
 4.548   50.0037
 4.544   50.0397
 4.540   50.1159
 4.536   50.1342
 4.532   50.1825
 4.528   50.1981
 4.524   50.1658
 4.520   50.1462
 4.516   50.2094
 4.512   50.2517
 4.509   50.3097
 4.505   50.3863
 4.501   50.4596
 4.497   50.4880
 4.493   50.4963
 4.489   50.5212
 4.485   50.5839
 4.481   50.6200
 4.477   50.6077
 4.474   50.5771
 4.470   50.5882
 4.466   50.6383
 4.462   50.7026
 4.458   50.6953
 4.454   50.7208
 4.450   50.7241
 4.447   50.7540
 4.443   50.8434
 4.439   50.8656
 4.435   50.8533
 4.431   50.8725
 4.428   50.8599
 4.424   50.9022
 4.420   50.9543
 4.416   50.9758
 4.413   50.9794
 4.409   51.0209
 4.405   51.0496
 4.401   51.0829
 4.398   51.1069
 4.394   51.1087
 4.390   51.1211
 4.386   51.1505
 4.383   51.2289
 4.379   51.2572
 4.375   51.1899
 4.372   51.1538
 4.368   51.2255
 4.364   51.2227
 4.361   51.2522
 4.357   51.2757
 4.353   51.2435
 4.350   51.2137
 4.346   51.2405
 4.342   51.3259
 4.339   51.3664
 4.335   51.3305
 4.332   51.3280
 4.328   51.3714
 4.324   51.4156
 4.321   51.4669
 4.317   51.4633
 4.314   51.5034
 4.310   51.4831
 4.306   51.4840
 4.303   51.5532
 4.299   51.5898
 4.296   51.6118
 4.292   51.6073
 4.289   51.6458
 4.285   51.6420
 4.281   51.5966
 4.278   51.6494
 4.274   51.6482
 4.271   51.6675
 4.267   51.6573
 4.264   51.6393
 4.260   51.6386
 4.257   51.6558
 4.253   51.6936
 4.250   51.7569
 4.246   51.8006
 4.243   51.8312
 4.239   51.8860
 4.236   51.9194
 4.233   51.8410
 4.229   51.8098
 4.226   51.8432
 4.222   51.8481
 4.219   51.8296
 4.215   51.7980
 4.212   51.7765
 4.208   51.7627
 4.205   51.7258
 4.202   51.7065
 4.198   51.7057
 4.195   51.7079
 4.191   51.7233
 4.188   51.6852
 4.185   51.6656
 4.181   51.6457
 4.178   51.6917
 4.175   51.7417
 4.171   51.7562
 4.168   51.7805
 4.165   51.7818
 4.161   51.7793
 4.158   51.7118
 4.155   51.7096
 4.151   51.7570
 4.148   51.7532
 4.145   51.7638
 4.141   51.7603
 4.138   51.7375
 4.135   51.7615
 4.131   51.7565
 4.128   51.7354
 4.125   51.7821
 4.121   51.7807
 4.118   51.8076
 4.115   51.8538
 4.112   51.8815
 4.108   51.9006
 4.105   51.8312
 4.102   51.7898
 4.099   51.7951
 4.095   51.8666
 4.092   51.9290
 4.089   51.9114
 4.086   51.8868
 4.083   51.8809
 4.079   51.9026
 4.076   51.8699
 4.073   51.8576
 4.070   51.8285
 4.067   51.7795
 4.063   51.8486
 4.060   51.9150
 4.057   51.9471
 4.054   51.9263
 4.051   51.8743
 4.047   51.8619
 4.044   51.9183
 4.041   51.9641
 4.038   51.9754
 4.035   51.9905
 4.032   51.9809
 4.029   51.9206
 4.025   51.8885
 4.022   51.8986
 4.019   51.9096
 4.016   51.9579
 4.013   51.9556
 4.010   51.9105
 4.007   51.8796
 4.004   51.9021
 4.001   51.9331
 3.998   51.9917
 3.994   51.9753
 3.991   51.9879
 3.988   52.0272
 3.985   51.9984
 3.982   51.9654
 3.979   51.9794
 3.976   51.9661
 3.973   51.9617
 3.970   51.9727
 3.967   51.9243
 3.964   51.9151
 3.961   51.8891
 3.958   51.8972
 3.955   51.9155
 3.952   51.8752
 3.949   51.8680
 3.946   51.8929
 3.943   51.8916
 3.940   51.8393
 3.937   51.7894
 3.934   51.7685
 3.931   51.7720
 3.928   51.7797
 3.925   51.7869
 3.922   51.8132
 3.919   51.8617
 3.916   51.8583
 3.913   51.7744
 3.910   51.6620
 3.907   51.6524
 3.904   51.7166
 3.901   51.7262
 3.898   51.6927
 3.895   51.6347
 3.893   51.6179
 3.890   51.6084
 3.887   51.6154
 3.884   51.5989
 3.881   51.5802
 3.878   51.5861
 3.875   51.5516
 3.872   51.4677
 3.869   51.4253
 3.866   51.4727
 3.864   51.4437
 3.861   51.3589
 3.858   51.2967
 3.855   51.2577
 3.852   51.2365
 3.849   51.2547
 3.846   51.2114
 3.843   51.1698
 3.841   51.1713
 3.838   51.0694
 3.835   50.9296
 3.832   50.9605
 3.829   51.0409
 3.826   50.9395
 3.824   50.8457
 3.821   50.8035
 3.818   50.7367
 3.815   50.7038
 3.812   50.7237
 3.810   50.6595
 3.807   50.6500
 3.804   50.5837
 3.801   50.4542
 3.798   50.4162
 3.796   50.3478
 3.793   50.2342
 3.790   50.1514
 3.787   50.1529
 3.785   50.2078
 3.782   50.1232
 3.779   50.0249
 3.776   50.0092
 3.774   49.9847
 3.771   49.9514
 3.768   49.8898
 3.765   49.7945
 3.763   49.7573
 3.760   49.7173
 3.757   49.6387
 3.754   49.5330
 3.752   49.4432
 3.749   49.4587
 3.746   49.4524
 3.744   49.3794
 3.741   49.3267
 3.738   49.2575
 3.735   49.1208
 3.733   49.0938
 3.730   49.0685
 3.727   48.9416
 3.725   48.8604
 3.722   48.8396
 3.719   48.8257
 3.717   48.6613
 3.714   48.5034
 3.711   48.4472
 3.709   48.4220
 3.706   48.4033
 3.703   48.3332
 3.701   48.2249
 3.698   48.1306
 3.696   48.0463
 3.693   47.9907
 3.690   47.9682
 3.688   47.9150
 3.685   47.7957
 3.682   47.6816
 3.680   47.6411
 3.677   47.6158
 3.675   47.5597
 3.672   47.5062
 3.669   47.4690
 3.667   47.3550
 3.664   47.2439
 3.662   47.1911
 3.659   47.0924
 3.656   46.9813
 3.654   46.9232
 3.651   46.8402
 3.649   46.7913
 3.646   46.7156
 3.644   46.6230
 3.641   46.5953
 3.638   46.5543
 3.636   46.4349
 3.633   46.3036
 3.631   46.2523
 3.628   46.2047
 3.626   46.1936
 3.623   46.0751
 3.621   45.9747
 3.618   45.9062
 3.616   45.8038
 3.613   45.8565
 3.611   45.8214
 3.608   45.6275
 3.606   45.5146
 3.603   45.4235
 3.601   45.3874
 3.598   45.3002
 3.596   45.1657
 3.593   45.0826
 3.591   45.0483
 3.588   45.0146
 3.586   44.9666
 3.583   44.8752
 3.581   44.7690
 3.578   44.6859
 3.576   44.5899
 3.573   44.5101
 3.571   44.4944
 3.568   44.4571
 3.566   44.4151
 3.563   44.3062
 3.561   44.1287
 3.559   44.0063
 3.556   43.9630
 3.554   43.9296
 3.551   43.8647
 3.549   43.7552
 3.546   43.6410
 3.544   43.5741
 3.542   43.4743
 3.539   43.3710
 3.537   43.3823
 3.534   43.3707
 3.532   43.3218
 3.530   43.2556
 3.527   43.2041
 3.525   43.1681
 3.522   43.0372
 3.520   42.8982
 3.518   42.8125
 3.515   42.7093
 3.513   42.6097
 3.510   42.5431
 3.508   42.4876
 3.506   42.3806
 3.503   42.1949
 3.501   42.1104
 3.499   42.0865
 3.496   42.0479
 3.494   41.9811
 3.491   41.9164
 3.489   41.8660
 3.487   41.8164
 3.484   41.7849
 3.482   41.6818
 3.480   41.5130
 3.477   41.4145
 3.475   41.3924
 3.473   41.3587
 3.470   41.2321
 3.468   41.1581
 3.466   41.1468
 3.463   41.1281
 3.461   41.0178
 3.459   40.9861
 3.457   40.8692
 3.454   40.7474
 3.452   40.6935
 3.450   40.6372
 3.447   40.6047
 3.445   40.5436
 3.443   40.4439
 3.441   40.3721
 3.438   40.2904
 3.436   40.2794
 3.434   40.1902
 3.431   40.0667
 3.429   40.0122
 3.427   39.9728
 3.425   39.8783
 3.422   39.7658
 3.420   39.6852
 3.418   39.6306
 3.416   39.5870
 3.413   39.5255
 3.411   39.3779
 3.409   39.2415
 3.407   39.0963
 3.404   39.0492
 3.402   39.0723
 3.400   39.0423
 3.398   38.9844
 3.395   38.9063
 3.393   38.8672
 3.391   38.8613
 3.389   38.7610
 3.387   38.5570
 3.384   38.3965
 3.382   38.3982
 3.380   38.4203
 3.378   38.3376
 3.376   38.2779
 3.373   38.2198
 3.371   38.1765
 3.369   38.1062
 3.367   37.9641
 3.365   37.8263
 3.362   37.7633
 3.360   37.7460
 3.358   37.7486
 3.356   37.6619
 3.354   37.5761
 3.352   37.4578
 3.349   37.3270
 3.347   37.2938
 3.345   37.2871
 3.343   37.2759
 3.341   37.2594
 3.339   37.1352
 3.336   37.0163
 3.334   36.9651
 3.332   36.8722
 3.330   36.8242
 3.328   36.8127
 3.326   36.7809
 3.324   36.7339
 3.321   36.6249
 3.319   36.4644
 3.317   36.3673
 3.315   36.3857
 3.313   36.4253
 3.311   36.3609
 3.309   36.2862
 3.307   36.1984
 3.305   36.1175
 3.302   36.0971
 3.300   36.0473
 3.298   35.9468
 3.296   35.7790
 3.294   35.6498
 3.292   35.6072
 3.290   35.5912
 3.288   35.5724
 3.286   35.6466
 3.284   35.5726
 3.282   35.4506
 3.279   35.3895
 3.277   35.3263
 3.275   35.2379
 3.273   35.1840
 3.271   35.2047
 3.269   35.1893
 3.267   35.0680
 3.265   34.9730
 3.263   34.8924
 3.261   34.8521
 3.259   34.8158
 3.257   34.7226
 3.255   34.6910
 3.253   34.6306
 3.251   34.5796
 3.249   34.5596
 3.247   34.5170
 3.245   34.4418
 3.243   34.4809
 3.241   34.4467
 3.239   34.3127
 3.236   34.1809
 3.234   34.1159
 3.232   34.1459
 3.230   34.1951
 3.228   34.2226
 3.226   34.1267
 3.224   33.9716
 3.222   33.8557
 3.220   33.8041
 3.218   33.7572
 3.216   33.8280
 3.214   33.8680
 3.212   33.8075
 3.210   33.7519
 3.208   33.6495
 3.206   33.5802
 3.204   33.5116
 3.202   33.4166
 3.201   33.3150
 3.199   33.3445
 3.197   33.4643
 3.195   33.3693
 3.193   33.1994
 3.191   33.1701
 3.189   33.1448
 3.187   33.0912
 3.185   33.0303
 3.183   33.0328
 3.181   33.0096
 3.179   32.9191
 3.177   32.8736
 3.175   32.8045
 3.173   32.8404
 3.171   32.8244
 3.169   32.6817
 3.167   32.6733
 3.165   32.6691
 3.163   32.6297
 3.161   32.5361
 3.160   32.4005
 3.158   32.3867
 3.156   32.4528
 3.154   32.5100
 3.152   32.4483
 3.150   32.3821
 3.148   32.3344
 3.146   32.2665
 3.144   32.2350
 3.142   32.2453
 3.140   32.2323
 3.139   32.1651
 3.137   32.1190
 3.135   32.0076
 3.133   31.9623
 3.131   31.9663
 3.129   31.9239
 3.127   31.9185
 3.125   31.8850
 3.123   31.7955
 3.122   31.8453
 3.120   31.9064
 3.118   31.8758
 3.116   31.7239
 3.114   31.7341
 3.112   31.7456
 3.110   31.6269
 3.108   31.5387
 3.107   31.5526
 3.105   31.5373
 3.103   31.4883
 3.101   31.5495
 3.099   31.5441
 3.097   31.5421
 3.095   31.5312
 3.094   31.4680
 3.092   31.4371
 3.090   31.4341
 3.088   31.4004
 3.086   31.3371
 3.084   31.2991
 3.083   31.2809
 3.081   31.3236
 3.079   31.3357
 3.077   31.2567
 3.075   31.2441
 3.073   31.2498
 3.072   31.1990
 3.070   31.1235
 3.068   31.0618
 3.066   31.0538
 3.064   31.1174
 3.063   31.1981
 3.061   31.1490
 3.059   31.0606
 3.057   31.0167
 3.055   31.0779
 3.053   31.1669
 3.052   31.1620
 3.050   31.0639
 3.048   30.9871
 3.046   30.9117
 3.045   30.8025
 3.043   30.7232
 3.041   30.7219
 3.039   30.7252
 3.037   30.7903
 3.036   30.8182
 3.034   30.8216
 3.032   30.8361
 3.030   30.8484
 3.029   30.7581
 3.027   30.6516
 3.025   30.7127
 3.023   30.7086
 3.021   30.6976
 3.020   30.6698
 3.018   30.5904
 3.016   30.4722
 3.014   30.4312
 3.013   30.4265
 3.011   30.4608
 3.009   30.5137
 3.007   30.5866
 3.006   30.5746
 3.004   30.5227
 3.002   30.5171
 3.000   30.5383
 2.999   30.5371
 2.997   30.6921
 2.995   30.7274
 2.994   30.5307
 2.992   30.3637
 2.990   30.4493
 2.988   30.6194
 2.987   30.5535
 2.985   30.4757
 2.983   30.5291
 2.982   30.5204
 2.980   30.3793
 2.978   30.4088
 2.976   30.4650
 2.975   30.4434
 2.973   30.3815
 2.971   30.4091
 2.970   30.3777
 2.968   30.4286
 2.966   30.4997
 2.964   30.4609
 2.963   30.4442
 2.961   30.3930
 2.959   30.3532
 2.958   30.4257
 2.956   30.4882
 2.954   30.4534
 2.953   30.5193
 2.951   30.5793
 2.949   30.6017
 2.948   30.5642
 2.946   30.5809
 2.944   30.6496
 2.943   30.6735
 2.941   30.5639
 2.939   30.5296
 2.938   30.5561
 2.936   30.5773
 2.934   30.6077
 2.933   30.5327
 2.931   30.4948
 2.929   30.5943
 2.928   30.6705
 2.926   30.6731
 2.924   30.7606
 2.923   30.9238
 2.921   30.9403
 2.919   30.9251
 2.918   30.9522
 2.916   30.9264
 2.914   30.8786
 2.913   31.0639
 2.911   31.1921
 2.910   31.1343
 2.908   31.2541
 2.906   31.4291
 2.905   31.6236
 2.903   31.6831
 2.901   31.5592
 2.900   31.4680
 2.898   31.5449
 2.897   31.6431
 2.895   31.7147
 2.893   31.8856
 2.892   32.0118
 2.890   32.0926
 2.888   32.0447
 2.887   32.0033
 2.885   32.2092
 2.884   32.4214
 2.882   32.4729
 2.880   32.4722
 2.879   32.4986
 2.877   32.4338
 2.876   32.4859
 2.874   32.6906
 2.872   32.8406
 2.871   33.0064
 2.869   33.0960
 2.868   33.0609
 2.866   33.1246
 2.865   33.2444
 2.863   33.3904
 2.861   33.5310
 2.860   33.6423
 2.858   33.7266
 2.857   33.8549
 2.855   33.9898
 2.854   34.0862
 2.852   34.2149
 2.850   34.3590
 2.849   34.3429
 2.847   34.3880
 2.846   34.5824
 2.844   34.7435
 2.843   34.8664
 2.841   35.0420
 2.839   35.1005
 2.838   35.1720
 2.836   35.4721
 2.835   35.7090
 2.833   35.7426
 2.832   35.8752
 2.830   36.1448
 2.829   36.2681
 2.827   36.2764
 2.826   36.3902
 2.824   36.5103
 2.822   36.7238
 2.821   37.0405
 2.819   37.2732
 2.818   37.4922
 2.816   37.6937
 2.815   37.8924
 2.813   38.0982
 2.812   38.2090
 2.810   38.3790
 2.809   38.5457
 2.807   38.6599
 2.806   39.0118
 2.804   39.4362
 2.803   39.6181
 2.801   39.7450
 2.800   39.9851
 2.798   40.1832
 2.797   40.3203
 2.795   40.5058
 2.794   40.7906
 2.792   41.0866
 2.791   41.3148
 2.789   41.6692
 2.788   42.1372
 2.786   42.2790
 2.785   42.4774
 2.783   42.8335
 2.782   43.0948
 2.780   43.3565
 2.779   43.6884
 2.777   44.0662
 2.776   44.1644
 2.774   44.4525
 2.773   44.9240
 2.771   45.3046
 2.770   45.6903
 2.768   46.1074
 2.767   46.5575
 2.765   46.9942
 2.764   47.4345
 2.762   47.8844
 2.761   48.0183
 2.759   48.1586
 2.758   48.7210
 2.756   49.6524
 2.755   50.0350
 2.753   49.9684
 2.752   50.2965
 2.751   50.5514
 2.749   50.8226
 2.748   51.2159
 2.746   51.6450
 2.745   52.0383
 2.743   52.5898
 2.742   53.3159
 2.740   54.0272
 2.739   54.2443
 2.737   54.0930
 2.736   54.4141
 2.735   54.8711
 2.733   54.9393
 2.732   55.0753
 2.730   55.3885
 2.729   55.5418
 2.727   55.7409
 2.726   56.2051
 2.725   56.5463
 2.723   56.2681
 2.722   56.3949
 2.720   56.6762
 2.719   56.1132
 2.717   55.8233
 2.716   55.6212
 2.715   55.4674
 2.713   55.4537
 2.712   55.7692
 2.710   55.7870
 2.709   55.4048
 2.707   55.1691
 2.706   55.2531
 2.705   55.6229
 2.703   56.1027
 2.702   56.8381
 2.700   57.5916
 2.699   58.3727
 2.698   59.5026
 2.696   60.7739
 2.695   62.0629
 2.693   63.1810
 2.692   63.8678
 2.691   64.5692
 2.689   65.3004
 2.688   65.9470
 2.686   66.4568
 2.685   66.9003
 2.684   67.4328
 2.682   67.8694
 2.681   68.2744
 2.680   69.0076
 2.678   69.4711
 2.677   69.9137
 2.675   70.0497
 2.674   70.0515
 2.673   70.4813
 2.671   71.6842
 2.670   72.4095
 2.668   72.5158
 2.667   73.3313
 2.666   73.9212
 2.664   74.2400
 2.663   74.3292
 2.662   74.8619
 2.660   75.4618
 2.659   75.9899
 2.658   76.4158
 2.656   77.0988
 2.655   77.6039
 2.653   77.9953
 2.652   78.3543
 2.651   78.4302
 2.649   78.6567
 2.648   79.0400
 2.647   79.4181
 2.645   79.6504
 2.644   79.6975
 2.643   79.8857
 2.641   79.9858
 2.640   79.9832
 2.639   80.1052
 2.637   80.3389
 2.636   80.4428
 2.635   80.6948
 2.633   80.7846
 2.632   81.1169
 2.631   81.6607
 2.629   81.3536
 2.628   81.2776
 2.627   81.6271
 2.625   81.3440
 2.624   81.2156
 2.623   81.3918
 2.621   81.9805
 2.620   82.0889
 2.619   81.8301
 2.617   82.2207
 2.616   82.0811
 2.615   81.6664
 2.613   81.7776
 2.612   81.8325
 2.611   82.0298
 2.609   82.1839
 2.608   82.2215
 2.607   82.5638
 2.605   82.9343
 2.604   82.7007
 2.603   82.5691
 2.602   82.4885
 2.600   82.2729
 2.599   82.1880
 2.598   82.4268
 2.596   83.0978
 2.595   83.9325
 2.594   83.4138
 2.592   82.7245
 2.591   82.6284
 2.590   82.7804
 2.589   82.9176
 2.587   82.9691
 2.586   82.8572
 2.585   83.2250
 2.583   83.2706
 2.582   83.0232
 2.581   83.0688
 2.580   82.9786
 2.578   83.0509
 2.577   83.1634
 2.576   83.0322
 2.574   83.2036
 2.573   83.4348
 2.572   83.1585
 2.571   83.2782
 2.569   83.3559
 2.568   83.1138
 2.567   83.0935
 2.565   83.3608
 2.564   83.5600
 2.563   83.5798
 2.562   83.7094
 2.560   83.5891
 2.559   83.3770
 2.558   83.3453
 2.557   83.2789
 2.555   83.2388
 2.554   83.3572
 2.553   83.5764
 2.552   83.5425
 2.550   83.3796
 2.549   83.3982
 2.548   83.5006
 2.547   83.4906
 2.545   83.5284
 2.544   83.5555
 2.543   83.6023
 2.542   83.6068
 2.540   83.6348
 2.539   83.6957
 2.538   83.6542
 2.537   83.7627
 2.535   83.7715
 2.534   83.6851
 2.533   83.7974
 2.532   83.7773
 2.530   83.6752
 2.529   83.6707
 2.528   83.6576
 2.527   83.6578
 2.525   83.7386
 2.524   83.8506
 2.523   83.9301
 2.522   84.0100
 2.521   83.9409
 2.519   83.8985
 2.518   83.9439
 2.517   83.9885
 2.516   84.0023
 2.514   84.0603
 2.513   84.0796
 2.512   84.1887
 2.511   84.2712
 2.510   84.2119
 2.508   84.1118
 2.507   84.1094
 2.506   84.2012
 2.505   84.2318
 2.504   84.2453
 2.502   84.3067
 2.501   84.3329
 2.500   84.3752
 2.499   84.4311
 2.498   84.4954
 2.496   84.5170
 2.495   84.5639
 2.494   84.6252
 2.493   84.5589
 2.492   84.4789
 2.490   84.4775
 2.489   84.5103
 2.488   84.7012
 2.487   84.7639
 2.486   84.7272
 2.484   84.6791
 2.483   84.6352
 2.482   84.7659
 2.481   84.8691
 2.480   84.9005
 2.478   84.9280
 2.477   84.8469
 2.476   84.8661
 2.475   85.0001
 2.474   85.1246
 2.473   85.1179
 2.471   85.0567
 2.470   85.1230
 2.469   85.1901
 2.468   85.1221
 2.467   85.1248
 2.465   85.2881
 2.464   85.3708
 2.463   85.2183
 2.462   85.2412
 2.461   85.2737
 2.460   85.3621
 2.458   85.4442
 2.457   85.3900
 2.456   85.3499
 2.455   85.3858
 2.454   85.4259
 2.453   85.3853
 2.451   85.3792
 2.450   85.4248
 2.449   85.5628
 2.448   85.6789
 2.447   85.7047
 2.446   85.7853
 2.445   85.8350
 2.443   85.7665
 2.442   85.7641
 2.441   85.8365
 2.440   85.8327
 2.439   85.8046
 2.438   85.8874
 2.436   85.9275
 2.435   85.9280
 2.434   85.8979
 2.433   85.8637
 2.432   85.8807
 2.431   85.9821
 2.430   86.0555
 2.428   86.0155
 2.427   86.0107
 2.426   86.1664
 2.425   86.2579
 2.424   86.2644
 2.423   86.3359
 2.422   86.3633
 2.421   86.3111
 2.419   86.2844
 2.418   86.2809
 2.417   86.3137
 2.416   86.3921
 2.415   86.4518
 2.414   86.3706
 2.413   86.5233
 2.412   86.6359
 2.410   86.5832
 2.409   86.6480
 2.408   86.6602
 2.407   86.5806
 2.406   86.6001
 2.405   86.6777
 2.404   86.6561
 2.403   86.6455
 2.402   86.7009
 2.400   86.8306
 2.399   86.9409
 2.398   87.0004
 2.397   86.9397
 2.396   86.9827
 2.395   86.9909
 2.394   86.9395
 2.393   87.0160
 2.392   87.0337
 2.390   87.0522
 2.389   87.0649
 2.388   87.1328
 2.387   87.1913
 2.386   87.1198
 2.385   87.1037
 2.384   87.1736
 2.383   87.2134
 2.382   87.3041
 2.381   87.3109
 2.379   87.3367
 2.378   87.3049
 2.377   87.2796
 2.376   87.3766
 2.375   87.5014
 2.374   87.4969
 2.373   87.4717
 2.372   87.4587
 2.371   87.3938
 2.370   87.3517
 2.369   87.5084
 2.368   87.7072
 2.366   87.6039
 2.365   87.6071
 2.364   87.6111
 2.363   87.6187
 2.362   87.6344
 2.361   87.7360
 2.360   87.8244
 2.359   87.8302
 2.358   87.7568
 2.357   87.7318
 2.356   87.8502
 2.355   87.8358
 2.354   87.7251
 2.352   87.7974
 2.351   87.8318
 2.350   87.8719
 2.349   87.8991
 2.348   87.9442
 2.347   88.0437
 2.346   88.0863
 2.345   88.0879
 2.344   88.0405
 2.343   87.9310
 2.342   87.9625
 2.341   88.0398
 2.340   88.0862
 2.339   88.1526
 2.338   88.1553
 2.337   88.1603
 2.336   88.2592
 2.334   88.2211
 2.333   88.1715
 2.332   88.2825
 2.331   88.3170
 2.330   88.2617
 2.329   88.1917
 2.328   88.2801
 2.327   88.4396
 2.326   88.4531
 2.325   88.3722
 2.324   88.3272
 2.323   88.3021
 2.322   88.3975
 2.321   88.4384
 2.320   88.4138
 2.319   88.4569
 2.318   88.3457
 2.317   88.4054
 2.316   88.6550
 2.315   88.6764
 2.314   88.6373
 2.313   88.6536
 2.312   88.6574
 2.311   88.7191
 2.309   88.6436
 2.308   88.6344
 2.307   88.6895
 2.306   88.7064
 2.305   88.7371
 2.304   88.7132
 2.303   88.6344
 2.302   88.6514
 2.301   88.7451
 2.300   88.8695
 2.299   88.8280
 2.298   88.8365
 2.297   88.7678
 2.296   88.7172
 2.295   88.8351
 2.294   88.9480
 2.293   88.8960
 2.292   89.0072
 2.291   89.0641
 2.290   88.9532
 2.289   88.9480
 2.288   88.9377
 2.287   88.9505
 2.286   89.0137
 2.285   89.0107
 2.284   88.9441
 2.283   88.9736
 2.282   88.9945
 2.281   89.0778
 2.280   89.1809
 2.279   89.1932
 2.278   89.1726
 2.277   89.1380
 2.276   89.1042
 2.275   89.1087
 2.274   89.1199
 2.273   89.1841
 2.272   89.1084
 2.271   89.1309
 2.270   89.2381
 2.269   89.2383
 2.268   89.2546
 2.267   89.2902
 2.266   89.3154
 2.265   89.3310
 2.264   89.2630
 2.263   89.1807
 2.262   89.2679
 2.261   89.4116
 2.260   89.4294
 2.259   89.2931
 2.258   89.2222
 2.257   89.2740
 2.256   89.3149
 2.255   89.3486
 2.254   89.3572
 2.253   89.3308
 2.252   89.4497
 2.251   89.6222
 2.250   89.5766
 2.249   89.5171
 2.248   89.4447
 2.247   89.4529
 2.246   89.5388
 2.245   89.5223
 2.245   89.4445
 2.244   89.4244
 2.243   89.5417
 2.242   89.6168
 2.241   89.6594
 2.240   89.5926
 2.239   89.4338
 2.238   89.4784
 2.237   89.5766
 2.236   89.6242
 2.235   89.5978
 2.234   89.5828
 2.233   89.5840
 2.232   89.5524
 2.231   89.5426
 2.230   89.5302
 2.229   89.5363
 2.228   89.6504
 2.227   89.7690
 2.226   89.8291
 2.225   89.7329
 2.224   89.6565
 2.223   89.6999
 2.222   89.7099
 2.221   89.7427
 2.220   89.7872
 2.220   89.7535
 2.219   89.6850
 2.218   89.6322
 2.217   89.6219
 2.216   89.6529
 2.215   89.6558
 2.214   89.6680
 2.213   89.7188
 2.212   89.7755
 2.211   89.7627
 2.210   89.8075
 2.209   89.8861
 2.208   89.7997
 2.207   89.7746
 2.206   89.8505
 2.205   89.9437
 2.204   90.0075
 2.204   89.9206
 2.203   89.8375
 2.202   89.8500
 2.201   89.8446
 2.200   89.8828
 2.199   89.8530
 2.198   89.9223
 2.197   90.0174
 2.196   89.9736
 2.195   89.9309
 2.194   89.8650
 2.193   89.8528
 2.192   89.9604
 2.191   90.0693
 2.190   90.0769
 2.190   90.0405
 2.189   90.0695
 2.188   90.1134
 2.187   90.2146
 2.186   90.2941
 2.185   90.3696
 2.184   90.3381
 2.183   90.2380
 2.182   90.1984
 2.181   90.2279
 2.180   90.2660
 2.179   90.3257
 2.179   90.2148
 2.178   90.1092
 2.177   90.2315
 2.176   90.2841
 2.175   90.2776
 2.174   90.3045
 2.173   90.3124
 2.172   90.3659
 2.171   90.5346
 2.170   90.5997
 2.169   90.4775
 2.168   90.4298
 2.168   90.3097
 2.167   90.3514
 2.166   90.5511
 2.165   90.4134
 2.164   90.1277
 2.163   90.1680
 2.162   90.3586
 2.161   90.3293
 2.160   90.3938
 2.159   90.4672
 2.159   90.4602
 2.158   90.5586
 2.157   90.6755
 2.156   90.6593
 2.155   90.6557
 2.154   90.5934
 2.153   90.5844
 2.152   90.6329
 2.151   90.5698
 2.150   90.5943
 2.150   90.7454
 2.149   90.7161
 2.148   90.6013
 2.147   90.6466
 2.146   90.7677
 2.145   90.8493
 2.144   90.7369
 2.143   90.6067
 2.142   90.6703
 2.142   90.6327
 2.141   90.6652
 2.140   90.6762
 2.139   90.7145
 2.138   90.7935
 2.137   90.9098
 2.136   90.8898
 2.135   90.8288
 2.135   90.8138
 2.134   90.7386
 2.133   90.7327
 2.132   90.8410
 2.131   90.8815
 2.130   90.9955
 2.129   91.1066
 2.128   90.9871
 2.128   90.8448
 2.127   90.9426
 2.126   90.9753
 2.125   90.9869
 2.124   91.0184
 2.123   90.9678
 2.122   90.9011
 2.121   90.9445
 2.121   91.1658
 2.120   91.2349
 2.119   91.1998
 2.118   91.2053
 2.117   91.2206
 2.116   91.1095
 2.115   91.1205
 2.115   91.0505
 2.114   90.9868
 2.113   91.2047
 2.112   91.4389
 2.111   91.4409
 2.110   91.4235
 2.109   91.2577
 2.109   91.1040
 2.108   91.0721
 2.107   91.1384
 2.106   91.2638
 2.105   91.4053
 2.104   91.4658
 2.103   91.3134
 2.103   91.1778
 2.102   91.2362
 2.101   91.4068
 2.100   91.3507
 2.099   91.2166
 2.098   91.2819
 2.097   91.1759
 2.097   90.9907
 2.096   91.2425
 2.095   91.5196
 2.094   91.4828
 2.093   91.5016
 2.092   91.4383
 2.091   91.4122
 2.091   91.3923
 2.090   91.4071
 2.089   91.3255
 2.088   91.1869
 2.087   91.3776
 2.086   91.4630
 2.086   91.3704
 2.085   91.3199
 2.084   91.3676
 2.083   91.4633
 2.082   91.2070
 2.081   90.9430
 2.081   91.0456
 2.080   91.2418
 2.079   91.5616
 2.078   91.8701
 2.077   91.5043
 2.076   91.0837
 2.076   91.4481
 2.075   91.3495
 2.074   91.1597
 2.073   91.2376
 2.072   90.9224
 2.071   91.0392
 2.071   91.6615
 2.070   91.4802
 2.069   91.4266
 2.068   91.4806
 2.067   91.4059
 2.066   91.3498
 2.066   91.0333
 2.065   90.7980
 2.064   91.0968
 2.063   91.3332
 2.062   91.4345
 2.062   91.4439
 2.061   91.4334
 2.060   91.2506
 2.059   91.1740
 2.058   91.3185
 2.057   91.2982
 2.057   91.2005
 2.056   91.4086
 2.055   91.6587
 2.054   91.5905
 2.053   91.3475
 2.053   91.3492
 2.052   91.3620
 2.051   91.2309
 2.050   91.2540
 2.049   91.3159
 2.049   91.2871
 2.048   91.3007
 2.047   91.2697
 2.046   91.3265
 2.045   91.2600
 2.044   91.2026
 2.044   91.1851
 2.043   91.1153
 2.042   90.9999
 2.041   91.0413
 2.040   91.2217
 2.040   91.3753
 2.039   91.3789
 2.038   91.3224
 2.037   91.2581
 2.036   91.3304
 2.036   91.3114
 2.035   91.2878
 2.034   91.2754
 2.033   91.2564
 2.032   91.2038
 2.032   91.1560
 2.031   91.3758
 2.030   91.3737
 2.029   91.3211
 2.029   91.3765
 2.028   91.3190
 2.027   91.1584
 2.026   91.3252
 2.025   91.3678
 2.025   91.2434
 2.024   91.0297
 2.023   91.0547
 2.022   91.3759
 2.021   91.3728
 2.021   91.0401
 2.020   90.9627
 2.019   91.0153
 2.018   91.0194
 2.017   91.1912
 2.017   91.3141
 2.016   91.3361
 2.015   91.3244
 2.014   91.2434
 2.014   91.2617
 2.013   91.0724
 2.012   90.8155
 2.011   90.9343
 2.010   91.0564
 2.010   91.0240
 2.009   91.0952
 2.008   91.1728
 2.007   91.2964
 2.007   91.4087
 2.006   91.2734
 2.005   91.1285
 2.004   91.0115
 2.003   90.9562
 2.003   91.0013
 2.002   91.0762
 2.001   90.9688
 2.000   90.9736
