Name: Quartz SiO_2
Type: Mineral
Class: Silicates
Subclass: Tectosilicates
Particle Size: 45-125um
Sample No.: TS-1C
Owner: JPL
Wavelength range: IR
Origin: USA, South Dakota, Custer County, Custer
Collected by Ward's
Description:  Rose quartz. 





Measurement: Hemispherical reflectance
First Column: X
Second Column: Y
X Units:  Wavelength (micrometers)
Y Units:  Reflectance (percent)
First X Value: 15.3853
Last X Value: 2.00032
Number of X Values: 2256
Additional information: ts01ca.txt
15.385    6.7492
15.340    6.7658
15.294    6.6135
15.249    6.5332
15.205    6.6113
15.160    6.6788
15.116    6.4421
15.072    6.2805
15.028    6.2103
14.985    5.7400
14.942    5.6598
14.899    5.7578
14.856    5.4395
14.814    5.1598
14.772    5.1578
14.730    4.9099
14.688    4.7415
14.646    4.8125
14.605    4.6109
14.564    4.5011
14.523    4.4924
14.483    4.4574
14.442    4.5470
14.402    4.3326
14.362    3.7838
14.323    3.1586
14.283    2.7815
14.244    2.7961
14.205    3.2260
14.166    3.6433
14.128    3.6615
14.089    3.8160
14.051    4.1907
14.013    4.3974
13.975    4.5866
13.938    4.4829
13.900    4.4466
13.863    4.8433
13.826    5.0752
13.790    5.0953
13.753    5.2532
13.717    5.4156
13.680    5.2980
13.644    5.1026
13.608    5.0008
13.573    5.2332
13.537    5.3741
13.502    5.3720
13.467    5.4451
13.432    5.5438
13.398    5.6043
13.363    5.5349
13.329    5.5524
13.294    5.6838
13.260    5.6502
13.227    5.7686
13.193    6.0212
13.160    5.9956
13.126    5.9648
13.093    6.2742
13.060    6.6927
13.027    7.0291
12.995    7.3280
12.962    7.9513
12.930    8.7954
12.898    9.9993
12.866   11.1475
12.834   12.0709
12.802   12.6543
12.771   12.3813
12.739   11.3160
12.708    9.8740
12.677    8.4836
12.646    7.8432
12.615    8.0072
12.585    8.6060
12.554    9.4492
12.524   10.4661
12.494   10.9272
12.464   10.5596
12.434    9.2483
12.404    7.1340
12.374    4.4963
12.345    2.3056
12.316    1.1699
12.286    0.9186
12.257    1.0057
12.228    1.1409
12.200    1.3361
12.171    1.5787
12.143    1.9605
12.114    2.1898
12.086    2.2392
12.058    2.4403
12.030    2.7102
12.002    2.9011
11.974    3.0452
11.947    3.2635
11.919    3.4462
11.892    3.6484
11.865    3.7074
11.838    3.8215
11.811    4.0039
11.784    4.3141
11.757    4.4146
11.730    4.5139
11.704    4.7020
11.678    4.7242
11.651    4.7298
11.625    4.7461
11.599    4.8501
11.573    4.9672
11.547    5.0080
11.522    5.0692
11.496    5.1416
11.471    5.2672
11.445    5.3422
11.420    5.3964
11.395    5.5820
11.370    5.7045
11.345    5.7155
11.321    5.6882
11.296    5.7753
11.271    5.8591
11.247    5.8029
11.223    5.9020
11.198    5.8998
11.174    5.9131
11.150    6.0204
11.126    6.0952
11.102    6.1658
11.079    6.3038
11.055    6.5350
11.032    6.5024
11.008    6.3810
10.985    6.4903
10.962    6.5378
10.938    6.5758
10.915    6.5383
10.893    6.5477
10.870    6.7152
10.847    6.7104
10.824    6.6868
10.802    6.6250
10.779    6.6608
10.757    6.7660
10.735    6.7218
10.713    6.6372
10.690    6.5678
10.668    6.5535
10.647    6.5770
10.625    6.6216
10.603    6.7347
10.581    6.8638
10.560    6.8826
10.538    6.8571
10.517    6.9228
10.496    6.9268
10.474    7.0078
10.453    7.0872
10.432    7.0840
10.411    7.0612
10.390    7.1305
10.370    7.2841
10.349    7.4054
10.328    7.4482
10.308    7.4883
10.287    7.6265
10.267    7.7231
10.247    7.7843
10.227    7.8450
10.206    7.8813
10.186    7.9891
10.166    8.1073
10.146    8.1667
10.127    8.1804
10.107    8.2938
10.087    8.4177
10.068    8.4203
10.048    8.5547
10.029    8.7294
10.009    8.9059
 9.990    9.1065
 9.971    9.2193
 9.952    9.3332
 9.933    9.5720
 9.914    9.8147
 9.895    9.9730
 9.876   10.2038
 9.857   10.4042
 9.838   10.6696
 9.820   10.9033
 9.801   11.1081
 9.783   11.3837
 9.764   11.7858
 9.746   12.1687
 9.728   12.3895
 9.709   12.5952
 9.691   12.9708
 9.673   13.4209
 9.655   13.9378
 9.637   14.4381
 9.619   15.0189
 9.602   15.5865
 9.584   16.0124
 9.566   16.4966
 9.549   17.2286
 9.531   18.1085
 9.513   19.0680
 9.496   20.3211
 9.479   21.6753
 9.461   23.0262
 9.444   24.7248
 9.427   26.9426
 9.410   29.6766
 9.393   32.8300
 9.376   36.1922
 9.359   39.5580
 9.342   42.7120
 9.325   45.5752
 9.309   47.9172
 9.292   49.4841
 9.275   50.4538
 9.259   51.2026
 9.242   51.7491
 9.226   52.2336
 9.209   52.6937
 9.193   52.9637
 9.177   53.1267
 9.160   53.3588
 9.144   53.5803
 9.128   53.7612
 9.112   53.9514
 9.096   54.0917
 9.080   54.1449
 9.064   54.2692
 9.049   54.3877
 9.033   54.3558
 9.017   54.3347
 9.001   54.2784
 8.986   54.1749
 8.970   54.1363
 8.955   54.1723
 8.939   54.0209
 8.924   53.8148
 8.909   53.5135
 8.893   53.1619
 8.878   52.8872
 8.863   52.5864
 8.848   52.2080
 8.833   51.6723
 8.818   50.9673
 8.803   50.3153
 8.788   49.6257
 8.773   48.9364
 8.758   48.2773
 8.743   47.6967
 8.729   47.0130
 8.714   45.9700
 8.699   44.6877
 8.685   42.7855
 8.670   39.7279
 8.656   35.5990
 8.641   31.2339
 8.627   29.2597
 8.613   31.2526
 8.598   35.7076
 8.584   40.2375
 8.570   43.3641
 8.556   45.4456
 8.542   46.8527
 8.528   47.6936
 8.514   48.1957
 8.500   48.3907
 8.486   48.4282
 8.472   48.3806
 8.458   48.2022
 8.444   48.0299
 8.431   47.8984
 8.417   47.6939
 8.403   47.4285
 8.390   47.1745
 8.376   46.8575
 8.363   46.4734
 8.349   46.2970
 8.336   46.2267
 8.322   45.9907
 8.309   45.7838
 8.296   45.7413
 8.282   45.7005
 8.269   45.6145
 8.256   45.4699
 8.243   45.1681
 8.230   44.7407
 8.217   44.2334
 8.204   43.5695
 8.191   42.6594
 8.178   41.3486
 8.165   39.7827
 8.152   37.7772
 8.139   35.3554
 8.127   32.9125
 8.114   30.5255
 8.101   28.2370
 8.089   26.1358
 8.076   24.2929
 8.063   22.4588
 8.051   20.7321
 8.039   19.1513
 8.026   17.6339
 8.014   16.3903
 8.001   15.2190
 7.989   14.0157
 7.977   12.8050
 7.964   11.7165
 7.952   10.6781
 7.940    9.6185
 7.928    8.6287
 7.916    7.6488
 7.904    6.8932
 7.892    6.2770
 7.880    5.7478
 7.868    5.2412
 7.856    4.7348
 7.844    4.2316
 7.832    3.8748
 7.820    3.5556
 7.808    3.2181
 7.797    2.8988
 7.785    2.6208
 7.773    2.4477
 7.762    2.3874
 7.750    2.2439
 7.739    1.9922
 7.727    1.7846
 7.716    1.6172
 7.704    1.4178
 7.693    1.2241
 7.681    1.0192
 7.670    0.9646
 7.659    0.9122
 7.647    0.7762
 7.636    0.6684
 7.625    0.5872
 7.614    0.5506
 7.602    0.5065
 7.591    0.4265
 7.580    0.3164
 7.569    0.2670
 7.558    0.2886
 7.547    0.2831
 7.536    0.2128
 7.525    0.2642
 7.514    0.2616
 7.503    0.1147
 7.493    0.1091
 7.482    0.1277
 7.471    0.0538
 7.460    0.0000
 7.449    0.0207
 7.439    0.1446
 7.428    0.1889
 7.418    0.1831
 7.407    0.0620
 7.396    0.0000
 7.386    0.0378
 7.375    0.0505
 7.365    0.0607
 7.354    0.1000
 7.344    0.0647
 7.334    0.0120
 7.323    0.1157
 7.313    0.1026
 7.303    0.1095
 7.292    0.0688
 7.282    0.0675
 7.272    0.1184
 7.262    0.0771
 7.252    0.1234
 7.241    0.1845
 7.231    0.2006
 7.221    0.2323
 7.211    0.2358
 7.201    0.2515
 7.191    0.2812
 7.181    0.3079
 7.171    0.3177
 7.161    0.2393
 7.152    0.1871
 7.142    0.2482
 7.132    0.2567
 7.122    0.3015
 7.112    0.3837
 7.103    0.4566
 7.093    0.5159
 7.083    0.5447
 7.073    0.4663
 7.064    0.5319
 7.054    0.5835
 7.045    0.6281
 7.035    0.6349
 7.026    0.6698
 7.016    0.6855
 7.007    0.6664
 6.997    0.7069
 6.988    0.8147
 6.978    0.9014
 6.969    0.9148
 6.960    0.9148
 6.950    0.9598
 6.941    1.0241
 6.932    1.0719
 6.922    1.0707
 6.913    1.1636
 6.904    1.2047
 6.895    1.2074
 6.886    1.2478
 6.876    1.2466
 6.867    1.2578
 6.858    1.3081
 6.849    1.3044
 6.840    1.2322
 6.831    1.2245
 6.822    1.2700
 6.813    1.2668
 6.804    1.2681
 6.795    1.2270
 6.786    1.2009
 6.778    1.1529
 6.769    1.0643
 6.760    1.0114
 6.751    1.0198
 6.742    1.0112
 6.734    0.9678
 6.725    0.9787
 6.716    1.0344
 6.707    1.0476
 6.699    1.0107
 6.690    1.0445
 6.681    1.1250
 6.673    1.2106
 6.664    1.2566
 6.656    1.2390
 6.647    1.2627
 6.639    1.2853
 6.630    1.2839
 6.622    1.3263
 6.613    1.2990
 6.605    1.2409
 6.596    1.2211
 6.588    1.2379
 6.580    1.2759
 6.571    1.3195
 6.563    1.2980
 6.555    1.1867
 6.547    1.1730
 6.538    1.2175
 6.530    1.2828
 6.522    1.4795
 6.514    1.7349
 6.505    1.9305
 6.497    2.1109
 6.489    2.2995
 6.481    2.5835
 6.473    2.8370
 6.465    2.9981
 6.457    3.2571
 6.449    3.3950
 6.441    3.4289
 6.433    3.5450
 6.425    3.6528
 6.417    3.6691
 6.409    3.5380
 6.401    3.3154
 6.393    3.1420
 6.385    3.0089
 6.377    2.9037
 6.370    2.7461
 6.362    2.6193
 6.354    2.5356
 6.346    2.3580
 6.338    2.1354
 6.331    1.9879
 6.323    1.8458
 6.315    1.6845
 6.308    1.7000
 6.300    1.6393
 6.292    1.5597
 6.285    1.4777
 6.277    1.3450
 6.269    1.2929
 6.262    1.2884
 6.254    1.2403
 6.247    1.1060
 6.239    1.0742
 6.232    1.1491
 6.224    1.1136
 6.217    1.0919
 6.209    1.0933
 6.202    1.0572
 6.195    1.0422
 6.187    1.1081
 6.180    1.2401
 6.172    1.3416
 6.165    1.3755
 6.158    1.4426
 6.150    1.5943
 6.143    1.7039
 6.136    1.8096
 6.129    1.9760
 6.121    2.2828
 6.114    2.4949
 6.107    2.5505
 6.100    2.6070
 6.093    2.8388
 6.085    3.1021
 6.078    3.2288
 6.071    3.3048
 6.064    3.3564
 6.057    3.4462
 6.050    3.5193
 6.043    3.3912
 6.036    3.2782
 6.029    3.2223
 6.022    3.1951
 6.015    3.1161
 6.008    3.0049
 6.001    2.8619
 5.994    2.8133
 5.987    2.7333
 5.980    2.5060
 5.973    2.4200
 5.966    2.3762
 5.960    2.2403
 5.953    2.2516
 5.946    2.2309
 5.939    2.1183
 5.932    2.0865
 5.926    2.1174
 5.919    2.2108
 5.912    2.3702
 5.905    2.4788
 5.899    2.6577
 5.892    2.8765
 5.885    3.0865
 5.878    3.2650
 5.872    3.4206
 5.865    3.6754
 5.859    3.8925
 5.852    4.1131
 5.845    4.3639
 5.839    4.6039
 5.832    4.8396
 5.826    5.1098
 5.819    5.3626
 5.813    5.5519
 5.806    5.7657
 5.800    5.9945
 5.793    6.2295
 5.787    6.4399
 5.780    6.7309
 5.774    7.1102
 5.767    7.4314
 5.761    7.5756
 5.755    7.6479
 5.748    7.8426
 5.742    8.0031
 5.735    8.1397
 5.729    8.3383
 5.723    8.4784
 5.716    8.5185
 5.710    8.5230
 5.704    8.3927
 5.698    8.2064
 5.691    8.0220
 5.685    7.7346
 5.679    7.3165
 5.673    6.8035
 5.666    6.1991
 5.660    5.5244
 5.654    4.9086
 5.648    4.4394
 5.642    4.0225
 5.636    3.6318
 5.630    3.3506
 5.623    3.1813
 5.617    3.0419
 5.611    2.8724
 5.605    2.7102
 5.599    2.7021
 5.593    2.7261
 5.587    2.6449
 5.581    2.6170
 5.575    2.5794
 5.569    2.5773
 5.563    2.6380
 5.557    2.7130
 5.551    2.7769
 5.545    2.8396
 5.539    2.9395
 5.533    3.0135
 5.528    3.1736
 5.522    3.4071
 5.516    3.6275
 5.510    3.7594
 5.504    3.8986
 5.498    4.0628
 5.492    4.2811
 5.487    4.6034
 5.481    4.8281
 5.475    4.9459
 5.469    5.1672
 5.463    5.3526
 5.458    5.3514
 5.452    5.2574
 5.446    5.2534
 5.441    5.1308
 5.435    4.8418
 5.429    4.5644
 5.423    4.2757
 5.418    3.8540
 5.412    3.4216
 5.407    3.0228
 5.401    2.6001
 5.395    2.3572
 5.390    2.2169
 5.384    1.9924
 5.378    1.7742
 5.373    1.7031
 5.367    1.6339
 5.362    1.5881
 5.356    1.6211
 5.351    1.5990
 5.345    1.5863
 5.340    1.5932
 5.334    1.6120
 5.329    1.6168
 5.323    1.6443
 5.318    1.6234
 5.312    1.5256
 5.307    1.5828
 5.301    1.6993
 5.296    1.7123
 5.291    1.6904
 5.285    1.7415
 5.280    1.8174
 5.274    1.8423
 5.269    1.9388
 5.264    2.1673
 5.258    2.3708
 5.253    2.4471
 5.248    2.5699
 5.242    2.7665
 5.237    3.0623
 5.232    3.4066
 5.227    3.7881
 5.221    4.1736
 5.216    4.5062
 5.211    4.7923
 5.206    5.1079
 5.200    5.2639
 5.195    5.2274
 5.190    5.1981
 5.185    5.1976
 5.180    5.1640
 5.174    5.0792
 5.169    5.0629
 5.164    5.0640
 5.159    4.9901
 5.154    4.8674
 5.149    4.8018
 5.144    4.7421
 5.139    4.6823
 5.133    4.6319
 5.128    4.5674
 5.123    4.6293
 5.118    4.6623
 5.113    4.5958
 5.108    4.5522
 5.103    4.4883
 5.098    4.4057
 5.093    4.2389
 5.088    4.0469
 5.083    3.9272
 5.078    3.8437
 5.073    3.7298
 5.068    3.6120
 5.063    3.5593
 5.058    3.5282
 5.053    3.5332
 5.049    3.5270
 5.044    3.5257
 5.039    3.5226
 5.034    3.5316
 5.029    3.5498
 5.024    3.4877
 5.019    3.4101
 5.014    3.4470
 5.010    3.4835
 5.005    3.4813
 5.000    3.5311
 4.995    3.5424
 4.990    3.6512
 4.985    3.8478
 4.981    3.9940
 4.976    4.2109
 4.971    4.5483
 4.966    4.9344
 4.962    5.3686
 4.957    5.7447
 4.952    6.0446
 4.947    6.4623
 4.943    6.8004
 4.938    6.9328
 4.933    7.1556
 4.929    7.5158
 4.924    7.8458
 4.919    8.3791
 4.915    9.1835
 4.910   10.0987
 4.905   11.2505
 4.901   12.6278
 4.896   14.1335
 4.891   15.7098
 4.887   17.3440
 4.882   18.9599
 4.878   20.4942
 4.873   21.8863
 4.868   23.1639
 4.864   24.4309
 4.859   25.5914
 4.855   26.6478
 4.850   27.5955
 4.846   28.5058
 4.841   29.3792
 4.837   30.1596
 4.832   30.9157
 4.828   31.6557
 4.823   32.3604
 4.819   33.0723
 4.814   33.7519
 4.810   34.4368
 4.805   35.0575
 4.801   35.6377
 4.796   36.2813
 4.792   36.8847
 4.787   37.4339
 4.783   37.9673
 4.779   38.4088
 4.774   38.9256
 4.770   39.3916
 4.765   39.8507
 4.761   40.2542
 4.757   40.6634
 4.752   41.0465
 4.748   41.3649
 4.744   41.6451
 4.739   41.8806
 4.735   42.1310
 4.731   42.3014
 4.726   42.2893
 4.722   42.1797
 4.718   42.0233
 4.713   41.7029
 4.709   41.1963
 4.705   40.4198
 4.701   39.4164
 4.696   38.2159
 4.692   37.0561
 4.688   36.1970
 4.684   35.7023
 4.679   35.7347
 4.675   36.2948
 4.671   37.2092
 4.667   38.2926
 4.663   39.4176
 4.658   40.5224
 4.654   41.5472
 4.650   42.5425
 4.646   43.5572
 4.642   44.6352
 4.638   45.7372
 4.633   46.7514
 4.629   47.5996
 4.625   48.3731
 4.621   49.0816
 4.617   49.6631
 4.613   50.1200
 4.609   50.5076
 4.605   50.8433
 4.601   51.1451
 4.596   51.4200
 4.592   51.6068
 4.588   51.7138
 4.584   51.8217
 4.580   51.8927
 4.576   51.8125
 4.572   51.6661
 4.568   51.4448
 4.564   51.1597
 4.560   50.7823
 4.556   50.2530
 4.552   49.5062
 4.548   48.6543
 4.544   47.6765
 4.540   46.6251
 4.536   45.4429
 4.532   44.1835
 4.528   42.9879
 4.524   41.7322
 4.520   40.3662
 4.516   38.9829
 4.512   37.5192
 4.509   36.0784
 4.505   34.7970
 4.501   33.7990
 4.497   32.9359
 4.493   32.2349
 4.489   31.7370
 4.485   31.3379
 4.481   31.0038
 4.477   30.6152
 4.474   30.3635
 4.470   30.3180
 4.466   30.3459
 4.462   30.4617
 4.458   30.8690
 4.454   31.4549
 4.450   32.0561
 4.447   32.5836
 4.443   33.0357
 4.439   33.3911
 4.435   33.6516
 4.431   33.9985
 4.428   34.3962
 4.424   34.9422
 4.420   35.4474
 4.416   35.9282
 4.413   36.4878
 4.409   37.0837
 4.405   37.7130
 4.401   38.3364
 4.398   39.0019
 4.394   39.7736
 4.390   40.5407
 4.386   41.3281
 4.383   42.1937
 4.379   43.0658
 4.375   43.8791
 4.372   44.7535
 4.368   45.6262
 4.364   46.4309
 4.361   47.1793
 4.357   47.8851
 4.353   48.5733
 4.350   49.1321
 4.346   49.6046
 4.342   50.0055
 4.339   50.3479
 4.335   50.6118
 4.332   50.8218
 4.328   50.9292
 4.324   50.9333
 4.321   50.8347
 4.317   50.6559
 4.314   50.3986
 4.310   50.1743
 4.306   49.9668
 4.303   49.6745
 4.299   49.4298
 4.296   49.2618
 4.292   49.1892
 4.289   49.1017
 4.285   49.1414
 4.281   49.4014
 4.278   49.6892
 4.274   49.9667
 4.271   50.2734
 4.267   50.7150
 4.264   51.2073
 4.260   51.6160
 4.257   51.9754
 4.253   52.1774
 4.250   52.0964
 4.246   51.8737
 4.243   51.7248
 4.239   51.6354
 4.236   51.5455
 4.233   51.5133
 4.229   51.6666
 4.226   51.8629
 4.222   52.1427
 4.219   52.4014
 4.215   52.5625
 4.212   52.7001
 4.208   52.8324
 4.205   52.8664
 4.202   52.9049
 4.198   53.0114
 4.195   53.1159
 4.191   53.2655
 4.188   53.5840
 4.185   53.8908
 4.181   54.2002
 4.178   54.5430
 4.175   54.9330
 4.171   55.2924
 4.168   55.4899
 4.165   55.6543
 4.161   55.9148
 4.158   56.1943
 4.155   56.4824
 4.151   56.7336
 4.148   56.9066
 4.145   57.1012
 4.141   57.3735
 4.138   57.6543
 4.135   57.9204
 4.131   58.2520
 4.128   58.6491
 4.125   58.9591
 4.121   59.3247
 4.118   59.6828
 4.115   59.9905
 4.112   60.3839
 4.108   60.7562
 4.105   61.0337
 4.102   61.3790
 4.099   61.7473
 4.095   62.1586
 4.092   62.5176
 4.089   62.8464
 4.086   63.1554
 4.083   63.4689
 4.079   63.7401
 4.076   63.9528
 4.073   64.1351
 4.070   64.2868
 4.067   64.4306
 4.063   64.5299
 4.060   64.5940
 4.057   64.6513
 4.054   64.6182
 4.051   64.5688
 4.047   64.5154
 4.044   64.4836
 4.041   64.4329
 4.038   64.2970
 4.035   64.1876
 4.032   64.1881
 4.029   64.1290
 4.025   64.0031
 4.022   63.9914
 4.019   63.9872
 4.016   63.9616
 4.013   63.9468
 4.010   63.9180
 4.007   63.9239
 4.004   64.0409
 4.001   64.1147
 3.998   64.1405
 3.994   64.2408
 3.991   64.3669
 3.988   64.4905
 3.985   64.6536
 3.982   64.8476
 3.979   65.0992
 3.976   65.3166
 3.973   65.4969
 3.970   65.7548
 3.967   66.0404
 3.964   66.3305
 3.961   66.5774
 3.958   66.8014
 3.955   67.0175
 3.952   67.2458
 3.949   67.5071
 3.946   67.7946
 3.943   67.9975
 3.940   68.1889
 3.937   68.3664
 3.934   68.4894
 3.931   68.6685
 3.928   68.8358
 3.925   68.9050
 3.922   69.0277
 3.919   69.0733
 3.916   69.0138
 3.913   68.9738
 3.910   68.8966
 3.907   68.8029
 3.904   68.7073
 3.901   68.5893
 3.898   68.4486
 3.895   68.2613
 3.893   68.0651
 3.890   67.8563
 3.887   67.6475
 3.884   67.5447
 3.881   67.3846
 3.878   67.1779
 3.875   67.0395
 3.872   66.8940
 3.869   66.7365
 3.866   66.5701
 3.864   66.3940
 3.861   66.2955
 3.858   66.3410
 3.855   66.3432
 3.852   66.2652
 3.849   66.2377
 3.846   66.2924
 3.843   66.2767
 3.841   66.3620
 3.838   66.5376
 3.835   66.6935
 3.832   66.8327
 3.829   66.9529
 3.826   67.1182
 3.824   67.2408
 3.821   67.3296
 3.818   67.4361
 3.815   67.5080
 3.812   67.6226
 3.810   67.7259
 3.807   67.8141
 3.804   67.8390
 3.801   67.8503
 3.798   67.8293
 3.796   67.8277
 3.793   67.7953
 3.790   67.7061
 3.787   67.5753
 3.785   67.4244
 3.782   67.2792
 3.779   67.1817
 3.776   67.0288
 3.774   66.8825
 3.771   66.6803
 3.768   66.4936
 3.765   66.3385
 3.763   66.2059
 3.760   66.0270
 3.757   65.8042
 3.754   65.7064
 3.752   65.7325
 3.749   65.6960
 3.746   65.5912
 3.744   65.5335
 3.741   65.5378
 3.738   65.5215
 3.735   65.5568
 3.733   65.6261
 3.730   65.7442
 3.727   65.8808
 3.725   66.1455
 3.722   66.4443
 3.719   66.6660
 3.717   66.8971
 3.714   67.0910
 3.711   67.3140
 3.709   67.6329
 3.706   68.0291
 3.703   68.3729
 3.701   68.7384
 3.698   69.0880
 3.696   69.4173
 3.693   69.7902
 3.690   70.0783
 3.688   70.3972
 3.685   70.7208
 3.682   71.0536
 3.680   71.4137
 3.677   71.7484
 3.675   72.0443
 3.672   72.3499
 3.669   72.5744
 3.667   72.8229
 3.664   73.0963
 3.662   73.3355
 3.659   73.5327
 3.656   73.6839
 3.654   73.7301
 3.651   73.8487
 3.649   74.0068
 3.646   74.1235
 3.644   74.2116
 3.641   74.2608
 3.638   74.2626
 3.636   74.3220
 3.633   74.4098
 3.631   74.4708
 3.628   74.4413
 3.626   74.3838
 3.623   74.4205
 3.621   74.4782
 3.618   74.5398
 3.616   74.5757
 3.613   74.5776
 3.611   74.5693
 3.608   74.6251
 3.606   74.6545
 3.603   74.6663
 3.601   74.7876
 3.598   74.8444
 3.596   74.8902
 3.593   75.0429
 3.591   75.1493
 3.588   75.2174
 3.586   75.2901
 3.583   75.3335
 3.581   75.4295
 3.578   75.5964
 3.576   75.6988
 3.573   75.7710
 3.571   75.8222
 3.568   75.9306
 3.566   76.0946
 3.563   76.2028
 3.561   76.3488
 3.559   76.4871
 3.556   76.5801
 3.554   76.6902
 3.551   76.8506
 3.549   76.9279
 3.546   77.0279
 3.544   77.1987
 3.542   77.3028
 3.539   77.3602
 3.537   77.5099
 3.534   77.6704
 3.532   77.7253
 3.530   77.8312
 3.527   77.9963
 3.525   78.0814
 3.522   78.1259
 3.520   78.2057
 3.518   78.2670
 3.515   78.2572
 3.513   78.2616
 3.510   78.2270
 3.508   78.1518
 3.506   78.1107
 3.503   78.1786
 3.501   78.1724
 3.499   78.1957
 3.496   78.3479
 3.494   78.5336
 3.491   78.6235
 3.489   78.7307
 3.487   78.8716
 3.484   78.9929
 3.482   79.0451
 3.480   79.0692
 3.477   79.1521
 3.475   79.2135
 3.473   79.2733
 3.470   79.3227
 3.468   79.3233
 3.466   79.3968
 3.463   79.4716
 3.461   79.5511
 3.459   79.5688
 3.457   79.4765
 3.454   79.4451
 3.452   79.4769
 3.450   79.4400
 3.447   79.3740
 3.445   79.3378
 3.443   79.3372
 3.441   79.2257
 3.438   79.1578
 3.436   79.1103
 3.434   78.9970
 3.431   78.8766
 3.429   78.6687
 3.427   78.4716
 3.425   78.2870
 3.422   78.1825
 3.420   78.0665
 3.418   77.9267
 3.416   77.8548
 3.413   77.8202
 3.411   77.8605
 3.409   77.9893
 3.407   78.0712
 3.404   78.1468
 3.402   78.2027
 3.400   78.2605
 3.398   78.2865
 3.395   78.3163
 3.393   78.4692
 3.391   78.5110
 3.389   78.4762
 3.387   78.4548
 3.384   78.4332
 3.382   78.4172
 3.380   78.2956
 3.378   78.1881
 3.376   78.1947
 3.373   78.2001
 3.371   78.2057
 3.369   78.3460
 3.367   78.4686
 3.365   78.5890
 3.362   78.7129
 3.360   78.7467
 3.358   78.8322
 3.356   78.8743
 3.354   78.8531
 3.352   78.9280
 3.349   78.9953
 3.347   79.0181
 3.345   79.0281
 3.343   78.9723
 3.341   79.0492
 3.339   79.0676
 3.336   78.9563
 3.334   78.8621
 3.332   78.8776
 3.330   78.9070
 3.328   78.8788
 3.326   78.8463
 3.324   78.8365
 3.321   78.7812
 3.319   78.7262
 3.317   78.7079
 3.315   78.6975
 3.313   78.5917
 3.311   78.4731
 3.309   78.3225
 3.307   78.2861
 3.305   78.2525
 3.302   78.2182
 3.300   78.1360
 3.298   78.1350
 3.296   78.1754
 3.294   78.0716
 3.292   77.8767
 3.290   77.6807
 3.288   77.6469
 3.286   77.6660
 3.284   77.5977
 3.282   77.5253
 3.279   77.4499
 3.277   77.3819
 3.275   77.3998
 3.273   77.3114
 3.271   77.2228
 3.269   77.1847
 3.267   77.0673
 3.265   76.9610
 3.263   76.9485
 3.261   76.9532
 3.259   76.8244
 3.257   76.7209
 3.255   76.6749
 3.253   76.5988
 3.251   76.5512
 3.249   76.5006
 3.247   76.4727
 3.245   76.4432
 3.243   76.3288
 3.241   76.2039
 3.239   76.1539
 3.236   76.1817
 3.234   76.0635
 3.232   75.9559
 3.230   75.8858
 3.228   75.8153
 3.226   75.7819
 3.224   75.6887
 3.222   75.5038
 3.220   75.3700
 3.218   75.3489
 3.216   75.3165
 3.214   75.2464
 3.212   75.1674
 3.210   75.0433
 3.208   74.9637
 3.206   74.9039
 3.204   74.8660
 3.202   74.7381
 3.201   74.6101
 3.199   74.5309
 3.197   74.4105
 3.195   74.3068
 3.193   74.1604
 3.191   74.0396
 3.189   73.9552
 3.187   73.8791
 3.185   73.7877
 3.183   73.6586
 3.181   73.5717
 3.179   73.5371
 3.177   73.4858
 3.175   73.3273
 3.173   73.1464
 3.171   73.0689
 3.169   73.0401
 3.167   72.9498
 3.165   72.7893
 3.163   72.6311
 3.161   72.5111
 3.160   72.4141
 3.158   72.2866
 3.156   72.0963
 3.154   71.9220
 3.152   71.7564
 3.150   71.6230
 3.148   71.4900
 3.146   71.2563
 3.144   70.9401
 3.142   70.7018
 3.140   70.5622
 3.139   70.3843
 3.137   70.1920
 3.135   70.0402
 3.133   69.9094
 3.131   69.7479
 3.129   69.7047
 3.127   69.6653
 3.125   69.4813
 3.123   69.2664
 3.122   69.3142
 3.120   69.4252
 3.118   69.3472
 3.116   69.3032
 3.114   69.3226
 3.112   69.3247
 3.110   69.2538
 3.108   69.2324
 3.107   69.2414
 3.105   69.2120
 3.103   69.1878
 3.101   69.2103
 3.099   69.2030
 3.097   69.1168
 3.095   69.0502
 3.094   69.0742
 3.092   69.0156
 3.090   68.9599
 3.088   68.8596
 3.086   68.7246
 3.084   68.6371
 3.083   68.5786
 3.081   68.5453
 3.079   68.4202
 3.077   68.2442
 3.075   68.2372
 3.073   68.1813
 3.072   67.9787
 3.070   67.8324
 3.068   67.8105
 3.066   67.6540
 3.064   67.5102
 3.063   67.4521
 3.061   67.2816
 3.059   67.1140
 3.057   66.9737
 3.055   66.7973
 3.053   66.5991
 3.052   66.4290
 3.050   66.3167
 3.048   66.1689
 3.046   65.8476
 3.045   65.5627
 3.043   65.4548
 3.041   65.3221
 3.039   65.1753
 3.037   65.1048
 3.036   65.0463
 3.034   64.9363
 3.032   64.7507
 3.030   64.6480
 3.029   64.5146
 3.027   64.3142
 3.025   64.2125
 3.023   64.1679
 3.021   64.1045
 3.020   64.0125
 3.018   63.9857
 3.016   64.0258
 3.014   64.1251
 3.013   64.1453
 3.011   64.1402
 3.009   64.1989
 3.007   64.3522
 3.006   64.4398
 3.004   64.4315
 3.002   64.4975
 3.000   64.6070
 2.999   64.6607
 2.997   64.7508
 2.995   64.7839
 2.994   64.6751
 2.992   64.5609
 2.990   64.5904
 2.988   64.6900
 2.987   64.7295
 2.985   64.5396
 2.983   64.3537
 2.982   64.2267
 2.980   63.9717
 2.978   63.6729
 2.976   63.2873
 2.975   62.9026
 2.973   62.4646
 2.971   61.9137
 2.970   61.2655
 2.968   60.5471
 2.966   59.8303
 2.964   59.1849
 2.963   58.7198
 2.961   58.4164
 2.959   58.4605
 2.958   58.7344
 2.956   59.0231
 2.954   59.5181
 2.953   60.0489
 2.951   60.5745
 2.949   61.1677
 2.948   61.6557
 2.946   61.9311
 2.944   62.1862
 2.943   62.4324
 2.941   62.6623
 2.939   63.0076
 2.938   63.1508
 2.936   63.0931
 2.934   63.1926
 2.933   63.3640
 2.931   63.3820
 2.929   63.3136
 2.928   63.3108
 2.926   63.3850
 2.924   63.3021
 2.923   63.2601
 2.921   63.2570
 2.919   63.2522
 2.918   63.2823
 2.916   63.2815
 2.914   63.3511
 2.913   63.3843
 2.911   63.4166
 2.910   63.6361
 2.908   63.9322
 2.906   64.1330
 2.905   64.2797
 2.903   64.5454
 2.901   64.7910
 2.900   65.0057
 2.898   65.1775
 2.897   65.2345
 2.895   65.3489
 2.893   65.5796
 2.892   65.8552
 2.890   65.9986
 2.888   66.0212
 2.887   66.0797
 2.885   66.2051
 2.884   66.2344
 2.882   66.1898
 2.880   66.1832
 2.879   66.1004
 2.877   65.9418
 2.876   65.5414
 2.874   64.9137
 2.872   64.4306
 2.871   64.3912
 2.869   64.9535
 2.868   65.7081
 2.866   66.3557
 2.865   66.8677
 2.863   67.1882
 2.861   67.4563
 2.860   67.6933
 2.858   67.8553
 2.857   67.9619
 2.855   68.1269
 2.854   68.1829
 2.852   68.2820
 2.850   68.4745
 2.849   68.6240
 2.847   68.8656
 2.846   69.0048
 2.844   69.0135
 2.843   69.0161
 2.841   69.0854
 2.839   69.2731
 2.838   69.3212
 2.836   69.3699
 2.835   69.5051
 2.833   69.5442
 2.832   69.6156
 2.830   69.6179
 2.829   69.7474
 2.827   69.9590
 2.826   69.9937
 2.824   70.0098
 2.822   70.1911
 2.821   70.4251
 2.819   70.6093
 2.818   70.7284
 2.816   70.7213
 2.815   70.7985
 2.813   70.9543
 2.812   71.0670
 2.810   71.1971
 2.809   71.3589
 2.807   71.4870
 2.806   71.6285
 2.804   71.8999
 2.803   72.0310
 2.801   71.9345
 2.800   71.9409
 2.798   72.0615
 2.797   72.2024
 2.795   72.2976
 2.794   72.4779
 2.792   72.6138
 2.791   72.6162
 2.789   72.7672
 2.788   73.0336
 2.786   73.0228
 2.785   73.0133
 2.783   73.2478
 2.782   73.2545
 2.780   72.9865
 2.779   73.0696
 2.777   73.2539
 2.776   73.2682
 2.774   73.2149
 2.773   73.2858
 2.771   73.5815
 2.770   73.7085
 2.768   73.7246
 2.767   73.5462
 2.765   73.4060
 2.764   73.3827
 2.762   73.3906
 2.761   73.3946
 2.759   73.2527
 2.758   73.2734
 2.756   73.8375
 2.755   73.9911
 2.753   73.5614
 2.752   73.7184
 2.751   73.9341
 2.749   74.1020
 2.748   74.2711
 2.746   74.4873
 2.745   74.7308
 2.743   75.0087
 2.742   75.5187
 2.740   76.0243
 2.739   76.1212
 2.737   75.9439
 2.736   76.1415
 2.735   76.4977
 2.733   76.6777
 2.732   76.8263
 2.730   77.0047
 2.729   77.2191
 2.727   77.5506
 2.726   78.1298
 2.725   78.8280
 2.723   78.9955
 2.722   79.3757
 2.720   79.9260
 2.719   79.8952
 2.717   80.0476
 2.716   80.2915
 2.715   80.5344
 2.713   80.7789
 2.712   81.3884
 2.710   81.7539
 2.709   81.6432
 2.707   81.5852
 2.706   81.7174
 2.705   81.9378
 2.703   82.1991
 2.702   82.4668
 2.700   82.6513
 2.699   82.7068
 2.698   82.8587
 2.696   83.2349
 2.695   83.5994
 2.693   83.8086
 2.692   83.8540
 2.691   83.8472
 2.689   83.9041
 2.688   84.0975
 2.686   84.2524
 2.685   84.3661
 2.684   84.5245
 2.682   84.5596
 2.681   84.7158
 2.680   85.0585
 2.678   85.2096
 2.677   85.3456
 2.675   85.1354
 2.674   85.0036
 2.673   85.2261
 2.671   85.9793
 2.670   86.0747
 2.668   85.5522
 2.667   85.9517
 2.666   86.1731
 2.664   85.8279
 2.663   85.3303
 2.662   85.4068
 2.660   85.5258
 2.659   85.4390
 2.658   85.3026
 2.656   85.4098
 2.655   85.4462
 2.653   85.6243
 2.652   85.6619
 2.651   85.4165
 2.649   85.3273
 2.648   85.3520
 2.647   85.4950
 2.645   85.5760
 2.644   85.4377
 2.643   85.4994
 2.641   85.5016
 2.640   85.4155
 2.639   85.4104
 2.637   85.4362
 2.636   85.4691
 2.635   85.7063
 2.633   85.7330
 2.632   85.8166
 2.631   85.9729
 2.629   85.6434
 2.628   85.6875
 2.627   85.9547
 2.625   85.5936
 2.624   85.4115
 2.623   85.5081
 2.621   85.8632
 2.620   85.9031
 2.619   85.7760
 2.617   86.1901
 2.616   86.0512
 2.615   85.6551
 2.613   85.6286
 2.612   85.4920
 2.611   85.5175
 2.609   85.6758
 2.608   85.8039
 2.607   86.1579
 2.605   86.3463
 2.604   86.0175
 2.603   85.8031
 2.602   85.8088
 2.600   85.7134
 2.599   85.6881
 2.598   85.7606
 2.596   86.2779
 2.595   86.9890
 2.594   86.4572
 2.592   85.7042
 2.591   85.5626
 2.590   85.7023
 2.589   85.7938
 2.587   85.8870
 2.586   85.8474
 2.585   86.0766
 2.583   86.0756
 2.582   85.8047
 2.581   85.7067
 2.580   85.5614
 2.578   85.6465
 2.577   85.8067
 2.576   85.7505
 2.574   85.7964
 2.573   85.9054
 2.572   85.7254
 2.571   85.8849
 2.569   85.8671
 2.568   85.5974
 2.567   85.5715
 2.565   85.7566
 2.564   86.0056
 2.563   86.0573
 2.562   86.0788
 2.560   85.8717
 2.559   85.6545
 2.558   85.6425
 2.557   85.6564
 2.555   85.5868
 2.554   85.5736
 2.553   85.6626
 2.552   85.7225
 2.550   85.7188
 2.549   85.6552
 2.548   85.6044
 2.547   85.5749
 2.545   85.6088
 2.544   85.7196
 2.543   85.8164
 2.542   85.7228
 2.540   85.5570
 2.539   85.5873
 2.538   85.7307
 2.537   85.7408
 2.535   85.7066
 2.534   85.6709
 2.533   85.6700
 2.532   85.6812
 2.530   85.7698
 2.529   85.7443
 2.528   85.6962
 2.527   85.7578
 2.525   85.8157
 2.524   85.7789
 2.523   85.7452
 2.522   85.7115
 2.521   85.6763
 2.519   85.7709
 2.518   85.7883
 2.517   85.7242
 2.516   85.7297
 2.514   85.7209
 2.513   85.7283
 2.512   85.6658
 2.511   85.6621
 2.510   85.6922
 2.508   85.6640
 2.507   85.6395
 2.506   85.6890
 2.505   85.7224
 2.504   85.6813
 2.502   85.6790
 2.501   85.7144
 2.500   85.6665
 2.499   85.6211
 2.498   85.6356
 2.496   85.7394
 2.495   85.7309
 2.494   85.7145
 2.493   85.7324
 2.492   85.6714
 2.490   85.6266
 2.489   85.6598
 2.488   85.7336
 2.487   85.8079
 2.486   85.8204
 2.484   85.7704
 2.483   85.6672
 2.482   85.6393
 2.481   85.6643
 2.480   85.6777
 2.478   85.7142
 2.477   85.6455
 2.476   85.6224
 2.475   85.6397
 2.474   85.7094
 2.473   85.7073
 2.471   85.6608
 2.470   85.7002
 2.469   85.7493
 2.468   85.7601
 2.467   85.7548
 2.465   85.7648
 2.464   85.7819
 2.463   85.7717
 2.462   85.7305
 2.461   85.8195
 2.460   85.8871
 2.458   85.7572
 2.457   85.7515
 2.456   85.8803
 2.455   85.8748
 2.454   85.7033
 2.453   85.7179
 2.451   85.7583
 2.450   85.7528
 2.449   85.7633
 2.448   85.8291
 2.447   85.9264
 2.446   85.8787
 2.445   85.8169
 2.443   85.9010
 2.442   85.8566
 2.441   85.7293
 2.440   85.7639
 2.439   85.7956
 2.438   85.8976
 2.436   85.8366
 2.435   85.8393
 2.434   85.9091
 2.433   85.9096
 2.432   85.8755
 2.431   85.8152
 2.430   85.7571
 2.428   85.7474
 2.427   85.8543
 2.426   85.8897
 2.425   85.9335
 2.424   85.8871
 2.423   85.8204
 2.422   85.8130
 2.421   85.9230
 2.419   85.9974
 2.418   85.9755
 2.417   85.8834
 2.416   85.9743
 2.415   86.0271
 2.414   85.9533
 2.413   85.9247
 2.412   85.9471
 2.410   85.9979
 2.409   86.0075
 2.408   85.9932
 2.407   85.8223
 2.406   85.7421
 2.405   85.8703
 2.404   85.9540
 2.403   85.9772
 2.402   85.9154
 2.400   85.8510
 2.399   85.7836
 2.398   85.7280
 2.397   85.7780
 2.396   85.9571
 2.395   85.9647
 2.394   85.8750
 2.393   85.9663
 2.392   86.0092
 2.390   85.9561
 2.389   85.9044
 2.388   85.8330
 2.387   85.7979
 2.386   85.8534
 2.385   85.9134
 2.384   85.8642
 2.383   85.9326
 2.382   85.9590
 2.381   85.8827
 2.379   85.8945
 2.378   86.0040
 2.377   85.9750
 2.376   85.9351
 2.375   85.8245
 2.374   85.7330
 2.373   85.7530
 2.372   85.8333
 2.371   85.8679
 2.370   85.8143
 2.369   85.8331
 2.368   85.9594
 2.366   85.9799
 2.365   85.9580
 2.364   85.9124
 2.363   85.8103
 2.362   85.7783
 2.361   85.8615
 2.360   85.9162
 2.359   85.9359
 2.358   85.9858
 2.357   85.9531
 2.356   85.9364
 2.355   85.9184
 2.354   85.8466
 2.352   85.8736
 2.351   86.0176
 2.350   86.0336
 2.349   85.9770
 2.348   85.9497
 2.347   85.8610
 2.346   85.8258
 2.345   85.8380
 2.344   85.8565
 2.343   85.9596
 2.342   86.0691
 2.341   86.0762
 2.340   86.0016
 2.339   85.9208
 2.338   85.9395
 2.337   86.0274
 2.336   85.9271
 2.334   85.8736
 2.333   85.9788
 2.332   85.8911
 2.331   85.8813
 2.330   86.0198
 2.329   85.9893
 2.328   85.9565
 2.327   86.0894
 2.326   86.1463
 2.325   86.0202
 2.324   85.8721
 2.323   85.9791
 2.322   86.0589
 2.321   85.9775
 2.320   86.0303
 2.319   86.0672
 2.318   85.9873
 2.317   86.0339
 2.316   86.0271
 2.315   85.8950
 2.314   86.0100
 2.313   86.1433
 2.312   85.9654
 2.311   85.9215
 2.309   85.9388
 2.308   85.9056
 2.307   86.0361
 2.306   86.1513
 2.305   86.0169
 2.304   85.8431
 2.303   85.9109
 2.302   86.0435
 2.301   86.1555
 2.300   86.1583
 2.299   86.0427
 2.298   86.0021
 2.297   85.9269
 2.296   85.8172
 2.295   85.8432
 2.294   86.0184
 2.293   86.0598
 2.292   86.0054
 2.291   86.0106
 2.290   86.0275
 2.289   86.0355
 2.288   86.0787
 2.287   86.1037
 2.286   86.1090
 2.285   86.0936
 2.284   86.2228
 2.283   86.2020
 2.282   86.0939
 2.281   86.0761
 2.280   86.1047
 2.279   86.0266
 2.278   85.8985
 2.277   85.9194
 2.276   85.8977
 2.275   85.9992
 2.274   86.0785
 2.273   85.9758
 2.272   85.9543
 2.271   86.0374
 2.270   86.1483
 2.269   86.0929
 2.268   86.0957
 2.267   86.0991
 2.266   85.9917
 2.265   85.9438
 2.264   85.8966
 2.263   86.0381
 2.262   86.1136
 2.261   86.1799
 2.260   86.1972
 2.259   86.0659
 2.258   86.0037
 2.257   85.9711
 2.256   85.9980
 2.255   85.9339
 2.254   85.9869
 2.253   86.1013
 2.252   86.0806
 2.251   85.9388
 2.250   85.8332
 2.249   85.8608
 2.248   85.9495
 2.247   86.0349
 2.246   85.9657
 2.245   85.8995
 2.245   85.9651
 2.244   86.0083
 2.243   85.8376
 2.242   85.8694
 2.241   86.0859
 2.240   86.0816
 2.239   85.9708
 2.238   85.9128
 2.237   85.9822
 2.236   86.0098
 2.235   85.8879
 2.234   85.8773
 2.233   85.9214
 2.232   85.9307
 2.231   86.0658
 2.230   85.9665
 2.229   85.8108
 2.228   85.8373
 2.227   85.9495
 2.226   85.9031
 2.225   85.8613
 2.224   85.9537
 2.223   85.9631
 2.222   85.9147
 2.221   85.8888
 2.220   85.8910
 2.220   86.0332
 2.219   86.0751
 2.218   85.9019
 2.217   85.7521
 2.216   85.7492
 2.215   85.8043
 2.214   85.7635
 2.213   85.7660
 2.212   85.9205
 2.211   86.0195
 2.210   85.9104
 2.209   85.7609
 2.208   85.7412
 2.207   85.7208
 2.206   85.8032
 2.205   85.8462
 2.204   85.8847
 2.204   85.8120
 2.203   85.7645
 2.202   85.9608
 2.201   86.1476
 2.200   85.9346
 2.199   85.7197
 2.198   85.7358
 2.197   85.9036
 2.196   85.8378
 2.195   85.6992
 2.194   85.7381
 2.193   85.8768
 2.192   85.7746
 2.191   85.8581
 2.190   85.9004
 2.190   85.7941
 2.189   85.8296
 2.188   85.9355
 2.187   85.9642
 2.186   85.9736
 2.185   85.8986
 2.184   85.6916
 2.183   85.7564
 2.182   85.8835
 2.181   85.9212
 2.180   85.9443
 2.179   85.8997
 2.179   85.9472
 2.178   85.9625
 2.177   85.9000
 2.176   85.9220
 2.175   85.9066
 2.174   85.9355
 2.173   85.9859
 2.172   85.7670
 2.171   85.7511
 2.170   85.9410
 2.169   86.0109
 2.168   86.0994
 2.168   86.1490
 2.167   86.0085
 2.166   85.8077
 2.165   85.8381
 2.164   85.9897
 2.163   86.0576
 2.162   86.0762
 2.161   85.9900
 2.160   85.9568
 2.159   85.8623
 2.159   85.7873
 2.158   85.8077
 2.157   85.9949
 2.156   86.0104
 2.155   85.9246
 2.154   85.8613
 2.153   86.0201
 2.152   86.1416
 2.151   86.0742
 2.150   86.0355
 2.150   86.0335
 2.149   86.0767
 2.148   86.2010
 2.147   86.0743
 2.146   85.9739
 2.145   85.9820
 2.144   85.9480
 2.143   85.8558
 2.142   85.9414
 2.142   86.0262
 2.141   86.1041
 2.140   86.0847
 2.139   86.0516
 2.138   85.9883
 2.137   86.0851
 2.136   86.2135
 2.135   86.1619
 2.135   85.9854
 2.134   86.0220
 2.133   85.9025
 2.132   85.7716
 2.131   85.8302
 2.130   86.0874
 2.129   86.1137
 2.128   86.1011
 2.128   86.1123
 2.127   86.0773
 2.126   86.0649
 2.125   86.0725
 2.124   86.0700
 2.123   85.9936
 2.122   85.9691
 2.121   86.0182
 2.121   85.9086
 2.120   85.8025
 2.119   86.0254
 2.118   86.2100
 2.117   86.2478
 2.116   86.2512
 2.115   86.0918
 2.115   86.0603
 2.114   86.0866
 2.113   85.9746
 2.112   85.7699
 2.111   85.7162
 2.110   85.9099
 2.109   85.9907
 2.109   85.9169
 2.108   86.0310
 2.107   86.1911
 2.106   86.0718
 2.105   85.9995
 2.104   86.1190
 2.103   86.1479
 2.103   86.0691
 2.102   86.0375
 2.101   86.1418
 2.100   86.1515
 2.099   86.0314
 2.098   86.0256
 2.097   85.8415
 2.097   85.8004
 2.096   85.8190
 2.095   85.7287
 2.094   85.8841
 2.093   86.0784
 2.092   86.0648
 2.091   85.9203
 2.091   85.8191
 2.090   85.7338
 2.089   85.9846
 2.088   86.1433
 2.087   85.9212
 2.086   85.7625
 2.086   86.0305
 2.085   86.0557
 2.084   86.0981
 2.083   86.0851
 2.082   85.8343
 2.081   85.5885
 2.081   85.4574
 2.080   85.5780
 2.079   85.9613
 2.078   86.3190
 2.077   86.0129
 2.076   86.2202
 2.076   86.4963
 2.075   86.1743
 2.074   86.0616
 2.073   86.0151
 2.072   86.0571
 2.071   86.0724
 2.071   86.2404
 2.070   86.0589
 2.069   85.8028
 2.068   85.7822
 2.067   85.8226
 2.066   85.9730
 2.066   86.1651
 2.065   86.0384
 2.064   85.9588
 2.063   86.0453
 2.062   86.0270
 2.062   85.8677
 2.061   85.9129
 2.060   86.0151
 2.059   86.0228
 2.058   85.9263
 2.057   85.8905
 2.057   85.8136
 2.056   85.9489
 2.055   86.0119
 2.054   85.8642
 2.053   85.8403
 2.053   85.7703
 2.052   85.9185
 2.051   85.9054
 2.050   85.8844
 2.049   85.9629
 2.049   86.0694
 2.048   86.0012
 2.047   85.8311
 2.046   85.8848
 2.045   85.9703
 2.044   85.7841
 2.044   85.6506
 2.043   85.7905
 2.042   85.7999
 2.041   85.7276
 2.040   85.7347
 2.040   85.7628
 2.039   85.8952
 2.038   86.0467
 2.037   86.0007
 2.036   85.8150
 2.036   85.7289
 2.035   85.9223
 2.034   86.0147
 2.033   85.8385
 2.032   85.5445
 2.032   85.4945
 2.031   85.6197
 2.030   85.7689
 2.029   85.8723
 2.029   86.0096
 2.028   86.0134
 2.027   85.8444
 2.026   85.7911
 2.025   85.8117
 2.025   85.7205
 2.024   85.6225
 2.023   85.7054
 2.022   85.8001
 2.021   85.9026
 2.021   86.0354
 2.020   86.2226
 2.019   86.0988
 2.018   85.7929
 2.017   85.6380
 2.017   85.6790
 2.016   85.7651
 2.015   85.8564
 2.014   85.8611
 2.014   85.5752
 2.013   85.5718
 2.012   85.8297
 2.011   85.9858
 2.010   85.9701
 2.010   85.9933
 2.009   85.9229
 2.008   85.8477
 2.007   85.7590
 2.007   85.5696
 2.006   85.6247
 2.005   85.8688
 2.004   85.8430
 2.003   85.7868
 2.003   85.9728
 2.002   85.9093
 2.001   85.7350
 2.000   85.7252
