Name: Quartz SiO_2
Type: Mineral
Class: Silicates
Subclass: Tectosilicates
Particle Size: 125-500um
Sample No.: TS-1E
Owner: JPL
Wavelength range: IR
Origin: 
Collected by JPL
Description:  Crysoprase 





Measurement: Hemispherical reflectance
First Column: X
Second Column: Y
X Units:  Wavelength (micrometers)
Y Units:  Reflectance (percent)
First X Value: 15.3853
Last X Value: -0.000563708
Number of X Values: 2255
Additional information: ts01ea.txt
15.385    2.3560
15.340    2.3237
15.294    2.4635
15.249    2.4233
15.205    2.3959
15.160    2.5856
15.116    2.7241
15.072    2.5684
15.028    2.5095
14.985    2.4886
14.942    2.7053
14.899    2.6631
14.856    2.4732
14.814    2.5460
14.772    2.6996
14.730    2.8436
14.688    2.8690
14.646    2.7030
14.605    2.7628
14.564    2.9189
14.523    3.1409
14.483    3.3920
14.442    3.5597
14.402    3.2648
14.362    2.7613
14.323    2.3078
14.283    2.1007
14.244    2.0671
14.205    2.1184
14.166    2.3308
14.128    2.4888
14.089    2.6115
14.051    2.8026
14.013    2.9361
13.975    2.9113
13.938    2.9279
13.900    3.0610
13.863    2.9166
13.826    2.9335
13.790    2.9569
13.753    3.0526
13.717    3.1784
13.680    3.2471
13.644    3.3141
13.608    3.4019
13.573    3.5159
13.537    3.6170
13.502    3.6995
13.467    3.6796
13.432    3.5589
13.398    3.7669
13.363    3.9752
13.329    3.9612
13.294    4.0473
13.260    4.1177
13.227    4.2711
13.193    4.5061
13.160    4.6192
13.126    4.8551
13.093    5.0969
13.060    5.2582
13.027    5.4376
12.995    5.7770
12.962    6.3370
12.930    6.9839
12.898    7.6844
12.866    8.2838
12.834    8.8677
12.802    8.9868
12.771    8.6117
12.739    8.0660
12.708    7.3575
12.677    6.6906
12.646    6.3415
12.615    6.4441
12.585    6.8842
12.554    7.2291
12.524    7.4542
12.494    7.3349
12.464    6.8472
12.434    6.0784
12.404    4.8951
12.374    3.2484
12.345    1.8242
12.316    1.0974
12.286    0.8966
12.257    0.8858
12.228    1.0522
12.200    1.3505
12.171    1.4019
12.143    1.4376
12.114    1.4065
12.086    1.5974
12.058    1.8315
12.030    1.8682
12.002    1.8072
11.974    1.8955
11.947    2.1605
11.919    2.2560
11.892    2.1727
11.865    2.1982
11.838    2.4418
11.811    2.5460
11.784    2.5892
11.757    2.5828
11.730    2.5834
11.704    2.7085
11.678    2.8107
11.651    2.8725
11.625    2.8686
11.599    2.7677
11.573    2.7758
11.547    2.9079
11.522    2.9687
11.496    3.1063
11.471    3.0629
11.445    3.0701
11.420    3.2337
11.395    3.3817
11.370    3.4787
11.345    3.4202
11.321    3.5032
11.296    3.5250
11.271    3.4849
11.247    3.4273
11.223    3.4546
11.198    3.6379
11.174    3.7121
11.150    3.6914
11.126    3.7799
11.102    3.8715
11.079    3.8243
11.055    3.8066
11.032    3.7512
11.008    3.8692
10.985    3.9466
10.962    4.0736
10.938    4.1352
10.915    4.1971
10.893    4.2588
10.870    4.1640
10.847    4.1616
10.824    4.2152
10.802    4.2960
10.779    4.3524
10.757    4.3766
10.735    4.4990
10.713    4.5046
10.690    4.5921
10.668    4.7120
10.647    4.8326
10.625    4.9209
10.603    4.7739
10.581    4.7114
10.560    4.8157
10.538    4.8739
10.517    4.9549
10.496    5.0371
10.474    5.0466
10.453    5.1302
10.432    5.3231
10.411    5.4322
10.390    5.3800
10.370    5.4786
10.349    5.7351
10.328    5.9497
10.308    5.9198
10.287    5.8375
10.267    5.9716
10.247    5.9692
10.227    5.9906
10.206    6.0440
10.186    6.0759
10.166    6.2886
10.146    6.4246
10.127    6.4869
10.107    6.6557
10.087    6.8216
10.068    6.8893
10.048    6.9047
10.029    6.9462
10.009    7.0893
 9.990    7.3231
 9.971    7.5191
 9.952    7.6291
 9.933    7.8356
 9.914    8.0092
 9.895    8.1350
 9.876    8.3278
 9.857    8.5314
 9.838    8.6860
 9.820    8.8338
 9.801    9.0614
 9.783    9.4143
 9.764    9.6337
 9.746    9.8490
 9.728   10.0781
 9.709   10.3093
 9.691   10.7418
 9.673   11.1424
 9.655   11.4377
 9.637   11.7862
 9.619   12.1937
 9.602   12.4892
 9.584   12.9212
 9.566   13.5175
 9.549   14.1920
 9.531   14.8617
 9.513   15.6249
 9.496   16.5041
 9.479   17.5166
 9.461   18.8498
 9.444   20.3148
 9.427   21.9547
 9.410   24.1157
 9.393   26.4340
 9.376   28.9706
 9.359   31.5431
 9.342   33.6519
 9.325   35.4750
 9.309   36.6868
 9.292   37.3399
 9.275   37.7284
 9.259   37.8950
 9.242   37.9106
 9.226   37.8581
 9.209   37.9123
 9.193   37.9140
 9.177   37.8735
 9.160   37.8785
 9.144   37.8190
 9.128   37.6490
 9.112   37.6495
 9.096   37.6145
 9.080   37.4411
 9.064   37.2482
 9.049   37.1012
 9.033   36.8272
 9.017   36.6299
 9.001   36.3381
 8.986   36.0260
 8.970   35.7933
 8.955   35.4837
 8.939   35.0416
 8.924   34.4965
 8.909   34.0617
 8.893   33.5923
 8.878   33.0878
 8.863   32.6230
 8.848   32.0991
 8.833   31.6312
 8.818   31.0661
 8.803   30.5410
 8.788   30.0339
 8.773   29.6105
 8.758   29.2224
 8.743   28.8100
 8.729   28.3617
 8.714   27.8136
 8.699   27.0007
 8.685   26.0775
 8.670   24.8002
 8.656   23.0196
 8.641   21.1876
 8.627   20.3782
 8.613   21.3167
 8.598   23.3505
 8.584   25.2823
 8.570   26.6580
 8.556   27.6276
 8.542   28.1602
 8.528   28.5402
 8.514   28.9460
 8.500   29.3751
 8.486   29.7595
 8.472   30.0139
 8.458   30.1104
 8.444   30.3670
 8.431   30.7183
 8.417   30.9295
 8.403   31.1233
 8.390   31.3501
 8.376   31.6716
 8.363   31.8936
 8.349   32.0856
 8.336   32.4370
 8.322   32.8726
 8.309   33.3242
 8.296   33.7936
 8.282   34.1988
 8.269   34.5644
 8.256   35.0222
 8.243   35.4535
 8.230   35.7486
 8.217   35.9377
 8.204   36.0099
 8.191   35.7306
 8.178   35.1689
 8.165   34.3621
 8.152   32.9552
 8.139   31.2870
 8.127   29.4957
 8.114   27.6058
 8.101   25.7431
 8.089   24.0996
 8.076   22.5608
 8.063   20.9884
 8.051   19.4070
 8.039   18.0966
 8.026   16.9608
 8.014   15.7965
 8.001   14.6825
 7.989   13.5825
 7.977   12.4273
 7.964   11.3630
 7.952   10.3583
 7.940    9.3883
 7.928    8.4456
 7.916    7.6102
 7.904    6.8683
 7.892    6.1459
 7.880    5.5156
 7.868    4.9853
 7.856    4.5296
 7.844    4.0705
 7.832    3.6839
 7.820    3.3549
 7.808    3.0020
 7.797    2.7491
 7.785    2.4979
 7.773    2.1892
 7.762    2.0578
 7.750    1.9861
 7.739    1.7697
 7.727    1.5035
 7.716    1.2742
 7.704    1.0978
 7.693    0.9177
 7.681    0.7768
 7.670    0.7419
 7.659    0.7223
 7.647    0.6326
 7.636    0.5262
 7.625    0.4850
 7.614    0.4426
 7.602    0.3242
 7.591    0.2807
 7.580    0.2659
 7.569    0.2663
 7.558    0.2973
 7.547    0.2163
 7.536    0.0890
 7.525    0.1275
 7.514    0.2086
 7.503    0.1498
 7.493    0.2050
 7.482    0.2364
 7.471    0.0919
 7.460    0.0143
 7.449    0.1805
 7.439    0.2118
 7.428    0.0837
 7.418    0.0000
 7.407    0.0000
 7.396    0.0000
 7.386    0.0000
 7.375    0.0511
 7.365    0.0622
 7.354    0.0187
 7.344    0.0000
 7.334    0.0251
 7.323    0.1955
 7.313    0.1342
 7.303    0.0413
 7.292    0.0430
 7.282    0.0315
 7.272    0.0200
 7.262    0.0481
 7.252    0.0774
 7.241    0.0137
 7.231    0.0000
 7.221    0.0989
 7.211    0.1163
 7.201    0.1671
 7.191    0.2053
 7.181    0.1721
 7.171    0.1614
 7.161    0.1518
 7.152    0.1817
 7.142    0.1546
 7.132    0.0910
 7.122    0.1343
 7.112    0.1597
 7.103    0.1522
 7.093    0.2053
 7.083    0.1904
 7.073    0.1457
 7.064    0.1727
 7.054    0.2169
 7.045    0.2727
 7.035    0.2798
 7.026    0.2160
 7.016    0.3004
 7.007    0.4343
 6.997    0.4026
 6.988    0.3231
 6.978    0.2322
 6.969    0.1876
 6.960    0.2306
 6.950    0.2647
 6.941    0.3306
 6.932    0.4232
 6.922    0.3629
 6.913    0.3372
 6.904    0.4062
 6.895    0.4194
 6.886    0.4073
 6.876    0.3519
 6.867    0.3049
 6.858    0.4169
 6.849    0.5271
 6.840    0.4326
 6.831    0.3867
 6.822    0.3935
 6.813    0.4036
 6.804    0.4573
 6.795    0.4798
 6.786    0.5540
 6.778    0.5586
 6.769    0.4360
 6.760    0.3705
 6.751    0.4055
 6.742    0.3953
 6.734    0.4122
 6.725    0.4573
 6.716    0.4290
 6.707    0.4264
 6.699    0.4448
 6.690    0.3712
 6.681    0.3780
 6.673    0.4499
 6.664    0.5161
 6.656    0.5852
 6.647    0.5515
 6.639    0.6318
 6.630    0.5775
 6.622    0.4275
 6.613    0.4452
 6.605    0.5432
 6.596    0.5275
 6.588    0.4763
 6.580    0.4906
 6.571    0.4888
 6.563    0.5095
 6.555    0.5150
 6.547    0.5071
 6.538    0.5264
 6.530    0.4862
 6.522    0.4353
 6.514    0.5542
 6.505    0.6323
 6.497    0.6359
 6.489    0.7129
 6.481    0.7681
 6.473    0.8262
 6.465    0.8109
 6.457    0.8033
 6.449    0.7795
 6.441    0.8133
 6.433    0.7962
 6.425    0.7773
 6.417    0.7660
 6.409    0.8058
 6.401    0.9005
 6.393    0.9068
 6.385    0.7577
 6.377    0.6947
 6.370    0.7768
 6.362    0.8047
 6.354    0.7880
 6.346    0.8521
 6.338    0.8736
 6.331    0.7929
 6.323    0.7362
 6.315    0.7132
 6.308    0.6947
 6.300    0.6842
 6.292    0.6480
 6.285    0.5847
 6.277    0.6659
 6.269    0.8103
 6.262    0.7920
 6.254    0.7293
 6.247    0.7328
 6.239    0.7020
 6.232    0.6837
 6.224    0.6873
 6.217    0.7107
 6.209    0.6639
 6.202    0.6373
 6.195    0.6565
 6.187    0.7046
 6.180    0.6980
 6.172    0.6727
 6.165    0.6866
 6.158    0.6915
 6.150    0.6662
 6.143    0.7349
 6.136    0.7926
 6.129    0.8141
 6.121    0.8253
 6.114    0.8306
 6.107    0.8492
 6.100    0.8761
 6.093    0.8963
 6.085    0.9386
 6.078    0.9357
 6.071    0.9358
 6.064    0.9404
 6.057    0.9628
 6.050    0.9411
 6.043    0.9244
 6.036    0.8841
 6.029    0.7823
 6.022    0.7754
 6.015    0.8915
 6.008    0.9412
 6.001    0.9437
 5.994    0.9688
 5.987    0.9472
 5.980    0.9077
 5.973    0.9056
 5.966    0.8462
 5.960    0.8209
 5.953    0.8620
 5.946    0.9068
 5.939    0.9089
 5.932    0.8924
 5.926    0.8992
 5.919    0.9136
 5.912    0.9200
 5.905    0.9543
 5.899    1.0299
 5.892    1.0485
 5.885    1.0372
 5.878    1.0373
 5.872    1.0445
 5.865    1.0441
 5.859    1.0218
 5.852    1.1280
 5.845    1.1908
 5.839    1.1208
 5.832    1.1346
 5.826    1.2686
 5.819    1.3825
 5.813    1.3380
 5.806    1.3411
 5.800    1.4389
 5.793    1.5027
 5.787    1.5287
 5.780    1.5086
 5.774    1.5133
 5.767    1.6093
 5.761    1.7746
 5.755    1.7792
 5.748    1.7690
 5.742    1.8263
 5.735    1.8676
 5.729    1.8980
 5.723    1.9797
 5.716    1.9734
 5.710    1.9111
 5.704    1.8349
 5.698    1.7892
 5.691    1.7720
 5.685    1.7642
 5.679    1.7474
 5.673    1.6467
 5.666    1.5147
 5.660    1.4308
 5.654    1.3452
 5.648    1.2683
 5.642    1.1585
 5.636    1.1435
 5.630    1.1609
 5.623    1.1502
 5.617    1.1410
 5.611    1.0908
 5.605    1.0150
 5.599    1.0948
 5.593    1.1563
 5.587    1.1517
 5.581    1.1399
 5.575    1.0230
 5.569    0.9770
 5.563    1.0507
 5.557    1.1047
 5.551    1.0968
 5.545    1.0925
 5.539    1.0852
 5.533    1.1295
 5.528    1.1978
 5.522    1.1362
 5.516    1.1111
 5.510    1.2061
 5.504    1.2490
 5.498    1.2952
 5.492    1.2901
 5.487    1.2630
 5.481    1.3185
 5.475    1.4222
 5.469    1.4203
 5.463    1.4314
 5.458    1.5067
 5.452    1.4647
 5.446    1.4069
 5.441    1.4134
 5.435    1.3612
 5.429    1.3045
 5.423    1.2672
 5.418    1.1842
 5.412    1.1489
 5.407    1.0995
 5.401    1.0823
 5.395    1.0718
 5.390    1.0712
 5.384    1.0629
 5.378    0.9963
 5.373    1.0789
 5.367    1.1597
 5.362    1.0856
 5.356    1.0261
 5.351    1.0428
 5.345    1.0122
 5.340    1.0124
 5.334    1.0311
 5.329    1.0043
 5.323    1.0223
 5.318    1.0250
 5.312    1.0349
 5.307    0.9843
 5.301    0.9445
 5.296    1.0077
 5.291    1.0892
 5.285    1.0517
 5.280    0.9975
 5.274    1.0562
 5.269    1.1178
 5.264    1.1229
 5.258    1.0926
 5.253    1.0291
 5.248    1.0573
 5.242    1.1534
 5.237    1.1711
 5.232    1.1829
 5.227    1.2975
 5.221    1.3560
 5.216    1.3698
 5.211    1.3873
 5.206    1.4652
 5.200    1.5226
 5.195    1.5500
 5.190    1.5409
 5.185    1.5173
 5.180    1.5302
 5.174    1.4863
 5.169    1.4219
 5.164    1.4402
 5.159    1.4944
 5.154    1.4539
 5.149    1.4897
 5.144    1.5076
 5.139    1.4732
 5.133    1.4816
 5.128    1.4593
 5.123    1.4589
 5.118    1.4868
 5.113    1.4745
 5.108    1.4769
 5.103    1.4147
 5.098    1.3860
 5.093    1.3530
 5.088    1.2701
 5.083    1.3162
 5.078    1.3668
 5.073    1.3001
 5.068    1.2661
 5.063    1.3135
 5.058    1.3817
 5.053    1.3672
 5.049    1.3038
 5.044    1.3166
 5.039    1.2763
 5.034    1.2914
 5.029    1.3575
 5.024    1.3691
 5.019    1.3515
 5.014    1.3829
 5.010    1.3641
 5.005    1.3261
 5.000    1.3737
 4.995    1.3119
 4.990    1.3263
 4.985    1.4344
 4.981    1.3983
 4.976    1.4260
 4.971    1.5711
 4.966    1.5979
 4.962    1.5201
 4.957    1.5321
 4.952    1.7057
 4.947    1.7970
 4.943    1.8223
 4.938    1.8395
 4.933    1.9048
 4.929    1.9577
 4.924    2.0644
 4.919    2.1625
 4.915    2.2974
 4.910    2.5864
 4.905    2.8991
 4.901    3.2681
 4.896    3.7956
 4.891    4.3375
 4.887    4.8902
 4.882    5.4494
 4.878    5.9818
 4.873    6.5551
 4.868    7.0437
 4.864    7.5808
 4.859    8.2317
 4.855    8.6696
 4.850    9.1120
 4.846    9.5929
 4.841   10.0486
 4.837   10.3989
 4.832   10.6946
 4.828   11.0803
 4.823   11.4368
 4.819   11.7895
 4.814   12.1717
 4.810   12.4900
 4.805   12.7607
 4.801   13.1557
 4.796   13.4627
 4.792   13.6934
 4.787   13.9537
 4.783   14.2977
 4.779   14.5787
 4.774   14.6805
 4.770   14.8999
 4.765   15.1596
 4.761   15.3571
 4.757   15.5424
 4.752   15.6968
 4.748   15.8608
 4.744   16.0118
 4.739   16.1532
 4.735   16.2420
 4.731   16.2701
 4.726   16.2617
 4.722   16.1677
 4.718   16.0317
 4.713   15.8899
 4.709   15.7197
 4.705   15.3488
 4.701   14.8762
 4.696   14.4662
 4.692   14.0542
 4.688   13.6233
 4.684   13.4147
 4.679   13.4879
 4.675   13.7087
 4.671   14.0923
 4.667   14.6634
 4.663   15.2754
 4.658   15.8271
 4.654   16.3167
 4.650   16.7717
 4.646   17.2699
 4.642   17.7815
 4.638   18.3521
 4.633   18.8099
 4.629   19.2058
 4.625   19.5657
 4.621   19.8982
 4.617   20.1736
 4.613   20.4642
 4.609   20.6481
 4.605   20.7995
 4.601   20.9823
 4.596   21.1531
 4.592   21.2558
 4.588   21.3870
 4.584   21.4750
 4.580   21.4349
 4.576   21.3484
 4.572   21.3236
 4.568   21.3257
 4.564   21.1777
 4.560   20.9506
 4.556   20.6794
 4.552   20.3527
 4.548   19.9156
 4.544   19.4282
 4.540   18.9716
 4.536   18.5263
 4.532   17.9794
 4.528   17.3216
 4.524   16.7082
 4.520   16.0278
 4.516   15.3376
 4.512   14.7277
 4.509   14.0677
 4.505   13.3386
 4.501   12.8011
 4.497   12.4034
 4.493   12.0748
 4.489   11.8384
 4.485   11.7314
 4.481   11.5656
 4.477   11.3314
 4.474   11.1596
 4.470   11.1215
 4.466   11.1958
 4.462   11.3040
 4.458   11.4283
 4.454   11.6612
 4.450   11.9393
 4.447   12.2030
 4.443   12.4688
 4.439   12.6666
 4.435   12.8628
 4.431   13.1072
 4.428   13.3735
 4.424   13.6203
 4.420   13.8709
 4.416   14.0850
 4.413   14.3548
 4.409   14.6809
 4.405   15.0990
 4.401   15.5542
 4.398   15.9203
 4.394   16.2397
 4.390   16.6422
 4.386   17.1592
 4.383   17.6586
 4.379   18.0787
 4.375   18.4512
 4.372   18.8914
 4.368   19.3124
 4.364   19.8122
 4.361   20.3660
 4.357   20.8275
 4.353   21.2406
 4.350   21.5436
 4.346   21.7599
 4.342   21.9930
 4.339   22.3480
 4.335   22.5721
 4.332   22.6419
 4.328   22.7380
 4.324   22.8503
 4.321   22.9218
 4.317   22.9260
 4.314   22.9270
 4.310   22.8828
 4.306   22.8272
 4.303   22.7223
 4.299   22.6652
 4.296   22.6745
 4.292   22.6787
 4.289   22.7017
 4.285   22.8027
 4.281   22.8084
 4.278   22.7945
 4.274   22.8950
 4.271   23.1970
 4.267   23.6305
 4.264   24.0367
 4.260   24.3020
 4.257   24.4682
 4.253   24.5691
 4.250   24.5837
 4.246   24.5921
 4.243   24.5697
 4.239   24.5535
 4.236   24.5219
 4.233   24.4432
 4.229   24.4887
 4.226   24.5972
 4.222   24.7003
 4.219   24.7962
 4.215   24.7764
 4.212   24.7319
 4.208   24.7830
 4.205   24.8413
 4.202   24.8460
 4.198   24.8523
 4.195   24.9044
 4.191   25.0301
 4.188   25.1523
 4.185   25.2880
 4.181   25.4977
 4.178   25.8036
 4.175   26.0504
 4.171   26.2077
 4.168   26.3743
 4.165   26.5072
 4.161   26.5797
 4.158   26.7764
 4.155   27.0637
 4.151   27.2117
 4.148   27.3757
 4.145   27.5796
 4.141   27.7131
 4.138   27.9066
 4.135   28.1440
 4.131   28.2671
 4.128   28.4626
 4.125   28.6961
 4.121   28.9164
 4.118   29.0597
 4.115   29.2247
 4.112   29.5052
 4.108   29.7573
 4.105   30.0345
 4.102   30.2753
 4.099   30.4259
 4.095   30.6302
 4.092   30.8357
 4.089   31.0509
 4.086   31.2141
 4.083   31.4323
 4.079   31.6373
 4.076   31.6808
 4.073   31.7000
 4.070   31.8334
 4.067   31.9916
 4.063   32.0959
 4.060   32.1938
 4.057   32.1841
 4.054   32.1111
 4.051   32.1740
 4.047   32.2609
 4.044   32.2444
 4.041   32.1892
 4.038   32.1835
 4.035   32.1736
 4.032   32.0839
 4.029   32.0147
 4.025   32.0058
 4.022   32.0260
 4.019   31.9627
 4.016   31.9481
 4.013   32.0303
 4.010   32.0117
 4.007   31.9694
 4.004   32.0077
 4.001   32.0923
 3.998   32.0422
 3.994   32.0148
 3.991   32.1487
 3.988   32.3228
 3.985   32.3468
 3.982   32.3618
 3.979   32.4381
 3.976   32.5549
 3.973   32.6555
 3.970   32.7066
 3.967   32.7660
 3.964   32.9875
 3.961   33.2354
 3.958   33.3600
 3.955   33.3930
 3.952   33.4634
 3.949   33.5509
 3.946   33.6550
 3.943   33.7806
 3.940   33.8902
 3.937   33.9527
 3.934   33.9725
 3.931   34.0435
 3.928   34.0232
 3.925   33.9703
 3.922   34.0443
 3.919   34.0346
 3.916   34.0249
 3.913   33.9887
 3.910   33.8777
 3.907   33.8955
 3.904   33.9112
 3.901   33.8206
 3.898   33.7461
 3.895   33.5562
 3.893   33.3663
 3.890   33.3027
 3.887   33.1960
 3.884   33.0692
 3.881   32.8900
 3.878   32.6999
 3.875   32.5591
 3.872   32.4750
 3.869   32.4034
 3.866   32.3898
 3.864   32.2798
 3.861   32.1042
 3.858   32.0491
 3.855   32.0026
 3.852   31.9080
 3.849   31.9185
 3.846   31.9247
 3.843   31.8951
 3.841   31.8641
 3.838   31.9123
 3.835   31.9464
 3.832   31.8942
 3.829   31.7819
 3.826   31.7450
 3.824   31.8030
 3.821   31.8207
 3.818   31.7916
 3.815   31.6936
 3.812   31.7645
 3.810   31.7858
 3.807   31.6666
 3.804   31.6665
 3.801   31.6470
 3.798   31.4798
 3.796   31.3325
 3.793   31.3396
 3.790   31.2804
 3.787   31.0865
 3.785   30.9437
 3.782   30.7461
 3.779   30.5882
 3.776   30.5273
 3.774   30.4716
 3.771   30.3832
 3.768   30.2504
 3.765   30.0705
 3.763   29.8530
 3.760   29.6904
 3.757   29.5847
 3.754   29.4327
 3.752   29.2796
 3.749   29.1374
 3.746   29.0760
 3.744   29.0644
 3.741   29.0605
 3.738   28.8986
 3.735   28.7317
 3.733   28.6982
 3.730   28.7042
 3.727   28.7411
 3.725   28.7867
 3.722   28.7802
 3.719   28.6768
 3.717   28.5666
 3.714   28.5719
 3.711   28.7287
 3.709   28.7145
 3.706   28.6984
 3.703   28.7055
 3.701   28.7438
 3.698   28.7986
 3.696   28.7610
 3.693   28.7705
 3.690   28.7909
 3.688   28.7911
 3.685   28.7791
 3.682   28.7457
 3.680   28.6710
 3.677   28.6876
 3.675   28.7410
 3.672   28.6927
 3.669   28.6464
 3.667   28.5755
 3.664   28.4866
 3.662   28.4053
 3.659   28.3250
 3.656   28.2379
 3.654   28.1487
 3.651   28.0563
 3.649   27.9727
 3.646   27.9012
 3.644   27.7015
 3.641   27.5610
 3.638   27.4641
 3.636   27.3220
 3.633   27.2354
 3.631   27.1104
 3.628   26.9787
 3.626   26.9522
 3.623   26.7993
 3.621   26.6229
 3.618   26.4782
 3.616   26.3041
 3.613   26.2123
 3.611   26.1233
 3.608   25.9693
 3.606   25.8214
 3.603   25.6768
 3.601   25.5278
 3.598   25.4024
 3.596   25.2779
 3.593   25.1070
 3.591   24.9934
 3.588   24.8751
 3.586   24.7816
 3.583   24.6696
 3.581   24.4127
 3.578   24.1640
 3.576   24.0782
 3.573   24.0065
 3.571   23.8955
 3.568   23.7490
 3.566   23.6355
 3.563   23.5280
 3.561   23.4266
 3.559   23.3447
 3.556   23.1842
 3.554   22.9910
 3.551   22.9070
 3.549   22.8398
 3.546   22.6394
 3.544   22.4432
 3.542   22.3194
 3.539   22.1306
 3.537   21.9163
 3.534   21.7338
 3.532   21.6814
 3.530   21.5082
 3.527   21.2381
 3.525   21.0823
 3.522   20.9558
 3.520   20.7718
 3.518   20.5814
 3.515   20.3762
 3.513   20.1758
 3.510   19.9228
 3.508   19.6409
 3.506   19.4232
 3.503   19.2032
 3.501   18.9641
 3.499   18.8300
 3.496   18.7941
 3.494   18.7643
 3.491   18.6732
 3.489   18.4549
 3.487   18.3524
 3.484   18.3127
 3.482   18.1762
 3.480   17.9817
 3.477   17.8667
 3.475   17.7227
 3.473   17.5542
 3.470   17.4596
 3.468   17.3683
 3.466   17.1426
 3.463   16.9379
 3.461   16.7970
 3.459   16.7002
 3.457   16.5799
 3.454   16.4503
 3.452   16.2827
 3.450   16.1442
 3.447   15.9421
 3.445   15.6939
 3.443   15.4965
 3.441   15.3158
 3.438   15.2132
 3.436   15.1168
 3.434   14.8520
 3.431   14.5835
 3.429   14.4499
 3.427   14.3730
 3.425   14.2217
 3.422   13.9893
 3.420   13.7332
 3.418   13.5330
 3.416   13.3675
 3.413   13.2854
 3.411   13.2962
 3.409   13.1720
 3.407   12.9815
 3.404   12.9580
 3.402   12.9155
 3.400   12.8580
 3.398   12.7228
 3.395   12.5509
 3.393   12.5244
 3.391   12.4978
 3.389   12.2777
 3.387   12.1022
 3.384   11.9913
 3.382   11.7918
 3.380   11.6999
 3.378   11.6974
 3.376   11.6401
 3.373   11.4990
 3.371   11.4442
 3.369   11.3627
 3.367   11.2397
 3.365   11.1157
 3.362   11.0249
 3.360   10.9273
 3.358   10.8193
 3.356   10.7510
 3.354   10.7193
 3.352   10.6004
 3.349   10.4709
 3.347   10.4191
 3.345   10.3718
 3.343   10.1235
 3.341    9.9256
 3.339    9.9348
 3.336    9.9429
 3.334    9.8274
 3.332    9.8032
 3.330    9.7433
 3.328    9.6222
 3.326    9.4841
 3.324    9.4312
 3.321    9.3232
 3.319    9.0933
 3.317    8.9907
 3.315    8.9361
 3.313    8.8620
 3.311    8.8122
 3.309    8.7142
 3.307    8.5224
 3.305    8.3888
 3.302    8.2853
 3.300    8.2823
 3.298    8.2720
 3.296    8.0878
 3.294    7.9706
 3.292    7.8736
 3.290    7.8084
 3.288    7.8503
 3.286    7.7743
 3.284    7.6772
 3.282    7.6935
 3.279    7.5555
 3.277    7.4172
 3.275    7.3397
 3.273    7.2491
 3.271    7.1670
 3.269    6.9443
 3.267    6.8722
 3.265    7.0114
 3.263    7.0076
 3.261    6.9217
 3.259    6.7123
 3.257    6.5939
 3.255    6.5406
 3.253    6.5355
 3.251    6.6128
 3.249    6.5894
 3.247    6.3877
 3.245    6.1586
 3.243    6.0080
 3.241    5.9688
 3.239    6.0676
 3.236    6.0070
 3.234    5.9326
 3.232    5.9656
 3.230    5.8992
 3.228    5.8318
 3.226    5.8187
 3.224    5.6332
 3.222    5.4920
 3.220    5.4748
 3.218    5.5205
 3.216    5.5309
 3.214    5.4469
 3.212    5.2869
 3.210    5.2308
 3.208    5.2397
 3.206    5.2806
 3.204    5.2093
 3.202    5.1317
 3.201    5.0428
 3.199    4.9206
 3.197    4.8802
 3.195    4.9273
 3.193    4.8285
 3.191    4.6835
 3.189    4.6226
 3.187    4.5684
 3.185    4.5711
 3.183    4.6102
 3.181    4.6082
 3.179    4.6146
 3.177    4.5096
 3.175    4.3766
 3.173    4.3097
 3.171    4.3500
 3.169    4.3627
 3.167    4.3203
 3.165    4.2561
 3.163    4.3224
 3.161    4.4129
 3.160    4.2785
 3.158    4.1034
 3.156    4.0714
 3.154    4.1434
 3.152    4.0767
 3.150    3.9287
 3.148    3.8739
 3.146    3.9038
 3.144    3.8630
 3.142    3.8042
 3.140    3.8411
 3.139    3.8754
 3.137    3.7930
 3.135    3.7717
 3.133    3.7330
 3.131    3.6761
 3.129    3.5915
 3.127    3.5365
 3.125    3.4827
 3.123    3.4804
 3.122    3.4451
 3.120    3.3752
 3.118    3.4575
 3.116    3.5466
 3.114    3.6168
 3.112    3.5210
 3.110    3.4182
 3.108    3.4034
 3.107    3.3491
 3.105    3.4066
 3.103    3.2807
 3.101    3.2027
 3.099    3.1888
 3.097    3.1058
 3.095    3.0604
 3.094    3.0589
 3.092    3.0985
 3.090    3.1128
 3.088    3.1896
 3.086    3.2569
 3.084    3.2237
 3.083    3.2173
 3.081    3.1320
 3.079    3.0892
 3.077    3.1616
 3.075    3.0484
 3.073    2.9131
 3.072    2.9370
 3.070    3.0096
 3.068    3.0635
 3.066    3.0137
 3.064    2.9623
 3.063    3.1319
 3.061    3.1424
 3.059    2.9053
 3.057    2.8316
 3.055    2.8420
 3.053    2.8908
 3.052    2.9367
 3.050    2.8299
 3.048    2.7433
 3.046    2.6757
 3.045    2.7113
 3.043    2.7160
 3.041    2.7198
 3.039    2.8130
 3.037    2.7311
 3.036    2.6470
 3.034    2.7609
 3.032    2.8699
 3.030    2.8744
 3.029    2.7627
 3.027    2.7003
 3.025    2.7325
 3.023    2.7347
 3.021    2.7617
 3.020    2.7431
 3.018    2.6471
 3.016    2.5808
 3.014    2.6742
 3.013    2.7045
 3.011    2.6632
 3.009    2.7149
 3.007    2.7275
 3.006    2.6329
 3.004    2.4938
 3.002    2.4993
 3.000    2.5972
 2.999    2.4796
 2.997    2.5381
 2.995    2.6615
 2.994    2.5626
 2.992    2.3838
 2.990    2.3858
 2.988    2.5619
 2.987    2.6740
 2.985    2.5872
 2.983    2.4749
 2.982    2.6127
 2.980    2.7289
 2.978    2.5419
 2.976    2.5423
 2.975    2.6763
 2.973    2.5656
 2.971    2.3418
 2.970    2.3990
 2.968    2.4597
 2.966    2.5061
 2.964    2.4577
 2.963    2.3362
 2.961    2.3067
 2.959    2.4233
 2.958    2.4278
 2.956    2.4186
 2.954    2.5210
 2.953    2.5255
 2.951    2.4282
 2.949    2.3610
 2.948    2.3510
 2.946    2.3535
 2.944    2.4131
 2.943    2.3821
 2.941    2.3690
 2.939    2.4335
 2.938    2.4489
 2.936    2.3146
 2.934    2.2992
 2.933    2.3891
 2.931    2.3552
 2.929    2.3813
 2.928    2.4611
 2.926    2.4896
 2.924    2.2969
 2.923    2.1197
 2.921    2.2968
 2.919    2.2451
 2.918    2.3311
 2.916    2.3874
 2.914    2.3507
 2.913    2.2576
 2.911    2.2381
 2.910    2.4582
 2.908    2.3490
 2.906    2.2353
 2.905    2.2913
 2.903    2.3559
 2.901    2.2421
 2.900    2.2703
 2.898    2.3657
 2.897    2.3742
 2.895    2.3350
 2.893    2.2969
 2.892    2.2257
 2.890    2.2686
 2.888    2.5167
 2.887    2.4852
 2.885    2.3794
 2.884    2.3650
 2.882    2.3473
 2.880    2.3735
 2.879    2.5362
 2.877    2.5230
 2.876    2.4068
 2.874    2.3768
 2.872    2.4300
 2.871    2.5760
 2.869    2.5949
 2.868    2.4196
 2.866    2.4003
 2.865    2.5717
 2.863    2.5503
 2.861    2.4620
 2.860    2.3715
 2.858    2.3548
 2.857    2.4772
 2.855    2.5646
 2.854    2.6900
 2.852    2.7612
 2.850    2.7396
 2.849    2.7397
 2.847    2.6301
 2.846    2.6614
 2.844    2.7038
 2.843    2.6811
 2.841    2.7422
 2.839    2.8357
 2.838    2.9433
 2.836    2.9755
 2.835    3.0762
 2.833    2.9817
 2.832    2.8716
 2.830    2.7412
 2.829    2.8386
 2.827    3.0528
 2.826    3.0490
 2.824    3.0171
 2.822    2.9560
 2.821    2.9432
 2.819    2.9083
 2.818    2.8387
 2.816    2.9085
 2.815    3.0348
 2.813    3.0152
 2.812    3.0314
 2.810    2.9573
 2.809    2.8998
 2.807    2.9275
 2.806    2.9795
 2.804    2.8876
 2.803    2.7689
 2.801    2.7166
 2.800    2.7399
 2.798    2.7395
 2.797    2.7992
 2.795    2.8331
 2.794    2.6724
 2.792    2.5084
 2.791    2.5021
 2.789    2.7596
 2.788    2.9344
 2.786    2.8443
 2.785    2.8109
 2.783    2.7652
 2.782    2.8043
 2.780    2.9220
 2.779    2.7815
 2.777    2.5988
 2.776    2.6921
 2.774    2.7807
 2.773    2.6816
 2.771    2.8956
 2.770    3.0559
 2.768    3.0622
 2.767    3.1214
 2.765    3.1007
 2.764    3.1295
 2.762    3.1322
 2.761    3.0582
 2.759    2.9552
 2.758    2.9199
 2.756    2.9109
 2.755    3.0909
 2.753    3.2088
 2.752    3.3608
 2.751    3.4857
 2.749    3.5625
 2.748    3.8915
 2.746    4.0062
 2.745    3.7354
 2.743    3.6846
 2.742    4.0768
 2.740    4.6844
 2.739    5.2662
 2.737    5.5769
 2.736    5.8650
 2.735    6.4332
 2.733    6.9036
 2.732    7.3164
 2.730    7.7884
 2.729    8.2746
 2.727    8.9891
 2.726    9.9222
 2.725   10.7793
 2.723   11.4602
 2.722   12.1632
 2.720   13.0328
 2.719   13.9200
 2.717   14.8632
 2.716   15.8271
 2.715   16.7325
 2.713   17.6871
 2.712   18.8507
 2.710   19.9258
 2.709   20.7690
 2.707   21.6296
 2.706   22.4918
 2.705   23.4166
 2.703   24.3468
 2.702   25.3739
 2.700   26.2767
 2.699   26.9893
 2.698   27.7695
 2.696   28.5499
 2.695   29.3074
 2.693   29.9093
 2.692   30.3689
 2.691   30.8663
 2.689   31.6159
 2.688   32.4844
 2.686   33.2195
 2.685   33.9796
 2.684   34.6189
 2.682   35.1098
 2.681   35.6777
 2.680   36.2781
 2.678   36.8173
 2.677   37.3901
 2.675   37.8033
 2.674   38.0825
 2.673   38.5556
 2.671   39.3679
 2.670   39.9394
 2.668   40.1085
 2.667   40.6362
 2.666   41.2008
 2.664   41.5059
 2.663   41.5862
 2.662   41.8558
 2.660   42.1362
 2.659   42.4396
 2.658   42.6805
 2.656   42.9004
 2.655   43.1968
 2.653   43.6256
 2.652   44.0303
 2.651   44.1862
 2.649   44.0986
 2.648   44.3409
 2.647   44.7155
 2.645   44.7504
 2.644   44.7318
 2.643   44.9668
 2.641   45.2131
 2.640   45.3788
 2.639   45.4240
 2.637   45.5560
 2.636   45.7636
 2.635   46.0538
 2.633   46.2047
 2.632   46.3348
 2.631   46.6841
 2.629   46.7746
 2.628   46.7590
 2.627   46.9423
 2.625   46.8874
 2.624   46.9008
 2.623   46.9985
 2.621   47.3849
 2.620   47.6372
 2.619   47.5646
 2.617   47.8102
 2.616   47.8563
 2.615   47.7392
 2.613   47.7247
 2.612   47.7773
 2.611   47.8241
 2.609   47.8270
 2.608   47.9949
 2.607   48.2484
 2.605   48.4420
 2.604   48.2559
 2.603   48.1504
 2.602   48.1761
 2.600   48.2201
 2.599   48.2988
 2.598   48.3221
 2.596   48.6565
 2.595   49.0513
 2.594   48.7726
 2.592   48.4062
 2.591   48.3964
 2.590   48.4964
 2.589   48.4722
 2.587   48.5545
 2.586   48.4889
 2.585   48.6523
 2.583   48.7447
 2.582   48.5458
 2.581   48.4385
 2.580   48.4347
 2.578   48.5625
 2.577   48.8802
 2.576   48.9354
 2.574   48.9361
 2.573   49.0401
 2.572   49.0769
 2.571   49.2068
 2.569   49.2202
 2.568   49.0725
 2.567   49.0442
 2.565   49.1641
 2.564   49.4602
 2.563   49.6376
 2.562   49.7201
 2.560   49.4936
 2.559   49.3806
 2.558   49.5257
 2.557   49.5836
 2.555   49.6077
 2.554   49.6188
 2.553   49.6202
 2.552   49.6768
 2.550   49.7594
 2.549   49.8689
 2.548   49.9158
 2.547   49.8832
 2.545   49.9363
 2.544   50.1052
 2.543   50.1679
 2.542   50.1480
 2.540   50.1595
 2.539   50.2733
 2.538   50.2997
 2.537   50.3767
 2.535   50.4864
 2.534   50.5909
 2.533   50.6559
 2.532   50.6463
 2.530   50.6891
 2.529   50.8641
 2.528   50.9589
 2.527   50.9452
 2.525   50.8821
 2.524   50.8758
 2.523   50.9435
 2.522   51.1974
 2.521   51.3285
 2.519   51.2861
 2.518   51.4304
 2.517   51.4556
 2.516   51.4307
 2.514   51.4992
 2.513   51.6077
 2.512   51.6751
 2.511   51.7238
 2.510   51.8736
 2.508   51.8860
 2.507   51.9465
 2.506   52.0294
 2.505   52.0572
 2.504   52.2120
 2.502   52.3611
 2.501   52.4696
 2.500   52.5452
 2.499   52.6357
 2.498   52.6789
 2.496   52.6562
 2.495   52.7825
 2.494   53.0043
 2.493   53.1420
 2.492   53.2221
 2.490   53.3288
 2.489   53.4070
 2.488   53.5827
 2.487   53.7064
 2.486   53.8009
 2.484   53.8621
 2.483   53.9244
 2.482   53.9589
 2.481   54.0482
 2.480   54.2345
 2.478   54.4088
 2.477   54.4447
 2.476   54.4961
 2.475   54.7218
 2.474   54.8877
 2.473   54.9716
 2.471   55.0723
 2.470   55.1929
 2.469   55.2955
 2.468   55.5239
 2.467   55.7688
 2.465   55.9248
 2.464   56.1010
 2.463   56.2737
 2.462   56.4583
 2.461   56.6414
 2.460   56.8696
 2.458   57.0494
 2.457   57.1748
 2.456   57.3577
 2.455   57.5687
 2.454   57.6687
 2.453   57.9102
 2.451   58.1208
 2.450   58.2793
 2.449   58.4685
 2.448   58.7510
 2.447   58.9725
 2.446   59.0128
 2.445   59.2165
 2.443   59.3833
 2.442   59.5477
 2.441   59.7888
 2.440   59.9366
 2.439   60.1059
 2.438   60.2883
 2.436   60.5250
 2.435   60.7265
 2.434   60.8606
 2.433   60.8867
 2.432   60.8961
 2.431   60.9599
 2.430   61.0021
 2.428   60.9026
 2.427   60.9563
 2.426   61.1699
 2.425   61.3745
 2.424   61.5827
 2.423   61.6996
 2.422   61.7284
 2.421   61.9186
 2.419   62.0931
 2.418   62.1951
 2.417   62.3447
 2.416   62.4957
 2.415   62.5940
 2.414   62.7314
 2.413   62.8431
 2.412   62.8425
 2.410   62.8472
 2.409   62.9911
 2.408   63.1358
 2.407   63.2371
 2.406   63.4270
 2.405   63.6144
 2.404   63.9062
 2.403   64.1443
 2.402   64.2413
 2.400   64.2753
 2.399   64.4160
 2.398   64.4754
 2.397   64.7053
 2.396   64.9288
 2.395   64.9911
 2.394   65.0423
 2.393   65.1346
 2.392   65.2250
 2.390   65.4508
 2.389   65.6001
 2.388   65.5937
 2.387   65.7279
 2.386   65.7918
 2.385   65.7007
 2.384   65.7847
 2.383   65.8532
 2.382   65.7778
 2.381   65.8151
 2.379   65.9718
 2.378   65.9449
 2.377   66.0472
 2.376   66.2320
 2.375   66.1365
 2.374   66.0677
 2.373   66.0949
 2.372   66.0751
 2.371   66.0381
 2.370   66.0778
 2.369   66.1665
 2.368   66.1946
 2.366   66.2150
 2.365   66.1526
 2.364   65.9662
 2.363   65.9744
 2.362   66.0830
 2.361   66.0634
 2.360   65.9836
 2.359   65.8811
 2.358   65.8300
 2.357   65.8511
 2.356   65.7811
 2.355   65.7279
 2.354   65.6211
 2.352   65.3990
 2.351   65.3186
 2.350   65.3018
 2.349   65.2244
 2.348   65.0983
 2.347   65.0945
 2.346   65.0644
 2.345   64.8723
 2.344   64.7157
 2.343   64.5421
 2.342   64.3691
 2.341   64.2206
 2.340   64.2124
 2.339   64.0442
 2.338   63.7865
 2.337   63.4692
 2.336   63.2505
 2.334   63.0831
 2.333   62.7927
 2.332   62.5318
 2.331   62.3559
 2.330   62.0858
 2.329   61.7300
 2.328   61.4920
 2.327   61.1846
 2.326   60.9326
 2.325   60.7408
 2.324   60.6650
 2.323   60.5921
 2.322   60.5254
 2.321   60.5529
 2.320   60.5246
 2.319   60.4141
 2.318   60.3841
 2.317   60.3250
 2.316   60.3450
 2.315   60.2720
 2.314   60.0443
 2.313   59.8655
 2.312   59.7252
 2.311   59.5946
 2.309   59.6094
 2.308   59.5711
 2.307   59.4586
 2.306   59.5040
 2.305   59.6427
 2.304   59.8534
 2.303   60.0329
 2.302   60.1533
 2.301   60.1595
 2.300   60.1597
 2.299   60.1852
 2.298   60.3065
 2.297   60.4017
 2.296   60.3824
 2.295   60.3842
 2.294   60.3175
 2.293   60.3717
 2.292   60.5945
 2.291   60.7198
 2.290   60.8131
 2.289   60.8443
 2.288   60.9817
 2.287   61.0560
 2.286   61.1145
 2.285   61.0866
 2.284   61.1119
 2.283   61.2634
 2.282   61.3146
 2.281   61.1943
 2.280   61.2906
 2.279   61.3997
 2.278   61.3872
 2.277   61.4369
 2.276   61.4680
 2.275   61.5266
 2.274   61.5152
 2.273   61.4454
 2.272   61.4732
 2.271   61.4496
 2.270   61.3071
 2.269   61.2779
 2.268   61.3921
 2.267   61.4589
 2.266   61.3788
 2.265   61.0862
 2.264   61.1141
 2.263   61.2523
 2.262   61.3096
 2.261   61.1890
 2.260   61.1023
 2.259   61.1621
 2.258   61.0874
 2.257   60.9334
 2.256   60.9669
 2.255   60.9122
 2.254   60.8183
 2.253   60.8358
 2.252   60.9444
 2.251   60.9694
 2.250   61.0267
 2.249   61.0600
 2.248   60.9392
 2.247   60.9993
 2.246   61.1540
 2.245   61.0824
 2.245   61.0248
 2.244   61.0710
 2.243   61.1931
 2.242   61.3570
 2.241   61.2109
 2.240   61.1442
 2.239   61.4092
 2.238   61.4766
 2.237   61.3921
 2.236   61.4567
 2.235   61.5720
 2.234   61.5771
 2.233   61.5872
 2.232   61.4985
 2.231   61.5170
 2.230   61.5810
 2.229   61.6438
 2.228   61.5640
 2.227   61.5639
 2.226   61.5856
 2.225   61.4765
 2.224   61.4287
 2.223   61.3299
 2.222   61.3338
 2.221   61.3838
 2.220   61.3312
 2.220   61.1517
 2.219   61.2272
 2.218   61.4003
 2.217   61.4514
 2.216   61.6965
 2.215   61.8515
 2.214   61.6946
 2.213   61.5542
 2.212   61.5357
 2.211   61.4809
 2.210   61.3793
 2.209   61.4141
 2.208   61.6147
 2.207   61.7843
 2.206   61.9991
 2.205   62.2523
 2.204   62.6788
 2.204   63.0606
 2.203   63.2724
 2.202   63.4420
 2.201   63.5510
 2.200   63.7183
 2.199   64.0838
 2.198   64.3322
 2.197   64.5149
 2.196   64.8600
 2.195   65.1203
 2.194   65.3875
 2.193   65.6578
 2.192   65.7609
 2.191   65.9950
 2.190   66.1702
 2.190   66.2427
 2.189   66.6022
 2.188   67.0291
 2.187   67.2855
 2.186   67.5047
 2.185   67.6980
 2.184   68.1121
 2.183   68.3602
 2.182   68.5483
 2.181   68.7356
 2.180   68.9688
 2.179   69.1868
 2.179   69.4409
 2.178   69.7320
 2.177   69.9692
 2.176   70.2155
 2.175   70.4324
 2.174   70.4952
 2.173   70.6915
 2.172   70.9957
 2.171   71.2923
 2.170   71.5460
 2.169   71.4773
 2.168   71.5396
 2.168   71.6746
 2.167   71.8136
 2.166   72.2219
 2.165   72.3928
 2.164   72.5840
 2.163   72.8126
 2.162   72.7339
 2.161   72.7624
 2.160   72.9197
 2.159   73.1142
 2.159   73.2778
 2.158   73.4906
 2.157   73.5652
 2.156   73.6212
 2.155   73.7832
 2.154   73.8801
 2.153   73.9080
 2.152   74.0825
 2.151   74.2888
 2.150   74.3236
 2.150   74.4047
 2.149   74.4788
 2.148   74.5311
 2.147   74.6222
 2.146   74.7088
 2.145   74.7745
 2.144   74.9311
 2.143   75.1394
 2.142   75.0780
 2.142   75.1520
 2.141   75.3184
 2.140   75.3740
 2.139   75.3673
 2.138   75.4183
 2.137   75.5963
 2.136   75.7011
 2.135   75.6068
 2.135   75.6834
 2.134   75.9389
 2.133   76.1069
 2.132   76.0357
 2.131   75.8845
 2.130   75.8337
 2.129   76.0081
 2.128   76.1580
 2.128   76.1156
 2.127   76.2641
 2.126   76.1756
 2.125   76.1029
 2.124   76.1516
 2.123   76.4303
 2.122   76.3365
 2.121   76.2521
 2.121   76.4245
 2.120   76.3595
 2.119   76.1850
 2.118   76.4130
 2.117   76.4596
 2.116   76.4570
 2.115   76.3969
 2.115   76.3554
 2.114   76.2158
 2.113   76.1998
 2.112   76.4821
 2.111   76.6513
 2.110   76.4169
 2.109   76.4030
 2.109   76.5155
 2.108   76.4565
 2.107   76.3556
 2.106   76.3692
 2.105   76.5633
 2.104   76.8604
 2.103   76.5913
 2.103   76.2726
 2.102   76.3393
 2.101   76.1857
 2.100   76.2150
 2.099   76.3608
 2.098   76.4057
 2.097   76.2880
 2.097   76.3882
 2.096   76.7772
 2.095   77.0465
 2.094   76.8968
 2.093   76.5700
 2.092   76.4023
 2.091   76.4571
 2.091   76.5147
 2.090   76.7758
 2.089   76.7773
 2.088   76.4924
 2.087   76.4846
 2.086   76.6877
 2.086   76.8313
 2.085   76.7149
 2.084   76.7984
 2.083   76.7869
 2.082   76.5983
 2.081   76.6702
 2.081   77.0149
 2.080   77.0387
 2.079   76.5453
 2.078   76.5909
 2.077   76.6481
 2.076   76.5972
 2.076   77.1659
 2.075   77.1281
 2.074   76.8376
 2.073   76.9960
 2.072   77.1148
 2.071   76.9166
 2.071   76.8469
 2.070   76.8045
 2.069   76.8847
 2.068   77.0370
 2.067   76.7566
 2.066   76.4735
 2.066   76.5649
 2.065   76.6944
 2.064   76.7513
 2.063   76.7963
 2.062   76.7419
 2.062   76.7436
 2.061   76.7526
 2.060   76.6989
 2.059   76.8029
 2.058   76.7914
 2.057   76.6141
 2.057   76.4121
 2.056   76.3126
 2.055   76.4530
 2.054   76.6164
 2.053   76.6685
 2.053   76.7133
 2.052   76.3969
 2.051   76.2936
 2.050   76.6007
 2.049   76.7327
 2.049   76.6953
 2.048   76.5236
 2.047   76.2361
 2.046   76.1402
 2.045   76.2905
 2.044   76.4823
 2.044   76.4075
 2.043   76.3404
 2.042   76.4050
 2.041   76.3000
 2.040   76.2004
 2.040   76.2906
 2.039   76.0770
 2.038   75.9386
 2.037   76.0084
 2.036   76.2040
 2.036   76.1255
 2.035   76.0310
 2.034   75.8735
 2.033   75.7687
 2.032   75.7680
 2.032   75.6165
 2.031   75.4969
 2.030   75.4612
 2.029   75.6020
 2.029   75.6149
 2.028   75.4491
 2.027   75.3919
 2.026   75.4197
 2.025   75.1749
 2.025   74.9973
 2.024   75.1861
 2.023   75.5375
 2.022   75.3679
 2.021   75.1717
 2.021   75.0230
 2.020   74.8635
 2.019   74.7831
 2.018   74.9372
 2.017   75.0821
 2.017   75.1150
 2.016   74.8787
 2.015   74.4816
 2.014   74.4445
 2.014   74.6833
 2.013   74.6787
 2.012   74.7036
 2.011   74.4617
 2.010   74.2985
 2.010   74.3085
 2.009   74.1822
 2.008   73.9962
 2.007   73.8617
 2.007   73.8937
 2.006   73.8290
 2.005   73.7790
 2.004   73.6866
 2.003   73.6764
 2.003   73.7106
 2.002   73.6284
 2.001   73.5543
 2.000   73.5296
