Name: Quartz SiO_2
Type: Mineral
Class: Silicates
Subclass: Tectosilicates
Particle Size: 125-500um
Sample No.: TS-1B
Owner: JPL
Wavelength range: IR
Origin: Brazil, Minas Gerais
Collected by Burminco
Description:  Smoky quartz. 





Measurement: Hemispherical reflectance
First Column: X
Second Column: Y
X Units:  Wavelength (micrometers)
Y Units:  Reflectance (percent)
First X Value: 15.3853
Last X Value: 2.00032
Number of X Values: 2256
Additional information: ts01ba.txt
15.385    4.0255
15.340    4.2448
15.294    4.4144
15.249    4.2457
15.205    4.2051
15.160    4.4769
15.116    4.3734
15.072    4.5288
15.028    4.6700
14.985    4.5438
14.942    4.4210
14.899    4.5196
14.856    4.5967
14.814    4.5562
14.772    4.6669
14.730    4.6342
14.688    4.7611
14.646    4.8945
14.605    5.0582
14.564    5.3342
14.523    5.4718
14.483    5.6364
14.442    5.6864
14.402    5.6520
14.362    5.0635
14.323    4.0666
14.283    3.5431
14.244    3.4419
14.205    3.3834
14.166    3.3519
14.128    3.5950
14.089    3.9523
14.051    4.0822
14.013    4.3449
13.975    4.5504
13.938    4.5769
13.900    4.6832
13.863    4.8370
13.826    4.9452
13.790    4.8017
13.753    4.8259
13.717    5.0705
13.680    5.2236
13.644    5.3195
13.608    5.4153
13.573    5.6226
13.537    5.7122
13.502    5.6091
13.467    5.6563
13.432    5.8072
13.398    5.9017
13.363    6.0334
13.329    6.3047
13.294    6.6176
13.260    6.7592
13.227    6.7983
13.193    6.9901
13.160    7.2710
13.126    7.6817
13.093    8.0637
13.060    8.4253
13.027    8.8259
12.995    9.3628
12.962   10.2407
12.930   11.4710
12.898   12.9837
12.866   14.3301
12.834   15.4619
12.802   16.1766
12.771   15.9323
12.739   14.8417
12.708   13.1123
12.677   11.1927
12.646   10.0470
12.615   10.1643
12.585   11.3008
12.554   12.7168
12.524   13.7489
12.494   14.0065
12.464   13.4467
12.434   11.9803
12.404    9.5023
12.374    6.1335
12.345    3.1224
12.316    1.6079
12.286    1.2591
12.257    1.1514
12.228    1.3572
12.200    1.6313
12.171    1.7848
12.143    2.0022
12.114    2.1675
12.086    2.3983
12.058    2.5967
12.030    2.7578
12.002    2.9099
11.974    2.9417
11.947    3.0857
11.919    3.3909
11.892    3.6095
11.865    3.6796
11.838    3.7766
11.811    3.8988
11.784    4.0993
11.757    4.2661
11.730    4.1486
11.704    4.1261
11.678    4.2073
11.651    4.4600
11.625    4.5948
11.599    4.4880
11.573    4.4790
11.547    4.6743
11.522    4.7645
11.496    4.8902
11.471    5.0885
11.445    5.1655
11.420    5.2916
11.395    5.2903
11.370    5.2723
11.345    5.3082
11.321    5.3946
11.296    5.4327
11.271    5.4887
11.247    5.5581
11.223    5.6058
11.198    5.5450
11.174    5.7188
11.150    5.9079
11.126    5.8968
11.102    5.8762
11.079    5.9036
11.055    6.0336
11.032    6.1915
11.008    6.2268
10.985    6.2591
10.962    6.4663
10.938    6.6935
10.915    6.5949
10.893    6.5742
10.870    6.5998
10.847    6.6556
10.824    6.7162
10.802    6.8665
10.779    6.9842
10.757    7.0814
10.735    7.0566
10.713    7.0786
10.690    7.1868
10.668    7.2454
10.647    7.3946
10.625    7.5523
10.603    7.7148
10.581    7.6836
10.560    7.6721
10.538    7.7911
10.517    7.8997
10.496    8.0125
10.474    8.1371
10.453    8.2855
10.432    8.3727
10.411    8.3384
10.390    8.4158
10.370    8.6006
10.349    8.7520
10.328    8.8570
10.308    8.9778
10.287    9.1107
10.267    9.1927
10.247    9.2927
10.227    9.3343
10.206    9.4859
10.186    9.7860
10.166    9.9473
10.146   10.0246
10.127   10.1741
10.107   10.3111
10.087   10.4994
10.068   10.6367
10.048   10.7973
10.029   11.0470
10.009   11.1950
 9.990   11.3686
 9.971   11.5820
 9.952   11.7597
 9.933   12.0305
 9.914   12.3503
 9.895   12.6795
 9.876   12.8690
 9.857   13.1559
 9.838   13.5762
 9.820   13.8182
 9.801   14.1292
 9.783   14.6591
 9.764   15.0327
 9.746   15.2861
 9.728   15.7309
 9.709   16.3167
 9.691   16.8181
 9.673   17.2074
 9.655   17.7704
 9.637   18.4048
 9.619   19.0409
 9.602   19.6694
 9.584   20.2005
 9.566   21.0020
 9.549   21.9961
 9.531   23.0663
 9.513   24.2356
 9.496   25.6175
 9.479   27.1143
 9.461   28.7996
 9.444   30.9566
 9.427   33.5894
 9.410   36.7717
 9.393   40.3667
 9.376   44.1727
 9.359   47.9055
 9.342   51.4533
 9.325   54.4155
 9.309   56.7964
 9.292   58.5175
 9.275   59.7147
 9.259   60.5917
 9.242   61.2966
 9.226   61.7188
 9.209   62.0140
 9.193   62.4217
 9.177   62.9053
 9.160   63.2649
 9.144   63.5393
 9.128   63.7967
 9.112   64.0629
 9.096   64.2940
 9.080   64.5127
 9.064   64.6583
 9.049   64.9106
 9.033   65.0718
 9.017   65.1757
 9.001   65.2474
 8.986   65.2266
 8.970   65.2158
 8.955   65.3362
 8.939   65.4603
 8.924   65.4483
 8.909   65.3146
 8.893   65.2087
 8.878   64.9302
 8.863   64.6337
 8.848   64.2598
 8.833   63.7678
 8.818   63.1617
 8.803   62.4723
 8.788   61.6800
 8.773   60.9202
 8.758   60.2376
 8.743   59.5533
 8.729   58.6535
 8.714   57.4680
 8.699   55.8930
 8.685   53.6243
 8.670   49.9269
 8.656   44.6608
 8.641   39.1459
 8.627   36.6415
 8.613   39.3092
 8.598   45.0765
 8.584   50.5762
 8.570   54.3973
 8.556   56.7750
 8.542   58.2545
 8.528   59.2555
 8.514   59.8682
 8.500   60.1817
 8.486   60.1934
 8.472   60.0627
 8.458   59.8368
 8.444   59.5166
 8.431   59.1749
 8.417   58.8456
 8.403   58.3789
 8.390   57.8903
 8.376   57.4217
 8.363   56.9727
 8.349   56.6115
 8.336   56.2037
 8.322   55.7123
 8.309   55.3424
 8.296   55.0971
 8.282   54.8409
 8.269   54.5113
 8.256   54.0161
 8.243   53.4371
 8.230   52.7794
 8.217   51.9418
 8.204   50.9225
 8.191   49.8325
 8.178   48.2944
 8.165   46.2864
 8.152   43.9191
 8.139   41.1920
 8.127   38.2739
 8.114   35.4854
 8.101   32.8061
 8.089   30.1983
 8.076   27.7727
 8.063   25.5583
 8.051   23.6185
 8.039   21.8198
 8.026   20.0928
 8.014   18.5004
 8.001   17.0119
 7.989   15.6584
 7.977   14.3858
 7.964   13.1019
 7.952   11.8588
 7.940   10.6839
 7.928    9.5556
 7.916    8.5376
 7.904    7.6076
 7.892    6.8431
 7.880    6.1399
 7.868    5.4772
 7.856    4.9520
 7.844    4.5838
 7.832    4.1397
 7.820    3.7639
 7.808    3.4103
 7.797    3.0906
 7.785    2.8606
 7.773    2.6664
 7.762    2.4704
 7.750    2.2275
 7.739    2.0021
 7.727    1.7620
 7.716    1.5869
 7.704    1.4178
 7.693    1.1371
 7.681    1.0083
 7.670    0.8786
 7.659    0.8166
 7.647    0.7856
 7.636    0.5766
 7.625    0.4590
 7.614    0.4324
 7.602    0.4091
 7.591    0.4047
 7.580    0.4163
 7.569    0.3287
 7.558    0.1890
 7.547    0.1882
 7.536    0.1563
 7.525    0.1426
 7.514    0.1623
 7.503    0.0628
 7.493    0.0267
 7.482    0.0781
 7.471    0.0000
 7.460    0.0000
 7.449    0.0152
 7.439    0.0154
 7.428    0.0294
 7.418    0.1339
 7.407    0.1204
 7.396    0.0592
 7.386    0.0452
 7.375    0.0289
 7.365    0.0000
 7.354    0.0000
 7.344    0.0294
 7.334    0.0378
 7.323    0.0000
 7.313    0.0421
 7.303    0.1190
 7.292    0.0729
 7.282    0.0000
 7.272    0.0205
 7.262    0.1295
 7.252    0.0344
 7.241    0.0000
 7.231    0.0000
 7.221    0.0157
 7.211    0.0625
 7.201    0.0641
 7.191    0.0478
 7.181    0.1221
 7.171    0.1654
 7.161    0.2148
 7.152    0.1798
 7.142    0.1005
 7.132    0.1246
 7.122    0.2416
 7.112    0.2830
 7.103    0.2995
 7.093    0.2582
 7.083    0.2262
 7.073    0.2742
 7.064    0.3331
 7.054    0.3581
 7.045    0.3862
 7.035    0.3793
 7.026    0.3854
 7.016    0.4543
 7.007    0.5535
 6.997    0.5133
 6.988    0.4116
 6.978    0.3317
 6.969    0.3570
 6.960    0.4586
 6.950    0.4638
 6.941    0.4410
 6.932    0.4068
 6.922    0.3949
 6.913    0.4685
 6.904    0.5007
 6.895    0.5249
 6.886    0.6055
 6.876    0.6599
 6.867    0.6253
 6.858    0.5426
 6.849    0.4901
 6.840    0.5004
 6.831    0.5601
 6.822    0.6180
 6.813    0.6124
 6.804    0.5615
 6.795    0.5250
 6.786    0.4835
 6.778    0.4997
 6.769    0.5952
 6.760    0.6384
 6.751    0.5905
 6.742    0.5662
 6.734    0.5654
 6.725    0.5314
 6.716    0.6379
 6.707    0.7052
 6.699    0.6743
 6.690    0.6174
 6.681    0.5867
 6.673    0.6227
 6.664    0.5610
 6.656    0.5232
 6.647    0.6571
 6.639    0.7228
 6.630    0.7314
 6.622    0.7185
 6.613    0.7049
 6.605    0.7432
 6.596    0.7321
 6.588    0.7585
 6.580    0.7217
 6.571    0.7232
 6.563    0.7584
 6.555    0.7737
 6.547    0.7837
 6.538    0.8375
 6.530    0.9072
 6.522    0.8643
 6.514    0.8174
 6.505    0.8414
 6.497    0.8814
 6.489    0.8690
 6.481    0.9629
 6.473    1.0839
 6.465    1.0713
 6.457    1.1322
 6.449    1.2855
 6.441    1.2791
 6.433    1.2660
 6.425    1.2978
 6.417    1.2886
 6.409    1.2789
 6.401    1.2892
 6.393    1.2841
 6.385    1.3294
 6.377    1.2809
 6.370    1.1470
 6.362    1.0844
 6.354    1.0118
 6.346    0.9782
 6.338    1.0334
 6.331    1.0954
 6.323    1.0420
 6.315    1.0377
 6.308    1.0625
 6.300    1.0532
 6.292    1.0051
 6.285    1.0405
 6.277    1.0581
 6.269    1.0104
 6.262    0.9485
 6.254    0.9805
 6.247    1.0127
 6.239    1.0039
 6.232    1.0634
 6.224    1.0921
 6.217    1.1029
 6.209    1.0393
 6.202    0.9817
 6.195    0.9618
 6.187    0.9146
 6.180    0.9589
 6.172    1.0336
 6.165    1.0826
 6.158    1.0618
 6.150    0.9932
 6.143    0.9476
 6.136    0.9969
 6.129    1.1618
 6.121    1.2803
 6.114    1.2417
 6.107    1.2208
 6.100    1.2348
 6.093    1.2674
 6.085    1.3386
 6.078    1.3566
 6.071    1.3820
 6.064    1.3767
 6.057    1.4391
 6.050    1.4389
 6.043    1.4967
 6.036    1.5406
 6.029    1.4342
 6.022    1.3774
 6.015    1.4225
 6.008    1.4074
 6.001    1.4059
 5.994    1.4088
 5.987    1.3980
 5.980    1.4109
 5.973    1.4344
 5.966    1.3762
 5.960    1.3066
 5.953    1.2634
 5.946    1.2326
 5.939    1.2411
 5.932    1.2380
 5.926    1.2196
 5.919    1.2799
 5.912    1.2997
 5.905    1.2555
 5.899    1.3101
 5.892    1.3841
 5.885    1.4035
 5.878    1.4962
 5.872    1.5743
 5.865    1.6215
 5.859    1.6687
 5.852    1.6868
 5.845    1.6990
 5.839    1.7297
 5.832    1.8518
 5.826    1.9400
 5.819    1.9493
 5.813    1.9247
 5.806    1.9208
 5.800    2.0463
 5.793    2.1460
 5.787    2.1677
 5.780    2.2141
 5.774    2.2868
 5.767    2.4556
 5.761    2.5714
 5.755    2.6022
 5.748    2.6713
 5.742    2.6875
 5.735    2.7404
 5.729    2.7986
 5.723    2.7882
 5.716    2.8061
 5.710    2.8682
 5.704    2.8451
 5.698    2.8125
 5.691    2.6876
 5.685    2.5474
 5.679    2.4735
 5.673    2.3217
 5.666    2.1762
 5.660    2.1051
 5.654    2.0132
 5.648    1.8962
 5.642    1.7360
 5.636    1.6203
 5.630    1.6468
 5.623    1.6524
 5.617    1.6146
 5.611    1.6260
 5.605    1.5896
 5.599    1.4847
 5.593    1.4513
 5.587    1.4922
 5.581    1.5250
 5.575    1.5617
 5.569    1.6229
 5.563    1.5981
 5.557    1.4929
 5.551    1.4860
 5.545    1.5868
 5.539    1.6602
 5.533    1.6876
 5.528    1.7699
 5.522    1.7593
 5.516    1.7067
 5.510    1.6990
 5.504    1.7588
 5.498    1.8037
 5.492    1.7785
 5.487    1.8892
 5.481    2.0449
 5.475    2.0656
 5.469    2.0321
 5.463    2.0925
 5.458    2.1852
 5.452    2.1880
 5.446    2.0940
 5.441    2.0258
 5.435    2.0027
 5.429    1.9519
 5.423    1.8788
 5.418    1.8195
 5.412    1.7136
 5.407    1.6998
 5.401    1.7162
 5.395    1.6530
 5.390    1.5820
 5.384    1.5550
 5.378    1.5468
 5.373    1.5147
 5.367    1.5044
 5.362    1.5374
 5.356    1.5507
 5.351    1.5123
 5.345    1.4957
 5.340    1.5157
 5.334    1.5389
 5.329    1.4785
 5.323    1.4971
 5.318    1.5096
 5.312    1.4500
 5.307    1.4528
 5.301    1.5100
 5.296    1.4736
 5.291    1.5143
 5.285    1.5829
 5.280    1.5607
 5.274    1.4847
 5.269    1.4604
 5.264    1.4981
 5.258    1.5533
 5.253    1.6110
 5.248    1.7144
 5.242    1.7091
 5.237    1.6596
 5.232    1.7231
 5.227    1.8569
 5.221    2.0002
 5.216    2.0581
 5.211    2.0964
 5.206    2.0964
 5.200    2.0684
 5.195    2.0697
 5.190    2.1164
 5.185    2.1798
 5.180    2.1983
 5.174    2.1795
 5.169    2.1079
 5.164    2.0517
 5.159    2.0101
 5.154    2.0409
 5.149    2.0795
 5.144    2.0432
 5.139    2.0374
 5.133    2.0642
 5.128    2.0453
 5.123    2.0326
 5.118    2.0688
 5.113    2.1117
 5.108    2.1185
 5.103    2.1197
 5.098    2.0704
 5.093    2.0413
 5.088    1.9220
 5.083    1.8549
 5.078    1.9134
 5.073    1.9764
 5.068    2.0041
 5.063    1.9533
 5.058    1.8514
 5.053    1.8741
 5.049    1.9045
 5.044    1.8885
 5.039    1.9081
 5.034    1.9455
 5.029    1.9178
 5.024    1.8286
 5.019    1.8361
 5.014    1.8811
 5.010    1.8554
 5.005    1.8922
 5.000    1.9119
 4.995    1.8997
 4.990    1.8945
 4.985    1.9350
 4.981    2.0516
 4.976    2.0945
 4.971    2.0975
 4.966    2.1670
 4.962    2.2925
 4.957    2.4003
 4.952    2.4902
 4.947    2.5052
 4.943    2.4878
 4.938    2.6033
 4.933    2.7277
 4.929    2.8200
 4.924    2.9686
 4.919    3.1838
 4.915    3.3796
 4.910    3.6477
 4.905    4.0019
 4.901    4.4688
 4.896    5.0430
 4.891    5.7728
 4.887    6.5412
 4.882    7.2481
 4.878    8.0327
 4.873    8.8458
 4.868    9.5748
 4.864   10.2466
 4.859   10.9124
 4.855   11.6082
 4.850   12.3089
 4.846   12.9605
 4.841   13.5508
 4.837   14.1166
 4.832   14.6763
 4.828   15.2901
 4.823   15.8433
 4.819   16.2402
 4.814   16.7499
 4.810   17.2674
 4.805   17.6834
 4.801   18.1700
 4.796   18.6873
 4.792   19.2112
 4.787   19.6568
 4.783   20.0541
 4.779   20.4143
 4.774   20.8759
 4.770   21.3554
 4.765   21.7640
 4.761   22.1345
 4.757   22.4766
 4.752   22.8009
 4.748   23.0341
 4.744   23.2971
 4.739   23.5473
 4.735   23.7277
 4.731   23.8416
 4.726   23.8765
 4.722   23.8332
 4.718   23.6217
 4.713   23.3316
 4.709   22.9252
 4.705   22.2255
 4.701   21.3221
 4.696   20.3181
 4.692   19.3945
 4.688   18.6329
 4.684   18.3113
 4.679   18.4190
 4.675   18.7549
 4.671   19.4080
 4.667   20.3255
 4.663   21.3703
 4.658   22.3629
 4.654   23.2581
 4.650   24.1650
 4.646   25.0474
 4.642   25.9541
 4.638   27.0054
 4.633   27.9972
 4.629   28.8267
 4.625   29.5557
 4.621   30.1596
 4.617   30.6488
 4.613   31.1534
 4.609   31.6360
 4.605   31.9812
 4.601   32.2715
 4.596   32.5197
 4.592   32.7553
 4.588   32.8971
 4.584   32.9819
 4.580   33.0818
 4.576   32.9888
 4.572   32.7881
 4.568   32.4819
 4.564   32.1764
 4.560   31.8269
 4.556   31.3063
 4.552   30.6250
 4.548   29.7622
 4.544   28.7818
 4.540   27.7819
 4.536   26.7274
 4.532   25.6344
 4.528   24.5739
 4.524   23.4085
 4.520   22.2328
 4.516   21.0374
 4.512   19.7472
 4.509   18.5251
 4.505   17.4245
 4.501   16.5594
 4.497   15.9198
 4.493   15.4722
 4.489   15.1390
 4.485   14.8785
 4.481   14.6810
 4.477   14.4217
 4.474   14.1058
 4.470   13.9357
 4.466   13.9507
 4.462   14.1692
 4.458   14.5524
 4.454   14.9862
 4.450   15.4159
 4.447   15.8562
 4.443   16.2143
 4.439   16.4171
 4.435   16.5672
 4.431   16.8359
 4.428   17.1808
 4.424   17.5771
 4.420   18.0071
 4.416   18.4288
 4.413   18.8300
 4.409   19.2542
 4.405   19.7387
 4.401   20.2606
 4.398   20.9024
 4.394   21.6596
 4.390   22.3562
 4.386   22.9983
 4.383   23.7469
 4.379   24.5493
 4.375   25.3372
 4.372   26.0958
 4.368   26.8990
 4.364   27.7179
 4.361   28.4042
 4.357   29.0557
 4.353   29.7146
 4.350   30.3096
 4.346   30.8595
 4.342   31.3374
 4.339   31.7280
 4.335   32.1023
 4.332   32.3730
 4.328   32.5224
 4.324   32.6256
 4.321   32.6210
 4.317   32.6111
 4.314   32.5780
 4.310   32.3751
 4.306   32.0838
 4.303   31.8194
 4.299   31.6898
 4.296   31.7010
 4.292   31.6777
 4.289   31.7385
 4.285   31.8912
 4.281   32.1251
 4.278   32.4265
 4.274   32.7904
 4.271   33.2887
 4.267   33.8244
 4.264   34.2141
 4.260   34.4760
 4.257   34.6300
 4.253   34.6836
 4.250   34.6597
 4.246   34.5663
 4.243   34.4346
 4.239   34.2682
 4.236   34.0930
 4.233   34.0430
 4.229   34.0364
 4.226   34.0885
 4.222   34.2585
 4.219   34.4188
 4.215   34.4401
 4.212   34.4026
 4.208   34.3353
 4.205   34.2643
 4.202   34.3084
 4.198   34.2932
 4.195   34.3934
 4.191   34.5971
 4.188   34.8068
 4.185   35.0945
 4.181   35.4328
 4.178   35.7949
 4.175   36.1955
 4.171   36.5029
 4.168   36.7393
 4.165   36.9167
 4.161   37.2046
 4.158   37.4857
 4.155   37.7110
 4.151   37.9335
 4.148   38.1631
 4.145   38.4248
 4.141   38.7722
 4.138   39.0709
 4.135   39.3925
 4.131   39.7474
 4.128   40.0402
 4.125   40.3176
 4.121   40.7202
 4.118   41.1427
 4.115   41.4827
 4.112   41.8908
 4.108   42.3224
 4.105   42.7759
 4.102   43.2451
 4.099   43.6198
 4.095   44.0354
 4.092   44.4437
 4.089   44.8115
 4.086   45.1807
 4.083   45.5047
 4.079   45.8399
 4.076   46.1773
 4.073   46.3834
 4.070   46.4663
 4.067   46.6296
 4.063   46.7925
 4.060   46.9180
 4.057   46.9926
 4.054   46.9408
 4.051   46.9172
 4.047   46.9043
 4.044   46.8172
 4.041   46.7139
 4.038   46.6396
 4.035   46.5254
 4.032   46.4414
 4.029   46.3161
 4.025   46.2145
 4.022   46.1712
 4.019   46.1778
 4.016   46.1894
 4.013   46.1366
 4.010   46.1109
 4.007   46.1275
 4.004   46.1831
 4.001   46.2584
 3.998   46.3047
 3.994   46.4377
 3.991   46.6161
 3.988   46.8512
 3.985   47.1099
 3.982   47.3786
 3.979   47.6193
 3.976   47.8270
 3.973   48.0471
 3.970   48.3470
 3.967   48.6809
 3.964   48.9837
 3.961   49.2965
 3.958   49.6524
 3.955   49.9494
 3.952   50.1959
 3.949   50.5146
 3.946   50.8923
 3.943   51.1853
 3.940   51.4012
 3.937   51.6320
 3.934   51.9070
 3.931   52.0759
 3.928   52.1962
 3.925   52.3111
 3.922   52.4456
 3.919   52.5187
 3.916   52.4763
 3.913   52.3259
 3.910   52.2507
 3.907   52.2852
 3.904   52.2499
 3.901   52.0312
 3.898   51.7643
 3.895   51.5853
 3.893   51.3302
 3.890   51.0659
 3.887   50.8930
 3.884   50.7026
 3.881   50.4375
 3.878   50.1214
 3.875   49.8966
 3.872   49.7267
 3.869   49.4974
 3.866   49.3208
 3.864   49.2573
 3.861   49.1871
 3.858   49.1071
 3.855   49.0927
 3.852   49.0651
 3.849   49.0161
 3.846   49.0369
 3.843   49.0662
 3.841   49.1293
 3.838   49.3108
 3.835   49.5280
 3.832   49.6446
 3.829   49.7906
 3.826   50.0092
 3.824   50.2223
 3.821   50.3991
 3.818   50.5649
 3.815   50.6818
 3.812   50.7406
 3.810   50.8135
 3.807   51.0057
 3.804   51.0767
 3.801   51.0461
 3.798   51.0899
 3.796   51.1200
 3.793   51.0197
 3.790   50.8871
 3.787   50.7580
 3.785   50.6552
 3.782   50.4509
 3.779   50.2467
 3.776   50.1262
 3.774   49.9445
 3.771   49.6714
 3.768   49.4585
 3.765   49.2344
 3.763   49.0132
 3.760   48.8688
 3.757   48.6953
 3.754   48.5265
 3.752   48.4372
 3.749   48.3694
 3.746   48.3474
 3.744   48.2781
 3.741   48.2310
 3.738   48.3275
 3.735   48.4076
 3.733   48.4667
 3.730   48.6466
 3.727   48.9222
 3.725   49.1186
 3.722   49.3260
 3.719   49.5860
 3.717   49.8870
 3.714   50.2490
 3.711   50.6670
 3.709   51.1144
 3.706   51.5518
 3.703   51.9874
 3.701   52.4450
 3.698   52.8625
 3.696   53.3477
 3.693   53.9445
 3.690   54.4313
 3.688   54.8669
 3.685   55.3560
 3.682   55.9100
 3.680   56.3900
 3.677   56.7591
 3.675   57.1865
 3.672   57.6807
 3.669   58.0819
 3.667   58.4523
 3.664   58.8468
 3.662   59.2254
 3.659   59.4820
 3.656   59.7810
 3.654   59.9967
 3.651   60.1191
 3.649   60.3054
 3.646   60.5021
 3.644   60.6907
 3.641   60.8663
 3.638   60.9334
 3.636   60.9594
 3.633   61.0260
 3.631   61.0678
 3.628   61.1100
 3.626   61.1422
 3.623   61.1700
 3.621   61.3164
 3.618   61.4435
 3.616   61.4305
 3.613   61.4288
 3.611   61.4896
 3.608   61.6280
 3.606   61.7511
 3.603   61.7996
 3.601   61.9051
 3.598   62.0725
 3.596   62.2178
 3.593   62.3726
 3.591   62.5228
 3.588   62.6670
 3.586   62.8831
 3.583   63.0532
 3.581   63.2584
 3.578   63.5406
 3.576   63.7432
 3.573   63.8726
 3.571   64.0464
 3.568   64.2540
 3.566   64.5193
 3.563   64.7939
 3.561   65.0482
 3.559   65.3124
 3.556   65.5827
 3.554   65.8930
 3.551   66.2277
 3.549   66.4524
 3.546   66.6969
 3.544   66.9915
 3.542   67.2508
 3.539   67.4713
 3.537   67.7305
 3.534   68.1049
 3.532   68.3704
 3.530   68.5506
 3.527   68.8393
 3.525   69.0671
 3.522   69.2787
 3.520   69.5197
 3.518   69.7287
 3.515   69.9297
 3.513   70.2025
 3.510   70.3335
 3.508   70.3580
 3.506   70.4137
 3.503   70.5642
 3.501   70.6925
 3.499   70.9122
 3.496   71.2561
 3.494   71.6523
 3.491   71.8360
 3.489   72.0648
 3.487   72.4190
 3.484   72.7208
 3.482   72.9268
 3.480   73.0813
 3.477   73.2514
 3.475   73.4029
 3.473   73.5170
 3.470   73.7026
 3.468   73.9119
 3.466   74.1180
 3.463   74.2728
 3.461   74.4606
 3.459   74.5871
 3.457   74.6189
 3.454   74.6778
 3.452   74.7296
 3.450   74.7542
 3.447   74.7500
 3.445   74.6868
 3.443   74.6395
 3.441   74.5983
 3.438   74.5980
 3.436   74.5089
 3.434   74.4126
 3.431   74.3469
 3.429   74.1306
 3.427   73.9076
 3.425   73.7274
 3.422   73.5461
 3.420   73.3887
 3.418   73.2670
 3.416   73.2442
 3.413   73.2566
 3.411   73.3730
 3.409   73.5335
 3.407   73.5909
 3.404   73.6605
 3.402   73.9002
 3.400   74.1561
 3.398   74.2529
 3.395   74.3551
 3.393   74.5359
 3.391   74.5988
 3.389   74.5584
 3.387   74.5677
 3.384   74.5500
 3.382   74.5278
 3.380   74.5613
 3.378   74.5686
 3.376   74.5755
 3.373   74.6568
 3.371   74.8104
 3.369   75.1346
 3.367   75.3667
 3.365   75.5810
 3.362   75.8537
 3.360   76.0418
 3.358   76.1845
 3.356   76.3142
 3.354   76.4689
 3.352   76.5946
 3.349   76.6702
 3.347   76.7034
 3.345   76.7790
 3.343   76.8412
 3.341   76.9179
 3.339   76.9851
 3.336   77.0234
 3.334   76.9910
 3.332   76.9796
 3.330   77.0451
 3.328   77.0838
 3.326   77.0458
 3.324   77.0270
 3.321   77.0276
 3.319   76.9632
 3.317   76.8658
 3.315   76.8099
 3.313   76.7839
 3.311   76.7083
 3.309   76.5770
 3.307   76.5163
 3.305   76.5036
 3.302   76.4600
 3.300   76.3779
 3.298   76.4184
 3.296   76.5346
 3.294   76.4702
 3.292   76.2959
 3.290   76.1682
 3.288   76.1388
 3.286   76.1852
 3.284   76.2038
 3.282   76.1944
 3.279   76.1772
 3.277   76.1851
 3.275   76.2238
 3.273   76.1677
 3.271   76.2074
 3.269   76.3014
 3.267   76.3113
 3.265   76.1469
 3.263   76.1447
 3.261   76.2452
 3.259   76.2614
 3.257   76.2422
 3.255   76.2961
 3.253   76.3339
 3.251   76.3398
 3.249   76.4310
 3.247   76.5533
 3.245   76.5467
 3.243   76.4330
 3.241   76.4170
 3.239   76.4186
 3.236   76.3687
 3.234   76.3957
 3.232   76.6161
 3.230   76.6459
 3.228   76.5725
 3.226   76.6314
 3.224   76.5956
 3.222   76.4647
 3.220   76.4556
 3.218   76.4831
 3.216   76.4637
 3.214   76.3547
 3.212   76.2766
 3.210   76.3135
 3.208   76.3992
 3.206   76.4403
 3.204   76.3908
 3.202   76.2700
 3.201   76.2029
 3.199   76.2557
 3.197   76.2035
 3.195   76.1454
 3.193   76.1654
 3.191   76.1036
 3.189   76.0247
 3.187   75.9815
 3.185   75.9500
 3.183   75.8780
 3.181   75.8773
 3.179   75.9422
 3.177   75.9835
 3.175   75.9307
 3.173   75.8273
 3.171   75.8257
 3.169   75.7752
 3.167   75.6633
 3.165   75.5740
 3.163   75.4980
 3.161   75.4218
 3.160   75.3215
 3.158   75.1657
 3.156   74.9639
 3.154   74.7798
 3.152   74.6655
 3.150   74.4250
 3.148   73.9487
 3.146   73.4444
 3.144   73.0041
 3.142   72.6016
 3.140   72.2217
 3.139   71.8315
 3.137   71.4788
 3.135   71.1511
 3.133   70.9685
 3.131   70.9035
 3.129   70.8742
 3.127   70.8009
 3.125   70.8494
 3.123   71.0401
 3.122   71.2964
 3.120   71.5014
 3.118   71.7054
 3.116   71.9986
 3.114   72.2241
 3.112   72.5236
 3.110   72.8567
 3.108   73.2176
 3.107   73.4907
 3.105   73.7719
 3.103   74.0182
 3.101   74.1895
 3.099   74.4268
 3.097   74.6934
 3.095   74.8410
 3.094   74.9158
 3.092   75.0354
 3.090   75.1807
 3.088   75.2368
 3.086   75.2564
 3.084   75.2830
 3.083   75.2688
 3.081   75.2649
 3.079   75.2097
 3.077   75.1242
 3.075   75.0218
 3.073   74.9283
 3.072   74.7574
 3.070   74.5513
 3.068   74.3696
 3.066   74.1937
 3.064   73.8696
 3.063   73.4298
 3.061   73.1050
 3.059   72.7546
 3.057   72.4443
 3.055   72.1544
 3.053   71.8011
 3.052   71.4131
 3.050   71.0274
 3.048   70.6479
 3.046   70.2506
 3.045   69.8180
 3.043   69.4973
 3.041   69.2805
 3.039   69.1302
 3.037   68.9669
 3.036   68.7380
 3.034   68.6431
 3.032   68.6203
 3.030   68.5143
 3.029   68.4013
 3.027   68.3915
 3.025   68.4904
 3.023   68.6342
 3.021   68.8306
 3.020   68.9514
 3.018   69.0657
 3.016   69.2045
 3.014   69.3193
 3.013   69.4424
 3.011   69.6193
 3.009   69.8878
 3.007   70.1927
 3.006   70.4705
 3.004   70.7334
 3.002   70.9517
 3.000   71.0819
 2.999   71.1952
 2.997   71.2734
 2.995   71.3737
 2.994   71.5635
 2.992   71.5991
 2.990   71.5742
 2.988   71.6306
 2.987   71.6273
 2.985   71.5704
 2.983   71.5311
 2.982   71.5196
 2.980   71.3559
 2.978   71.0865
 2.976   70.7745
 2.975   70.3179
 2.973   69.7855
 2.971   69.1431
 2.970   68.3850
 2.968   67.5698
 2.966   66.7057
 2.964   65.9281
 2.963   65.3913
 2.961   65.0939
 2.959   65.0851
 2.958   65.4518
 2.956   65.9488
 2.954   66.5310
 2.953   67.1549
 2.951   67.7549
 2.949   68.4340
 2.948   69.0104
 2.946   69.3508
 2.944   69.7021
 2.943   70.0066
 2.941   70.2883
 2.939   70.6157
 2.938   70.7541
 2.936   70.8377
 2.934   71.0494
 2.933   71.1250
 2.931   71.1632
 2.929   71.2591
 2.928   71.2687
 2.926   71.1478
 2.924   71.0566
 2.923   71.0621
 2.921   71.0302
 2.919   71.0260
 2.918   71.1317
 2.916   71.2109
 2.914   71.3841
 2.913   71.5227
 2.911   71.5977
 2.910   71.9741
 2.908   72.3072
 2.906   72.4892
 2.905   72.6878
 2.903   72.9316
 2.901   73.2139
 2.900   73.5999
 2.898   73.9240
 2.897   74.2434
 2.895   74.4629
 2.893   74.5995
 2.892   74.8484
 2.890   75.0142
 2.888   75.1453
 2.887   75.3431
 2.885   75.5312
 2.884   75.6295
 2.882   75.7610
 2.880   75.9251
 2.879   76.0755
 2.877   76.2389
 2.876   76.4573
 2.874   76.5458
 2.872   76.5031
 2.871   76.5870
 2.869   76.7983
 2.868   76.9056
 2.866   76.9901
 2.865   77.1471
 2.863   77.2506
 2.861   77.3967
 2.860   77.5124
 2.858   77.5526
 2.857   77.5943
 2.855   77.6920
 2.854   77.8648
 2.852   77.9447
 2.850   78.0842
 2.849   78.1029
 2.847   78.2029
 2.846   78.2241
 2.844   78.2038
 2.843   78.4378
 2.841   78.5197
 2.839   78.5157
 2.838   78.6076
 2.836   78.7424
 2.835   78.8078
 2.833   78.8453
 2.832   78.8384
 2.830   78.7809
 2.829   78.9751
 2.827   79.1101
 2.826   79.0106
 2.824   78.9870
 2.822   79.1786
 2.821   79.3912
 2.819   79.5247
 2.818   79.4791
 2.816   79.4044
 2.815   79.4325
 2.813   79.4603
 2.812   79.4879
 2.810   79.4838
 2.809   79.5054
 2.807   79.5639
 2.806   79.6139
 2.804   79.8186
 2.803   79.9602
 2.801   79.7327
 2.800   79.6626
 2.798   79.8110
 2.797   79.8048
 2.795   79.7366
 2.794   79.7855
 2.792   79.8575
 2.791   79.9713
 2.789   80.0360
 2.788   80.2505
 2.786   80.2430
 2.785   79.9975
 2.783   79.8854
 2.782   79.6859
 2.780   79.8028
 2.779   80.1914
 2.777   80.2745
 2.776   80.2125
 2.774   80.2285
 2.773   80.4321
 2.771   80.8258
 2.770   80.9827
 2.768   81.0487
 2.767   80.9449
 2.765   80.6802
 2.764   80.7633
 2.762   80.9332
 2.761   80.7387
 2.759   80.7403
 2.758   81.1496
 2.756   81.7526
 2.755   81.7995
 2.753   81.3052
 2.752   81.3653
 2.751   81.4630
 2.749   81.4240
 2.748   81.4464
 2.746   81.5553
 2.745   81.7009
 2.743   81.9393
 2.742   82.4348
 2.740   82.9121
 2.739   82.8446
 2.737   82.3789
 2.736   82.3483
 2.735   82.5586
 2.733   82.4743
 2.732   82.3990
 2.730   82.4824
 2.729   82.5238
 2.727   82.6857
 2.726   83.1950
 2.725   83.7273
 2.723   83.6374
 2.722   83.6513
 2.720   83.7826
 2.719   83.4641
 2.717   83.4115
 2.716   83.2959
 2.715   83.3037
 2.713   83.4083
 2.712   83.8352
 2.710   83.9443
 2.709   83.6251
 2.707   83.4132
 2.706   83.2324
 2.705   83.2290
 2.703   83.3670
 2.702   83.6190
 2.700   83.5986
 2.699   83.4466
 2.698   83.5169
 2.696   83.8208
 2.695   84.1037
 2.693   84.2067
 2.692   84.0046
 2.691   83.8935
 2.689   83.8590
 2.688   83.8942
 2.686   83.9962
 2.685   84.0411
 2.684   84.1121
 2.682   83.9981
 2.681   84.0921
 2.680   84.5120
 2.678   84.6200
 2.677   84.6771
 2.675   84.4585
 2.674   84.2508
 2.673   84.4057
 2.671   85.1528
 2.670   85.2355
 2.668   84.6866
 2.667   84.9521
 2.666   85.1023
 2.664   84.7859
 2.663   84.3225
 2.662   84.3564
 2.660   84.4205
 2.659   84.4315
 2.658   84.3072
 2.656   84.3625
 2.655   84.3839
 2.653   84.4440
 2.652   84.4363
 2.651   84.2843
 2.649   84.2376
 2.648   84.2154
 2.647   84.3524
 2.645   84.4445
 2.644   84.2214
 2.643   84.3160
 2.641   84.3719
 2.640   84.2964
 2.639   84.2547
 2.637   84.2684
 2.636   84.2954
 2.635   84.4318
 2.633   84.4872
 2.632   84.6753
 2.631   84.9006
 2.629   84.5719
 2.628   84.5262
 2.627   84.7075
 2.625   84.3008
 2.624   84.1491
 2.623   84.2540
 2.621   84.6611
 2.620   84.7036
 2.619   84.4365
 2.617   84.7667
 2.616   84.6537
 2.615   84.2297
 2.613   84.2380
 2.612   84.2223
 2.611   84.2598
 2.609   84.3716
 2.608   84.4673
 2.607   84.7520
 2.605   84.9961
 2.604   84.7685
 2.603   84.4947
 2.602   84.4339
 2.600   84.3177
 2.599   84.2083
 2.598   84.2881
 2.596   84.8235
 2.595   85.5687
 2.594   85.0310
 2.592   84.2991
 2.591   84.2059
 2.590   84.3865
 2.589   84.5821
 2.587   84.6833
 2.586   84.5655
 2.585   84.7356
 2.583   84.7199
 2.582   84.3870
 2.581   84.3929
 2.580   84.2422
 2.578   84.2755
 2.577   84.3816
 2.576   84.2379
 2.574   84.4113
 2.573   84.5936
 2.572   84.3618
 2.571   84.5147
 2.569   84.6059
 2.568   84.3009
 2.567   84.1825
 2.565   84.4422
 2.564   84.7120
 2.563   84.7414
 2.562   84.6612
 2.560   84.3816
 2.559   84.1345
 2.558   84.0938
 2.557   84.1717
 2.555   84.1785
 2.554   84.1412
 2.553   84.2089
 2.552   84.3000
 2.550   84.2560
 2.549   84.2644
 2.548   84.2364
 2.547   84.1760
 2.545   84.1883
 2.544   84.2080
 2.543   84.2476
 2.542   84.1565
 2.540   84.1109
 2.539   84.2721
 2.538   84.3638
 2.537   84.2826
 2.535   84.2128
 2.534   84.1308
 2.533   84.1286
 2.532   84.1635
 2.530   84.1708
 2.529   84.1799
 2.528   84.3519
 2.527   84.3583
 2.525   84.2311
 2.524   84.1690
 2.523   84.1875
 2.522   84.2698
 2.521   84.2711
 2.519   84.2997
 2.518   84.3369
 2.517   84.2326
 2.516   84.1794
 2.514   84.2371
 2.513   84.2591
 2.512   84.2195
 2.511   84.1449
 2.510   84.1257
 2.508   84.1669
 2.507   84.1219
 2.506   84.1822
 2.505   84.1904
 2.504   84.0833
 2.502   84.0559
 2.501   84.1678
 2.500   84.2061
 2.499   84.1921
 2.498   84.0440
 2.496   83.9829
 2.495   84.0912
 2.494   84.1636
 2.493   84.1559
 2.492   84.0985
 2.490   84.0003
 2.489   84.0721
 2.488   84.1409
 2.487   84.2120
 2.486   84.2389
 2.484   84.2021
 2.483   84.1810
 2.482   84.1708
 2.481   84.2256
 2.480   84.3072
 2.478   84.2723
 2.477   84.1631
 2.476   84.0868
 2.475   84.1152
 2.474   84.1577
 2.473   84.2029
 2.471   84.1806
 2.470   84.1665
 2.469   84.1441
 2.468   84.1578
 2.467   84.2867
 2.465   84.2880
 2.464   84.1466
 2.463   84.0672
 2.462   84.0698
 2.461   84.1455
 2.460   84.2458
 2.458   84.1514
 2.457   84.1308
 2.456   84.2616
 2.455   84.3887
 2.454   84.3057
 2.453   84.1841
 2.451   84.1695
 2.450   84.2199
 2.449   84.2248
 2.448   84.1580
 2.447   84.1457
 2.446   84.0596
 2.445   84.0137
 2.443   84.1182
 2.442   84.1728
 2.441   84.2052
 2.440   84.1986
 2.439   84.1409
 2.438   84.2894
 2.436   84.3003
 2.435   84.2859
 2.434   84.3433
 2.433   84.3472
 2.432   84.2184
 2.431   84.1916
 2.430   84.2139
 2.428   84.1491
 2.427   84.1223
 2.426   84.1869
 2.425   84.2194
 2.424   84.2312
 2.423   84.2325
 2.422   84.2347
 2.421   84.2002
 2.419   84.3099
 2.418   84.4236
 2.417   84.4378
 2.416   84.4235
 2.415   84.3056
 2.414   84.1962
 2.413   84.1583
 2.412   84.0749
 2.410   84.0804
 2.409   84.1075
 2.408   84.2519
 2.407   84.2446
 2.406   84.1378
 2.405   84.3189
 2.404   84.3886
 2.403   84.2955
 2.402   84.2843
 2.400   84.2488
 2.399   84.2367
 2.398   84.2074
 2.397   84.1727
 2.396   84.2562
 2.395   84.3033
 2.394   84.1985
 2.393   84.1998
 2.392   84.3143
 2.390   84.3113
 2.389   84.2448
 2.388   84.2664
 2.387   84.3459
 2.386   84.3235
 2.385   84.2357
 2.384   84.1946
 2.383   84.2567
 2.382   84.3536
 2.381   84.2418
 2.379   84.2609
 2.378   84.3541
 2.377   84.3201
 2.376   84.2630
 2.375   84.2488
 2.374   84.3000
 2.373   84.2286
 2.372   84.1298
 2.371   84.1838
 2.370   84.1997
 2.369   84.1796
 2.368   84.3325
 2.366   84.4190
 2.365   84.3872
 2.364   84.2749
 2.363   84.1892
 2.362   84.1145
 2.361   84.1906
 2.360   84.3355
 2.359   84.2915
 2.358   84.2369
 2.357   84.3382
 2.356   84.4014
 2.355   84.4081
 2.354   84.2897
 2.352   84.2737
 2.351   84.3634
 2.350   84.3389
 2.349   84.2367
 2.348   84.2066
 2.347   84.1882
 2.346   84.2718
 2.345   84.2702
 2.344   84.3014
 2.343   84.2665
 2.342   84.2636
 2.341   84.2881
 2.340   84.2817
 2.339   84.2543
 2.338   84.2110
 2.337   84.2846
 2.336   84.3138
 2.334   84.3862
 2.333   84.4640
 2.332   84.2614
 2.331   84.1958
 2.330   84.2593
 2.329   84.1819
 2.328   84.2473
 2.327   84.4285
 2.326   84.4392
 2.325   84.3936
 2.324   84.3368
 2.323   84.2602
 2.322   84.2374
 2.321   84.2295
 2.320   84.3312
 2.319   84.3478
 2.318   84.2096
 2.317   84.2353
 2.316   84.4135
 2.315   84.3516
 2.314   84.3384
 2.313   84.4029
 2.312   84.2675
 2.311   84.2115
 2.309   84.2329
 2.308   84.2130
 2.307   84.2993
 2.306   84.2429
 2.305   84.2183
 2.304   84.3388
 2.303   84.2950
 2.302   84.2203
 2.301   84.3131
 2.300   84.3647
 2.299   84.2726
 2.298   84.1918
 2.297   84.0942
 2.296   84.1936
 2.295   84.3047
 2.294   84.2817
 2.293   84.2566
 2.292   84.3175
 2.291   84.2424
 2.290   84.1507
 2.289   84.2683
 2.288   84.3432
 2.287   84.3746
 2.286   84.4113
 2.285   84.2693
 2.284   84.2412
 2.283   84.2677
 2.282   84.2377
 2.281   84.2394
 2.280   84.3031
 2.279   84.3477
 2.278   84.2885
 2.277   84.1962
 2.276   84.1458
 2.275   84.1932
 2.274   84.2870
 2.273   84.2370
 2.272   84.2155
 2.271   84.2122
 2.270   84.3210
 2.269   84.3529
 2.268   84.2809
 2.267   84.2149
 2.266   84.2702
 2.265   84.3141
 2.264   84.1343
 2.263   84.1256
 2.262   84.2674
 2.261   84.3086
 2.260   84.2625
 2.259   84.2358
 2.258   84.3000
 2.257   84.3266
 2.256   84.2521
 2.255   84.2432
 2.254   84.2877
 2.253   84.2197
 2.252   84.1961
 2.251   84.2313
 2.250   84.2172
 2.249   84.1755
 2.248   84.1228
 2.247   84.2354
 2.246   84.2500
 2.245   84.1552
 2.245   84.1650
 2.244   84.2264
 2.243   84.1405
 2.242   84.1263
 2.241   84.2555
 2.240   84.2999
 2.239   84.2480
 2.238   84.2092
 2.237   84.2834
 2.236   84.3089
 2.235   84.2128
 2.234   84.2063
 2.233   84.2504
 2.232   84.2217
 2.231   84.2465
 2.230   84.2215
 2.229   84.1395
 2.228   84.1397
 2.227   84.1742
 2.226   84.1547
 2.225   84.1311
 2.224   84.2536
 2.223   84.3377
 2.222   84.3081
 2.221   84.2259
 2.220   84.2796
 2.220   84.2636
 2.219   84.2217
 2.218   84.2316
 2.217   84.1579
 2.216   84.2104
 2.215   84.2283
 2.214   84.1525
 2.213   84.1764
 2.212   84.2009
 2.211   84.2067
 2.210   84.2026
 2.209   84.1035
 2.208   84.0714
 2.207   84.1416
 2.206   84.1736
 2.205   84.1478
 2.204   84.0922
 2.204   84.0952
 2.203   84.2950
 2.202   84.3610
 2.201   84.3960
 2.200   84.3635
 2.199   84.2171
 2.198   84.1873
 2.197   84.2986
 2.196   84.1961
 2.195   84.0951
 2.194   84.0550
 2.193   84.1174
 2.192   84.1261
 2.191   84.1297
 2.190   84.0983
 2.190   84.1308
 2.189   84.1113
 2.188   84.1362
 2.187   84.2223
 2.186   84.2625
 2.185   84.2111
 2.184   84.1222
 2.183   84.1052
 2.182   83.9947
 2.181   84.0687
 2.180   84.2649
 2.179   84.2866
 2.179   84.1397
 2.178   84.1804
 2.177   84.2943
 2.176   84.2679
 2.175   84.1526
 2.174   84.1066
 2.173   84.0532
 2.172   84.1157
 2.171   84.2547
 2.170   84.3492
 2.169   84.2730
 2.168   84.2520
 2.168   84.3277
 2.167   84.0099
 2.166   83.8265
 2.165   84.0305
 2.164   84.2473
 2.163   84.3182
 2.162   84.4353
 2.161   84.2729
 2.160   84.1120
 2.159   83.9792
 2.159   83.8982
 2.158   84.0042
 2.157   84.2252
 2.156   84.2498
 2.155   84.2632
 2.154   84.3558
 2.153   84.4769
 2.152   84.3852
 2.151   84.1945
 2.150   84.1541
 2.150   84.1629
 2.149   84.1934
 2.148   84.2131
 2.147   84.1430
 2.146   84.0460
 2.145   84.0971
 2.144   84.1729
 2.143   83.9888
 2.142   84.0029
 2.142   84.1307
 2.141   84.2504
 2.140   84.1450
 2.139   84.1339
 2.138   84.2913
 2.137   84.4660
 2.136   84.5233
 2.135   84.4757
 2.135   84.3429
 2.134   84.2372
 2.133   84.2009
 2.132   84.2906
 2.131   84.1663
 2.130   84.0398
 2.129   83.9504
 2.128   84.0344
 2.128   83.9350
 2.127   83.8893
 2.126   84.0199
 2.125   84.0864
 2.124   84.3144
 2.123   84.3584
 2.122   84.2571
 2.121   84.1355
 2.121   84.1410
 2.120   84.2856
 2.119   84.3558
 2.118   84.3328
 2.117   84.3150
 2.116   84.3865
 2.115   84.3109
 2.115   84.1828
 2.114   84.0835
 2.113   84.0488
 2.112   83.9165
 2.111   83.8650
 2.110   84.0549
 2.109   84.1488
 2.109   84.0535
 2.108   84.1920
 2.107   84.2213
 2.106   84.0722
 2.105   84.0970
 2.104   84.2727
 2.103   84.3191
 2.103   84.2341
 2.102   84.1589
 2.101   84.1858
 2.100   84.1257
 2.099   84.0191
 2.098   84.0333
 2.097   84.0023
 2.097   84.0052
 2.096   84.0634
 2.095   84.1030
 2.094   84.1207
 2.093   84.1014
 2.092   84.0714
 2.091   84.0478
 2.091   84.0360
 2.090   83.8958
 2.089   83.9108
 2.088   84.0664
 2.087   84.1645
 2.086   84.0740
 2.086   84.2472
 2.085   84.2672
 2.084   84.2511
 2.083   84.0937
 2.082   84.0776
 2.081   84.1170
 2.081   83.8371
 2.080   83.8062
 2.079   84.1503
 2.078   84.4346
 2.077   84.3233
 2.076   84.2672
 2.076   84.1349
 2.075   83.8759
 2.074   83.7947
 2.073   83.9324
 2.072   84.2401
 2.071   84.3718
 2.071   84.0965
 2.070   84.1193
 2.069   83.9075
 2.068   83.7068
 2.067   83.9342
 2.066   84.1104
 2.066   84.2103
 2.065   84.1156
 2.064   83.9844
 2.063   84.0930
 2.062   84.1429
 2.062   83.9772
 2.061   84.0842
 2.060   84.2254
 2.059   84.2127
 2.058   84.0498
 2.057   84.0568
 2.057   84.1222
 2.056   84.2437
 2.055   84.2672
 2.054   84.0198
 2.053   84.1091
 2.053   84.2638
 2.052   84.2221
 2.051   84.1242
 2.050   84.0334
 2.049   83.9252
 2.049   83.9920
 2.048   84.1403
 2.047   84.0122
 2.046   83.9616
 2.045   83.9266
 2.044   83.8137
 2.044   83.9099
 2.043   84.0240
 2.042   83.9649
 2.041   84.0317
 2.040   84.0074
 2.040   83.9515
 2.039   84.0936
 2.038   84.1406
 2.037   83.9396
 2.036   83.9188
 2.036   84.0940
 2.035   84.0965
 2.034   83.8995
 2.033   83.8331
 2.032   83.7814
 2.032   83.8709
 2.031   84.0651
 2.030   84.2337
 2.029   84.3950
 2.029   84.4267
 2.028   84.1891
 2.027   83.9538
 2.026   83.9468
 2.025   84.0960
 2.025   84.0576
 2.024   83.9538
 2.023   84.0488
 2.022   84.0920
 2.021   84.0547
 2.021   84.0541
 2.020   84.2516
 2.019   84.1907
 2.018   84.0282
 2.017   84.1158
 2.017   84.1315
 2.016   83.9565
 2.015   83.7950
 2.014   83.7086
 2.014   83.6653
 2.013   83.8700
 2.012   84.1213
 2.011   84.2851
 2.010   84.2367
 2.010   84.1509
 2.009   84.0617
 2.008   84.0788
 2.007   84.1010
 2.007   83.9852
 2.006   84.0558
 2.005   84.1801
 2.004   84.0103
 2.003   83.9560
 2.003   84.0489
 2.002   83.9583
 2.001   83.9176
 2.000   83.8837
