Name: Grey-green shale
Type:  Rocks
Class: Sedimentary
Subclass: Argillaceous
Particle Size:  see additional information
Sample No.: FGE6
Owner:  University of NSW
Wavelength range:  All
Origin: Fowlers Gap Shale, Fowlers Gap, western New South Wales, Australia
Hewson(1998) PhD thesis 
Description: Shale containing fine quartz in a matrix of chlorite/muscovite/biotite. Some desert varnish coating
Physiography: Weathered outcrop exposures with abundant scree in areas of low relief.




Measurement: Directional hemispherical reflectance 
First Column:  X
Second Column:  Y
X Units:  Wavelength (micrometers)
Y Units:  Reflectance (percent)
First X Value:  14.983
Last X Value:  2.0795
Number of X Values:  2148
Additional information:  fge6ca.txt
14.983    3.0432
14.940    3.3451
14.897    3.7872
14.854    4.9665
14.812    5.3808
14.770    4.9333
14.728    4.0243
14.686    4.2011
14.645    4.2984
14.603    4.0325
14.562    4.2005
14.521    4.7553
14.481    5.1072
14.441    4.8350
14.400    4.7501
14.361    4.0544
14.321    3.4233
14.281    3.5941
14.242    3.8298
14.203    3.8260
14.164    3.8607
14.126    4.0301
14.087    4.2177
14.049    4.3805
14.011    4.3692
13.973    4.2820
13.936    4.3648
13.899    4.6564
13.861    4.5656
13.824    4.5494
13.788    4.6642
13.751    4.6209
13.715    4.6214
13.679    4.7986
13.643    4.9025
13.607    4.9022
13.571    4.9891
13.536    5.0093
13.500    5.0748
13.465    5.2069
13.430    5.2659
13.396    5.3075
13.361    5.3864
13.327    5.4249
13.293    5.3614
13.259    5.3605
13.225    5.4002
13.191    5.5098
13.158    5.5425
13.124    5.6585
13.091    5.8574
13.058    5.8979
13.026    5.9217
12.993    6.1432
12.960    6.4218
12.928    6.7892
12.896    7.1449
12.864    7.4442
12.832    7.6132
12.800    7.5393
12.769    7.2384
12.737    6.8376
12.706    6.4326
12.675    6.1770
12.644    6.1895
12.614    6.3268
12.583    6.5520
12.552    6.7303
12.522    6.7337
12.492    6.5734
12.462    6.1924
12.432    5.6711
12.402    4.9581
12.373    4.3126
12.343    3.9563
12.314    3.7814
12.285    3.7850
12.256    3.9038
12.227    3.9876
12.198    4.0774
12.169    4.2567
12.141    4.4041
12.113    4.4433
12.084    4.5218
12.056    4.6433
12.028    4.7439
12.000    4.7921
11.973    4.8760
11.945    4.9622
11.918    5.0810
11.890    5.1645
11.863    5.2543
11.836    5.3397
11.809    5.4077
11.782    5.4756
11.755    5.6217
11.729    5.7396
11.702    5.8041
11.676    5.9327
11.650    6.0909
11.624    6.1891
11.598    6.2751
11.572    6.3361
11.546    6.3900
11.520    6.5204
11.495    6.6479
11.469    6.7444
11.444    6.8463
11.419    6.8718
11.394    6.9032
11.369    6.9860
11.344    7.0482
11.319    7.1162
11.294    7.2120
11.270    7.2939
11.245    7.3639
11.221    7.4564
11.197    7.5562
11.173    7.6863
11.149    7.7957
11.125    7.9290
11.101    8.0856
11.077    8.2150
11.054    8.2792
11.030    8.3874
11.007    8.5174
10.983    8.6109
10.960    8.5801
10.937    8.4514
10.914    8.3216
10.891    8.2081
10.868    8.1651
10.846    8.1061
10.823    7.9786
10.800    7.9356
10.778    7.9423
10.755    7.9311
10.733    7.9626
10.711    8.0531
10.689    8.1545
10.667    8.1828
10.645    8.2215
10.623    8.3526
10.602    8.4747
10.580    8.5689
10.558    8.6925
10.537    8.8798
10.516    9.0447
10.494    9.1941
10.473    9.4280
10.452    9.6441
10.431    9.8696
10.410   10.1420
10.389   10.4120
10.368   10.6610
10.348   10.9450
10.327   11.2990
10.306   11.5790
10.286   11.8390
10.266   12.1580
10.245   12.4420
10.225   12.7490
10.205   12.9970
10.185   13.2370
10.165   13.5640
10.145   13.8820
10.125   14.1530
10.106   14.4660
10.086   14.8210
10.066   15.1810
10.047   15.6310
10.027   16.0970
10.008   16.5460
 9.989   16.9820
 9.970   17.4000
 9.950   17.8300
 9.931   18.1820
 9.912   18.3780
 9.893   18.4270
 9.875   18.4610
 9.856   18.5660
 9.837   18.6460
 9.819   18.8020
 9.800   19.0640
 9.781   19.4480
 9.763   19.9790
 9.745   20.6530
 9.726   21.4320
 9.708   22.1940
 9.690   22.8450
 9.672   23.3440
 9.654   23.7480
 9.636   24.1150
 9.618   24.3620
 9.600   24.4680
 9.582   24.6330
 9.565   24.7430
 9.547   24.8000
 9.530   24.8860
 9.512   24.9040
 9.495   24.9050
 9.477   25.0210
 9.460   25.1910
 9.443   25.4260
 9.426   25.7480
 9.409   26.1250
 9.392   26.5970
 9.375   27.0650
 9.358   27.4450
 9.341   27.7280
 9.324   27.9660
 9.307   28.1370
 9.291   28.2630
 9.274   28.3350
 9.257   28.2700
 9.241   28.2180
 9.225   28.1430
 9.208   28.0750
 9.192   27.9960
 9.175   27.8920
 9.159   27.7410
 9.143   27.5520
 9.127   27.3280
 9.111   27.1160
 9.095   26.8730
 9.079   26.4980
 9.063   26.1170
 9.047   25.7350
 9.032   25.3010
 9.016   24.8520
 9.000   24.4780
 8.985   24.3740
 8.969   24.5380
 8.954   24.8100
 8.938   25.0950
 8.923   25.3350
 8.908   25.5310
 8.892   25.6400
 8.877   25.6790
 8.862   25.6410
 8.847   25.5510
 8.832   25.4460
 8.817   25.3250
 8.802   25.1050
 8.787   24.8840
 8.772   24.6980
 8.757   24.4980
 8.742   24.2900
 8.727   24.0280
 8.713   23.6380
 8.698   23.1290
 8.684   22.4520
 8.669   21.4720
 8.655   20.1680
 8.640   18.8180
 8.626   18.2530
 8.612   18.9760
 8.597   20.3160
 8.583   21.4280
 8.569   22.0700
 8.555   22.4470
 8.541   22.7240
 8.527   22.8780
 8.513   22.9110
 8.499   22.8900
 8.485   22.9000
 8.471   22.8700
 8.457   22.7790
 8.443   22.7160
 8.430   22.6490
 8.416   22.5960
 8.402   22.5660
 8.389   22.4860
 8.375   22.4120
 8.361   22.4520
 8.348   22.4500
 8.335   22.4410
 8.321   22.5540
 8.308   22.6750
 8.295   22.7560
 8.281   22.8900
 8.268   23.0930
 8.255   23.2280
 8.242   23.3480
 8.229   23.4620
 8.216   23.4660
 8.203   23.3570
 8.190   23.1770
 8.177   22.8360
 8.164   22.2400
 8.151   21.4370
 8.138   20.4930
 8.126   19.4760
 8.113   18.3970
 8.100   17.3760
 8.088   16.4180
 8.075   15.5030
 8.062   14.6850
 8.050   13.9660
 8.037   13.2710
 8.025   12.6530
 8.013   12.1390
 8.000   11.6380
 7.988   11.1330
 7.976   10.6540
 7.963   10.1790
 7.951    9.7154
 7.939    9.2612
 7.927    8.7840
 7.915    8.3760
 7.903    8.0157
 7.891    7.6656
 7.879    7.3520
 7.867    7.0980
 7.855    6.8808
 7.843    6.6807
 7.831    6.4928
 7.819    6.3425
 7.808    6.2126
 7.796    6.1532
 7.784    6.1442
 7.772    6.1098
 7.761    6.0424
 7.749    5.9875
 7.737    5.9393
 7.726    5.9074
 7.715    5.8453
 7.703    5.7672
 7.692    5.7211
 7.680    5.7090
 7.669    5.6386
 7.657    5.5236
 7.646    5.4447
 7.635    5.3731
 7.624    5.2611
 7.613    5.1732
 7.601    5.1410
 7.590    5.1070
 7.579    5.0938
 7.568    5.0982
 7.557    5.0832
 7.546    5.0221
 7.535    4.9549
 7.524    4.9453
 7.513    4.9156
 7.502    4.8224
 7.492    4.7513
 7.481    4.7222
 7.470    4.6938
 7.459    4.6381
 7.449    4.5757
 7.438    4.5546
 7.427    4.5293
 7.417    4.5255
 7.406    4.5023
 7.395    4.4704
 7.385    4.4510
 7.374    4.4159
 7.364    4.3886
 7.353    4.4095
 7.343    4.3525
 7.333    4.2946
 7.322    4.2859
 7.312    4.2923
 7.302    4.2868
 7.291    4.2934
 7.281    4.2829
 7.271    4.2758
 7.261    4.3095
 7.251    4.3412
 7.240    4.3633
 7.230    4.3881
 7.220    4.3689
 7.210    4.3446
 7.200    4.3280
 7.190    4.2798
 7.180    4.2280
 7.170    4.2168
 7.160    4.1796
 7.151    4.1439
 7.141    4.0958
 7.131    4.0514
 7.121    4.0056
 7.111    3.9877
 7.102    3.9379
 7.092    3.8726
 7.082    3.8288
 7.072    3.7835
 7.063    3.7672
 7.053    3.7672
 7.044    3.7468
 7.034    3.6738
 7.025    3.6384
 7.015    3.6554
 7.006    3.6885
 6.996    3.7059
 6.987    3.6919
 6.977    3.7140
 6.968    3.7208
 6.959    3.7330
 6.949    3.7768
 6.940    3.8242
 6.931    3.8356
 6.921    3.8707
 6.912    3.8973
 6.903    3.9193
 6.894    3.9460
 6.885    3.9712
 6.875    4.0098
 6.866    4.0506
 6.857    4.0454
 6.848    4.0481
 6.839    4.0642
 6.830    4.0890
 6.821    4.0886
 6.812    4.0911
 6.803    4.0971
 6.794    4.1322
 6.785    4.1376
 6.777    4.1380
 6.768    4.1299
 6.759    4.1185
 6.750    4.1112
 6.741    4.0986
 6.733    4.0656
 6.724    4.0616
 6.715    4.0572
 6.707    4.0331
 6.698    4.0300
 6.689    4.0507
 6.681    4.1271
 6.672    4.1827
 6.663    4.1757
 6.655    4.2163
 6.646    4.2171
 6.638    4.1911
 6.629    4.2120
 6.621    4.2007
 6.612    4.1632
 6.604    4.1621
 6.596    4.1527
 6.587    4.1470
 6.579    4.1342
 6.571    4.1046
 6.562    4.0951
 6.554    4.1286
 6.546    4.1747
 6.537    4.2252
 6.529    4.2440
 6.521    4.3123
 6.513    4.4096
 6.505    4.5015
 6.496    4.5952
 6.488    4.7188
 6.480    4.8063
 6.472    4.8150
 6.464    4.8241
 6.456    4.8810
 6.448    4.9339
 6.440    4.9361
 6.432    4.9108
 6.424    4.9292
 6.416    4.9005
 6.408    4.8917
 6.400    4.8631
 6.392    4.8129
 6.384    4.7716
 6.377    4.7378
 6.369    4.6750
 6.361    4.6345
 6.353    4.5780
 6.345    4.5187
 6.338    4.4409
 6.330    4.3773
 6.322    4.3498
 6.314    4.3044
 6.307    4.2188
 6.299    4.1715
 6.291    4.1327
 6.284    4.0735
 6.276    4.0425
 6.269    3.9815
 6.261    3.9034
 6.253    3.8660
 6.246    3.8277
 6.239    3.7744
 6.231    3.7458
 6.223    3.7133
 6.216    3.6597
 6.209    3.6522
 6.201    3.6851
 6.194    3.6731
 6.186    3.6477
 6.179    3.6709
 6.172    3.7113
 6.164    3.7511
 6.157    3.7748
 6.150    3.8445
 6.142    3.9235
 6.135    3.9440
 6.128    3.9690
 6.121    3.9712
 6.113    3.9883
 6.106    4.0069
 6.099    4.0347
 6.092    4.0812
 6.085    4.1291
 6.078    4.1048
 6.070    4.0773
 6.063    4.1157
 6.056    4.1562
 6.049    4.1574
 6.042    4.1198
 6.035    4.0980
 6.028    4.1127
 6.021    4.1437
 6.014    4.1267
 6.007    4.0990
 6.000    4.1171
 5.993    4.1629
 5.986    4.1796
 5.979    4.1435
 5.973    4.1464
 5.966    4.1501
 5.959    4.0941
 5.952    4.0769
 5.945    4.0898
 5.938    4.1305
 5.931    4.1685
 5.925    4.1861
 5.918    4.2503
 5.911    4.3263
 5.904    4.4207
 5.898    4.4842
 5.891    4.5244
 5.884    4.5819
 5.878    4.6562
 5.871    4.7098
 5.864    4.7875
 5.858    4.8519
 5.851    4.9059
 5.845    4.9758
 5.838    5.0445
 5.831    5.0953
 5.825    5.1425
 5.818    5.1986
 5.812    5.2391
 5.805    5.2492
 5.799    5.2629
 5.792    5.2902
 5.786    5.3375
 5.779    5.4144
 5.773    5.4459
 5.767    5.4446
 5.760    5.4773
 5.754    5.5033
 5.747    5.5045
 5.741    5.5365
 5.735    5.5593
 5.728    5.5701
 5.722    5.5799
 5.716    5.6222
 5.709    5.6211
 5.703    5.5716
 5.697    5.5866
 5.691    5.5779
 5.684    5.5345
 5.678    5.5098
 5.672    5.4500
 5.666    5.3863
 5.660    5.3095
 5.653    5.2223
 5.647    5.1323
 5.641    5.0633
 5.635    5.0268
 5.629    4.9770
 5.623    4.9174
 5.617    4.8838
 5.611    4.8576
 5.604    4.8426
 5.598    4.8437
 5.592    4.8039
 5.586    4.7778
 5.580    4.7953
 5.574    4.8224
 5.568    4.8183
 5.562    4.8236
 5.556    4.8660
 5.551    4.8801
 5.545    4.9100
 5.539    4.9521
 5.533    5.0109
 5.527    5.0518
 5.521    5.0880
 5.515    5.1553
 5.509    5.2216
 5.503    5.2845
 5.497    5.3466
 5.492    5.4059
 5.486    5.4443
 5.480    5.4450
 5.474    5.5183
 5.468    5.6023
 5.463    5.6472
 5.457    5.6680
 5.451    5.6965
 5.446    5.7339
 5.440    5.7484
 5.434    5.6942
 5.428    5.6406
 5.423    5.6095
 5.417    5.5554
 5.411    5.4847
 5.406    5.3759
 5.400    5.2580
 5.394    5.1706
 5.389    5.0652
 5.383    4.9542
 5.378    4.8832
 5.372    4.8158
 5.367    4.7605
 5.361    4.7440
 5.356    4.7316
 5.350    4.7134
 5.345    4.7126
 5.339    4.7043
 5.333    4.7285
 5.328    4.7516
 5.322    4.7574
 5.317    4.7670
 5.312    4.8343
 5.306    4.8875
 5.301    4.9255
 5.295    4.9416
 5.290    4.9813
 5.285    5.0529
 5.279    5.0989
 5.274    5.1781
 5.268    5.2868
 5.263    5.3770
 5.258    5.4763
 5.252    5.5779
 5.247    5.6831
 5.242    5.8124
 5.237    5.9533
 5.231    6.0676
 5.226    6.2049
 5.221    6.3624
 5.215    6.4933
 5.210    6.5626
 5.205    6.6244
 5.200    6.6851
 5.194    6.7164
 5.189    6.7394
 5.184    6.7744
 5.179    6.8051
 5.174    6.7827
 5.169    6.7860
 5.164    6.7955
 5.158    6.8102
 5.153    6.8024
 5.148    6.7852
 5.143    6.7975
 5.138    6.8204
 5.133    6.8151
 5.128    6.8105
 5.123    6.8465
 5.118    6.8750
 5.113    6.8736
 5.107    6.9104
 5.103    6.9173
 5.098    6.8667
 5.093    6.8115
 5.088    6.7780
 5.082    6.7490
 5.077    6.7227
 5.073    6.6927
 5.068    6.6953
 5.063    6.7005
 5.058    6.6698
 5.053    6.6482
 5.048    6.6443
 5.043    6.6578
 5.038    6.6554
 5.033    6.6689
 5.028    6.6972
 5.023    6.6850
 5.019    6.6789
 5.014    6.6757
 5.009    6.6961
 5.004    6.7234
 4.999    6.7649
 4.994    6.8165
 4.990    6.8784
 4.985    6.9764
 4.980    7.0515
 4.975    7.1545
 4.970    7.3123
 4.966    7.4797
 4.961    7.6275
 4.956    7.7336
 4.951    7.8607
 4.947    7.9791
 4.942    8.0305
 4.937    8.1109
 4.933    8.1910
 4.928    8.2266
 4.923    8.3343
 4.919    8.4892
 4.914    8.6486
 4.909    8.8545
 4.905    9.1168
 4.900    9.3799
 4.895    9.6371
 4.891    9.8837
 4.886   10.0920
 4.882   10.2970
 4.877   10.5150
 4.872   10.6880
 4.868   10.8280
 4.863   10.9680
 4.859   11.0900
 4.854   11.2100
 4.849   11.3270
 4.845   11.4590
 4.840   11.5770
 4.836   11.6800
 4.832   11.7500
 4.827   11.8090
 4.822   11.8800
 4.818   11.9380
 4.814   11.9980
 4.809   12.0580
 4.805   12.1000
 4.800   12.1510
 4.796   12.2240
 4.791   12.2720
 4.787   12.2900
 4.782   12.3270
 4.778   12.4100
 4.774   12.4790
 4.769   12.5260
 4.765   12.5840
 4.761   12.6560
 4.756   12.7400
 4.752   12.8310
 4.747   12.8940
 4.743   12.9190
 4.739   12.9880
 4.734   13.0510
 4.730   13.1120
 4.726   13.1690
 4.721   13.1920
 4.717   13.2260
 4.713   13.2780
 4.709   13.2840
 4.704   13.2650
 4.700   13.2570
 4.696   13.2380
 4.691   13.1940
 4.687   13.1700
 4.683   13.1840
 4.679   13.2350
 4.675   13.3130
 4.670   13.4070
 4.666   13.5340
 4.662   13.6840
 4.658   13.7940
 4.654   13.8860
 4.649   13.9750
 4.645   14.0920
 4.641   14.2350
 4.637   14.3260
 4.633   14.4050
 4.629   14.5170
 4.625   14.6120
 4.620   14.6830
 4.616   14.7900
 4.612   14.9050
 4.608   14.9690
 4.604   15.0450
 4.600   15.1120
 4.596   15.1740
 4.592   15.2250
 4.588   15.2790
 4.584   15.3240
 4.580   15.3620
 4.576   15.4390
 4.572   15.5040
 4.567   15.5490
 4.564   15.5660
 4.559   15.5820
 4.556   15.5880
 4.551   15.5650
 4.548   15.5700
 4.543   15.5820
 4.540   15.5740
 4.536   15.5440
 4.532   15.4820
 4.528   15.4230
 4.524   15.3910
 4.520   15.3230
 4.516   15.2360
 4.512   15.1490
 4.508   15.0670
 4.504   14.9720
 4.500   14.8820
 4.496   14.8390
 4.492   14.7940
 4.488   14.7600
 4.485   14.7940
 4.481   14.8140
 4.477   14.7680
 4.473   14.7170
 4.469   14.7190
 4.465   14.7760
 4.461   14.8740
 4.458   14.9460
 4.454   15.0450
 4.450   15.1670
 4.446   15.2570
 4.442   15.3190
 4.439   15.3850
 4.435   15.4560
 4.431   15.5190
 4.427   15.6150
 4.423   15.6930
 4.420   15.7760
 4.416   15.8870
 4.412   15.9600
 4.408   15.9900
 4.404   16.0590
 4.401   16.1950
 4.397   16.3070
 4.393   16.3980
 4.390   16.4980
 4.386   16.5930
 4.382   16.6850
 4.378   16.7920
 4.375   16.8820
 4.371   16.9930
 4.367   17.0600
 4.364   17.1300
 4.360   17.2440
 4.356   17.3240
 4.353   17.3930
 4.349   17.4730
 4.346   17.5240
 4.342   17.5800
 4.338   17.6280
 4.335   17.6600
 4.331   17.6870
 4.327   17.7110
 4.324   17.7270
 4.320   17.7470
 4.316   17.7680
 4.313   17.7720
 4.309   17.7530
 4.306   17.7400
 4.302   17.7390
 4.299   17.6960
 4.295   17.6760
 4.292   17.6870
 4.288   17.6680
 4.284   17.6290
 4.281   17.5810
 4.277   17.5400
 4.274   17.5040
 4.270   17.4980
 4.267   17.5400
 4.263   17.6140
 4.260   17.7110
 4.256   17.8140
 4.253   17.8870
 4.249   17.9570
 4.246   18.0280
 4.242   18.1100
 4.239   18.1700
 4.235   18.2030
 4.232   18.2290
 4.229   18.2570
 4.225   18.3010
 4.222   18.3500
 4.218   18.3870
 4.215   18.4110
 4.211   18.4300
 4.208   18.4500
 4.205   18.4810
 4.201   18.5020
 4.198   18.4930
 4.194   18.5160
 4.191   18.5430
 4.188   18.5710
 4.184   18.5960
 4.181   18.6380
 4.177   18.6870
 4.174   18.7010
 4.171   18.7130
 4.167   18.7810
 4.164   18.8320
 4.161   18.8250
 4.157   18.8390
 4.154   18.8720
 4.151   18.8830
 4.147   18.9240
 4.144   18.9650
 4.141   18.9860
 4.137   18.9910
 4.134   18.9940
 4.131   19.0180
 4.128   19.0490
 4.124   19.0520
 4.121   19.0570
 4.118   19.0800
 4.114   19.1070
 4.111   19.1390
 4.108   19.1630
 4.105   19.1990
 4.101   19.2310
 4.098   19.2260
 4.095   19.2370
 4.092   19.2400
 4.088   19.2690
 4.085   19.3060
 4.082   19.3390
 4.079   19.3540
 4.076   19.3430
 4.072   19.3380
 4.069   19.3470
 4.066   19.3620
 4.063   19.3900
 4.060   19.3900
 4.056   19.3860
 4.053   19.4010
 4.050   19.4110
 4.047   19.3800
 4.044   19.3710
 4.041   19.3970
 4.037   19.3850
 4.034   19.3610
 4.031   19.3510
 4.028   19.3380
 4.025   19.3380
 4.022   19.3600
 4.019   19.3940
 4.016   19.3750
 4.013   19.3370
 4.009   19.3720
 4.006   19.3860
 4.003   19.3710
 4.000   19.3530
 3.997   19.3560
 3.994   19.3720
 3.991   19.3610
 3.988   19.3580
 3.985   19.3550
 3.982   19.3670
 3.979   19.3850
 3.976   19.3880
 3.973   19.4070
 3.970   19.4120
 3.966   19.3960
 3.963   19.3870
 3.960   19.3910
 3.957   19.4250
 3.954   19.4320
 3.951   19.4090
 3.948   19.3870
 3.945   19.4010
 3.942   19.4180
 3.939   19.4060
 3.936   19.3680
 3.933   19.3700
 3.930   19.3700
 3.927   19.3700
 3.924   19.3770
 3.921   19.3660
 3.918   19.3250
 3.916   19.2950
 3.913   19.2820
 3.910   19.2610
 3.907   19.2390
 3.904   19.2280
 3.901   19.2000
 3.898   19.1730
 3.895   19.1520
 3.892   19.1310
 3.889   19.0930
 3.886   19.0850
 3.883   19.0590
 3.880   19.0190
 3.877   18.9700
 3.875   18.9190
 3.872   18.9300
 3.869   18.8970
 3.866   18.8420
 3.863   18.8080
 3.860   18.8130
 3.857   18.8070
 3.854   18.7510
 3.852   18.7260
 3.849   18.7240
 3.846   18.6870
 3.843   18.6520
 3.840   18.6220
 3.837   18.6190
 3.834   18.6260
 3.832   18.5630
 3.829   18.5200
 3.826   18.5330
 3.823   18.5120
 3.820   18.4650
 3.817   18.4340
 3.815   18.4190
 3.812   18.4110
 3.809   18.3870
 3.806   18.3470
 3.804   18.3050
 3.801   18.2790
 3.798   18.2490
 3.795   18.2120
 3.792   18.1630
 3.790   18.1140
 3.787   18.0970
 3.784   18.0850
 3.781   18.0390
 3.779   17.9750
 3.776   17.9370
 3.773   17.9040
 3.770   17.8490
 3.768   17.7850
 3.765   17.7600
 3.762   17.7210
 3.759   17.6650
 3.757   17.6090
 3.754   17.5670
 3.751   17.5330
 3.748   17.5040
 3.746   17.4480
 3.743   17.3950
 3.740   17.3580
 3.738   17.2880
 3.735   17.2510
 3.732   17.2140
 3.730   17.1720
 3.727   17.1310
 3.724   17.1160
 3.722   17.0890
 3.719   17.0470
 3.716   16.9900
 3.714   16.9650
 3.711   16.9310
 3.708   16.8740
 3.706   16.8330
 3.703   16.7970
 3.700   16.7520
 3.698   16.7240
 3.695   16.6900
 3.692   16.6430
 3.690   16.6260
 3.687   16.5910
 3.684   16.5470
 3.682   16.5340
 3.679   16.4940
 3.677   16.4380
 3.674   16.4220
 3.672   16.3750
 3.669   16.3250
 3.666   16.2910
 3.664   16.2240
 3.661   16.1720
 3.659   16.1610
 3.656   16.1480
 3.653   16.0980
 3.651   16.0420
 3.648   15.9900
 3.646   15.9620
 3.643   15.9230
 3.641   15.8340
 3.638   15.7750
 3.636   15.7510
 3.633   15.6970
 3.630   15.6640
 3.628   15.6100
 3.625   15.5350
 3.623   15.5270
 3.620   15.4900
 3.618   15.4060
 3.615   15.3350
 3.613   15.2910
 3.610   15.2310
 3.608   15.1900
 3.605   15.1420
 3.603   15.0740
 3.600   15.0240
 3.598   14.9450
 3.595   14.8890
 3.593   14.8350
 3.590   14.7780
 3.588   14.7030
 3.585   14.6250
 3.583   14.5590
 3.580   14.5400
 3.578   14.5170
 3.575   14.4080
 3.573   14.2880
 3.570   14.2490
 3.568   14.2040
 3.565   14.1470
 3.563   14.0450
 3.561   13.9380
 3.558   13.8920
 3.556   13.8770
 3.553   13.8440
 3.551   13.7900
 3.548   13.7370
 3.546   13.6770
 3.543   13.6000
 3.541   13.5540
 3.539   13.5090
 3.536   13.4760
 3.534   13.4770
 3.531   13.4670
 3.529   13.3980
 3.527   13.3710
 3.524   13.3770
 3.522   13.2970
 3.519   13.2280
 3.517   13.1970
 3.515   13.1710
 3.512   13.1550
 3.510   13.1330
 3.507   13.0900
 3.505   13.0310
 3.503   13.0160
 3.500   12.9940
 3.498   12.9470
 3.496   12.9620
 3.493   13.0220
 3.491   12.9970
 3.489   12.9370
 3.486   12.9070
 3.484   12.8810
 3.482   12.8360
 3.479   12.8070
 3.477   12.8160
 3.475   12.7920
 3.472   12.7740
 3.470   12.7550
 3.468   12.7100
 3.465   12.6540
 3.463   12.6000
 3.461   12.5720
 3.458   12.5390
 3.456   12.4850
 3.454   12.4250
 3.451   12.3800
 3.449   12.3560
 3.447   12.2910
 3.445   12.2140
 3.442   12.1740
 3.440   12.1380
 3.438   12.0790
 3.436   12.0080
 3.433   11.9340
 3.431   11.8710
 3.429   11.7760
 3.426   11.7040
 3.424   11.6550
 3.422   11.5740
 3.420   11.4870
 3.417   11.4320
 3.415   11.3790
 3.413   11.3630
 3.411   11.3060
 3.408   11.2660
 3.406   11.2790
 3.404   11.2160
 3.402   11.1940
 3.399   11.2340
 3.397   11.1770
 3.395   11.0850
 3.393   11.0220
 3.391   10.9530
 3.388   10.9350
 3.386   10.9130
 3.384   10.8430
 3.382   10.7770
 3.380   10.7750
 3.377   10.6870
 3.375   10.6000
 3.373   10.6290
 3.371   10.6150
 3.369   10.5500
 3.366   10.5200
 3.364   10.5010
 3.362   10.4680
 3.360   10.4030
 3.358   10.3640
 3.355   10.3180
 3.353   10.2490
 3.351   10.2150
 3.349   10.1810
 3.347   10.1770
 3.345   10.1540
 3.342   10.0600
 3.340   10.0020
 3.338    9.9858
 3.336    9.9524
 3.334    9.9230
 3.332    9.8572
 3.330    9.7721
 3.327    9.7323
 3.325    9.7328
 3.323    9.6778
 3.321    9.6082
 3.319    9.5889
 3.317    9.5724
 3.315    9.5254
 3.313    9.4652
 3.310    9.4117
 3.308    9.3829
 3.306    9.3837
 3.304    9.3710
 3.302    9.3120
 3.300    9.2443
 3.298    9.2194
 3.296    9.1822
 3.294    9.1330
 3.292    9.0952
 3.289    9.0517
 3.287    9.0464
 3.285    9.0301
 3.283    8.9714
 3.281    8.9705
 3.279    8.9743
 3.277    8.9209
 3.275    8.8451
 3.273    8.7566
 3.271    8.7144
 3.269    8.7188
 3.267    8.7283
 3.265    8.7451
 3.263    8.7418
 3.261    8.7272
 3.258    8.6582
 3.256    8.5715
 3.254    8.5164
 3.252    8.5403
 3.250    8.6093
 3.248    8.5786
 3.246    8.5085
 3.244    8.4883
 3.242    8.5025
 3.240    8.4623
 3.238    8.4279
 3.236    8.3826
 3.234    8.3793
 3.232    8.3805
 3.230    8.3227
 3.228    8.2775
 3.226    8.2668
 3.224    8.2248
 3.222    8.1797
 3.220    8.1566
 3.218    8.1158
 3.216    8.1057
 3.214    8.0611
 3.212    8.0139
 3.210    8.0157
 3.208    7.9861
 3.206    7.9922
 3.204    7.9563
 3.202    7.9189
 3.200    7.9029
 3.198    7.8753
 3.196    7.8530
 3.194    7.8344
 3.192    7.7999
 3.190    7.7618
 3.188    7.7530
 3.186    7.7670
 3.184    7.7387
 3.182    7.7402
 3.180    7.7669
 3.179    7.7610
 3.177    7.7099
 3.175    7.6512
 3.173    7.6270
 3.171    7.5993
 3.169    7.5681
 3.167    7.5707
 3.165    7.5574
 3.163    7.5167
 3.161    7.5200
 3.159    7.5103
 3.157    7.4688
 3.155    7.4409
 3.153    7.4637
 3.152    7.4353
 3.150    7.4270
 3.148    7.4251
 3.146    7.3646
 3.144    7.3100
 3.142    7.2817
 3.140    7.2759
 3.138    7.2714
 3.136    7.2718
 3.134    7.2031
 3.132    7.1647
 3.131    7.2001
 3.129    7.2488
 3.127    7.2664
 3.125    7.1827
 3.123    7.1593
 3.121    7.1949
 3.119    7.1898
 3.117    7.1438
 3.115    7.0966
 3.114    7.0954
 3.112    7.0651
 3.110    7.0487
 3.108    6.9911
 3.106    6.9385
 3.104    6.9401
 3.102    6.9579
 3.101    6.9452
 3.099    6.9334
 3.097    6.9604
 3.095    6.9690
 3.093    6.9190
 3.091    6.8788
 3.090    6.8841
 3.088    6.9176
 3.086    6.9189
 3.084    6.8849
 3.082    6.9284
 3.080    6.8767
 3.079    6.8099
 3.077    6.8689
 3.075    6.8562
 3.073    6.8237
 3.071    6.8047
 3.069    6.7595
 3.067    6.7444
 3.066    6.7535
 3.064    6.7913
 3.062    6.7705
 3.060    6.7504
 3.059    6.7595
 3.057    6.7114
 3.055    6.6965
 3.053    6.6913
 3.051    6.6424
 3.050    6.6593
 3.048    6.7340
 3.046    6.7349
 3.044    6.7267
 3.042    6.7604
 3.041    6.7845
 3.039    6.7470
 3.037    6.6650
 3.035    6.6442
 3.033    6.6653
 3.032    6.6406
 3.030    6.6566
 3.028    6.6919
 3.026    6.7278
 3.025    6.7191
 3.023    6.6744
 3.021    6.6749
 3.019    6.6407
 3.018    6.6351
 3.016    6.6807
 3.014    6.7332
 3.012    6.7263
 3.011    6.7066
 3.009    6.6847
 3.007    6.6981
 3.005    6.6821
 3.004    6.6770
 3.002    6.6889
 3.000    6.7105
 2.998    6.7866
 2.997    6.7654
 2.995    6.7330
 2.993    6.7651
 2.991    6.7701
 2.990    6.7724
 2.988    6.7717
 2.986    6.8032
 2.985    6.7946
 2.983    6.8316
 2.981    6.7949
 2.979    6.7343
 2.978    6.8093
 2.976    6.8517
 2.974    6.8025
 2.973    6.8365
 2.971    6.8966
 2.969    6.8836
 2.967    6.8533
 2.966    6.8578
 2.964    6.8855
 2.962    6.8828
 2.961    6.8621
 2.959    6.8290
 2.957    6.8607
 2.956    6.9511
 2.954    6.9444
 2.952    6.8731
 2.951    6.8641
 2.949    6.8960
 2.947    6.9401
 2.946    6.9298
 2.944    6.9254
 2.942    6.8919
 2.941    6.8825
 2.939    6.9066
 2.937    6.8766
 2.936    6.8998
 2.934    6.9587
 2.932    6.9611
 2.931    6.9603
 2.929    6.9486
 2.927    6.9086
 2.926    6.9798
 2.924    7.0325
 2.922    6.9917
 2.921    6.9627
 2.919    6.9781
 2.917    6.9883
 2.916    6.9105
 2.914    6.9210
 2.912    7.0318
 2.911    7.0829
 2.909    7.0249
 2.908    6.9977
 2.906    6.9960
 2.904    7.0558
 2.903    7.0894
 2.901    7.0771
 2.899    7.1060
 2.898    7.1331
 2.896    7.0727
 2.895    7.0779
 2.893    7.1560
 2.891    7.1447
 2.890    7.1782
 2.888    7.1643
 2.886    7.1604
 2.885    7.2117
 2.883    7.1789
 2.882    7.1669
 2.880    7.2199
 2.878    7.2163
 2.877    7.2035
 2.875    7.2655
 2.874    7.2641
 2.872    7.2201
 2.870    7.2570
 2.869    7.2518
 2.867    7.2673
 2.866    7.2839
 2.864    7.2840
 2.863    7.2787
 2.861    7.2637
 2.859    7.2756
 2.858    7.2802
 2.856    7.2740
 2.855    7.2629
 2.853    7.2742
 2.852    7.2969
 2.850    7.3388
 2.848    7.2825
 2.847    7.2434
 2.845    7.2757
 2.844    7.2971
 2.842    7.2682
 2.841    7.2198
 2.839    7.1747
 2.837    7.1879
 2.836    7.2324
 2.834    7.2261
 2.833    7.1823
 2.831    7.1148
 2.830    7.0618
 2.828    7.0239
 2.827    7.0032
 2.825    7.0365
 2.824    7.0310
 2.822    6.9423
 2.821    6.8987
 2.819    6.8751
 2.817    6.7993
 2.816    6.7460
 2.814    6.7034
 2.813    6.7201
 2.811    6.6726
 2.810    6.5374
 2.808    6.4493
 2.807    6.4033
 2.805    6.3032
 2.804    6.2024
 2.802    6.1944
 2.801    6.1623
 2.799    6.0824
 2.798    5.9865
 2.796    5.8715
 2.795    5.7819
 2.793    5.7495
 2.792    5.7032
 2.790    5.5970
 2.789    5.4509
 2.787    5.3579
 2.786    5.2785
 2.784    5.1848
 2.783    5.1068
 2.781    5.0478
 2.780    4.9795
 2.778    4.8929
 2.777    4.7914
 2.775    4.7487
 2.774    4.6481
 2.772    4.5926
 2.771    4.6087
 2.769    4.5950
 2.768    4.5100
 2.766    4.4287
 2.765    4.3818
 2.763    4.2635
 2.762    4.1825
 2.761    4.1144
 2.759    4.1166
 2.757    4.1458
 2.756    4.1626
 2.755    4.1778
 2.753    4.2559
 2.752    4.3089
 2.750    4.2940
 2.749    4.3698
 2.747    4.4215
 2.746    4.3892
 2.744    4.4308
 2.743    4.5251
 2.741    4.5860
 2.740    4.6337
 2.739    4.6340
 2.737    4.7000
 2.736    4.7996
 2.734    4.9447
 2.733    5.0669
 2.731    5.2054
 2.730    5.3507
 2.728    5.5155
 2.727    5.6654
 2.726    5.7990
 2.724    5.9829
 2.723    6.1807
 2.721    6.4888
 2.720    6.7988
 2.719    7.0147
 2.717    7.2384
 2.716    7.4280
 2.714    7.4595
 2.713    7.4244
 2.711    7.3355
 2.710    7.1373
 2.708    6.9153
 2.707    6.7303
 2.706    6.5233
 2.704    6.4237
 2.703    6.5146
 2.701    6.8762
 2.700    7.3881
 2.699    8.0161
 2.697    8.7548
 2.696    9.5410
 2.695   10.4020
 2.693   11.2790
 2.692   12.2090
 2.690   13.2450
 2.689   14.2280
 2.688   15.1280
 2.686   16.0050
 2.685   16.8220
 2.683   17.5020
 2.682   18.0990
 2.680   18.6720
 2.679   19.2470
 2.678   19.7840
 2.676   20.1770
 2.675   20.6250
 2.674   21.0830
 2.672   21.4410
 2.671   21.7290
 2.670   22.0120
 2.668   22.3730
 2.667   22.7190
 2.665   22.9870
 2.664   23.2150
 2.663   23.4880
 2.661   23.6870
 2.660   23.8690
 2.659   24.1130
 2.657   24.3030
 2.656   24.4350
 2.655   24.6180
 2.653   24.8830
 2.652   25.0360
 2.650   25.1410
 2.649   25.2790
 2.648   25.3890
 2.646   25.5040
 2.645   25.5700
 2.644   25.6960
 2.642   25.8210
 2.641   25.8650
 2.640   26.0100
 2.638   26.1380
 2.637   26.1510
 2.636   26.2330
 2.634   26.3120
 2.633   26.3000
 2.632   26.4080
 2.630   26.5240
 2.629   26.5670
 2.627   26.6110
 2.626   26.7010
 2.625   26.7510
 2.624   26.7680
 2.622   26.8540
 2.621   26.9250
 2.620   26.9560
 2.618   27.0050
 2.617   27.0210
 2.616   27.0330
 2.614   27.1040
 2.613   27.1910
 2.612   27.2230
 2.610   27.2610
 2.609   27.3060
 2.608   27.3230
 2.606   27.3380
 2.605   27.3920
 2.604   27.4530
 2.603   27.5210
 2.601   27.6030
 2.600   27.6100
 2.599   27.6590
 2.597   27.7280
 2.596   27.7850
 2.595   27.8030
 2.593   27.8510
 2.592   27.9180
 2.591   27.9940
 2.590   28.0310
 2.588   28.0610
 2.587   28.1210
 2.586   28.1590
 2.584   28.1870
 2.583   28.2020
 2.582   28.2680
 2.580   28.3450
 2.579   28.4090
 2.578   28.4730
 2.577   28.4870
 2.575   28.5330
 2.574   28.5530
 2.573   28.5430
 2.571   28.5600
 2.570   28.6120
 2.569   28.6690
 2.568   28.6890
 2.566   28.7810
 2.565   28.8860
 2.564   28.9150
 2.563   28.9090
 2.561   28.9640
 2.560   28.9770
 2.559   29.0040
 2.558   29.0690
 2.556   29.1250
 2.555   29.1400
 2.554   29.1160
 2.553   29.1450
 2.551   29.1830
 2.550   29.2090
 2.549   29.2040
 2.547   29.1600
 2.546   29.1870
 2.545   29.2130
 2.544   29.2200
 2.543   29.2290
 2.541   29.2660
 2.540   29.3240
 2.539   29.3410
 2.538   29.3880
 2.536   29.3890
 2.535   29.3550
 2.534   29.3680
 2.533   29.3870
 2.531   29.3260
 2.530   29.2660
 2.529   29.3210
 2.528   29.4320
 2.526   29.4590
 2.525   29.4090
 2.524   29.4580
 2.523   29.4780
 2.522   29.4490
 2.520   29.4690
 2.519   29.4280
 2.518   29.4100
 2.517   29.5050
 2.515   29.5190
 2.514   29.4440
 2.513   29.4420
 2.512   29.4660
 2.511   29.4280
 2.509   29.4530
 2.508   29.4300
 2.507   29.4830
 2.506   29.5240
 2.504   29.4440
 2.503   29.4650
 2.502   29.5070
 2.501   29.4600
 2.500   29.4170
 2.498   29.4690
 2.497   29.4840
 2.496   29.4480
 2.495   29.4960
 2.494   29.4970
 2.492   29.4380
 2.491   29.4300
 2.490   29.4130
 2.489   29.4250
 2.488   29.4920
 2.486   29.4620
 2.485   29.4070
 2.484   29.4670
 2.483   29.4970
 2.482   29.4930
 2.481   29.5010
 2.479   29.5140
 2.478   29.5580
 2.477   29.5750
 2.476   29.5570
 2.474   29.5270
 2.473   29.4800
 2.472   29.4710
 2.471   29.4750
 2.470   29.4480
 2.469   29.4020
 2.467   29.4100
 2.466   29.3950
 2.465   29.3900
 2.464   29.4180
 2.463   29.3750
 2.462   29.3010
 2.460   29.2920
 2.459   29.2920
 2.458   29.2730
 2.457   29.2740
 2.456   29.2940
 2.455   29.3480
 2.454   29.2930
 2.452   29.2850
 2.451   29.3280
 2.450   29.2730
 2.449   29.2650
 2.448   29.2920
 2.446   29.3090
 2.445   29.3420
 2.444   29.3650
 2.443   29.3670
 2.442   29.4270
 2.441   29.4480
 2.440   29.4790
 2.438   29.4880
 2.437   29.5250
 2.436   29.5730
 2.435   29.5770
 2.434   29.6920
 2.433   29.7780
 2.432   29.8500
 2.430   29.8820
 2.429   29.9430
 2.428   30.0130
 2.427   30.0470
 2.426   30.0700
 2.425   30.1390
 2.424   30.2300
 2.422   30.2430
 2.421   30.2760
 2.420   30.3630
 2.419   30.4480
 2.418   30.4370
 2.417   30.3830
 2.416   30.4810
 2.415   30.6290
 2.414   30.6860
 2.412   30.6980
 2.411   30.6830
 2.410   30.7080
 2.409   30.8020
 2.408   30.8890
 2.407   30.9530
 2.406   30.9510
 2.405   30.9150
 2.403   30.9290
 2.402   30.9360
 2.401   30.9370
 2.400   30.9960
 2.399   31.0270
 2.398   31.0060
 2.397   31.0080
 2.396   31.0120
 2.394   30.9990
 2.393   30.9850
 2.392   30.9830
 2.391   31.0630
 2.390   31.1210
 2.389   31.0540
 2.388   30.9910
 2.387   30.9960
 2.386   31.0860
 2.385   31.0710
 2.384   30.9820
 2.382   31.0500
 2.381   31.0850
 2.380   31.0270
 2.379   31.0290
 2.378   31.0200
 2.377   31.0770
 2.376   31.1130
 2.375   31.1250
 2.374   31.1520
 2.373   31.1160
 2.372   31.0620
 2.370   31.0780
 2.369   31.0810
 2.368   31.0710
 2.367   31.1110
 2.366   31.0850
 2.365   30.9700
 2.364   30.8830
 2.363   30.8660
 2.362   30.8610
 2.361   30.8330
 2.360   30.7580
 2.359   30.6880
 2.357   30.6710
 2.356   30.6610
 2.355   30.6420
 2.354   30.6460
 2.353   30.6450
 2.352   30.6760
 2.351   30.7350
 2.350   30.7710
 2.349   30.7790
 2.348   30.8520
 2.347   30.9060
 2.346   30.9660
 2.345   31.0040
 2.344   31.0270
 2.343   31.1520
 2.341   31.2520
 2.341   31.3070
 2.339   31.4020
 2.338   31.5340
 2.337   31.6730
 2.336   31.8320
 2.335   31.9690
 2.334   32.0450
 2.333   32.0640
 2.332   32.0960
 2.331   32.2150
 2.330   32.3790
 2.329   32.4900
 2.328   32.5820
 2.327   32.6790
 2.326   32.8210
 2.325   32.9370
 2.324   33.0420
 2.323   33.1000
 2.322   33.1710
 2.321   33.3400
 2.320   33.4240
 2.318   33.4950
 2.317   33.6720
 2.316   33.8110
 2.315   33.8080
 2.314   33.8660
 2.313   33.9250
 2.312   33.9970
 2.311   34.0980
 2.310   34.1280
 2.309   34.1980
 2.308   34.3060
 2.307   34.3890
 2.306   34.4550
 2.305   34.5190
 2.304   34.6210
 2.303   34.7020
 2.302   34.7480
 2.301   34.7740
 2.300   34.8760
 2.299   34.9150
 2.298   34.9090
 2.297   34.9870
 2.296   35.0950
 2.295   35.1100
 2.294   35.1340
 2.293   35.2270
 2.292   35.2230
 2.291   35.2310
 2.290   35.3640
 2.289   35.4590
 2.288   35.3960
 2.287   35.4140
 2.286   35.4170
 2.285   35.3550
 2.284   35.5080
 2.283   35.5920
 2.282   35.5950
 2.281   35.5810
 2.280   35.6370
 2.279   35.6730
 2.278   35.6560
 2.277   35.7060
 2.276   35.7680
 2.275   35.7720
 2.274   35.7800
 2.273   35.7820
 2.272   35.7510
 2.271   35.7550
 2.270   35.7850
 2.269   35.7720
 2.268   35.7280
 2.267   35.7390
 2.266   35.7300
 2.265   35.6930
 2.264   35.6690
 2.263   35.6310
 2.262   35.5670
 2.261   35.4870
 2.260   35.4520
 2.259   35.4060
 2.258   35.3640
 2.257   35.3110
 2.256   35.3100
 2.255   35.2310
 2.254   35.1750
 2.253   35.1660
 2.252   35.0910
 2.251   35.1250
 2.250   35.1880
 2.249   35.0700
 2.248   34.9700
 2.247   34.9900
 2.246   35.0260
 2.245   35.0320
 2.244   34.9890
 2.243   34.8600
 2.242   34.8000
 2.241   34.7870
 2.240   34.7420
 2.239   34.6810
 2.238   34.6580
 2.237   34.6800
 2.236   34.6240
 2.236   34.4920
 2.235   34.3830
 2.234   34.2400
 2.233   34.1380
 2.232   34.0500
 2.231   33.9170
 2.230   33.7260
 2.229   33.5960
 2.228   33.4670
 2.227   33.2660
 2.226   33.1050
 2.225   32.9820
 2.224   32.7830
 2.223   32.6210
 2.222   32.5160
 2.221   32.4020
 2.220   32.2300
 2.219   32.0860
 2.218   32.0210
 2.217   31.9760
 2.216   31.8920
 2.216   31.7750
 2.215   31.6550
 2.214   31.6640
 2.213   31.7080
 2.212   31.6040
 2.211   31.5000
 2.210   31.4880
 2.209   31.5250
 2.208   31.6910
 2.207   31.8990
 2.206   32.1190
 2.205   32.2890
 2.204   32.5610
 2.203   32.9000
 2.202   33.0840
 2.201   33.2980
 2.200   33.5570
 2.200   33.6530
 2.199   33.7850
 2.198   33.9130
 2.197   34.1490
 2.196   34.3830
 2.195   34.5580
 2.194   34.8410
 2.193   35.1230
 2.192   35.1830
 2.191   35.3390
 2.190   35.5620
 2.189   35.7920
 2.188   36.0530
 2.187   36.2640
 2.187   36.3160
 2.186   36.3270
 2.185   36.4580
 2.184   36.6470
 2.183   36.8060
 2.182   36.8930
 2.181   36.9550
 2.180   37.0150
 2.179   37.1050
 2.178   37.1570
 2.177   37.1890
 2.176   37.3090
 2.176   37.4610
 2.175   37.5100
 2.174   37.5170
 2.173   37.6020
 2.172   37.6960
 2.171   37.6900
 2.170   37.6500
 2.169   37.6600
 2.168   37.6820
 2.167   37.6300
 2.166   37.7350
 2.166   37.7920
 2.165   37.7950
 2.164   37.8590
 2.163   37.8070
 2.162   37.8310
 2.161   37.8900
 2.160   37.9140
 2.159   37.9960
 2.158   38.0920
 2.157   38.0310
 2.156   38.0660
 2.156   38.1260
 2.155   38.0820
 2.154   38.1480
 2.153   38.2560
 2.152   38.2560
 2.151   38.2500
 2.150   38.2710
 2.149   38.4070
 2.148   38.5000
 2.148   38.4750
 2.147   38.5250
 2.146   38.5190
 2.145   38.5290
 2.144   38.6260
 2.143   38.7810
 2.142   38.8060
 2.141   38.6780
 2.140   38.5900
 2.140   38.6240
 2.139   38.6390
 2.138   38.6780
 2.137   38.8180
 2.136   38.8250
 2.135   38.8080
 2.134   38.8480
 2.133   38.7900
 2.132   38.7420
 2.132   38.7680
 2.131   38.7880
 2.130   38.7740
 2.129   38.8430
 2.128   38.8570
 2.127   38.8180
 2.126   38.8890
 2.126   38.8210
 2.125   38.6430
 2.124   38.6770
 2.123   38.8500
 2.122   38.8790
 2.121   38.8450
 2.120   38.7730
 2.119   38.8800
 2.119   38.9630
 2.118   39.0210
 2.117   39.0130
 2.116   38.8770
 2.115   38.8790
 2.114   38.8860
 2.113   38.8080
 2.112   38.8530
 2.112   38.9460
 2.111   39.0180
 2.110   38.9830
 2.109   38.9400
 2.108   39.0840
 2.107   39.1870
 2.107   39.2490
 2.106   39.2860
 2.105   39.1990
 2.104   39.2170
 2.103   39.2310
 2.102   39.2610
 2.101   39.2880
 2.100   39.2940
 2.100   39.3270
 2.099   39.3590
 2.098   39.3450
 2.097   39.3930
 2.096   39.4710
 2.095   39.4940
 2.095   39.5600
 2.094   39.6200
 2.093   39.5870
 2.092   39.5730
 2.091   39.5450
 2.090   39.5980
 2.090   39.6560
 2.089   39.6380
 2.088   39.6900
 2.087   39.8390
 2.086   39.8420
 2.085   39.7220
 2.084   39.6220
 2.084   39.6440
 2.083   39.7840
 2.082   39.8350
 2.081   39.8500
 2.080   39.9820
 2.079   39.9300
