Name: Basalt
Type: Rock
Class: Igneous
Subclass:  Mafic 
Particle Size: Solid surface
Sample No.: Ward35.txt
Owner: JPL
Wavelength range:  IR  
Origin: Ward's Collection of American Rocks.  Sample locality - Chimney Rock, Somerset County, New Jersey.
Collected by:  Ward's Natural Science
Description: A greenish-black rock with aphanitic texture, and occasional
red bands due to iron oxide stain.
Geologic Age - Upper Triassic.



Measurement: Hemispherical reflectance
First Column: X
Second Column: Y
X Units: Wavelength (micrometers)
Y Units: Reflectance (percent)
First X Value: 15.3871
Last X Value: 1.9998
Number of X Values: 2257
Additional information: None
15.387    2.8160
15.342    3.1603
15.296    3.1119
15.251    2.7626
15.207    2.5692
15.162    3.2293
15.118    3.1288
15.074    2.2804
15.030    2.0835
14.987    3.2058
14.944    3.7561
14.901    3.2800
14.858    3.3014
14.816    3.5410
14.773    3.2022
14.731    2.8776
14.690    2.4472
14.648    3.0318
14.607    3.8790
14.566    3.2201
14.525    2.5434
14.485    2.4410
14.444    2.7356
14.404    2.5787
14.364    2.6787
14.325    2.7941
14.285    2.7240
14.246    2.6754
14.207    3.0853
14.168    3.0993
14.129    2.8452
14.091    3.1569
14.053    3.0093
14.015    2.8306
13.977    2.6496
13.939    2.6446
13.902    3.0338
13.865    3.1554
13.828    3.1491
13.791    3.0040
13.755    2.8746
13.718    2.9740
13.682    3.0615
13.646    3.1225
13.610    3.3569
13.575    3.3624
13.539    3.2954
13.504    3.1929
13.469    3.1367
13.434    3.0704
13.399    2.9185
13.365    3.0401
13.330    3.2272
13.296    3.4229
13.262    3.3672
13.228    2.9137
13.195    2.7995
13.161    3.0808
13.128    3.4057
13.095    3.4845
13.062    3.1622
13.029    3.2203
12.996    3.3227
12.964    3.5200
12.931    3.4554
12.899    3.2344
12.867    3.2675
12.835    3.2155
12.804    3.5435
12.772    4.0888
12.741    4.0816
12.710    3.8354
12.678    3.9065
12.648    4.0625
12.617    3.7835
12.586    3.5869
12.556    3.2746
12.525    3.5659
12.495    4.0742
12.465    4.2594
12.435    4.0067
12.405    3.6625
12.376    3.9181
12.346    4.2529
12.317    3.4427
12.288    3.3652
12.259    3.7877
12.230    3.7334
12.201    3.7030
12.172    4.0639
12.144    4.4287
12.116    4.4638
12.087    4.3874
12.059    4.3969
12.031    4.5198
12.003    4.7811
11.976    5.0210
11.948    4.8467
11.921    4.6549
11.893    4.7214
11.866    5.0276
11.839    5.0779
11.812    4.7495
11.785    4.8258
11.758    4.9630
11.732    5.0307
11.705    5.3601
11.679    5.5030
11.653    5.5991
11.627    5.6669
11.601    5.6478
11.575    5.7008
11.549    6.1266
11.523    6.3817
11.498    6.0867
11.472    5.9996
11.447    6.3628
11.422    6.6061
11.397    6.5172
11.372    6.4717
11.347    6.5812
11.322    6.6978
11.297    6.6352
11.273    6.4993
11.248    6.7093
11.224    6.7348
11.200    6.5055
11.176    6.0915
11.152    5.9555
11.128    6.5438
11.104    6.8892
11.080    6.6925
11.056    6.7315
11.033    6.9410
11.009    6.9875
10.986    7.1167
10.963    7.3625
10.940    7.5920
10.917    7.4055
10.894    7.0307
10.871    7.2190
10.848    7.7634
10.826    8.0123
10.803    7.9910
10.781    7.8968
10.758    7.7877
10.736    7.7221
10.714    7.9678
10.692    7.9422
10.670    7.7228
10.648    7.6216
10.626    7.8414
10.604    8.1174
10.583    8.5366
10.561    8.7443
10.540    8.7296
10.518    8.5009
10.497    8.3985
10.476    8.6034
10.455    8.7797
10.434    8.5890
10.413    8.7299
10.392    8.9480
10.371    8.9339
10.350    9.2020
10.330    9.3552
10.309    9.3796
10.289    9.4054
10.268    9.7715
10.248    9.9906
10.228   10.0281
10.208   10.0600
10.188   10.2980
10.168   10.6064
10.148   10.7491
10.128   10.8081
10.108   10.9487
10.089   11.3479
10.069   11.4992
10.049   11.8500
10.030   12.2805
10.011   12.3024
 9.991   12.2553
 9.972   12.6421
 9.953   12.9877
 9.934   13.1132
 9.915   13.3715
 9.896   13.7053
 9.877   13.9975
 9.858   14.4683
 9.840   14.6265
 9.821   14.4949
 9.802   14.5442
 9.784   14.7909
 9.765   14.8766
 9.747   14.9701
 9.729   15.2081
 9.711   15.2246
 9.693   15.1750
 9.674   15.1830
 9.656   15.2223
 9.638   15.3455
 9.620   15.0187
 9.603   14.7222
 9.585   14.5674
 9.567   14.4506
 9.550   14.2453
 9.532   13.8030
 9.515   13.3748
 9.497   13.4491
 9.480   13.4961
 9.463   13.0768
 9.445   12.5638
 9.428   12.2706
 9.411   11.9329
 9.394   11.6395
 9.377   11.5873
 9.360   11.4677
 9.343   11.1275
 9.326   10.7197
 9.310   10.2767
 9.293    9.9130
 9.276    9.6211
 9.260    9.5029
 9.243    9.3851
 9.227    9.1293
 9.210    8.8058
 9.194    8.4224
 9.178    8.2088
 9.162    8.1572
 9.145    7.9579
 9.129    7.6975
 9.113    7.3226
 9.097    6.7679
 9.081    6.7029
 9.066    6.6767
 9.050    6.4008
 9.034    6.3118
 9.018    6.1383
 9.002    5.8133
 8.987    6.0399
 8.971    6.2022
 8.956    5.7357
 8.941    5.5854
 8.925    5.7584
 8.910    5.4452
 8.895    5.0410
 8.879    4.9622
 8.864    4.2807
 8.849    3.8714
 8.834    4.2898
 8.819    4.3566
 8.804    3.8955
 8.789    3.6178
 8.774    3.5280
 8.759    3.5041
 8.745    3.6383
 8.730    3.7395
 8.715    3.7359
 8.700    3.8369
 8.686    3.5500
 8.671    3.5929
 8.657    3.4093
 8.643    3.0764
 8.628    2.9547
 8.614    2.9949
 8.599    3.1266
 8.585    3.1915
 8.571    3.1273
 8.557    3.1052
 8.543    3.1063
 8.529    3.1866
 8.515    3.5082
 8.501    3.4882
 8.487    3.0552
 8.473    3.1018
 8.459    3.6338
 8.445    3.5074
 8.432    3.2665
 8.418    2.9592
 8.404    2.8146
 8.391    3.0408
 8.377    2.9585
 8.364    2.6759
 8.350    2.7942
 8.337    2.7167
 8.323    2.6465
 8.310    2.6434
 8.297    2.6431
 8.284    2.5600
 8.270    2.5716
 8.257    2.8063
 8.244    2.9734
 8.231    2.9296
 8.218    2.6334
 8.205    2.2859
 8.192    2.3974
 8.179    2.3751
 8.166    2.2311
 8.153    2.2972
 8.140    2.1315
 8.128    1.8550
 8.115    1.8705
 8.102    1.9465
 8.090    1.9701
 8.077    2.0350
 8.065    2.1127
 8.052    1.8503
 8.040    1.7504
 8.027    1.7649
 8.015    1.6557
 8.002    1.8136
 7.990    2.0054
 7.978    2.0761
 7.965    2.0887
 7.953    1.8879
 7.941    1.7378
 7.929    1.9019
 7.917    1.8942
 7.905    1.6619
 7.893    1.7772
 7.881    1.9992
 7.869    1.9307
 7.857    1.8352
 7.845    1.9318
 7.833    1.8244
 7.821    1.6802
 7.809    2.0051
 7.798    2.0379
 7.786    1.8983
 7.774    1.9550
 7.763    1.9246
 7.751    1.8685
 7.739    1.8531
 7.728    2.0826
 7.716    2.1187
 7.705    2.1370
 7.694    2.1551
 7.682    2.1062
 7.671    1.8256
 7.660    1.7496
 7.648    1.9301
 7.637    1.9326
 7.626    1.8885
 7.614    1.9342
 7.603    2.0043
 7.592    2.1668
 7.581    2.2916
 7.570    2.2863
 7.559    2.2134
 7.548    2.0912
 7.537    2.1573
 7.526    2.0606
 7.515    1.9776
 7.504    2.0493
 7.494    2.0470
 7.483    2.1717
 7.472    2.4037
 7.461    2.3430
 7.450    2.2198
 7.440    2.1474
 7.429    2.2123
 7.418    2.2744
 7.408    2.0769
 7.397    2.2227
 7.387    2.4139
 7.376    2.2791
 7.366    2.0718
 7.355    2.1499
 7.345    2.3877
 7.335    2.3479
 7.324    2.3895
 7.314    2.6409
 7.303    2.5417
 7.293    2.4063
 7.283    2.3515
 7.273    2.4277
 7.263    2.4509
 7.252    2.4695
 7.242    2.3785
 7.232    2.2985
 7.222    2.3441
 7.212    2.3860
 7.202    2.5430
 7.192    2.4789
 7.182    2.4464
 7.172    2.6852
 7.162    2.6929
 7.152    2.4789
 7.143    2.4254
 7.133    2.6094
 7.123    2.6250
 7.113    2.6055
 7.103    2.6032
 7.094    2.5427
 7.084    2.5710
 7.074    2.7161
 7.065    2.8509
 7.055    2.7314
 7.045    2.7553
 7.036    2.8277
 7.026    2.7824
 7.017    2.7450
 7.007    2.6289
 6.998    2.5171
 6.989    2.7418
 6.979    2.9384
 6.970    2.9316
 6.960    2.7822
 6.951    2.5607
 6.942    2.5735
 6.932    2.6260
 6.923    2.8897
 6.914    2.8538
 6.905    2.6629
 6.896    2.8547
 6.886    3.0931
 6.877    3.0829
 6.868    3.1187
 6.859    3.1499
 6.850    2.8790
 6.841    2.7152
 6.832    2.7525
 6.823    2.8927
 6.814    2.8170
 6.805    2.6413
 6.796    2.8656
 6.787    3.0608
 6.778    2.9454
 6.769    3.0698
 6.761    3.0118
 6.752    2.8741
 6.743    2.7399
 6.734    2.7326
 6.726    2.8829
 6.717    2.9381
 6.708    2.9172
 6.700    2.9902
 6.691    2.9997
 6.682    3.1346
 6.674    3.3444
 6.665    3.3188
 6.657    2.9495
 6.648    2.8786
 6.640    2.9299
 6.631    2.9356
 6.623    3.0234
 6.614    3.1479
 6.606    3.3265
 6.597    3.1397
 6.589    2.8178
 6.580    2.8394
 6.572    2.7373
 6.564    2.7262
 6.556    2.9356
 6.547    2.9388
 6.539    2.9656
 6.531    2.9617
 6.523    2.8213
 6.514    3.0373
 6.506    3.1738
 6.498    2.9550
 6.490    2.9836
 6.482    3.0034
 6.474    2.7025
 6.466    2.7962
 6.458    2.9364
 6.450    2.8840
 6.442    2.8297
 6.434    2.8373
 6.426    2.7951
 6.418    2.8634
 6.410    2.8029
 6.402    2.7511
 6.394    2.7494
 6.386    2.5771
 6.378    2.3586
 6.370    2.2497
 6.362    2.4273
 6.355    2.4589
 6.347    2.6344
 6.339    2.6840
 6.332    2.6717
 6.324    2.7248
 6.316    2.7174
 6.308    2.6419
 6.301    2.5488
 6.293    2.5033
 6.285    2.5177
 6.278    2.4530
 6.270    2.5198
 6.263    2.6274
 6.255    2.4637
 6.248    2.3320
 6.240    2.3781
 6.232    2.4292
 6.225    2.4583
 6.218    2.4327
 6.210    2.3662
 6.203    2.3789
 6.195    2.5512
 6.188    2.6257
 6.181    2.5361
 6.173    2.4873
 6.166    2.5459
 6.159    2.4062
 6.151    2.2469
 6.144    2.1641
 6.137    2.3715
 6.129    2.4252
 6.122    2.3193
 6.115    2.4073
 6.108    2.2268
 6.101    2.0465
 6.093    1.9553
 6.086    2.3026
 6.079    2.6910
 6.072    2.4529
 6.065    2.2521
 6.058    2.3094
 6.051    2.3450
 6.044    2.4720
 6.037    2.4841
 6.030    2.3595
 6.023    2.3101
 6.016    2.0930
 6.009    1.9306
 6.002    2.0722
 5.995    2.2698
 5.988    2.1162
 5.981    2.0801
 5.974    2.2404
 5.967    2.1840
 5.960    2.2265
 5.954    2.2980
 5.947    2.3796
 5.940    2.4426
 5.933    2.4015
 5.926    2.4945
 5.920    2.4889
 5.913    2.4098
 5.906    2.2150
 5.899    2.0655
 5.893    2.0379
 5.886    2.4305
 5.879    2.7284
 5.873    2.5248
 5.866    2.3559
 5.859    2.4349
 5.853    2.4721
 5.846    2.4305
 5.840    2.3736
 5.833    2.4335
 5.826    2.3125
 5.820    2.3472
 5.813    2.6544
 5.807    2.8377
 5.800    2.7921
 5.794    2.6121
 5.787    2.5270
 5.781    2.5667
 5.774    2.5634
 5.768    2.6091
 5.762    2.5612
 5.755    2.6408
 5.749    2.8401
 5.742    2.7074
 5.736    2.5504
 5.730    2.3871
 5.723    2.5783
 5.717    2.7470
 5.711    2.9036
 5.705    2.8909
 5.698    2.7373
 5.692    2.6067
 5.686    2.6960
 5.680    2.6964
 5.673    2.7817
 5.667    3.0736
 5.661    3.1541
 5.655    2.9276
 5.649    2.6069
 5.643    2.7963
 5.636    2.8196
 5.630    2.7591
 5.624    2.8346
 5.618    2.9018
 5.612    3.0157
 5.606    3.0305
 5.600    2.8826
 5.594    2.6172
 5.588    2.5082
 5.582    2.4460
 5.576    2.6483
 5.570    2.9640
 5.564    3.1571
 5.558    3.0508
 5.552    2.9556
 5.546    3.0676
 5.540    2.9031
 5.534    2.8097
 5.528    3.1155
 5.522    3.2088
 5.516    2.9898
 5.511    2.8955
 5.505    2.8981
 5.499    2.9255
 5.493    3.0001
 5.487    3.1276
 5.481    3.2729
 5.476    3.1838
 5.470    3.0758
 5.464    3.1390
 5.458    3.1346
 5.453    3.0351
 5.447    3.0370
 5.441    3.0107
 5.436    3.1488
 5.430    3.2948
 5.424    3.2327
 5.418    3.0555
 5.413    3.0158
 5.407    2.9492
 5.402    2.8582
 5.396    2.9328
 5.390    3.1061
 5.385    3.2578
 5.379    3.3066
 5.373    3.2740
 5.368    3.2112
 5.362    3.2404
 5.357    3.1820
 5.351    3.1248
 5.346    3.1416
 5.340    3.3807
 5.335    3.4154
 5.329    3.3055
 5.324    3.3845
 5.318    3.4875
 5.313    3.3829
 5.308    3.2804
 5.302    3.1547
 5.297    3.0599
 5.291    3.2257
 5.286    3.3588
 5.281    3.3103
 5.275    3.1739
 5.270    3.0734
 5.264    3.1895
 5.259    3.3165
 5.254    3.2599
 5.248    3.2349
 5.243    3.3094
 5.238    3.2468
 5.233    3.2418
 5.227    3.3582
 5.222    3.4488
 5.217    3.5407
 5.212    3.5632
 5.206    3.4884
 5.201    3.4314
 5.196    3.1987
 5.191    3.0536
 5.186    3.1002
 5.180    3.1004
 5.175    3.2725
 5.170    3.5530
 5.165    3.5497
 5.160    3.3301
 5.154    3.3823
 5.149    3.5463
 5.144    3.5450
 5.139    3.3680
 5.134    3.1136
 5.129    3.2587
 5.124    3.4344
 5.119    3.4035
 5.114    3.2533
 5.109    3.2749
 5.104    3.5680
 5.099    3.7426
 5.094    3.6730
 5.089    3.4619
 5.084    3.3195
 5.079    3.5215
 5.074    3.5455
 5.069    3.2967
 5.064    3.3161
 5.059    3.3569
 5.054    3.4588
 5.049    3.5081
 5.044    3.5237
 5.039    3.5650
 5.034    3.5856
 5.030    3.6290
 5.025    3.6510
 5.020    3.5718
 5.015    3.7058
 5.010    3.7629
 5.005    3.5727
 5.000    3.3684
 4.996    3.3697
 4.991    3.6086
 4.986    3.6932
 4.981    3.5646
 4.976    3.5162
 4.972    3.3800
 4.967    3.2338
 4.962    3.3753
 4.957    3.5688
 4.953    3.4667
 4.948    3.3592
 4.943    3.5789
 4.939    3.6519
 4.934    3.5262
 4.929    3.5407
 4.925    3.7863
 4.920    3.7927
 4.915    3.6118
 4.910    3.5261
 4.906    3.5041
 4.901    3.5163
 4.897    3.4893
 4.892    3.5637
 4.887    3.6710
 4.883    3.5894
 4.878    3.7142
 4.874    3.9181
 4.869    3.7213
 4.864    3.4930
 4.860    3.3742
 4.855    3.4463
 4.851    3.6829
 4.846    3.7402
 4.842    3.7268
 4.837    3.8335
 4.833    3.7171
 4.828    3.6405
 4.824    3.6677
 4.819    3.6127
 4.815    3.7478
 4.810    3.7406
 4.806    3.7994
 4.801    3.7931
 4.797    3.5753
 4.793    3.6149
 4.788    3.7222
 4.784    3.7532
 4.779    3.7446
 4.775    3.6130
 4.770    3.5454
 4.766    3.6292
 4.762    3.7147
 4.757    3.5945
 4.753    3.4658
 4.749    3.6613
 4.744    3.7457
 4.740    3.5842
 4.736    3.5473
 4.731    3.5736
 4.727    3.8599
 4.723    3.9885
 4.718    3.9090
 4.714    3.9077
 4.710    3.9972
 4.705    4.0408
 4.701    3.9424
 4.697    3.7038
 4.693    3.5518
 4.689    3.6832
 4.684    3.7982
 4.680    3.8019
 4.676    3.7546
 4.672    3.8329
 4.667    3.8278
 4.663    3.8215
 4.659    3.9475
 4.655    3.9412
 4.651    3.9641
 4.646    4.0479
 4.642    4.1711
 4.638    4.2685
 4.634    4.2139
 4.630    3.9712
 4.626    3.7999
 4.622    3.6779
 4.617    3.6582
 4.613    3.8842
 4.609    4.0055
 4.605    3.9175
 4.601    3.9884
 4.597    4.1282
 4.593    4.1765
 4.589    4.1637
 4.585    4.0756
 4.581    4.0184
 4.577    4.0070
 4.573    3.8349
 4.569    3.8619
 4.565    4.0325
 4.561    4.1250
 4.557    4.0607
 4.553    3.8548
 4.549    3.8923
 4.545    4.0703
 4.541    3.9915
 4.537    4.0686
 4.533    4.2615
 4.529    4.1611
 4.525    4.2138
 4.521    3.9390
 4.517    3.6704
 4.513    3.6680
 4.509    3.8513
 4.505    4.1128
 4.501    4.2788
 4.497    4.0952
 4.494    3.9318
 4.490    4.1281
 4.486    4.3583
 4.482    4.1630
 4.478    3.9324
 4.474    4.1074
 4.470    4.1930
 4.466    4.1830
 4.463    4.1000
 4.459    4.2637
 4.455    4.3791
 4.451    4.0897
 4.447    3.9544
 4.443    3.9730
 4.440    3.9844
 4.436    4.1722
 4.432    4.2967
 4.428    4.3308
 4.425    4.4492
 4.421    4.3899
 4.417    4.1204
 4.413    4.1690
 4.409    4.2976
 4.406    4.2406
 4.402    4.2517
 4.398    4.1414
 4.394    4.0612
 4.391    4.0471
 4.387    4.1799
 4.383    4.3868
 4.380    4.2148
 4.376    4.0405
 4.372    4.0053
 4.369    4.2801
 4.365    4.4611
 4.361    4.2431
 4.357    3.9963
 4.354    3.9757
 4.350    4.0887
 4.347    4.1416
 4.343    4.3353
 4.339    4.5285
 4.336    4.6598
 4.332    4.4690
 4.328    4.2383
 4.325    4.1537
 4.321    4.2550
 4.318    4.3265
 4.314    4.2324
 4.311    3.9378
 4.307    4.0598
 4.303    4.1657
 4.300    4.1014
 4.296    4.2845
 4.293    4.4325
 4.289    4.3862
 4.285    4.1611
 4.282    4.1402
 4.278    4.0972
 4.275    4.1575
 4.271    4.2477
 4.268    4.3293
 4.264    4.1817
 4.261    4.2697
 4.257    4.3416
 4.254    4.2459
 4.250    4.2050
 4.247    4.3694
 4.243    4.2957
 4.240    4.0645
 4.237    4.1603
 4.233    4.2879
 4.230    4.2609
 4.226    4.5146
 4.223    4.7557
 4.219    4.5180
 4.216    4.2055
 4.212    4.2624
 4.209    4.3064
 4.206    4.1330
 4.202    4.0074
 4.199    4.1584
 4.195    4.3050
 4.192    4.1657
 4.189    4.2261
 4.185    4.2907
 4.182    4.0666
 4.178    4.0376
 4.175    4.3693
 4.172    4.6241
 4.168    4.5743
 4.165    4.3355
 4.162    4.4562
 4.158    4.6948
 4.155    4.6469
 4.152    4.4346
 4.148    4.2919
 4.145    4.2815
 4.142    4.3432
 4.138    4.4304
 4.135    4.5441
 4.132    4.6935
 4.129    4.6559
 4.125    4.2844
 4.122    4.0173
 4.119    3.8303
 4.115    4.2088
 4.112    4.7878
 4.109    4.9386
 4.106    4.7816
 4.102    4.6642
 4.099    4.5198
 4.096    4.5320
 4.093    4.6476
 4.090    4.4562
 4.086    4.2623
 4.083    4.5273
 4.080    4.6990
 4.077    4.8019
 4.073    4.9063
 4.070    4.7695
 4.067    4.5026
 4.064    4.1347
 4.061    4.0677
 4.058    4.2206
 4.054    4.4188
 4.051    4.4865
 4.048    4.5334
 4.045    4.6011
 4.042    4.4028
 4.039    4.2575
 4.035    4.3308
 4.032    4.5657
 4.029    4.7533
 4.026    4.7290
 4.023    4.6072
 4.020    4.5297
 4.017    4.6639
 4.013    4.7244
 4.010    4.6477
 4.007    4.5852
 4.004    4.7547
 4.001    4.5351
 3.998    4.4271
 3.995    4.7419
 3.992    4.6449
 3.989    4.4541
 3.986    4.4024
 3.983    4.3073
 3.980    4.6340
 3.977    4.6006
 3.974    4.4785
 3.970    4.3786
 3.967    4.4059
 3.964    4.7226
 3.961    4.5803
 3.958    4.1727
 3.955    4.3173
 3.952    4.5350
 3.949    4.4534
 3.946    4.5979
 3.943    4.5630
 3.940    4.2841
 3.937    4.3749
 3.934    4.6740
 3.931    4.7065
 3.928    4.8094
 3.925    4.7183
 3.922    4.5789
 3.920    4.6296
 3.917    4.6121
 3.914    4.6940
 3.911    4.4307
 3.908    4.0668
 3.905    4.0927
 3.902    4.3746
 3.899    4.5760
 3.896    4.7108
 3.893    5.0107
 3.890    4.8078
 3.887    4.3285
 3.884    4.3335
 3.881    4.2515
 3.878    4.2142
 3.876    4.2978
 3.873    4.4773
 3.870    4.5160
 3.867    4.3696
 3.864    4.4565
 3.861    4.4421
 3.858    4.4802
 3.855    4.7157
 3.853    4.6994
 3.850    4.6416
 3.847    4.7205
 3.844    4.5010
 3.841    4.4572
 3.838    4.3923
 3.835    4.3913
 3.833    4.8351
 3.830    4.6427
 3.827    4.0892
 3.824    4.2119
 3.821    4.6686
 3.818    4.4940
 3.816    4.3590
 3.813    4.6324
 3.810    4.8699
 3.807    4.6700
 3.805    4.5284
 3.802    4.6626
 3.799    4.8157
 3.796    4.8530
 3.793    4.5418
 3.791    4.4491
 3.788    4.6378
 3.785    4.6597
 3.782    4.5125
 3.780    4.4511
 3.777    4.6208
 3.774    4.7588
 3.771    4.4711
 3.769    4.0590
 3.766    4.0812
 3.763    4.3456
 3.760    4.5672
 3.758    4.8104
 3.755    4.5856
 3.752    4.1420
 3.749    4.3755
 3.747    4.5199
 3.744    4.4727
 3.741    4.5017
 3.739    4.6674
 3.736    4.6897
 3.733    4.8835
 3.731    4.6350
 3.728    4.2232
 3.725    4.1841
 3.723    4.0787
 3.720    4.2416
 3.717    4.6713
 3.715    4.9175
 3.712    4.6386
 3.709    4.4432
 3.707    4.4195
 3.704    4.5163
 3.701    4.6746
 3.699    4.9835
 3.696    5.0072
 3.693    4.5573
 3.691    4.2907
 3.688    4.1951
 3.686    4.2825
 3.683    4.3622
 3.680    4.5775
 3.678    4.9361
 3.675    4.7546
 3.672    4.4108
 3.670    4.5675
 3.667    4.8838
 3.665    4.7095
 3.662    4.3075
 3.660    4.2062
 3.657    4.2283
 3.654    4.2188
 3.652    4.4286
 3.649    4.6855
 3.647    4.5056
 3.644    4.5070
 3.642    4.5074
 3.639    4.1396
 3.636    3.8270
 3.634    4.0284
 3.631    4.4956
 3.629    4.5696
 3.626    4.0845
 3.624    4.0707
 3.621    4.6615
 3.619    4.6039
 3.616    4.3583
 3.614    4.5741
 3.611    4.4391
 3.608    4.4585
 3.606    4.3771
 3.603    4.2761
 3.601    4.3556
 3.599    4.2642
 3.596    4.3340
 3.594    4.3404
 3.591    4.0521
 3.589    3.8176
 3.586    3.9672
 3.584    4.1211
 3.581    4.2431
 3.579    4.0611
 3.576    3.7851
 3.574    3.7533
 3.571    3.8914
 3.569    4.2472
 3.566    4.3318
 3.564    4.3297
 3.561    4.3102
 3.559    4.1384
 3.557    4.2251
 3.554    4.3580
 3.552    4.4310
 3.549    4.4674
 3.547    4.0850
 3.544    3.7285
 3.542    3.8783
 3.540    4.4157
 3.537    4.5298
 3.535    4.4365
 3.532    4.4348
 3.530    4.2532
 3.527    3.9935
 3.525    4.3520
 3.523    4.6842
 3.520    4.0664
 3.518    3.7741
 3.516    3.9732
 3.513    4.1783
 3.511    4.0898
 3.508    4.1956
 3.506    4.2244
 3.504    4.0312
 3.501    3.7541
 3.499    3.8027
 3.497    4.0112
 3.494    4.0005
 3.492    3.8031
 3.490    3.6037
 3.487    3.9216
 3.485    4.1296
 3.482    4.3473
 3.480    4.3444
 3.478    3.9538
 3.475    3.8951
 3.473    4.1348
 3.471    4.5017
 3.469    4.7778
 3.466    4.5418
 3.464    4.2010
 3.462    4.1277
 3.459    3.7517
 3.457    3.5791
 3.455    4.1194
 3.452    4.1797
 3.450    4.2505
 3.448    4.0137
 3.446    3.8653
 3.443    3.8514
 3.441    3.7184
 3.439    3.5318
 3.436    3.6945
 3.434    3.9047
 3.432    4.4461
 3.430    4.8918
 3.427    4.8612
 3.425    4.0978
 3.423    3.8867
 3.421    4.1544
 3.418    3.7736
 3.416    3.7166
 3.414    4.2167
 3.412    4.0052
 3.409    4.0050
 3.407    4.3400
 3.405    4.4264
 3.402    3.5892
 3.400    2.9182
 3.398    3.1857
 3.396    3.8944
 3.394    3.9003
 3.391    3.6143
 3.389    3.8329
 3.387    4.1205
 3.385    4.0636
 3.383    3.6083
 3.380    3.7153
 3.378    4.0829
 3.376    4.2556
 3.374    4.0837
 3.372    3.9204
 3.369    4.1608
 3.367    4.0130
 3.365    4.2135
 3.363    3.9681
 3.361    3.5666
 3.358    3.8091
 3.356    3.7702
 3.354    3.7314
 3.352    4.0755
 3.350    4.5267
 3.348    4.5059
 3.345    4.3937
 3.343    3.8719
 3.341    3.3782
 3.339    3.7294
 3.337    4.0083
 3.335    4.1984
 3.333    4.3279
 3.330    4.3697
 3.328    4.0915
 3.326    3.9705
 3.324    4.0138
 3.322    3.6670
 3.320    3.8076
 3.318    3.9061
 3.316    4.1200
 3.313    3.8332
 3.311    3.7700
 3.309    3.9291
 3.307    3.7643
 3.305    3.6205
 3.303    3.6149
 3.301    3.9716
 3.299    4.2885
 3.297    4.1106
 3.294    4.0978
 3.292    4.0203
 3.290    3.7729
 3.288    3.6736
 3.286    3.7307
 3.284    3.8201
 3.282    3.5412
 3.280    3.3951
 3.278    3.5346
 3.276    3.8649
 3.274    3.9443
 3.272    3.4552
 3.269    3.1164
 3.268    3.6526
 3.265    4.1895
 3.263    4.0805
 3.261    3.8267
 3.259    3.8189
 3.257    3.9606
 3.255    3.8690
 3.253    3.4663
 3.251    3.0887
 3.249    3.2768
 3.247    3.9298
 3.245    3.8278
 3.243    3.9455
 3.241    4.3419
 3.239    4.1662
 3.237    3.9889
 3.235    3.8959
 3.233    3.6214
 3.231    3.4701
 3.229    3.2448
 3.227    3.0278
 3.225    3.1277
 3.223    3.8201
 3.221    4.0119
 3.219    3.3512
 3.217    3.4044
 3.215    4.0571
 3.213    4.3191
 3.211    4.3736
 3.209    3.9567
 3.207    3.3198
 3.205    3.5052
 3.203    3.6209
 3.201    3.5121
 3.199    3.9238
 3.197    3.9035
 3.195    4.0554
 3.193    3.8870
 3.191    3.8750
 3.189    3.8594
 3.187    3.4201
 3.185    3.5787
 3.183    3.2014
 3.181    3.3156
 3.179    3.9328
 3.177    4.1453
 3.175    3.9743
 3.174    3.7888
 3.172    3.6193
 3.170    3.0601
 3.168    3.3969
 3.166    3.9005
 3.164    3.7419
 3.162    3.2691
 3.160    3.2400
 3.158    3.5191
 3.156    3.9063
 3.154    3.8525
 3.152    3.9988
 3.150    3.6569
 3.148    3.2842
 3.147    3.3489
 3.145    3.7987
 3.143    3.9779
 3.141    3.8352
 3.139    3.5408
 3.137    3.1164
 3.135    2.8063
 3.133    2.1668
 3.131    2.5616
 3.129    2.9844
 3.127    3.1044
 3.126    3.2681
 3.124    2.8700
 3.122    3.1368
 3.120    3.7100
 3.118    3.1152
 3.116    2.5652
 3.114    2.5477
 3.112    2.7835
 3.111    3.2899
 3.109    3.3136
 3.107    3.3187
 3.105    3.9696
 3.103    3.8278
 3.101    3.4253
 3.099    2.5362
 3.098    2.5339
 3.096    3.5831
 3.094    4.0284
 3.092    3.6256
 3.090    2.8098
 3.088    2.5206
 3.087    2.6917
 3.085    2.9042
 3.083    3.2759
 3.081    3.0694
 3.079    3.3419
 3.077    3.2567
 3.076    2.8191
 3.074    3.2879
 3.072    4.0954
 3.070    3.7092
 3.068    2.9086
 3.067    2.7506
 3.065    3.0361
 3.063    2.8395
 3.061    2.7342
 3.059    3.3148
 3.058    3.8474
 3.056    3.7031
 3.054    3.7426
 3.052    3.8840
 3.050    3.1475
 3.049    2.9387
 3.047    3.4612
 3.045    3.4978
 3.043    3.3613
 3.041    3.3341
 3.040    3.1155
 3.038    2.6663
 3.036    2.3929
 3.034    2.8856
 3.032    3.2163
 3.031    2.9105
 3.029    2.4772
 3.027    2.3646
 3.025    2.9895
 3.024    3.2199
 3.022    3.0460
 3.020    3.6164
 3.018    3.5953
 3.017    3.7759
 3.015    3.7403
 3.013    3.2951
 3.011    3.3503
 3.010    3.1283
 3.008    2.7353
 3.006    2.8552
 3.004    3.5928
 3.003    3.5260
 3.001    3.0086
 2.999    2.6799
 2.997    2.3745
 2.996    2.6515
 2.994    3.2863
 2.992    3.2984
 2.990    2.7508
 2.989    2.7039
 2.987    2.6984
 2.985    2.6030
 2.984    3.8280
 2.982    4.0506
 2.980    3.2054
 2.978    3.4577
 2.977    3.0356
 2.975    2.8442
 2.973    3.1390
 2.972    3.3309
 2.970    3.5607
 2.968    3.3212
 2.966    3.0851
 2.965    2.9517
 2.963    2.5391
 2.961    2.6487
 2.960    2.6839
 2.958    2.8681
 2.956    3.1353
 2.955    3.1509
 2.953    2.9590
 2.951    3.0733
 2.950    2.7563
 2.948    3.0068
 2.946    3.6234
 2.945    3.8175
 2.943    4.4227
 2.941    4.4059
 2.940    3.2496
 2.938    3.1620
 2.936    4.1227
 2.935    3.3950
 2.933    2.6530
 2.931    3.4201
 2.930    3.6395
 2.928    2.9053
 2.926    2.0602
 2.925    3.1839
 2.923    3.5800
 2.921    2.6933
 2.920    2.4977
 2.918    2.4458
 2.917    2.6335
 2.915    2.8287
 2.913    2.7021
 2.912    2.5024
 2.910    2.9014
 2.908    3.0933
 2.907    3.7312
 2.905    3.9057
 2.903    2.8822
 2.902    2.6951
 2.900    3.8411
 2.898    3.7807
 2.897    3.5442
 2.895    3.6343
 2.894    3.0654
 2.892    2.6661
 2.890    3.2921
 2.889    3.0289
 2.887    2.6940
 2.886    3.3222
 2.884    3.3724
 2.882    2.6189
 2.881    2.5005
 2.879    2.9384
 2.878    3.3424
 2.876    3.0158
 2.874    2.8398
 2.873    2.7291
 2.871    2.8053
 2.870    2.4243
 2.868    2.5779
 2.866    2.9741
 2.865    3.6467
 2.863    4.5289
 2.862    4.6228
 2.860    4.0537
 2.859    2.7533
 2.857    1.7180
 2.855    1.9402
 2.854    2.8678
 2.852    3.2136
 2.851    2.8772
 2.849    2.8742
 2.848    3.2104
 2.846    3.4989
 2.845    4.0131
 2.843    4.0711
 2.841    3.7062
 2.840    3.3723
 2.838    3.6544
 2.837    3.0149
 2.835    2.4752
 2.834    2.8603
 2.832    3.2769
 2.830    3.1251
 2.829    3.1115
 2.827    3.1773
 2.826    2.7881
 2.824    2.1429
 2.823    2.5679
 2.821    3.4215
 2.820    3.4658
 2.818    3.6128
 2.817    3.9088
 2.815    3.7083
 2.814    2.9046
 2.812    2.9645
 2.811    4.1482
 2.809    3.8199
 2.808    3.1005
 2.806    2.9391
 2.805    3.0855
 2.803    2.6097
 2.801    2.7056
 2.800    3.3159
 2.798    3.1383
 2.797    2.2818
 2.795    1.7605
 2.794    1.7042
 2.792    2.1389
 2.791    2.8997
 2.789    3.4738
 2.788    3.0136
 2.786    3.0402
 2.785    3.7418
 2.783    4.2169
 2.782    3.9011
 2.780    3.4464
 2.779    3.3085
 2.777    3.2462
 2.776    2.8184
 2.775    3.3004
 2.773    3.7332
 2.772    3.6698
 2.770    3.7544
 2.769    3.1584
 2.767    2.8756
 2.766    3.3731
 2.764    3.4413
 2.763    2.9968
 2.761    2.2459
 2.760    2.6530
 2.758    3.9875
 2.757    3.9759
 2.755    3.5692
 2.754    3.3171
 2.752    2.8552
 2.751    2.4462
 2.749    2.8186
 2.748    2.5446
 2.747    2.7636
 2.745    3.6743
 2.744    3.1846
 2.742    3.0717
 2.741    3.8829
 2.739    3.5398
 2.738    2.4251
 2.736    2.3777
 2.735    2.4722
 2.733    2.4049
 2.732    3.0930
 2.731    3.4878
 2.729    3.4396
 2.728    3.9451
 2.726    3.4579
 2.725    3.1275
 2.724    3.3013
 2.722    3.1160
 2.721    3.5145
 2.719    3.9168
 2.718    3.8792
 2.716    4.2267
 2.715    4.1769
 2.713    4.0719
 2.712    4.3594
 2.711    4.8218
 2.709    4.2646
 2.708    4.2169
 2.706    4.6113
 2.705    3.8024
 2.704    3.5008
 2.702    4.3117
 2.701    5.2294
 2.699    5.5668
 2.698    5.3956
 2.696    5.3066
 2.695    5.4020
 2.694    4.8091
 2.692    4.5976
 2.691    5.2216
 2.690    5.3431
 2.688    4.7234
 2.687    4.5000
 2.685    4.9757
 2.684    5.1681
 2.683    5.0607
 2.681    5.3405
 2.680    5.0210
 2.678    5.0558
 2.677    5.3333
 2.676    5.0147
 2.674    4.6412
 2.673    4.6224
 2.672    4.9417
 2.670    4.8448
 2.669    4.7690
 2.667    4.8856
 2.666    4.3567
 2.665    5.2659
 2.663    5.8760
 2.662    5.5954
 2.661    5.3540
 2.659    5.2754
 2.658    4.8710
 2.656    4.4542
 2.655    4.1027
 2.654    4.3552
 2.652    4.7063
 2.651    5.0437
 2.650    5.0701
 2.648    4.5057
 2.647    4.5739
 2.646    5.6610
 2.644    5.4638
 2.643    5.2268
 2.642    4.9218
 2.640    4.3036
 2.639    5.0204
 2.638    5.3435
 2.636    5.2303
 2.635    5.7747
 2.634    5.3252
 2.632    4.6968
 2.631    4.5418
 2.630    4.2465
 2.628    4.2655
 2.627    4.9947
 2.626    5.7296
 2.624    5.6066
 2.623    5.2856
 2.622    4.3341
 2.620    3.7600
 2.619    3.8685
 2.618    4.9295
 2.616    5.6433
 2.615    5.8262
 2.614    5.3388
 2.612    4.9545
 2.611    4.2572
 2.610    4.4966
 2.608    5.3773
 2.607    5.0103
 2.606    4.2075
 2.604    4.3742
 2.603    4.4298
 2.602    4.1854
 2.600    4.9516
 2.599    5.3487
 2.598    4.8338
 2.597    4.7588
 2.595    4.4237
 2.594    4.2886
 2.593    4.1634
 2.591    4.0087
 2.590    4.8897
 2.589    5.6551
 2.588    5.4915
 2.586    5.4099
 2.585    5.5680
 2.584    5.5118
 2.582    5.3396
 2.581    5.5275
 2.580    5.9703
 2.579    5.8355
 2.577    5.0105
 2.576    4.2743
 2.575    5.2535
 2.573    6.3440
 2.572    5.2631
 2.571    4.2878
 2.570    4.3655
 2.568    4.8925
 2.567    5.8640
 2.566    5.9251
 2.564    5.3744
 2.563    5.0161
 2.562    4.7762
 2.561    4.7416
 2.559    4.7925
 2.558    4.6372
 2.557    4.2856
 2.556    4.6737
 2.554    5.1426
 2.553    5.5828
 2.552    5.1989
 2.551    5.0449
 2.549    5.2116
 2.548    4.5216
 2.547    4.4071
 2.546    4.6275
 2.544    4.5807
 2.543    4.5784
 2.542    5.5615
 2.541    6.3831
 2.539    5.1113
 2.538    4.6634
 2.537    5.8078
 2.536    5.6344
 2.534    5.0213
 2.533    4.5665
 2.532    4.6715
 2.531    3.7652
 2.530    3.7818
 2.528    5.1828
 2.527    5.3978
 2.526    4.4597
 2.525    5.2749
 2.523    5.9241
 2.522    5.3669
 2.521    5.3470
 2.520    6.3120
 2.518    6.4021
 2.517    5.3434
 2.516    4.8163
 2.515    5.8703
 2.514    5.7001
 2.512    4.3207
 2.511    4.7818
 2.510    5.2527
 2.509    4.7711
 2.507    4.8190
 2.506    5.5464
 2.505    5.3954
 2.504    4.9921
 2.503    4.4644
 2.501    3.2011
 2.500    3.3478
 2.499    4.0123
 2.498    4.5784
 2.497    4.3163
 2.495    4.2820
 2.494    5.0058
 2.493    5.4576
 2.492    5.7788
 2.491    5.2633
 2.489    4.4768
 2.488    4.7076
 2.487    5.8578
 2.486    5.7735
 2.485    5.1635
 2.483    5.5788
 2.482    5.0155
 2.481    4.3696
 2.480    4.8149
 2.479    5.5583
 2.478    5.3528
 2.476    5.6954
 2.475    6.4508
 2.474    5.7724
 2.473    5.0021
 2.472    4.5256
 2.470    4.9673
 2.469    5.2776
 2.468    5.3159
 2.467    4.2192
 2.466    4.3414
 2.465    5.3384
 2.463    5.4660
 2.462    5.8538
 2.461    6.3197
 2.460    5.1970
 2.459    4.5960
 2.458    4.7020
 2.456    5.0290
 2.455    5.6586
 2.454    4.6540
 2.453    4.0672
 2.452    3.8552
 2.451    4.4152
 2.449    5.7691
 2.448    5.3132
 2.447    4.6846
 2.446    4.4684
 2.445    4.1175
 2.444    4.0886
 2.442    4.4167
 2.441    6.0425
 2.440    6.3220
 2.439    5.6221
 2.438    5.3347
 2.437    4.7064
 2.436    4.6881
 2.434    5.1016
 2.433    5.0966
 2.432    4.4587
 2.431    4.4412
 2.430    4.8068
 2.429    3.9978
 2.428    4.7976
 2.426    6.0442
 2.425    4.5373
 2.424    3.7446
 2.423    4.4395
 2.422    4.6216
 2.421    4.5148
 2.420    5.1761
 2.419    5.6988
 2.418    5.3022
 2.416    5.1617
 2.415    4.8890
 2.414    4.7283
 2.413    5.0576
 2.412    6.1028
 2.411    5.7027
 2.410    5.0011
 2.409    4.7854
 2.407    4.5187
 2.406    5.1761
 2.405    5.7359
 2.404    4.9576
 2.403    4.7312
 2.402    5.4759
 2.401    5.2178
 2.400    4.8325
 2.398    5.1928
 2.397    5.7360
 2.396    5.1940
 2.395    4.1851
 2.394    4.4475
 2.393    3.8630
 2.392    3.0777
 2.391    4.7181
 2.390    6.0350
 2.389    5.8469
 2.387    4.9859
 2.386    4.8191
 2.385    5.5783
 2.384    5.8640
 2.383    5.6136
 2.382    6.0633
 2.381    6.2300
 2.380    5.3290
 2.379    4.3973
 2.378    4.1723
 2.377    4.6011
 2.375    4.0073
 2.374    4.1652
 2.373    4.7103
 2.372    5.2284
 2.371    5.3238
 2.370    5.8713
 2.369    5.4852
 2.368    4.2604
 2.367    4.0949
 2.366    4.6685
 2.365    5.2981
 2.364    5.9599
 2.362    6.0148
 2.361    4.8442
 2.360    3.6328
 2.359    4.3490
 2.358    5.2723
 2.357    4.9465
 2.356    4.6287
 2.355    3.7053
 2.354    3.6604
 2.353    5.0404
 2.352    5.6873
 2.351    5.6787
 2.349    5.3195
 2.349    4.5684
 2.347    4.8320
 2.346    5.1178
 2.345    5.6556
 2.344    5.5193
 2.343    4.4786
 2.342    4.0114
 2.341    4.3758
 2.340    4.8714
 2.339    5.0069
 2.338    6.5646
 2.337    7.1429
 2.336    6.3546
 2.335    5.5558
 2.334    5.0555
 2.333    3.8375
 2.332    3.0466
 2.331    4.2350
 2.329    5.1348
 2.329    4.9079
 2.327    4.7278
 2.326    6.1681
 2.325    6.6619
 2.324    5.9300
 2.323    5.8912
 2.322    6.5623
 2.321    6.6234
 2.320    6.4473
 2.319    5.1984
 2.318    3.5481
 2.317    3.2797
 2.316    3.7746
 2.315    3.9672
 2.314    3.8116
 2.313    2.8229
 2.312    2.9209
 2.311    5.5316
 2.310    6.2376
 2.309    5.7442
 2.308    5.8141
 2.307    5.2034
 2.306    4.0561
 2.305    3.6489
 2.304    4.8305
 2.303    4.7667
 2.302    3.5651
 2.301    4.1097
 2.300    4.2195
 2.299    3.2901
 2.297    3.7385
 2.297    5.0483
 2.296    4.7763
 2.294    4.0360
 2.293    3.9177
 2.292    4.3908
 2.291    5.1266
 2.290    5.5154
 2.289    5.0615
 2.288    5.3223
 2.287    5.1819
 2.286    5.2240
 2.285    5.3481
 2.284    5.5331
 2.283    6.1618
 2.282    5.5022
 2.281    4.5248
 2.280    4.1943
 2.279    4.3789
 2.278    4.7981
 2.277    4.9765
 2.276    5.0640
 2.275    4.5737
 2.274    4.1517
 2.273    4.4065
 2.272    6.7603
 2.271    6.5440
 2.270    4.6649
 2.269    5.4306
 2.268    5.2478
 2.267    4.6066
 2.266    5.3191
 2.265    4.7642
 2.264    4.8953
 2.263    4.9148
 2.262    3.4393
 2.261    4.0958
 2.261    5.0106
 2.260    3.1590
 2.259    3.9215
 2.257    5.4337
 2.257    5.6250
 2.256    5.6019
 2.255    5.5861
 2.254    6.7080
 2.253    7.5458
 2.252    5.6760
 2.251    4.1701
 2.250    4.3672
 2.249    5.0630
 2.248    4.6531
 2.247    4.0991
 2.246    4.5601
 2.245    4.4946
 2.244    3.9448
 2.243    3.3847
 2.242    3.7080
 2.241    5.2188
 2.240    4.9422
 2.239    6.1192
 2.238    7.6561
 2.237    7.0346
 2.236    6.4106
 2.235    5.0167
 2.234    5.1551
 2.233    6.0477
 2.232    6.5073
 2.231    5.3786
 2.230    3.2495
 2.229    2.1210
 2.228    5.6478
 2.227    7.0410
 2.227    5.2791
 2.225    4.9803
 2.225    4.7698
 2.224    5.6086
 2.223    6.2113
 2.222    5.4279
 2.221    5.3144
 2.220    6.5028
 2.219    7.2474
 2.218    4.2260
 2.217    1.4997
 2.216    2.0116
 2.215    3.7900
 2.214    5.2701
 2.213    6.3087
 2.212    6.4601
 2.211    5.0939
 2.210    4.2872
 2.209    5.3670
 2.208    6.2100
 2.208    6.9241
 2.207    7.5412
 2.206    7.0536
 2.205    6.6292
 2.204    4.9253
 2.203    4.1282
 2.202    5.1414
 2.201    6.0259
 2.200    6.5368
 2.199    5.5652
 2.198    5.5680
 2.197    6.6732
 2.196    5.9445
 2.195    5.4350
 2.194    5.9798
 2.193    5.0336
 2.193    4.9631
 2.192    5.5287
 2.191    5.8758
 2.190    5.1112
 2.189    4.8579
 2.188    4.7203
 2.187    3.5999
 2.186    3.7359
 2.185    5.4467
 2.184    5.2178
 2.183    5.2741
 2.182    6.3699
 2.182    5.9409
 2.181    5.9073
 2.180    7.1697
 2.179    7.1957
 2.178    5.2903
 2.177    3.0821
 2.176    3.4818
 2.175    5.7480
 2.174    6.1421
 2.173    4.7824
 2.172    4.4383
 2.172    4.3573
 2.171    1.3477
 2.170    1.6181
 2.169    4.8025
 2.168    4.5858
 2.167    3.9997
 2.166    4.6645
 2.165    7.0405
 2.164    6.7116
 2.163    5.0177
 2.162    5.1267
 2.162    5.5336
 2.161    5.7208
 2.160    4.5516
 2.159    5.6950
 2.158    5.8345
 2.157    3.4630
 2.156    2.0684
 2.155    2.4945
 2.154    2.8112
 2.153    4.0195
 2.152    5.6709
 2.152    6.1217
 2.151    6.9712
 2.150    5.4622
 2.149    1.9331
 2.148    2.6699
 2.147    6.3696
 2.146    7.3420
 2.145    7.3026
 2.144    6.1752
 2.144    3.8959
 2.143    5.1093
 2.142    6.3261
 2.141    4.5068
 2.140    2.5052
 2.139    4.3365
 2.138    5.1581
 2.138    5.0068
 2.137    3.4569
 2.136    4.1079
 2.135    5.7614
 2.134    8.2296
 2.133    7.8342
 2.132    4.8429
 2.131    5.0932
 2.130    3.9674
 2.130    3.2720
 2.129    4.7383
 2.128    5.3914
 2.127    5.4510
 2.126    4.2092
 2.125    5.1890
 2.124    4.7379
 2.123    3.1927
 2.123    3.5590
 2.122    4.3374
 2.121    5.5881
 2.120    5.5707
 2.119    5.6195
 2.118    5.5697
 2.117    4.7305
 2.116    5.4882
 2.116    4.1373
 2.115    4.4539
 2.114    6.5233
 2.113    7.6254
 2.112    6.2551
 2.111    5.2306
 2.111    6.0648
 2.110    6.1973
 2.109    4.8867
 2.108    5.1402
 2.107    5.9980
 2.106    7.3069
 2.105    4.7980
 2.104    1.1694
 2.104    2.8094
 2.103    6.0775
 2.102    6.8890
 2.101    6.3086
 2.100    4.6130
 2.099    2.8864
 2.099    3.7231
 2.098    4.1927
 2.097    3.9522
 2.096    3.3643
 2.095    4.3137
 2.094    4.6484
 2.093    2.1668
 2.093    1.8135
 2.092    4.5608
 2.091    6.8556
 2.090    6.4111
 2.089    5.6693
 2.088    3.6101
 2.087    4.5139
 2.087    4.6366
 2.086    5.3120
 2.085    6.2293
 2.084    4.3410
 2.083    3.4319
 2.083    5.3460
 2.082    3.7312
 2.081    1.5745
 2.080    3.2847
 2.079    5.0162
 2.078    6.4498
 2.078    4.2027
 2.077    5.1654
 2.076    5.2269
 2.075    3.4920
 2.074    3.9386
 2.073    4.3392
 2.072    6.7264
 2.072    7.6986
 2.071    4.2802
 2.070    3.3788
 2.069    5.3026
 2.068    6.0010
 2.068    5.5120
 2.067    6.0819
 2.066    3.4022
 2.065    1.2291
 2.064    0.3753
 2.063    1.5184
 2.063    4.4209
 2.062    5.3028
 2.061    4.2428
 2.060    4.4662
 2.059    6.0418
 2.059    6.4584
 2.058    5.1962
 2.057    3.0824
 2.056    2.6776
 2.055    4.9790
 2.055    5.7509
 2.054    4.3114
 2.053    6.3301
 2.052    6.3541
 2.051    5.1341
 2.050    4.1821
 2.050    3.1603
 2.049    4.1005
 2.048    4.4168
 2.047    2.2104
 2.046    1.7751
 2.046    4.2622
 2.045    6.3384
 2.044    5.7385
 2.043    3.9169
 2.042    3.4082
 2.042    3.9872
 2.041    3.8523
 2.040    1.6548
 2.039    0.0000
 2.038    3.5371
 2.038    6.7500
 2.037    8.3531
 2.036    7.2296
 2.035    3.5934
 2.034    1.1068
 2.034    5.7616
 2.033    8.0545
 2.032    5.1155
 2.031    2.2489
 2.030    3.0383
 2.030    5.7111
 2.029    6.0241
 2.028    6.6134
 2.027    7.2555
 2.026    7.1986
 2.026    5.5807
 2.025    5.7423
 2.024    5.4946
 2.023    5.3460
 2.022    5.7435
 2.022    6.7083
 2.021    7.7729
 2.020    6.6285
 2.019    4.5729
 2.019    4.6083
 2.018    6.0078
 2.017    6.8162
 2.016    1.9575
 2.015    0.0000
 2.015    2.6505
 2.014    7.8884
 2.013    8.9754
 2.012    8.6582
 2.011    7.0493
 2.011    5.1609
 2.010    3.4996
 2.009    4.1945
 2.008    3.2496
 2.007    3.9417
 2.007    6.1500
 2.006    7.6381
 2.005    5.7525
 2.004    4.2912
 2.004    4.1552
 2.003    2.4301
 2.002    3.8844
 2.001    3.9876
 2.001    1.3684
 2.000    2.0100
