Name: Red-orange sandy soil.
Type:  Soils
Class: Aridisol
Subclass: 
Particle Size:  see additional information
Sample No.: fgg009
Owner:  University of NSW
Wavelength range:  All
Origin: Fowlers Gap, western New South Wales, Australia
Hewson(1998) PhD thesis
Description: Parent material consists of aeolian silts/clays and sandstone debris.

Physiography: Alluvium along creek on footslopes of sandstone (Nundooka Sandstone) outcropping hills



Measurement: Directional hemispherical reflectance 
First Column:  X
Second Column:  Y
X Units:  Wavelength (micrometers)
Y Units:  Reflectance (percent)
First X Value:  14.0131
Last X Value:  2.00032
Number of X Values:  2223
Additional information:  fgg009a.txt
14.013    1.9533
13.975    2.2350
13.938    2.3407
13.900    2.3369
13.863    2.5003
13.826    2.5204
13.790    2.4595
13.753    2.5128
13.717    2.4612
13.680    2.3645
13.644    2.3081
13.608    2.4859
13.573    2.5794
13.537    2.5686
13.502    2.5164
13.467    2.5179
13.432    2.5656
13.398    2.4283
13.363    2.3009
13.329    2.4382
13.294    2.4472
13.260    2.3643
13.227    2.4641
13.193    2.5358
13.160    2.4446
13.126    2.4419
13.093    2.5682
13.060    2.6134
13.027    2.6434
12.995    2.7652
12.962    2.6948
12.930    2.6646
12.898    2.8134
12.866    3.0083
12.834    3.0632
12.802    2.9116
12.771    2.7590
12.739    2.5844
12.708    2.3674
12.677    2.3574
12.646    2.3832
12.615    2.4599
12.585    2.5146
12.554    2.5636
12.524    2.6294
12.494    2.5224
12.464    2.2891
12.434    2.0839
12.404    1.9228
12.374    1.8341
12.345    1.5996
12.316    1.5940
12.286    1.6955
12.257    1.6821
12.228    1.7901
12.200    1.9278
12.171    1.8286
12.143    1.8922
12.114    2.1558
12.086    2.2824
12.058    2.3744
12.030    2.5112
12.002    2.4853
11.974    2.6992
11.947    2.8934
11.919    3.0487
11.892    3.2190
11.865    3.1705
11.838    3.0496
11.811    3.0040
11.784    3.1325
11.757    3.3336
11.730    3.4529
11.704    3.5196
11.678    3.5614
11.651    3.4475
11.625    3.4125
11.599    3.4256
11.573    3.3290
11.547    3.4052
11.522    3.3228
11.496    3.3034
11.471    3.3264
11.445    3.2651
11.420    3.2762
11.395    3.2861
11.370    3.4599
11.345    3.5428
11.321    3.3747
11.296    3.3684
11.271    3.4336
11.247    3.4932
11.223    3.5693
11.198    3.5464
11.174    3.4505
11.150    3.5025
11.126    3.4501
11.102    3.4500
11.079    3.4640
11.055    3.3820
11.032    3.3895
11.008    3.3934
10.985    3.3165
10.962    3.1606
10.938    3.1123
10.915    3.1426
10.893    3.1185
10.870    3.0612
10.847    2.9676
10.824    2.9253
10.802    3.0282
10.779    3.1174
10.757    3.1273
10.735    3.0355
10.713    3.0394
10.690    3.0501
10.668    3.1787
10.647    3.3064
10.625    3.2960
10.603    3.2488
10.581    3.2022
10.560    3.2208
10.538    3.3043
10.517    3.2311
10.496    3.2038
10.474    3.3403
10.453    3.3616
10.432    3.4063
10.411    3.4730
10.390    3.5619
10.370    3.6122
10.349    3.5645
10.328    3.6022
10.308    3.7978
10.287    3.8474
10.267    3.8149
10.247    3.9316
10.227    4.0358
10.206    4.0734
10.186    4.1506
10.166    4.2715
10.146    4.4037
10.127    4.5731
10.107    4.5468
10.087    4.6075
10.068    4.8078
10.048    4.9277
10.029    5.1058
10.009    5.2709
 9.990    5.2577
 9.971    5.3695
 9.952    5.5361
 9.933    5.5761
 9.914    5.6351
 9.895    5.6032
 9.876    5.6735
 9.857    5.7284
 9.838    5.7228
 9.820    5.8329
 9.801    5.9185
 9.783    5.9280
 9.764    6.0574
 9.746    6.1902
 9.728    6.4856
 9.709    6.7587
 9.691    6.9250
 9.673    7.1500
 9.655    7.3092
 9.637    7.2632
 9.619    7.2531
 9.602    7.3632
 9.584    7.5850
 9.566    7.8597
 9.549    8.0162
 9.531    7.9605
 9.514    7.9874
 9.496    8.2930
 9.479    8.6227
 9.461    8.6634
 9.444    8.7143
 9.427    9.0356
 9.410    9.2627
 9.393    9.5406
 9.376    9.7874
 9.359    9.9498
 9.342   10.0767
 9.325   10.2256
 9.309   10.3290
 9.292   10.3906
 9.275   10.3665
 9.259   10.1997
 9.242    9.9883
 9.226    9.9821
 9.209    9.9691
 9.193    9.7606
 9.177    9.4736
 9.161    9.3564
 9.144    9.2917
 9.128    9.1748
 9.112    9.1116
 9.096    8.9732
 9.080    8.6961
 9.064    8.5140
 9.049    8.4224
 9.033    8.2323
 9.017    8.0657
 9.002    7.9745
 8.986    7.9961
 8.970    8.0741
 8.955    8.2598
 8.939    8.5058
 8.924    8.7439
 8.909    8.9394
 8.893    9.0159
 8.878    9.0501
 8.863    9.1092
 8.848    9.1971
 8.833    9.3218
 8.818    9.2645
 8.803    9.1671
 8.788    9.3127
 8.773    9.4030
 8.758    9.1942
 8.743    9.0997
 8.729    9.0992
 8.714    9.0620
 8.699    8.9615
 8.685    8.6315
 8.670    8.3399
 8.656    7.9558
 8.641    7.4802
 8.627    7.3590
 8.613    7.6078
 8.598    8.0599
 8.584    8.6981
 8.570    9.2610
 8.556    9.3718
 8.542    9.4120
 8.528    9.7055
 8.514    9.8656
 8.500    9.8653
 8.486    9.9305
 8.472   10.0806
 8.458   10.2411
 8.444   10.4867
 8.431   10.6397
 8.417   10.8175
 8.403   11.0399
 8.390   11.1659
 8.376   11.3749
 8.363   11.5915
 8.349   11.7707
 8.336   11.8061
 8.322   12.0618
 8.309   12.4617
 8.296   12.7100
 8.283   12.9140
 8.269   13.2082
 8.256   13.4519
 8.243   13.6889
 8.230   13.7704
 8.217   13.7317
 8.204   13.8005
 8.191   13.7466
 8.178   13.5590
 8.165   13.3317
 8.152   12.8819
 8.140   12.3275
 8.127   11.7882
 8.114   11.1081
 8.101   10.3819
 8.089    9.7197
 8.076    9.1042
 8.063    8.6414
 8.051    8.1879
 8.039    7.6837
 8.026    7.2420
 8.014    6.9823
 8.001    6.7318
 7.989    6.3772
 7.977    6.0558
 7.964    5.7504
 7.952    5.3698
 7.940    4.9889
 7.928    4.6886
 7.916    4.3826
 7.904    4.1409
 7.892    3.9425
 7.880    3.7713
 7.868    3.5556
 7.856    3.3160
 7.844    3.1808
 7.832    3.0928
 7.820    3.0107
 7.809    3.0412
 7.797    3.0361
 7.785    2.9537
 7.773    2.9332
 7.762    2.8640
 7.750    2.8011
 7.739    2.8025
 7.727    2.7613
 7.715    2.6832
 7.704    2.6188
 7.693    2.5884
 7.681    2.5286
 7.670    2.5125
 7.659    2.5050
 7.647    2.5164
 7.636    2.4481
 7.625    2.3541
 7.614    2.3527
 7.602    2.3724
 7.591    2.2810
 7.580    2.1759
 7.569    2.2542
 7.558    2.3884
 7.547    2.4059
 7.536    2.3459
 7.525    2.3250
 7.514    2.3907
 7.503    2.3725
 7.492    2.3829
 7.482    2.3815
 7.471    2.2942
 7.460    2.2473
 7.449    2.2925
 7.439    2.3703
 7.428    2.3657
 7.418    2.3699
 7.407    2.3588
 7.396    2.3665
 7.386    2.3855
 7.375    2.3912
 7.365    2.4433
 7.354    2.4622
 7.344    2.3864
 7.334    2.3197
 7.323    2.3613
 7.313    2.4840
 7.303    2.4813
 7.292    2.4372
 7.282    2.4693
 7.272    2.6528
 7.262    2.8056
 7.252    2.9347
 7.241    2.8682
 7.231    2.8268
 7.221    2.9164
 7.211    2.9162
 7.201    2.8896
 7.191    2.8977
 7.181    2.9569
 7.171    2.9898
 7.161    3.0224
 7.152    3.0871
 7.142    3.1055
 7.132    3.1403
 7.122    3.1483
 7.112    3.1730
 7.103    3.3514
 7.093    3.4389
 7.083    3.3718
 7.073    3.2513
 7.064    3.2638
 7.054    3.3613
 7.045    3.3641
 7.035    3.3525
 7.026    3.4156
 7.016    3.4044
 7.007    3.3855
 6.997    3.3917
 6.988    3.4478
 6.978    3.5440
 6.969    3.5937
 6.960    3.6305
 6.950    3.6995
 6.941    3.8152
 6.932    3.9138
 6.922    3.9734
 6.913    3.9733
 6.904    3.9507
 6.895    3.9845
 6.886    3.9921
 6.876    3.9899
 6.867    4.0115
 6.858    3.9912
 6.849    3.9945
 6.840    4.0506
 6.831    4.0776
 6.822    4.0762
 6.813    4.0783
 6.804    4.1015
 6.795    4.1265
 6.786    4.0707
 6.778    4.0241
 6.769    4.0329
 6.760    3.9607
 6.751    3.9368
 6.742    4.0227
 6.734    3.9815
 6.725    3.8946
 6.716    3.9048
 6.707    4.0020
 6.699    3.9318
 6.690    3.9623
 6.681    4.0877
 6.673    4.1182
 6.664    4.1808
 6.656    4.2630
 6.647    4.2210
 6.639    4.2301
 6.630    4.2064
 6.622    4.1435
 6.613    4.1509
 6.605    4.1001
 6.596    4.1137
 6.588    4.0924
 6.580    4.0384
 6.571    3.9798
 6.563    3.8526
 6.555    3.8468
 6.547    3.9904
 6.538    4.0677
 6.530    4.1230
 6.522    4.3004
 6.514    4.4695
 6.505    4.6075
 6.497    4.7418
 6.489    5.0194
 6.481    5.2487
 6.473    5.3224
 6.465    5.3432
 6.457    5.4026
 6.449    5.5085
 6.441    5.6141
 6.433    5.6884
 6.425    5.7155
 6.417    5.8023
 6.409    5.7599
 6.401    5.6352
 6.393    5.5244
 6.385    5.3895
 6.377    5.2692
 6.370    5.1605
 6.362    5.0370
 6.354    4.9098
 6.346    4.8582
 6.338    4.8230
 6.331    4.7138
 6.323    4.5344
 6.315    4.2726
 6.308    4.1533
 6.300    4.0592
 6.292    3.9227
 6.285    3.8325
 6.277    3.6128
 6.269    3.4663
 6.262    3.4350
 6.254    3.3163
 6.247    3.1913
 6.239    3.1603
 6.232    3.1073
 6.224    3.0315
 6.217    2.9923
 6.209    2.9421
 6.202    2.8517
 6.194    2.7533
 6.187    2.7932
 6.180    2.7729
 6.172    2.7218
 6.165    2.8112
 6.158    2.8667
 6.151    2.7917
 6.143    2.7645
 6.136    2.7973
 6.129    2.8061
 6.121    2.9315
 6.114    3.0267
 6.107    3.0134
 6.100    2.9868
 6.093    3.0113
 6.085    3.0579
 6.078    3.1406
 6.071    3.2532
 6.064    3.2199
 6.057    3.1509
 6.050    3.2193
 6.043    3.2561
 6.036    3.3438
 6.029    3.3415
 6.022    3.3624
 6.015    3.4652
 6.008    3.4577
 6.001    3.4441
 5.994    3.4716
 5.987    3.5184
 5.980    3.5206
 5.973    3.5726
 5.966    3.5603
 5.960    3.4931
 5.953    3.4706
 5.946    3.5297
 5.939    3.6427
 5.932    3.7432
 5.926    3.8293
 5.919    3.9166
 5.912    4.1147
 5.905    4.3178
 5.899    4.4954
 5.892    4.7454
 5.885    4.9539
 5.878    5.1506
 5.872    5.3427
 5.865    5.5608
 5.859    5.7746
 5.852    5.9332
 5.845    6.1187
 5.839    6.3877
 5.832    6.6442
 5.826    6.9084
 5.819    7.0843
 5.813    7.1962
 5.806    7.3551
 5.800    7.5634
 5.793    7.7217
 5.787    7.8773
 5.780    8.0738
 5.774    8.3429
 5.767    8.5867
 5.761    8.7076
 5.755    8.7803
 5.748    8.9047
 5.742    9.0822
 5.735    9.1956
 5.729    9.2951
 5.723    9.4405
 5.716    9.5639
 5.710    9.5966
 5.704    9.6639
 5.698    9.6579
 5.691    9.5117
 5.685    9.3903
 5.679    9.2760
 5.673    9.0095
 5.667    8.6892
 5.660    8.4452
 5.654    8.1503
 5.648    7.7885
 5.642    7.4089
 5.636    7.0890
 5.630    6.8923
 5.623    6.7595
 5.617    6.6255
 5.611    6.5305
 5.605    6.4372
 5.599    6.3585
 5.593    6.2465
 5.587    6.2301
 5.581    6.3019
 5.575    6.2891
 5.569    6.2631
 5.563    6.2956
 5.557    6.4495
 5.551    6.5932
 5.545    6.6778
 5.539    6.7687
 5.533    6.8652
 5.527    6.9886
 5.522    7.1777
 5.516    7.3330
 5.510    7.4980
 5.504    7.6592
 5.498    7.8023
 5.492    7.9896
 5.487    8.1573
 5.481    8.3177
 5.475    8.4584
 5.469    8.6208
 5.463    8.7477
 5.458    8.7738
 5.452    8.8636
 5.446    8.9253
 5.441    8.8052
 5.435    8.5522
 5.429    8.3491
 5.423    8.1473
 5.418    7.8748
 5.412    7.5270
 5.407    7.2009
 5.401    6.9167
 5.395    6.5600
 5.390    6.1980
 5.384    5.8585
 5.378    5.5609
 5.373    5.3121
 5.367    5.1802
 5.362    5.1503
 5.356    5.0987
 5.351    5.0457
 5.345    5.0330
 5.340    5.1286
 5.334    5.2291
 5.329    5.1993
 5.323    5.1901
 5.318    5.2377
 5.312    5.2623
 5.307    5.3380
 5.301    5.4015
 5.296    5.4672
 5.291    5.5742
 5.285    5.6790
 5.280    5.8793
 5.274    6.0868
 5.269    6.2831
 5.264    6.4743
 5.258    6.7125
 5.253    6.9383
 5.248    7.1525
 5.242    7.4653
 5.237    7.8301
 5.232    8.2539
 5.227    8.6442
 5.221    8.9560
 5.216    9.3090
 5.211    9.5866
 5.206    9.8382
 5.200    9.9902
 5.195   10.0029
 5.190   10.0106
 5.185    9.9969
 5.180   10.0313
 5.175   10.0471
 5.169   10.0159
 5.164   10.0060
 5.159    9.9385
 5.154    9.8674
 5.149    9.8692
 5.144    9.9050
 5.139    9.8964
 5.133    9.8286
 5.128    9.8505
 5.123    9.9291
 5.118    9.9185
 5.113    9.9092
 5.108    9.9065
 5.103    9.8260
 5.098    9.7672
 5.093    9.6591
 5.088    9.5418
 5.083    9.4364
 5.078    9.3401
 5.073    9.2089
 5.068    9.1342
 5.063    9.1012
 5.058    9.1078
 5.053    9.1251
 5.048    9.0376
 5.044    9.0389
 5.039    9.0575
 5.034    9.0759
 5.029    9.0996
 5.024    9.1111
 5.019    9.1378
 5.014    9.2312
 5.010    9.2493
 5.005    9.2366
 5.000    9.3186
 4.995    9.4331
 4.990    9.5173
 4.985    9.6203
 4.981    9.8098
 4.976   10.1880
 4.971   10.6060
 4.966   10.9218
 4.962   11.2711
 4.957   11.7762
 4.952   12.1640
 4.947   12.3876
 4.943   12.5460
 4.938   12.7226
 4.933   12.8333
 4.929   13.0595
 4.924   13.4149
 4.919   13.8219
 4.915   14.3463
 4.910   14.9585
 4.905   15.7032
 4.901   16.5178
 4.896   17.3485
 4.891   18.1112
 4.887   18.8663
 4.882   19.6063
 4.878   20.2529
 4.873   20.8550
 4.868   21.3901
 4.864   21.9261
 4.859   22.3773
 4.855   22.7039
 4.850   23.0067
 4.846   23.3114
 4.841   23.6312
 4.837   23.9005
 4.832   24.1305
 4.828   24.4301
 4.823   24.6598
 4.819   24.7823
 4.814   24.9430
 4.810   25.1674
 4.805   25.3165
 4.801   25.4324
 4.796   25.6086
 4.792   25.7738
 4.787   25.9303
 4.783   26.0902
 4.779   26.2452
 4.774   26.4148
 4.770   26.5252
 4.766   26.6707
 4.761   26.7931
 4.757   26.9283
 4.752   27.0469
 4.748   27.1921
 4.744   27.2779
 4.739   27.2845
 4.735   27.3322
 4.731   27.3590
 4.726   27.4090
 4.722   27.4693
 4.718   27.4902
 4.713   27.3895
 4.709   27.3225
 4.705   27.1467
 4.701   26.9441
 4.696   26.7380
 4.692   26.4115
 4.688   26.2098
 4.684   26.1999
 4.680   26.2721
 4.675   26.4213
 4.671   26.6667
 4.667   26.9557
 4.663   27.2831
 4.658   27.5634
 4.654   27.8369
 4.650   28.0737
 4.646   28.3527
 4.642   28.6116
 4.638   28.8694
 4.633   29.1324
 4.629   29.2905
 4.625   29.4321
 4.621   29.6424
 4.617   29.7690
 4.613   29.9533
 4.609   30.0950
 4.605   30.2333
 4.601   30.2932
 4.596   30.3513
 4.592   30.4478
 4.588   30.5517
 4.584   30.6490
 4.580   30.6430
 4.576   30.6734
 4.572   30.6953
 4.568   30.7249
 4.564   30.7358
 4.560   30.7392
 4.556   30.7018
 4.552   30.6031
 4.548   30.5096
 4.544   30.3564
 4.540   30.1753
 4.536   30.0191
 4.532   29.8160
 4.528   29.5301
 4.524   29.3236
 4.520   29.0729
 4.516   28.6990
 4.513   28.3296
 4.509   27.9754
 4.505   27.6237
 4.501   27.3797
 4.497   27.2238
 4.493   27.0244
 4.489   26.8596
 4.485   26.8256
 4.481   26.7583
 4.477   26.5889
 4.473   26.4514
 4.470   26.4274
 4.466   26.5081
 4.462   26.6461
 4.458   26.8458
 4.454   27.1141
 4.450   27.3169
 4.447   27.4815
 4.443   27.5603
 4.439   27.7149
 4.435   27.9523
 4.431   28.0871
 4.428   28.2396
 4.424   28.4456
 4.420   28.5379
 4.416   28.6809
 4.413   28.9292
 4.409   29.1643
 4.405   29.3715
 4.401   29.5468
 4.398   29.7540
 4.394   29.9808
 4.390   30.1673
 4.386   30.4172
 4.383   30.6852
 4.379   30.8932
 4.375   31.1895
 4.372   31.5063
 4.368   31.7182
 4.364   31.8279
 4.361   31.9546
 4.357   32.1865
 4.353   32.3919
 4.350   32.5051
 4.346   32.6808
 4.342   32.8667
 4.339   32.9071
 4.335   32.9055
 4.332   32.9800
 4.328   33.0626
 4.324   33.0881
 4.321   33.1380
 4.317   33.1279
 4.314   33.0828
 4.310   33.0610
 4.306   33.0136
 4.303   33.0404
 4.299   33.0773
 4.296   33.0252
 4.292   32.9418
 4.289   32.9240
 4.285   32.9156
 4.282   32.9585
 4.278   32.9271
 4.274   32.8949
 4.271   32.9692
 4.267   33.0768
 4.264   33.1829
 4.260   33.3274
 4.257   33.5273
 4.253   33.6790
 4.250   33.7544
 4.246   33.7248
 4.243   33.7186
 4.239   33.8173
 4.236   33.8219
 4.232   33.8272
 4.229   33.9006
 4.226   34.0222
 4.222   34.1058
 4.219   34.1786
 4.215   34.2089
 4.212   34.2646
 4.208   34.3551
 4.205   34.4013
 4.202   34.4622
 4.198   34.5119
 4.195   34.5057
 4.191   34.5391
 4.188   34.6674
 4.185   34.7791
 4.181   34.7940
 4.178   34.8725
 4.175   34.9401
 4.171   35.0270
 4.168   35.1005
 4.165   35.1179
 4.161   35.1722
 4.158   35.3201
 4.154   35.3887
 4.151   35.4279
 4.148   35.5513
 4.145   35.5750
 4.141   35.6299
 4.138   35.7092
 4.135   35.8004
 4.131   35.8669
 4.128   35.9375
 4.125   36.0166
 4.122   36.0790
 4.118   36.1591
 4.115   36.1876
 4.112   36.2274
 4.108   36.3602
 4.105   36.4521
 4.102   36.4463
 4.099   36.5742
 4.096   36.6528
 4.092   36.6694
 4.089   36.7161
 4.086   36.8170
 4.083   36.8573
 4.079   36.9115
 4.076   36.9651
 4.073   37.0321
 4.070   37.0913
 4.066   37.1289
 4.063   37.1001
 4.060   37.0658
 4.057   37.1016
 4.054   37.1527
 4.051   37.2172
 4.048   37.2616
 4.044   37.2734
 4.041   37.2736
 4.038   37.2864
 4.035   37.2992
 4.032   37.2680
 4.029   37.2345
 4.026   37.2083
 4.022   37.2680
 4.019   37.2968
 4.016   37.2788
 4.013   37.2317
 4.010   37.2367
 4.007   37.3010
 4.004   37.2394
 4.001   37.2572
 3.998   37.2611
 3.994   37.2093
 3.991   37.2871
 3.988   37.3521
 3.985   37.3089
 3.982   37.3183
 3.979   37.3645
 3.976   37.4465
 3.973   37.5069
 3.970   37.5248
 3.967   37.4905
 3.964   37.5144
 3.961   37.5847
 3.958   37.5585
 3.955   37.5506
 3.952   37.5786
 3.949   37.6152
 3.946   37.5724
 3.943   37.5838
 3.940   37.6214
 3.937   37.6358
 3.934   37.7272
 3.931   37.7147
 3.928   37.6316
 3.925   37.5674
 3.922   37.6275
 3.919   37.6657
 3.916   37.5751
 3.913   37.6014
 3.910   37.6110
 3.907   37.4840
 3.904   37.4633
 3.901   37.4546
 3.898   37.4346
 3.895   37.4100
 3.893   37.3923
 3.890   37.3306
 3.887   37.2995
 3.884   37.1308
 3.881   36.9876
 3.878   37.0154
 3.875   36.9845
 3.872   36.9240
 3.869   36.8608
 3.866   36.8401
 3.864   36.8077
 3.861   36.7635
 3.858   36.6645
 3.855   36.5279
 3.852   36.5184
 3.849   36.4529
 3.846   36.4767
 3.844   36.4799
 3.841   36.4115
 3.838   36.3716
 3.835   36.3303
 3.832   36.3244
 3.829   36.2446
 3.826   36.1041
 3.824   36.0395
 3.821   36.0530
 3.818   36.0524
 3.815   36.0181
 3.812   36.0516
 3.810   36.0000
 3.807   35.8417
 3.804   35.7337
 3.801   35.6999
 3.798   35.5900
 3.796   35.5819
 3.793   35.5489
 3.790   35.4654
 3.787   35.3471
 3.785   35.2684
 3.782   35.2438
 3.779   35.1083
 3.776   34.9510
 3.773   34.8558
 3.771   34.8248
 3.768   34.8207
 3.765   34.7526
 3.763   34.6330
 3.760   34.4943
 3.757   34.3260
 3.754   34.1748
 3.752   34.0733
 3.749   34.0437
 3.746   33.9973
 3.744   33.8525
 3.741   33.7481
 3.738   33.7331
 3.736   33.7019
 3.733   33.6640
 3.730   33.4870
 3.727   33.3474
 3.725   33.3411
 3.722   33.2605
 3.719   33.2230
 3.717   33.2070
 3.714   33.1274
 3.711   32.9865
 3.709   32.9611
 3.706   32.9069
 3.704   32.8154
 3.701   32.7461
 3.698   32.6921
 3.696   32.6195
 3.693   32.5268
 3.690   32.5071
 3.688   32.4453
 3.685   32.3076
 3.682   32.2392
 3.680   32.2198
 3.677   32.1599
 3.675   32.1090
 3.672   32.0131
 3.669   31.9068
 3.667   31.8087
 3.664   31.7421
 3.662   31.6698
 3.659   31.6012
 3.656   31.5190
 3.654   31.4247
 3.651   31.3326
 3.649   31.1940
 3.646   31.1257
 3.644   31.0589
 3.641   30.9811
 3.639   30.9238
 3.636   30.8415
 3.633   30.6689
 3.631   30.5254
 3.628   30.3843
 3.626   30.2755
 3.623   30.2239
 3.621   30.1319
 3.618   30.0291
 3.616   29.8493
 3.613   29.7566
 3.611   29.6608
 3.608   29.5450
 3.606   29.4923
 3.603   29.3758
 3.601   29.1962
 3.598   29.0196
 3.596   28.9221
 3.593   28.8040
 3.591   28.6469
 3.588   28.5884
 3.586   28.5256
 3.583   28.3944
 3.581   28.2550
 3.578   28.1484
 3.576   28.0320
 3.573   27.8935
 3.571   27.7439
 3.568   27.6165
 3.566   27.5371
 3.563   27.4910
 3.561   27.3495
 3.559   27.1810
 3.556   27.0648
 3.554   26.8103
 3.551   26.6970
 3.549   26.7118
 3.546   26.5718
 3.544   26.3963
 3.542   26.2547
 3.539   26.1180
 3.537   25.9810
 3.534   25.8996
 3.532   25.7545
 3.530   25.5946
 3.527   25.4536
 3.525   25.2517
 3.522   25.0319
 3.520   24.8000
 3.518   24.6155
 3.515   24.3844
 3.513   24.0707
 3.510   23.7163
 3.508   23.5621
 3.506   23.4926
 3.503   23.2730
 3.501   23.2032
 3.498   23.2401
 3.496   23.2340
 3.494   23.1956
 3.491   23.2072
 3.489   23.1305
 3.487   23.0079
 3.484   22.9324
 3.482   22.8327
 3.480   22.6719
 3.477   22.5329
 3.475   22.4423
 3.473   22.3349
 3.470   22.2328
 3.468   22.1554
 3.466   22.1085
 3.463   21.9567
 3.461   21.8528
 3.459   21.7155
 3.457   21.5569
 3.454   21.4364
 3.452   21.3613
 3.450   21.1987
 3.447   21.0491
 3.445   20.9313
 3.443   20.7281
 3.441   20.5657
 3.438   20.4749
 3.436   20.3429
 3.434   20.1230
 3.431   19.8492
 3.429   19.6005
 3.427   19.4228
 3.425   19.1719
 3.422   19.0061
 3.420   18.8516
 3.418   18.6853
 3.416   18.5774
 3.413   18.5078
 3.411   18.4604
 3.409   18.4259
 3.407   18.4538
 3.404   18.4482
 3.402   18.3686
 3.400   18.3740
 3.398   18.3952
 3.395   18.3971
 3.393   18.2539
 3.391   18.1300
 3.389   18.0838
 3.387   18.1094
 3.384   18.0090
 3.382   17.8969
 3.380   17.8299
 3.378   17.7348
 3.376   17.5728
 3.373   17.4386
 3.371   17.4321
 3.369   17.3662
 3.367   17.3082
 3.365   17.2225
 3.362   17.0898
 3.360   17.0182
 3.358   17.0729
 3.356   17.0890
 3.354   16.9742
 3.352   16.8490
 3.349   16.7640
 3.347   16.6820
 3.345   16.6198
 3.343   16.5078
 3.341   16.3759
 3.339   16.2348
 3.336   16.1022
 3.334   16.0350
 3.332   15.9570
 3.330   15.8093
 3.328   15.7105
 3.326   15.7032
 3.324   15.6487
 3.321   15.4976
 3.319   15.4119
 3.317   15.2973
 3.315   15.1172
 3.313   14.9726
 3.311   14.8986
 3.309   14.8611
 3.307   14.7815
 3.305   14.6742
 3.302   14.5542
 3.300   14.4880
 3.298   14.3417
 3.296   14.1498
 3.294   14.0355
 3.292   13.9872
 3.290   13.9333
 3.288   13.8313
 3.286   13.7778
 3.284   13.6506
 3.281   13.5339
 3.280   13.4037
 3.277   13.3166
 3.275   13.2454
 3.273   13.0084
 3.271   12.8943
 3.269   12.8895
 3.267   12.7572
 3.265   12.6306
 3.263   12.5742
 3.261   12.5176
 3.259   12.4988
 3.257   12.3975
 3.255   12.2743
 3.253   12.1790
 3.251   12.1256
 3.249   12.0127
 3.247   11.8183
 3.245   11.7225
 3.243   11.6301
 3.240   11.6034
 3.239   11.5458
 3.236   11.4928
 3.235   11.3210
 3.232   11.1921
 3.230   11.1739
 3.228   11.1517
 3.226   11.0020
 3.224   10.8925
 3.222   10.7837
 3.220   10.6832
 3.218   10.7611
 3.216   10.7446
 3.214   10.6121
 3.212   10.4863
 3.210   10.4120
 3.208   10.3341
 3.207   10.2254
 3.204   10.1260
 3.203    9.9999
 3.200    9.8984
 3.199    9.9070
 3.197    9.8581
 3.195    9.7493
 3.193    9.6327
 3.191    9.5581
 3.189    9.5493
 3.187    9.4473
 3.185    9.2931
 3.183    9.2106
 3.181    9.1698
 3.179    9.1240
 3.177    9.0942
 3.175    8.9982
 3.173    8.8975
 3.171    8.8372
 3.169    8.7203
 3.167    8.6445
 3.165    8.5255
 3.163    8.4088
 3.162    8.3867
 3.160    8.3321
 3.158    8.2506
 3.156    8.2068
 3.154    8.1978
 3.152    8.0207
 3.150    7.9400
 3.148    7.8902
 3.146    7.8367
 3.144    7.9538
 3.142    7.8971
 3.140    7.7280
 3.139    7.6266
 3.137    7.5452
 3.135    7.4942
 3.133    7.4815
 3.131    7.4024
 3.129    7.3289
 3.127    7.3277
 3.125    7.1571
 3.123    6.9881
 3.122    7.0031
 3.120    6.9967
 3.118    6.9822
 3.116    6.9231
 3.114    6.8356
 3.112    6.8323
 3.110    6.8793
 3.108    6.9910
 3.107    6.9225
 3.105    6.7007
 3.103    6.6248
 3.101    6.6120
 3.099    6.6098
 3.097    6.5684
 3.095    6.5981
 3.094    6.5938
 3.092    6.5071
 3.090    6.3805
 3.088    6.3293
 3.086    6.2201
 3.084    6.1561
 3.083    6.1835
 3.081    6.1822
 3.079    6.1570
 3.077    6.1857
 3.075    6.2279
 3.073    6.2145
 3.072    6.1579
 3.070    6.0838
 3.068    6.1449
 3.066    6.1829
 3.064    6.0960
 3.063    6.0782
 3.061    6.0391
 3.059    6.0227
 3.057    6.0290
 3.055    5.9253
 3.054    5.8728
 3.052    5.8447
 3.050    5.8270
 3.048    5.7925
 3.046    5.8277
 3.045    5.9606
 3.043    5.8613
 3.041    5.7855
 3.039    5.8927
 3.037    5.7709
 3.036    5.6191
 3.034    5.6606
 3.032    5.6096
 3.030    5.5710
 3.029    5.8116
 3.027    5.9044
 3.025    5.7928
 3.023    5.5228
 3.022    5.3784
 3.020    5.4900
 3.018    5.5340
 3.016    5.6321
 3.014    5.6578
 3.013    5.4593
 3.011    5.4061
 3.009    5.4111
 3.007    5.3418
 3.006    5.2273
 3.004    5.2303
 3.002    5.4337
 3.001    5.4413
 2.999    5.3722
 2.997    5.3903
 2.995    5.4553
 2.994    5.4240
 2.992    5.3384
 2.990    5.3593
 2.988    5.3474
 2.987    5.2424
 2.985    5.2044
 2.983    5.1035
 2.982    5.0447
 2.980    5.0544
 2.978    5.0284
 2.976    5.0575
 2.975    5.1521
 2.973    5.0988
 2.971    4.9833
 2.970    4.9291
 2.968    5.0572
 2.966    5.0107
 2.965    4.8358
 2.963    4.8093
 2.961    4.8036
 2.959    4.8880
 2.958    4.9319
 2.956    4.9091
 2.954    4.9919
 2.953    4.9044
 2.951    4.6971
 2.949    4.7594
 2.948    4.8562
 2.946    4.8211
 2.944    4.8474
 2.943    4.8497
 2.941    4.7236
 2.939    4.6947
 2.938    4.8084
 2.936    4.8614
 2.934    4.7784
 2.933    4.7667
 2.931    4.7593
 2.929    4.6659
 2.928    4.7630
 2.926    4.9165
 2.924    4.8418
 2.923    4.7345
 2.921    4.7749
 2.919    4.9377
 2.918    4.9145
 2.916    4.8138
 2.914    4.7126
 2.913    4.8137
 2.911    4.8449
 2.910    4.6856
 2.908    4.6715
 2.906    4.8653
 2.905    5.0668
 2.903    4.9824
 2.901    4.8080
 2.900    4.7584
 2.898    4.8511
 2.897    4.7855
 2.895    4.8112
 2.893    4.9494
 2.892    4.9675
 2.890    4.8127
 2.889    4.7854
 2.887    5.0720
 2.885    5.1529
 2.884    5.0458
 2.882    5.0598
 2.881    5.1059
 2.879    5.0714
 2.877    5.0833
 2.876    5.0760
 2.874    5.0362
 2.873    5.1174
 2.871    5.1805
 2.869    5.2288
 2.868    5.1361
 2.866    5.1841
 2.865    5.2650
 2.863    5.3618
 2.861    5.3559
 2.860    5.2728
 2.858    5.2045
 2.857    5.1438
 2.855    5.2168
 2.853    5.3082
 2.852    5.3651
 2.850    5.3262
 2.849    5.2130
 2.847    5.3412
 2.846    5.5777
 2.844    5.4911
 2.843    5.3436
 2.841    5.4639
 2.840    5.4078
 2.838    5.2575
 2.836    5.2748
 2.835    5.3463
 2.833    5.4739
 2.832    5.6231
 2.830    5.6341
 2.829    5.5044
 2.827    5.4218
 2.825    5.3948
 2.824    5.4223
 2.822    5.4913
 2.821    5.4328
 2.819    5.3525
 2.818    5.3007
 2.816    5.2044
 2.815    5.2539
 2.813    5.1064
 2.812    5.1898
 2.810    5.2799
 2.809    5.2025
 2.807    5.2501
 2.806    5.1287
 2.804    4.8956
 2.803    4.8957
 2.801    4.9335
 2.800    4.8435
 2.798    4.8002
 2.797    4.7768
 2.795    4.5020
 2.794    4.2873
 2.792    4.3526
 2.791    4.4330
 2.789    4.4013
 2.788    4.3218
 2.786    4.2594
 2.785    4.1998
 2.783    3.9729
 2.782    3.8676
 2.780    3.9121
 2.779    3.7996
 2.777    3.7515
 2.776    3.8513
 2.774    3.7900
 2.773    3.8009
 2.771    3.7473
 2.770    3.5855
 2.768    3.3507
 2.767    3.2163
 2.765    3.0732
 2.764    2.8736
 2.762    2.7450
 2.761    2.7459
 2.759    2.7733
 2.758    2.6894
 2.756    2.8001
 2.755    2.9879
 2.753    3.1034
 2.752    3.2265
 2.751    3.3216
 2.749    3.2601
 2.748    3.2475
 2.746    3.3524
 2.745    3.3735
 2.743    3.4347
 2.742    3.4763
 2.740    3.5276
 2.739    3.6440
 2.737    3.5527
 2.736    3.5069
 2.735    3.7668
 2.733    3.9661
 2.732    4.1425
 2.730    4.3082
 2.729    4.4351
 2.727    4.5510
 2.726    4.7668
 2.725    4.9688
 2.723    5.1470
 2.722    5.4880
 2.720    5.9316
 2.719    6.2051
 2.717    6.2878
 2.716    6.2630
 2.715    6.3342
 2.713    6.2835
 2.712    6.0213
 2.710    5.5017
 2.709    5.0611
 2.708    4.7189
 2.706    4.4086
 2.705    4.4977
 2.703    4.7871
 2.702    5.2512
 2.700    6.1241
 2.699    7.1432
 2.698    8.3140
 2.696    9.6210
 2.695   10.9721
 2.693   12.3942
 2.692   13.9408
 2.691   15.6595
 2.689   17.4640
 2.688   19.1799
 2.686   20.8606
 2.685   22.4105
 2.684   23.7061
 2.682   24.9344
 2.681   26.2183
 2.680   27.4141
 2.678   28.3061
 2.677   29.1621
 2.675   29.9084
 2.674   30.5834
 2.673   31.3236
 2.671   32.1495
 2.670   32.8618
 2.668   33.3009
 2.667   33.8500
 2.666   34.2759
 2.664   34.6670
 2.663   34.9780
 2.662   35.4357
 2.660   35.7928
 2.659   36.0772
 2.658   36.5219
 2.656   36.8834
 2.655   37.0784
 2.654   37.3232
 2.652   37.6308
 2.651   37.9459
 2.649   38.1434
 2.648   38.4263
 2.647   38.6478
 2.645   38.7376
 2.644   38.9380
 2.643   39.2114
 2.641   39.3727
 2.640   39.6031
 2.639   39.8135
 2.637   39.9438
 2.636   40.0573
 2.635   40.2846
 2.633   40.4419
 2.632   40.5860
 2.631   40.7999
 2.629   40.8555
 2.628   40.8894
 2.627   41.1671
 2.625   41.2366
 2.624   41.2385
 2.623   41.4318
 2.621   41.7762
 2.620   41.9359
 2.619   41.8522
 2.617   42.0315
 2.616   42.0868
 2.615   42.0136
 2.613   42.0796
 2.612   42.1172
 2.611   42.1579
 2.609   42.3014
 2.608   42.4449
 2.607   42.7390
 2.605   42.9341
 2.604   42.6891
 2.603   42.5844
 2.602   42.7279
 2.600   42.7270
 2.599   42.7332
 2.598   42.9031
 2.596   43.0540
 2.595   43.2231
 2.594   43.1763
 2.592   43.0841
 2.591   43.0293
 2.590   43.0849
 2.588   43.2788
 2.587   43.4538
 2.586   43.3904
 2.585   43.4530
 2.583   43.5719
 2.582   43.5922
 2.581   43.5471
 2.579   43.5786
 2.578   43.6871
 2.577   43.7739
 2.576   43.7602
 2.574   43.7586
 2.573   43.7923
 2.572   43.7996
 2.571   43.9074
 2.569   44.1051
 2.568   44.1017
 2.567   44.0648
 2.566   44.1609
 2.564   44.2532
 2.563   44.3282
 2.562   44.3722
 2.560   44.3842
 2.559   44.3615
 2.558   44.4836
 2.557   44.5117
 2.555   44.5111
 2.554   44.6231
 2.553   44.6566
 2.552   44.7429
 2.550   44.8447
 2.549   44.7625
 2.548   44.7214
 2.547   44.7468
 2.545   44.8005
 2.544   44.9188
 2.543   44.8685
 2.542   44.8322
 2.540   44.8771
 2.539   44.8733
 2.538   44.9172
 2.537   44.9676
 2.535   45.0966
 2.534   45.1064
 2.533   45.0600
 2.532   45.1143
 2.530   45.1971
 2.529   45.1939
 2.528   45.1555
 2.527   45.1432
 2.526   45.1237
 2.524   45.0874
 2.523   45.0072
 2.522   45.2150
 2.521   45.3875
 2.519   45.3952
 2.518   45.4209
 2.517   45.5186
 2.516   45.4105
 2.515   45.2413
 2.513   45.3540
 2.512   45.4222
 2.511   45.3822
 2.510   45.5469
 2.508   45.5913
 2.507   45.5101
 2.506   45.5639
 2.505   45.6736
 2.503   45.6961
 2.502   45.7793
 2.501   45.7778
 2.500   45.7594
 2.499   45.8525
 2.498   45.8722
 2.496   45.8565
 2.495   45.9613
 2.494   46.0078
 2.493   46.0412
 2.491   46.0630
 2.490   46.0734
 2.489   46.0623
 2.488   46.1086
 2.487   46.2806
 2.486   46.3207
 2.484   46.3418
 2.483   46.4120
 2.482   46.5643
 2.481   46.6538
 2.480   46.6695
 2.478   46.7185
 2.477   46.7288
 2.476   46.7616
 2.475   46.8607
 2.474   46.8489
 2.473   46.8480
 2.471   46.9001
 2.470   46.9526
 2.469   46.9793
 2.468   47.0429
 2.467   47.0639
 2.466   47.1153
 2.464   47.3543
 2.463   47.4650
 2.462   47.3259
 2.461   47.2362
 2.460   47.3625
 2.458   47.5965
 2.457   47.7360
 2.456   47.7391
 2.455   47.7900
 2.454   47.7720
 2.453   47.6368
 2.451   47.5953
 2.450   47.7556
 2.449   47.8827
 2.448   47.9080
 2.447   48.0413
 2.446   48.1181
 2.445   48.1527
 2.443   48.1650
 2.442   48.0632
 2.441   48.0427
 2.440   48.2137
 2.439   48.4196
 2.438   48.4703
 2.437   48.4649
 2.435   48.6190
 2.434   48.7716
 2.433   48.7956
 2.432   48.9629
 2.431   49.0837
 2.430   49.1098
 2.429   49.2643
 2.427   49.4099
 2.426   49.4975
 2.425   49.5047
 2.424   49.4610
 2.423   49.5249
 2.422   49.6649
 2.421   49.7123
 2.419   49.8606
 2.418   50.0693
 2.417   49.9697
 2.416   49.9635
 2.415   50.0558
 2.414   50.1531
 2.413   50.1194
 2.412   50.2807
 2.410   50.5133
 2.409   50.5518
 2.408   50.5234
 2.407   50.4491
 2.406   50.5023
 2.405   50.6007
 2.404   50.6480
 2.403   50.5904
 2.402   50.4952
 2.400   50.4337
 2.399   50.4686
 2.398   50.5786
 2.397   50.6681
 2.396   50.6307
 2.395   50.5275
 2.394   50.5459
 2.393   50.5312
 2.392   50.5153
 2.390   50.5239
 2.389   50.5217
 2.388   50.5106
 2.387   50.6489
 2.386   50.6948
 2.385   50.6299
 2.384   50.5724
 2.383   50.5833
 2.382   50.5131
 2.381   50.5785
 2.380   50.6598
 2.378   50.7033
 2.377   50.8037
 2.376   50.9166
 2.375   51.0731
 2.374   51.2025
 2.373   51.1895
 2.372   51.1173
 2.371   51.0810
 2.370   51.2371
 2.369   51.3666
 2.368   51.4611
 2.366   51.5273
 2.365   51.5468
 2.364   51.5941
 2.363   51.5439
 2.362   51.5881
 2.361   51.6067
 2.360   51.5344
 2.359   51.5194
 2.358   51.5669
 2.357   51.5719
 2.356   51.7088
 2.355   51.9047
 2.353   51.9303
 2.353   51.8375
 2.351   51.8583
 2.350   51.9142
 2.349   52.0193
 2.348   52.0268
 2.347   52.0223
 2.346   52.0407
 2.345   52.1635
 2.344   52.3911
 2.343   52.4218
 2.342   52.3406
 2.341   52.4081
 2.340   52.6501
 2.339   52.6831
 2.338   52.5561
 2.337   52.6558
 2.336   52.7613
 2.334   52.8377
 2.333   52.9628
 2.332   52.9363
 2.331   53.0690
 2.330   53.2136
 2.329   53.1860
 2.328   53.2416
 2.327   53.3629
 2.326   53.3993
 2.325   53.4640
 2.324   53.4921
 2.323   53.4582
 2.322   53.4976
 2.321   53.6825
 2.320   53.6016
 2.319   53.5704
 2.318   53.7312
 2.317   53.8123
 2.316   53.8124
 2.315   53.9527
 2.314   54.0255
 2.313   54.0164
 2.312   54.0121
 2.311   54.1013
 2.309   54.1733
 2.309   54.0686
 2.308   54.1376
 2.306   54.3228
 2.305   54.3634
 2.304   54.3526
 2.303   54.3946
 2.302   54.5375
 2.301   54.6195
 2.300   54.7573
 2.299   54.8163
 2.298   54.7878
 2.297   54.7981
 2.296   54.7824
 2.295   54.8389
 2.294   54.8673
 2.293   54.8739
 2.292   54.9160
 2.291   54.8384
 2.290   54.8910
 2.289   55.1512
 2.288   55.1970
 2.287   55.1846
 2.286   55.0607
 2.285   55.0263
 2.284   55.2215
 2.283   55.2117
 2.282   55.1514
 2.281   55.2542
 2.280   55.4839
 2.279   55.4705
 2.278   55.2970
 2.277   55.4169
 2.276   55.5639
 2.275   55.5637
 2.274   55.5102
 2.273   55.5216
 2.272   55.4218
 2.271   55.4186
 2.270   55.4613
 2.269   55.5000
 2.268   55.5593
 2.267   55.5704
 2.266   55.4935
 2.265   55.5292
 2.264   55.5129
 2.263   55.4534
 2.262   55.4645
 2.261   55.3800
 2.260   55.3290
 2.259   55.3085
 2.258   55.3706
 2.257   55.3946
 2.256   55.2633
 2.255   55.1169
 2.254   55.0233
 2.253   55.0169
 2.252   54.9763
 2.251   54.9282
 2.250   54.8347
 2.249   54.8020
 2.248   54.8676
 2.247   54.8132
 2.247   54.6575
 2.245   54.7314
 2.244   54.8177
 2.244   54.8089
 2.243   54.9083
 2.242   54.9216
 2.241   54.8248
 2.240   54.7476
 2.239   54.6783
 2.238   54.5674
 2.237   54.5716
 2.236   54.6587
 2.235   54.6001
 2.234   54.6882
 2.233   54.9158
 2.232   54.8107
 2.231   54.6479
 2.230   54.5125
 2.229   54.4266
 2.228   54.3970
 2.227   54.3163
 2.226   54.1301
 2.225   54.0405
 2.224   54.0454
 2.223   54.0820
 2.222   54.0103
 2.221   53.9094
 2.220   53.8211
 2.220   53.6772
 2.219   53.4305
 2.218   53.2806
 2.217   53.0739
 2.216   52.7588
 2.215   52.6082
 2.214   52.3788
 2.213   51.8855
 2.212   51.4032
 2.211   51.0472
 2.210   50.7177
 2.209   50.5056
 2.208   50.5271
 2.207   50.7970
 2.206   51.1188
 2.205   51.3316
 2.204   51.4293
 2.204   51.5877
 2.203   51.9162
 2.202   52.2719
 2.201   52.5007
 2.200   52.8014
 2.199   53.0048
 2.198   53.0347
 2.197   53.0367
 2.196   53.0597
 2.195   53.1246
 2.194   53.3178
 2.193   53.5154
 2.192   53.6058
 2.191   53.6081
 2.191   53.6158
 2.189   53.7560
 2.189   53.9477
 2.188   54.0880
 2.187   54.1844
 2.186   54.3006
 2.185   54.4163
 2.184   54.5225
 2.183   54.5153
 2.182   54.5842
 2.181   54.6590
 2.180   54.8091
 2.179   54.8729
 2.179   54.8481
 2.178   54.8800
 2.177   55.0361
 2.176   55.1118
 2.175   55.2221
 2.174   55.2550
 2.173   55.3017
 2.172   55.4517
 2.171   55.4310
 2.170   55.3429
 2.169   55.3752
 2.168   55.4893
 2.168   55.5507
 2.167   55.6674
 2.166   55.8359
 2.165   55.8354
 2.164   55.9221
 2.163   55.9390
 2.162   55.7931
 2.161   55.8199
 2.160   55.9487
 2.160   56.0566
 2.159   56.2059
 2.158   56.3449
 2.157   56.4954
 2.156   56.4819
 2.155   56.4529
 2.154   56.6374
 2.153   56.7809
 2.152   56.8170
 2.151   56.8196
 2.151   56.9718
 2.150   57.1833
 2.149   57.3330
 2.148   57.4496
 2.147   57.4333
 2.146   57.4798
 2.145   57.5635
 2.144   57.5995
 2.143   57.7379
 2.143   57.8004
 2.142   57.8297
 2.141   57.8689
 2.140   58.0644
 2.139   58.1674
 2.138   57.9715
 2.137   57.8729
 2.136   58.0471
 2.135   58.1604
 2.135   58.1421
 2.134   58.1542
 2.133   58.1386
 2.132   58.0610
 2.131   58.0367
 2.130   58.2928
 2.129   58.4763
 2.128   58.3239
 2.128   58.2112
 2.127   58.2175
 2.126   58.2455
 2.125   58.1078
 2.124   58.0928
 2.123   58.2232
 2.122   58.2103
 2.122   58.0625
 2.121   58.1205
 2.120   58.2564
 2.119   58.3259
 2.118   58.2820
 2.117   58.2194
 2.116   58.2436
 2.115   58.1931
 2.115   58.1934
 2.114   58.2188
 2.113   58.2015
 2.112   58.1960
 2.111   58.2213
 2.110   58.2695
 2.109   58.3059
 2.108   58.3289
 2.108   58.4235
 2.107   58.4745
 2.106   58.3204
 2.105   58.2481
 2.104   58.3408
 2.103   58.3304
 2.103   58.2673
 2.102   58.4154
 2.101   58.4587
 2.100   58.4241
 2.099   58.4024
 2.098   58.3901
 2.097   58.2923
 2.097   58.1112
 2.096   58.2105
 2.095   58.4027
 2.094   58.5593
 2.093   58.5971
 2.092   58.4263
 2.091   58.2647
 2.091   58.2797
 2.090   58.3469
 2.089   58.3211
 2.088   58.3314
 2.087   58.3344
 2.087   58.5224
 2.086   58.3737
 2.085   58.3425
 2.084   58.4075
 2.083   58.2648
 2.082   58.4250
 2.081   58.6269
 2.081   58.4751
 2.080   58.2449
 2.079   58.1764
 2.078   58.3825
 2.077   58.4967
 2.076   58.5230
 2.076   58.4871
 2.075   58.3954
 2.074   58.4489
 2.073   58.3955
 2.072   58.2340
 2.071   58.2791
 2.071   58.4053
 2.070   58.4462
 2.069   58.5247
 2.068   58.5324
 2.067   58.3533
 2.067   58.1276
 2.066   58.0592
 2.065   58.2144
 2.064   58.3948
 2.063   58.3790
 2.062   58.2753
 2.062   58.1875
 2.061   58.0576
 2.060   58.1844
 2.059   58.4952
 2.058   58.4914
 2.058   58.3701
 2.057   58.1270
 2.056   57.8108
 2.055   57.9186
 2.054   58.1364
 2.053   58.3355
 2.053   58.4192
 2.052   58.2187
 2.051   58.1469
 2.050   58.2618
 2.049   58.2110
 2.049   58.1855
 2.048   58.4132
 2.047   58.3684
 2.046   58.3882
 2.045   58.5567
 2.045   58.4520
 2.044   58.2678
 2.043   58.0170
 2.042   57.9543
 2.041   58.0286
 2.041   58.0875
 2.040   58.2269
 2.039   58.2704
 2.038   58.0787
 2.037   58.0794
 2.037   57.9967
 2.036   57.9518
 2.035   58.0008
 2.034   58.0287
 2.033   58.0122
 2.033   57.9983
 2.032   57.9591
 2.031   57.7693
 2.030   57.8523
 2.029   57.9510
 2.029   57.7347
 2.028   57.5350
 2.027   57.7018
 2.026   57.9094
 2.025   57.8403
 2.025   57.5853
 2.024   57.7264
 2.023   58.0412
 2.022   57.9592
 2.021   57.7090
 2.021   57.5966
 2.020   57.6132
 2.019   57.5906
 2.018   57.3622
 2.017   57.3328
 2.017   57.5164
 2.016   57.5517
 2.015   57.4461
 2.014   57.4858
 2.014   57.4411
 2.013   57.3993
 2.012   57.4358
 2.011   57.3384
 2.010   57.3427
 2.010   57.2510
 2.009   57.2293
 2.008   57.3103
 2.007   57.1249
 2.007   56.9586
 2.006   57.0026
 2.005   57.0009
 2.004   57.0406
 2.003   56.9572
 2.003   56.9794
 2.002   56.9355
 2.001   56.8010
 2.000   56.7747
