Name:  Basalt
Type:  Rock
Class: Igneous   
Subclass: Mafic  
Particle Size:  Whole rock chips
Sample No.:  ba9a1f
Owner:  Larry Rowan, USGS
Wavelength range:  VNIR SWIR IR
Origin:  Wadi Salima, Jordan

Description:  dark gray vesicular basalt 





Measurement:  Reflectance
First Column:  X
Second Column:  Y
X Units:  Wavelength (micrometers)
Y Units:  Reflectance (percent)
First X Value:  0.4
Last X Value:  14.01309
Number of X Values:  2826
Additional Information:  ba9a1fa.txt
 0.400    8.4000
 0.401    8.4000
 0.402    8.3000
 0.403    8.4000
 0.404    8.4000
 0.405    8.4000
 0.406    8.4000
 0.407    8.2000
 0.408    8.4000
 0.409    8.4000
 0.410    8.2000
 0.411    8.1000
 0.412    8.2000
 0.413    8.1000
 0.414    8.2000
 0.415    8.3000
 0.416    8.4000
 0.417    8.2000
 0.418    8.4000
 0.419    8.2000
 0.420    7.9000
 0.421    7.8000
 0.422    7.8000
 0.423    8.1000
 0.424    7.8000
 0.425    7.9000
 0.426    7.8000
 0.427    7.8000
 0.428    7.8000
 0.429    7.7000
 0.430    7.8000
 0.431    7.8000
 0.432    7.7000
 0.433    7.7000
 0.434    7.7000
 0.435    7.6000
 0.436    7.6000
 0.437    7.6000
 0.438    7.6000
 0.439    7.5000
 0.440    7.5000
 0.441    7.5000
 0.442    7.2000
 0.443    7.2000
 0.444    7.2000
 0.445    7.3000
 0.446    7.3000
 0.447    7.2000
 0.448    7.2000
 0.449    7.1000
 0.450    7.0000
 0.451    6.8000
 0.452    7.1000
 0.453    7.1000
 0.454    7.0000
 0.455    6.7000
 0.456    6.8000
 0.457    6.8000
 0.458    7.1000
 0.459    7.1000
 0.460    6.7000
 0.461    6.6000
 0.462    6.7000
 0.463    6.7000
 0.464    7.0000
 0.465    6.7000
 0.466    6.7000
 0.467    6.6000
 0.468    6.6000
 0.469    6.5000
 0.470    6.5000
 0.471    6.5000
 0.472    6.6000
 0.473    6.5000
 0.474    6.5000
 0.475    6.5000
 0.476    6.5000
 0.477    6.4000
 0.478    6.4000
 0.479    6.4000
 0.480    6.4000
 0.481    6.4000
 0.482    6.4000
 0.483    6.4000
 0.484    6.4000
 0.485    6.4000
 0.486    6.4000
 0.487    6.4000
 0.488    6.2000
 0.489    6.2000
 0.490    6.0000
 0.491    6.1000
 0.492    6.2000
 0.493    6.2000
 0.494    6.4000
 0.495    6.2000
 0.496    6.4000
 0.497    6.4000
 0.498    6.2000
 0.499    6.1000
 0.500    6.1000
 0.501    6.1000
 0.502    6.1000
 0.503    6.0000
 0.504    6.1000
 0.505    6.1000
 0.506    6.1000
 0.507    6.0000
 0.508    6.1000
 0.509    6.2000
 0.510    6.2000
 0.511    6.2000
 0.512    6.2000
 0.513    6.2000
 0.514    6.1000
 0.515    6.2000
 0.516    6.1000
 0.517    6.1000
 0.518    6.2000
 0.519    6.1000
 0.520    6.1000
 0.521    6.1000
 0.522    6.2000
 0.523    6.1000
 0.524    6.1000
 0.525    5.8000
 0.526    6.1000
 0.527    6.2000
 0.528    6.1000
 0.529    6.0000
 0.530    6.2000
 0.531    6.2000
 0.532    6.2000
 0.533    6.2000
 0.534    6.2000
 0.535    6.2000
 0.536    6.0000
 0.537    6.1000
 0.538    6.1000
 0.539    6.2000
 0.540    6.2000
 0.541    6.1000
 0.542    6.1000
 0.543    6.1000
 0.544    6.0000
 0.545    6.1000
 0.546    6.1000
 0.547    6.0000
 0.548    6.1000
 0.549    6.0000
 0.550    6.2000
 0.551    6.1000
 0.552    6.2000
 0.553    6.4000
 0.554    6.4000
 0.555    6.4000
 0.556    6.6000
 0.557    6.5000
 0.558    6.5000
 0.559    5.9000
 0.560    5.9000
 0.561    5.9000
 0.562    6.0000
 0.563    5.9000
 0.564    5.9000
 0.565    5.9000
 0.566    6.0000
 0.567    6.0000
 0.568    6.0000
 0.569    5.9000
 0.570    5.9000
 0.571    6.1000
 0.572    6.0000
 0.573    6.0000
 0.574    5.9000
 0.575    5.8000
 0.576    5.6000
 0.577    5.8000
 0.578    5.8000
 0.579    5.9000
 0.580    5.9000
 0.581    6.0000
 0.582    6.0000
 0.583    6.0000
 0.584    6.0000
 0.585    6.0000
 0.586    6.0000
 0.587    6.0000
 0.588    6.0000
 0.589    6.0000
 0.590    6.1000
 0.591    6.1000
 0.592    6.1000
 0.593    5.9000
 0.594    6.1000
 0.595    6.1000
 0.596    6.1000
 0.597    6.1000
 0.598    5.9000
 0.599    5.9000
 0.600    5.9000
 0.601    5.9000
 0.602    6.0000
 0.603    5.9000
 0.604    5.9000
 0.605    6.0000
 0.606    6.0000
 0.607    6.0000
 0.608    6.1000
 0.609    6.0000
 0.610    6.0000
 0.611    6.0000
 0.612    6.1000
 0.613    6.0000
 0.614    6.0000
 0.615    5.9000
 0.616    6.0000
 0.617    5.9000
 0.618    6.0000
 0.619    6.0000
 0.620    6.0000
 0.621    6.0000
 0.622    6.0000
 0.623    6.0000
 0.624    6.0000
 0.625    6.0000
 0.626    6.0000
 0.627    6.0000
 0.628    6.0000
 0.629    6.0000
 0.630    6.1000
 0.631    6.2000
 0.632    6.0000
 0.633    6.0000
 0.634    6.0000
 0.635    6.0000
 0.636    5.9000
 0.637    6.1000
 0.638    6.1000
 0.639    6.2000
 0.640    6.1000
 0.641    6.4000
 0.642    6.1000
 0.643    6.0000
 0.644    6.1000
 0.645    6.2000
 0.646    6.2000
 0.647    6.1000
 0.648    6.1000
 0.649    6.1000
 0.650    6.2000
 0.651    6.2000
 0.652    6.2000
 0.653    6.2000
 0.654    6.1000
 0.655    6.2000
 0.656    6.2000
 0.657    6.1000
 0.658    6.1000
 0.659    6.0000
 0.660    6.1000
 0.661    6.2000
 0.662    6.2000
 0.663    6.1000
 0.664    6.1000
 0.665    6.1000
 0.666    6.1000
 0.667    6.2000
 0.668    6.4000
 0.669    6.4000
 0.670    6.4000
 0.671    6.2000
 0.672    6.4000
 0.673    6.4000
 0.674    6.4000
 0.675    6.4000
 0.676    6.2000
 0.677    6.4000
 0.678    6.2000
 0.679    6.4000
 0.680    6.4000
 0.681    6.4000
 0.682    6.2000
 0.683    6.4000
 0.684    6.4000
 0.685    6.2000
 0.686    6.4000
 0.687    6.2000
 0.688    6.5000
 0.689    6.5000
 0.690    6.4000
 0.691    6.4000
 0.692    6.5000
 0.693    6.4000
 0.694    6.4000
 0.695    6.5000
 0.696    6.2000
 0.697    6.2000
 0.698    6.1000
 0.699    6.4000
 0.700    6.4000
 0.701    6.5000
 0.702    6.4000
 0.703    6.4000
 0.704    6.4000
 0.705    6.4000
 0.706    6.4000
 0.707    6.4000
 0.708    6.4000
 0.709    6.4000
 0.710    6.5000
 0.711    6.2000
 0.712    6.4000
 0.713    6.4000
 0.714    6.5000
 0.715    6.4000
 0.716    6.5000
 0.717    6.5000
 0.718    6.5000
 0.719    6.6000
 0.720    6.4000
 0.721    6.4000
 0.722    6.1000
 0.723    6.5000
 0.724    6.5000
 0.725    6.5000
 0.726    6.4000
 0.727    6.5000
 0.728    6.5000
 0.729    6.5000
 0.730    6.2000
 0.731    6.6000
 0.732    6.5000
 0.733    6.5000
 0.734    6.6000
 0.735    6.5000
 0.736    6.6000
 0.737    6.5000
 0.738    6.5000
 0.739    6.5000
 0.740    6.4000
 0.741    6.5000
 0.742    6.5000
 0.743    6.5000
 0.744    6.5000
 0.745    6.6000
 0.746    6.6000
 0.747    6.6000
 0.748    6.6000
 0.749    6.6000
 0.750    6.6000
 0.751    6.6000
 0.752    6.6000
 0.753    6.6000
 0.754    6.6000
 0.755    6.5000
 0.756    6.5000
 0.757    6.6000
 0.758    6.5000
 0.759    6.6000
 0.760    6.7000
 0.761    6.7000
 0.762    6.7000
 0.763    6.6000
 0.764    6.6000
 0.765    6.6000
 0.766    6.5000
 0.767    6.5000
 0.768    6.6000
 0.769    6.6000
 0.770    6.7000
 0.771    6.8000
 0.772    6.6000
 0.773    6.6000
 0.774    6.5000
 0.775    6.7000
 0.776    6.7000
 0.777    6.6000
 0.778    6.6000
 0.779    6.5000
 0.780    6.5000
 0.781    6.8000
 0.782    6.6000
 0.783    6.6000
 0.784    6.5000
 0.785    6.6000
 0.786    6.5000
 0.787    6.5000
 0.788    6.8000
 0.789    6.6000
 0.790    6.6000
 0.791    6.6000
 0.792    6.6000
 0.793    6.7000
 0.794    6.8000
 0.795    6.8000
 0.796    6.7000
 0.797    6.8000
 0.798    6.2000
 0.799    5.7000
 0.800    6.7000
 0.804    6.7000
 0.808    6.8000
 0.812    6.8000
 0.816    6.8000
 0.820    6.8000
 0.824    6.7000
 0.828    6.8000
 0.832    6.8000
 0.836    6.7000
 0.840    6.7000
 0.844    6.7000
 0.848    6.7000
 0.852    6.7000
 0.856    6.8000
 0.860    6.8000
 0.864    6.8000
 0.868    6.8000
 0.872    6.8000
 0.876    7.0000
 0.880    7.0000
 0.884    6.8000
 0.888    6.8000
 0.892    6.8000
 0.896    6.8000
 0.900    6.8000
 0.904    7.0000
 0.908    6.8000
 0.912    7.0000
 0.916    7.0000
 0.920    7.0000
 0.924    7.0000
 0.928    7.0000
 0.932    7.0000
 0.936    7.0000
 0.940    7.0000
 0.944    7.1000
 0.948    7.0000
 0.952    7.0000
 0.956    7.0000
 0.960    7.1000
 0.964    7.1000
 0.968    7.0000
 0.972    7.1000
 0.976    7.0000
 0.980    7.1000
 0.984    7.0000
 0.988    7.0000
 0.992    7.0000
 0.996    6.8000
 1.000    7.0000
 1.004    7.0000
 1.008    7.0000
 1.012    7.0000
 1.016    7.0000
 1.020    7.0000
 1.024    7.0000
 1.028    7.0000
 1.032    7.0000
 1.036    7.0000
 1.040    7.0000
 1.044    7.1000
 1.048    7.0000
 1.052    7.0000
 1.056    7.0000
 1.060    7.0000
 1.064    7.0000
 1.068    7.0000
 1.072    7.0000
 1.076    7.0000
 1.080    7.0000
 1.084    7.0000
 1.088    7.0000
 1.092    7.0000
 1.096    7.0000
 1.100    7.0000
 1.104    7.0000
 1.108    6.8000
 1.112    6.8000
 1.116    6.8000
 1.120    6.8000
 1.124    6.8000
 1.128    6.8000
 1.132    6.7000
 1.136    6.7000
 1.140    6.7000
 1.144    6.7000
 1.148    6.8000
 1.152    6.7000
 1.156    6.7000
 1.160    6.7000
 1.164    6.7000
 1.168    6.7000
 1.172    6.7000
 1.176    6.7000
 1.180    6.7000
 1.184    6.7000
 1.188    6.7000
 1.192    6.6000
 1.196    6.6000
 1.200    6.6000
 1.204    6.5000
 1.208    6.5000
 1.212    6.5000
 1.216    6.5000
 1.220    6.3000
 1.224    6.3000
 1.228    6.3000
 1.232    6.3000
 1.236    6.6000
 1.240    6.6000
 1.244    6.3000
 1.248    6.3000
 1.252    6.3000
 1.256    6.2000
 1.260    6.2000
 1.264    6.2000
 1.268    6.2000
 1.272    6.2000
 1.276    6.3000
 1.280    6.2000
 1.284    6.2000
 1.288    6.2000
 1.292    6.2000
 1.296    6.2000
 1.300    6.2000
 1.304    6.2000
 1.308    6.2000
 1.312    6.2000
 1.316    6.1000
 1.320    6.2000
 1.324    6.2000
 1.328    6.2000
 1.332    6.2000
 1.336    6.2000
 1.340    6.2000
 1.344    6.1000
 1.348    6.1000
 1.352    6.1000
 1.356    6.1000
 1.360    6.1000
 1.364    6.0000
 1.368    6.0000
 1.372    6.0000
 1.376    6.0000
 1.380    6.0000
 1.384    6.0000
 1.388    6.0000
 1.392    6.0000
 1.396    6.0000
 1.400    6.0000
 1.404    5.9000
 1.408    6.0000
 1.412    5.9000
 1.416    5.9000
 1.420    5.9000
 1.424    5.9000
 1.428    5.9000
 1.432    5.9000
 1.436    5.9000
 1.440    5.9000
 1.444    5.9000
 1.448    5.9000
 1.452    5.9000
 1.456    5.9000
 1.460    5.9000
 1.464    5.9000
 1.468    5.9000
 1.472    5.9000
 1.476    5.9000
 1.480    5.7000
 1.484    5.9000
 1.488    5.9000
 1.492    5.7000
 1.496    5.7000
 1.500    5.7000
 1.504    5.6000
 1.508    5.7000
 1.512    5.7000
 1.516    5.6000
 1.520    5.7000
 1.524    5.7000
 1.528    5.7000
 1.532    5.9000
 1.536    5.9000
 1.540    5.9000
 1.544    5.9000
 1.548    5.6000
 1.552    5.6000
 1.556    5.6000
 1.560    5.6000
 1.564    5.6000
 1.568    5.6000
 1.572    5.6000
 1.576    5.6000
 1.580    5.6000
 1.584    5.6000
 1.588    5.6000
 1.592    5.6000
 1.596    5.6000
 1.600    5.6000
 1.604    5.6000
 1.608    5.6000
 1.612    5.5000
 1.616    5.5000
 1.620    5.6000
 1.624    5.5000
 1.628    5.6000
 1.632    5.6000
 1.636    5.6000
 1.640    5.6000
 1.644    5.6000
 1.648    5.6000
 1.652    5.6000
 1.656    5.6000
 1.660    5.5000
 1.664    5.5000
 1.668    5.6000
 1.672    5.6000
 1.676    5.6000
 1.680    5.5000
 1.684    5.6000
 1.688    5.6000
 1.692    5.6000
 1.696    5.5000
 1.700    5.6000
 1.704    5.5000
 1.708    5.5000
 1.712    5.5000
 1.716    5.5000
 1.720    5.5000
 1.724    5.5000
 1.728    5.5000
 1.732    5.5000
 1.736    5.5000
 1.740    5.5000
 1.744    5.5000
 1.748    5.5000
 1.752    5.5000
 1.756    5.5000
 1.760    5.4000
 1.764    5.4000
 1.768    5.4000
 1.772    5.4000
 1.776    5.5000
 1.780    5.4000
 1.784    5.5000
 1.788    5.5000
 1.792    5.4000
 1.796    5.4000
 1.800    5.4000
 1.804    5.4000
 1.808    5.5000
 1.812    5.5000
 1.816    5.5000
 1.820    5.4000
 1.824    5.4000
 1.828    5.5000
 1.832    5.5000
 1.836    5.4000
 1.840    5.5000
 1.844    5.4000
 1.848    5.4000
 1.852    5.4000
 1.856    5.4000
 1.860    5.3000
 1.864    5.3000
 1.868    5.3000
 1.872    5.4000
 1.876    5.4000
 1.880    5.3000
 1.884    5.1000
 1.888    5.1000
 1.892    5.0000
 1.896    4.9000
 1.900    4.9000
 1.904    4.9000
 1.908    4.9000
 1.912    4.8000
 1.916    4.9000
 1.920    4.9000
 1.924    5.0000
 1.928    4.9000
 1.932    5.0000
 1.936    5.1000
 1.940    5.1000
 1.944    5.0000
 1.948    5.1000
 1.952    5.0000
 1.956    5.1000
 1.960    5.1000
 1.964    5.1000
 1.968    5.1000
 1.972    5.1000
 1.976    5.1000
 1.980    5.1000
 1.984    5.3000
 1.988    5.3000
 1.992    5.1000
 1.996    5.3000
 2.000    5.3000
 2.004    5.3000
 2.008    5.3000
 2.012    5.3000
 2.016    5.3000
 2.020    5.3000
 2.024    5.3000
 2.028    5.3000
 2.032    5.3000
 2.036    5.3000
 2.040    5.3000
 2.044    5.3000
 2.048    5.3000
 2.052    5.4000
 2.056    5.3000
 2.060    5.4000
 2.064    5.3000
 2.068    5.3000
 2.072    5.3000
 2.076    5.3000
 2.080    5.4000
 2.084    5.4000
 2.088    5.4000
 2.092    5.4000
 2.096    5.4000
 2.100    5.4000
 2.100    4.9000
 2.101    4.7600
 2.102    4.7800
 2.103    4.7800
 2.104    4.7700
 2.105    4.6100
 2.106    4.7400
 2.106    4.9300
 2.107    4.7300
 2.108    4.8600
 2.109    4.9000
 2.110    4.8700
 2.111    4.6700
 2.112    4.6100
 2.112    4.8500
 2.113    4.8800
 2.114    4.6500
 2.115    4.8600
 2.116    4.9700
 2.117    4.8900
 2.118    4.7800
 2.118    4.8100
 2.119    4.7400
 2.120    4.6800
 2.121    4.6800
 2.122    4.7600
 2.123    4.8300
 2.124    5.0100
 2.125    5.0400
 2.125    4.9700
 2.126    4.7200
 2.127    4.6800
 2.128    4.7600
 2.129    4.7600
 2.130    4.8000
 2.131    4.8700
 2.132    4.7200
 2.132    4.8100
 2.133    4.8300
 2.134    4.7600
 2.135    4.6400
 2.136    4.5800
 2.137    4.6400
 2.138    4.6900
 2.139    4.7100
 2.139    4.6800
 2.140    4.6200
 2.141    4.8000
 2.142    4.9500
 2.143    4.7300
 2.144    4.6500
 2.145    4.9300
 2.146    5.0100
 2.147    4.7800
 2.147    4.5400
 2.148    4.5400
 2.149    4.5900
 2.150    4.7800
 2.151    4.8400
 2.152    4.7800
 2.153    4.6700
 2.154    4.7800
 2.155    4.7900
 2.155    4.8900
 2.156    5.0400
 2.157    5.0500
 2.158    4.9000
 2.159    4.8400
 2.160    4.6500
 2.161    4.5400
 2.162    4.7100
 2.163    4.7600
 2.164    4.6500
 2.164    4.5700
 2.165    4.7900
 2.166    5.0700
 2.167    4.9400
 2.168    4.7200
 2.169    4.6800
 2.170    4.8000
 2.171    4.7400
 2.172    4.7700
 2.173    4.6500
 2.173    4.5200
 2.174    4.6700
 2.175    4.8300
 2.176    4.7200
 2.177    4.6800
 2.178    4.6300
 2.179    4.6300
 2.180    4.7900
 2.181    4.9000
 2.182    4.7200
 2.183    4.6800
 2.184    4.7000
 2.184    4.5400
 2.185    4.3900
 2.186    4.4400
 2.187    4.4600
 2.188    4.5900
 2.189    4.5500
 2.190    4.5500
 2.191    4.7000
 2.192    4.8300
 2.193    4.8500
 2.194    4.8500
 2.195    4.7300
 2.196    4.5900
 2.196    4.5900
 2.197    4.6900
 2.198    4.6500
 2.199    4.6900
 2.200    4.7000
 2.201    4.6300
 2.202    4.5900
 2.203    4.5900
 2.204    4.6100
 2.205    4.6900
 2.206    4.5800
 2.207    4.5000
 2.208    4.4300
 2.209    4.6800
 2.210    4.7800
 2.211    4.5000
 2.211    4.5900
 2.212    4.8100
 2.213    4.6900
 2.214    4.5400
 2.215    4.5900
 2.216    4.6900
 2.217    4.7700
 2.218    4.9300
 2.219    4.6900
 2.220    4.5800
 2.221    4.5700
 2.222    4.6300
 2.223    4.7500
 2.224    4.6700
 2.225    4.6700
 2.226    4.7700
 2.227    4.7900
 2.228    4.7500
 2.229    4.7000
 2.230    4.7000
 2.231    4.8600
 2.231    4.9200
 2.232    4.8700
 2.233    4.8700
 2.234    4.7200
 2.235    4.6400
 2.236    4.8000
 2.237    5.0100
 2.238    4.9800
 2.239    4.8200
 2.240    4.6500
 2.241    4.6100
 2.242    4.6500
 2.243    4.7300
 2.244    4.7100
 2.245    4.7300
 2.246    4.7300
 2.247    4.6900
 2.248    4.6200
 2.249    4.5900
 2.250    4.5200
 2.251    4.6400
 2.252    4.6700
 2.253    4.6600
 2.254    4.6800
 2.255    4.6500
 2.256    4.6500
 2.257    4.7900
 2.258    4.6900
 2.259    4.6200
 2.260    4.6900
 2.261    4.7700
 2.262    4.7300
 2.263    4.6400
 2.264    4.5900
 2.265    4.6100
 2.266    4.5900
 2.267    4.6000
 2.268    4.7900
 2.269    4.8900
 2.270    4.7700
 2.271    4.7000
 2.272    4.6100
 2.273    4.5500
 2.274    4.4900
 2.275    4.4700
 2.276    4.6000
 2.277    4.6200
 2.278    4.5100
 2.279    4.6800
 2.280    4.9300
 2.281    5.0300
 2.282    4.8300
 2.283    4.5900
 2.284    4.4800
 2.285    4.5000
 2.286    4.5600
 2.287    4.6400
 2.288    4.6900
 2.289    4.6300
 2.290    4.5700
 2.291    4.7300
 2.292    4.6900
 2.293    4.6900
 2.294    4.7200
 2.295    4.7800
 2.296    4.8000
 2.297    4.6700
 2.298    4.5600
 2.299    4.6800
 2.300    4.7200
 2.301    4.6800
 2.302    4.5900
 2.303    4.7000
 2.304    4.7100
 2.305    4.6800
 2.306    4.6500
 2.307    4.6900
 2.308    4.7100
 2.309    4.6900
 2.310    4.7600
 2.311    4.7100
 2.312    4.6000
 2.313    4.6400
 2.314    4.7000
 2.315    4.6900
 2.316    4.7000
 2.317    4.6800
 2.318    4.4600
 2.319    4.4400
 2.320    4.5900
 2.321    4.7500
 2.322    4.7600
 2.323    4.7300
 2.324    4.6000
 2.326    4.6800
 2.327    4.6800
 2.328    4.6800
 2.329    4.6000
 2.330    4.5600
 2.331    4.5200
 2.332    4.6200
 2.333    4.6000
 2.334    4.5900
 2.335    4.7700
 2.336    4.8300
 2.337    4.7000
 2.338    4.6900
 2.339    4.5700
 2.340    4.4000
 2.341    4.3700
 2.342    4.4600
 2.343    4.4200
 2.344    4.5400
 2.346    4.6600
 2.347    4.7200
 2.348    4.6800
 2.349    4.6900
 2.350    4.7000
 2.351    4.7200
 2.352    4.6400
 2.353    4.5600
 2.354    4.5400
 2.355    4.7300
 2.356    4.7700
 2.357    4.6700
 2.358    4.7100
 2.359    4.6600
 2.360    4.5700
 2.362    4.6000
 2.363    4.5700
 2.364    4.5700
 2.365    4.6300
 2.366    4.7700
 2.367    4.6500
 2.368    4.5100
 2.369    4.4200
 2.370    4.5400
 2.371    4.5600
 2.372    4.5700
 2.373    4.5300
 2.375    4.4500
 2.376    4.4100
 2.377    4.5600
 2.378    4.7200
 2.379    4.8000
 2.380    4.7800
 2.381    4.6900
 2.382    4.6100
 2.383    4.5700
 2.384    4.5500
 2.385    4.5900
 2.387    4.5200
 2.388    4.4400
 2.389    4.4200
 2.390    4.5200
 2.391    4.4700
 2.392    4.3700
 2.393    4.4000
 2.394    4.4900
 2.395    4.4900
 2.396    4.5600
 2.398    4.7100
 2.399    4.7800
 2.400    4.5900
 2.401    4.5000
 2.402    4.5200
 2.403    4.6200
 2.404    4.6900
 2.405    4.6100
 2.406    4.4100
 2.408    4.3600
 2.409    4.4200
 2.410    4.5800
 2.411    4.5400
 2.412    4.5000
 2.413    4.4400
 2.414    4.5300
 2.415    4.5100
 2.417    4.4900
 2.418    4.4200
 2.419    4.4500
 2.420    4.6200
 2.421    4.6300
 2.422    4.3600
 2.423    4.5800
 2.424    4.6300
 2.426    4.5000
 2.427    4.5900
 2.428    4.6300
 2.429    4.5800
 2.430    4.4600
 2.431    4.3200
 2.432    4.4600
 2.434    4.5600
 2.435    4.5300
 2.436    4.5500
 2.437    4.4600
 2.438    4.3600
 2.439    4.4700
 2.440    4.4800
 2.442    4.4000
 2.443    4.4700
 2.444    4.4800
 2.445    4.3900
 2.446    4.5000
 2.447    4.5200
 2.449    4.4400
 2.450    4.3800
 2.451    4.4400
 2.452    4.5400
 2.453    4.6200
 2.454    4.6100
 2.455    4.5200
 2.457    4.4200
 2.458    4.3500
 2.459    4.3300
 2.460    4.3100
 2.461    4.2900
 2.462    4.4700
 2.464    4.6000
 2.465    4.5900
 2.466    4.5500
 2.467    4.5300
 2.468    4.4400
 2.469    4.2000
 2.471    4.1100
 2.472    4.2100
 2.473    4.3400
 2.474    4.4800
 2.475    4.5000
 2.477    4.4000
 2.478    4.3200
 2.479    4.3200
 2.480    4.3600
 2.481    4.3700
 2.482    4.2800
 2.484    4.3200
 2.485    4.4000
 2.486    4.3300
 2.487    4.2800
 2.488    4.2700
 2.490    4.3300
 2.491    4.3800
 2.492    4.3100
 2.493    4.2000
 2.494    4.0700
 2.496    4.1900
 2.497    4.3400
 2.498    4.2800
 2.499    4.2400
 2.500    4.3700
 2.502    4.3700
 2.503    4.2400
 2.504    4.2200
 2.505    4.2100
 2.506    4.2000
 2.508    4.2400
 2.509    4.2000
 2.510    4.1800
 2.511    4.2300
 2.513    4.2900
 2.514    4.4000
 2.515    4.4400
 2.516    4.3300
 2.517    4.1900
 2.519    4.1100
 2.520    4.0600
 2.521    4.0500
 2.522    4.1200
 2.524    4.1200
 2.525    4.1500
 2.526    4.2000
 2.527    4.2700
 2.528    4.1900
 2.530    4.2300
 2.531    4.2400
 2.532    4.2900
 2.533    4.3300
 2.535    4.2400
 2.536    4.2400
 2.537    4.2900
 2.538    4.2500
 2.540    4.1400
 2.541    4.1200
 2.542    4.1200
 2.543    4.0300
 2.545    4.1000
 2.546    4.0600
 2.547    4.0300
 2.548    4.1500
 2.550    4.0800
 2.551    3.9800
 2.552    3.9900
 2.553    4.1300
 2.555    4.2500
 2.556    4.0800
 2.557    4.0300
 2.558    4.0600
 2.560    3.9000
 2.561    3.7900
 2.562    3.7000
 2.563    3.6600
 2.565    3.9000
 2.566    4.1200
 2.567    4.1000
 2.569    3.9400
 2.570    4.0300
 2.571    4.1400
 2.572    3.8800
 2.574    3.7500
 2.575    3.9000
 2.576    3.9100
 2.577    4.1500
 2.579    4.2100
 2.580    4.0100
 2.581    3.8900
 2.583    3.7600
 2.584    3.6200
 2.585    3.6900
 2.586    3.5500
 2.588    3.7500
 2.589    3.9700
 2.590    4.1300
 2.592    4.0500
 2.593    3.6400
 2.594    3.2800
 2.596    3.4200
 2.597    3.7500
 2.598    3.9600
 2.599    4.0000
 2.601    3.8700
 2.602    3.7300
 2.603    3.7200
 2.605    3.5200
 2.606    3.5700
 2.607    3.7200
 2.609    3.7400
 2.610    3.9200
 2.611    3.9900
 2.613    3.9300
 2.614    3.9800
 2.615    3.7500
 2.616    3.5100
 2.618    3.5700
 2.619    3.6100
 2.620    3.7100
 2.622    3.9900
 2.623    4.0300
 2.624    3.9100
 2.626    3.6000
 2.627    3.6400
 2.628    3.6700
 2.630    3.5000
 2.631    3.6400
 2.632    3.8500
 2.634    3.8400
 2.635    4.0300
 2.636    4.1600
 2.638    4.1600
 2.639    4.1200
 2.640    3.9500
 2.642    3.9500
 2.643    4.0100
 2.645    3.6600
 2.646    3.6500
 2.647    3.7900
 2.649    3.7900
 2.650    3.7300
 2.651    3.7100
 2.653    3.8900
 2.654    3.9200
 2.655    3.7600
 2.657    3.8700
 2.658    3.7900
 2.659    3.6000
 2.661    3.5100
 2.662    3.4300
 2.664    3.2800
 2.665    3.1800
 2.666    3.2600
 2.668    3.4500
 2.669    3.2700
 2.670    3.0200
 2.672    3.2300
 2.673    3.3500
 2.675    3.4100
 2.676    3.3200
 2.677    3.3000
 2.679    3.3500
 2.680    3.4000
 2.681    3.4500
 2.683    3.3200
 2.684    3.2400
 2.686    3.0600
 2.687    3.1200
 2.688    3.2600
 2.690    3.3300
 2.691    3.0400
 2.693    2.7600
 2.694    2.7700
 2.695    2.9300
 2.697    2.7800
 2.698    2.7700
 2.700    2.7700
 2.701    2.6100
 2.702    2.4800
 2.704    2.5500
 2.705    2.5800
 2.707    2.5200
 2.708    2.3600
 2.709    2.3200
 2.711    2.3700
 2.712    2.5200
 2.714    2.5700
 2.715    2.6000
 2.717    2.5000
 2.718    2.3300
 2.719    2.0300
 2.721    2.1200
 2.722    2.2600
 2.724    2.1300
 2.725    2.1300
 2.727    2.3800
 2.728    2.4800
 2.729    2.5100
 2.731    2.4300
 2.732    2.3300
 2.734    2.1500
 2.735    2.2600
 2.737    2.3400
 2.738    2.1200
 2.740    1.8900
 2.741    2.0000
 2.742    2.0800
 2.744    2.0000
 2.745    1.9800
 2.747    2.1200
 2.748    2.1700
 2.750    2.1800
 2.751    2.1200
 2.753    2.1200
 2.754    2.0400
 2.756    2.0400
 2.757    2.0600
 2.758    2.0600
 2.760    2.0700
 2.761    1.9200
 2.763    1.9000
 2.764    1.9400
 2.766    1.9200
 2.767    1.9800
 2.769    1.9600
 2.770    2.1100
 2.772    2.0900
 2.773    2.1100
 2.775    2.1400
 2.776    2.1200
 2.778    2.0600
 2.779    2.0800
 2.781    2.0600
 2.782    2.1800
 2.784    2.1600
 2.785    2.0700
 2.787    2.0100
 2.788    2.0600
 2.790    2.0000
 2.791    2.1000
 2.793    2.2000
 2.794    2.1500
 2.796    2.0900
 2.797    2.0700
 2.799    2.1600
 2.800    2.2100
 2.802    2.0200
 2.803    1.9300
 2.805    1.9500
 2.806    2.1100
 2.808    2.2200
 2.809    2.1700
 2.811    2.0400
 2.812    2.1300
 2.814    2.2100
 2.815    2.1700
 2.817    2.0800
 2.818    2.0700
 2.820    2.1200
 2.821    2.1800
 2.823    2.1500
 2.825    2.0500
 2.826    2.0100
 2.828    2.0400
 2.829    2.1300
 2.831    2.2900
 2.832    2.2700
 2.834    2.2600
 2.835    2.2300
 2.837    2.1700
 2.838    2.0400
 2.840    2.0000
 2.842    2.0400
 2.843    2.0800
 2.845    2.0300
 2.846    2.0900
 2.848    1.9900
 2.849    2.0000
 2.851    2.0700
 2.853    2.0900
 2.854    2.1600
 2.856    2.1600
 2.857    1.9400
 2.859    1.9600
 2.860    1.9900
 2.862    2.1400
 2.864    2.1800
 2.865    2.1500
 2.867    2.0500
 2.868    2.1800
 2.870    2.2500
 2.871    2.1800
 2.873    2.1000
 2.875    2.1700
 2.876    2.2100
 2.878    2.1600
 2.879    2.2400
 2.881    2.3200
 2.883    2.2400
 2.884    2.1200
 2.886    2.0500
 2.887    2.0800
 2.889    2.0100
 2.891    1.9700
 2.892    2.0800
 2.894    2.1900
 2.896    2.1700
 2.897    2.2100
 2.899    2.1700
 2.900    2.0800
 2.902    1.9800
 2.904    2.0900
 2.905    2.1200
 2.907    2.1200
 2.909    2.0900
 2.910    2.1000
 2.912    2.1800
 2.913    2.1900
 2.915    2.2100
 2.917    2.2500
 2.918    2.0500
 2.920    1.9400
 2.922    2.0000
 2.923    2.1400
 2.925    2.2600
 2.927    2.2900
 2.928    2.2500
 2.930    2.1600
 2.932    2.0900
 2.933    2.1900
 2.935    2.3000
 2.937    2.3200
 2.938    2.2100
 2.940    2.1700
 2.942    2.2300
 2.943    2.2600
 2.945    2.1800
 2.947    2.0800
 2.948    2.1800
 2.950    2.2800
 2.952    2.2900
 2.953    2.2100
 2.955    2.0400
 2.957    2.0400
 2.958    2.0600
 2.960    2.0500
 2.962    2.1100
 2.963    2.1700
 2.965    2.1500
 2.967    2.0900
 2.968    2.1700
 2.970    2.2800
 2.972    2.2000
 2.974    2.1400
 2.975    2.1000
 2.977    2.0800
 2.979    2.0500
 2.980    2.1300
 2.982    2.2600
 2.984    2.2900
 2.986    2.2900
 2.987    2.2700
 2.989    2.0900
 2.991    2.1000
 2.992    2.2200
 2.994    2.2600
 2.996    2.2200
 2.998    2.2700
 2.999    2.2300
 3.001    2.2300
 3.003    2.2000
 3.005    2.0800
 3.006    2.0000
 3.008    2.1300
 3.010    2.2000
 3.012    2.2000
 3.013    2.1200
 3.015    2.2100
 3.017    2.2200
 3.019    2.2200
 3.020    2.2400
 3.022    2.2600
 3.024    2.2500
 3.026    2.3400
 3.027    2.3900
 3.029    2.3400
 3.031    2.2500
 3.033    2.1800
 3.034    2.1900
 3.036    2.1300
 3.038    2.0900
 3.040    2.2000
 3.042    2.2300
 3.043    2.2200
 3.045    2.1300
 3.047    2.1600
 3.049    2.2700
 3.051    2.3600
 3.052    2.3100
 3.054    2.2300
 3.056    2.1400
 3.058    2.1900
 3.060    2.2500
 3.061    2.2800
 3.063    2.3000
 3.065    2.3500
 3.067    2.2700
 3.069    2.2200
 3.070    2.3100
 3.072    2.4000
 3.074    2.3300
 3.076    2.3000
 3.078    2.2600
 3.079    2.2200
 3.081    2.2400
 3.083    2.2900
 3.085    2.2300
 3.087    2.2500
 3.089    2.2800
 3.091    2.2700
 3.092    2.2200
 3.094    2.2700
 3.096    2.3300
 3.098    2.2800
 3.100    2.2100
 3.102    2.2000
 3.103    2.2000
 3.105    2.2200
 3.107    2.2000
 3.109    2.2800
 3.111    2.3300
 3.113    2.3700
 3.115    2.2800
 3.116    2.2600
 3.118    2.3100
 3.120    2.2900
 3.122    2.3600
 3.124    2.3900
 3.126    2.3500
 3.128    2.3300
 3.130    2.3100
 3.132    2.3000
 3.133    2.2500
 3.135    2.2800
 3.137    2.3800
 3.139    2.4000
 3.141    2.3700
 3.143    2.3500
 3.145    2.3500
 3.147    2.3000
 3.149    2.3000
 3.151    2.3300
 3.152    2.3500
 3.154    2.3400
 3.156    2.2600
 3.158    2.3100
 3.160    2.3300
 3.162    2.3100
 3.164    2.3100
 3.166    2.3300
 3.168    2.2800
 3.170    2.3700
 3.172    2.4300
 3.174    2.4200
 3.176    2.3600
 3.178    2.4000
 3.180    2.4300
 3.182    2.4800
 3.183    2.4500
 3.185    2.4600
 3.187    2.5000
 3.189    2.4800
 3.191    2.4100
 3.193    2.4100
 3.195    2.4700
 3.197    2.4700
 3.199    2.3900
 3.201    2.4500
 3.203    2.5100
 3.205    2.4700
 3.207    2.4200
 3.209    2.4100
 3.211    2.3500
 3.213    2.4000
 3.215    2.4800
 3.217    2.5400
 3.219    2.5600
 3.221    2.4700
 3.223    2.3800
 3.225    2.4500
 3.227    2.5300
 3.229    2.5700
 3.231    2.4600
 3.233    2.4300
 3.235    2.5700
 3.237    2.6200
 3.239    2.5400
 3.241    2.4700
 3.243    2.4600
 3.245    2.4500
 3.247    2.4500
 3.249    2.5500
 3.251    2.5500
 3.253    2.5000
 3.255    2.5100
 3.257    2.5900
 3.259    2.5400
 3.262    2.5400
 3.264    2.6500
 3.266    2.6400
 3.268    2.5800
 3.270    2.6200
 3.272    2.6100
 3.274    2.6200
 3.276    2.5600
 3.278    2.5800
 3.280    2.6600
 3.282    2.7000
 3.284    2.7100
 3.286    2.6800
 3.288    2.6400
 3.291    2.6000
 3.293    2.6200
 3.295    2.6800
 3.297    2.6500
 3.299    2.6300
 3.301    2.6400
 3.303    2.7000
 3.305    2.7400
 3.307    2.7000
 3.309    2.6700
 3.312    2.6800
 3.314    2.6700
 3.316    2.7200
 3.318    2.7400
 3.320    2.7300
 3.322    2.6700
 3.324    2.7100
 3.326    2.8000
 3.329    2.7800
 3.331    2.7200
 3.333    2.7200
 3.335    2.7600
 3.337    2.8000
 3.339    2.7700
 3.341    2.7400
 3.344    2.6900
 3.346    2.7500
 3.348    2.8400
 3.350    2.8200
 3.352    2.6400
 3.354    2.6600
 3.357    2.8000
 3.359    2.7700
 3.361    2.7100
 3.363    2.7900
 3.365    2.8400
 3.367    2.8400
 3.370    2.8800
 3.372    2.8800
 3.374    2.9300
 3.376    2.9600
 3.378    2.9000
 3.381    2.8400
 3.383    2.9000
 3.385    2.9500
 3.387    2.9400
 3.389    2.9400
 3.392    2.9200
 3.394    2.9400
 3.396    3.0600
 3.398    3.0800
 3.401    3.0400
 3.403    3.0700
 3.405    3.0000
 3.407    2.9800
 3.409    2.9900
 3.412    3.0100
 3.414    3.0300
 3.416    3.0500
 3.418    3.1100
 3.421    3.1600
 3.423    3.0800
 3.425    3.0900
 3.428    3.1000
 3.430    3.0700
 3.432    3.0500
 3.434    3.0500
 3.437    3.0400
 3.439    3.0700
 3.441    3.0700
 3.443    3.0900
 3.446    3.1300
 3.448    3.1300
 3.450    3.1000
 3.453    3.1400
 3.455    3.1400
 3.457    3.1300
 3.460    3.1000
 3.462    3.1000
 3.464    3.1700
 3.466    3.2000
 3.469    3.1100
 3.471    3.1100
 3.473    3.1100
 3.476    3.1800
 3.478    3.2600
 3.480    3.2200
 3.483    3.1900
 3.485    3.2500
 3.487    3.2400
 3.490    3.2000
 3.492    3.2400
 3.494    3.3300
 3.497    3.2800
 3.499    3.2800
 3.502    3.3100
 3.504    3.3300
 3.506    3.3000
 3.509    3.3100
 3.511    3.3400
 3.513    3.3600
 3.516    3.3300
 3.518    3.3000
 3.521    3.3000
 3.523    3.2900
 3.525    3.2700
 3.528    3.3400
 3.530    3.3900
 3.533    3.4500
 3.535    3.4300
 3.537    3.3900
 3.540    3.4000
 3.542    3.4300
 3.545    3.4500
 3.547    3.5000
 3.550    3.4400
 3.552    3.3500
 3.554    3.3700
 3.557    3.4100
 3.559    3.4300
 3.562    3.4500
 3.564    3.4800
 3.567    3.4700
 3.569    3.4300
 3.571    3.4300
 3.574    3.4700
 3.576    3.5000
 3.579    3.4500
 3.581    3.5300
 3.584    3.5100
 3.586    3.4100
 3.589    3.4100
 3.591    3.4900
 3.594    3.5400
 3.596    3.5800
 3.599    3.6000
 3.601    3.5900
 3.604    3.5800
 3.606    3.6200
 3.609    3.6300
 3.611    3.6000
 3.614    3.6200
 3.616    3.6100
 3.619    3.5900
 3.621    3.5700
 3.624    3.5100
 3.626    3.5500
 3.629    3.5900
 3.632    3.6500
 3.634    3.6300
 3.637    3.6100
 3.639    3.6300
 3.642    3.6800
 3.644    3.7200
 3.647    3.6900
 3.649    3.6500
 3.652    3.6700
 3.655    3.6700
 3.657    3.7200
 3.660    3.7600
 3.662    3.7000
 3.665    3.6900
 3.667    3.7500
 3.670    3.7000
 3.673    3.6600
 3.675    3.7200
 3.678    3.7400
 3.680    3.7400
 3.683    3.7400
 3.686    3.7400
 3.688    3.7500
 3.691    3.7500
 3.694    3.7600
 3.696    3.7800
 3.699    3.8100
 3.701    3.7900
 3.704    3.8100
 3.707    3.7800
 3.709    3.7700
 3.712    3.7800
 3.715    3.8600
 3.717    3.8800
 3.720    3.8700
 3.723    3.8500
 3.725    3.8300
 3.728    3.7500
 3.731    3.7600
 3.733    3.8000
 3.736    3.8000
 3.739    3.7500
 3.742    3.8500
 3.744    3.9300
 3.747    3.9200
 3.750    3.9400
 3.752    3.9200
 3.755    3.8700
 3.758    3.8400
 3.761    3.8600
 3.763    3.8600
 3.766    3.8300
 3.769    3.9200
 3.771    3.9300
 3.774    3.8700
 3.777    3.8700
 3.780    3.8800
 3.782    3.8700
 3.785    3.9400
 3.788    3.9300
 3.791    3.8900
 3.794    3.8900
 3.796    3.8800
 3.799    3.8700
 3.802    3.9500
 3.805    3.9600
 3.807    3.9200
 3.810    3.9200
 3.813    3.9200
 3.816    3.9000
 3.819    3.8900
 3.822    3.9100
 3.824    3.9600
 3.827    3.9000
 3.830    3.8500
 3.833    3.8600
 3.836    3.9000
 3.838    3.8800
 3.841    3.8700
 3.844    3.8900
 3.847    3.9500
 3.850    3.9300
 3.853    3.9100
 3.856    3.8800
 3.858    3.8800
 3.861    3.8900
 3.864    3.9200
 3.867    3.9600
 3.870    3.9600
 3.873    3.8900
 3.876    3.8800
 3.879    3.8800
 3.882    3.9200
 3.884    3.9500
 3.887    3.9400
 3.890    3.9100
 3.893    3.9100
 3.896    3.8900
 3.899    3.9200
 3.902    3.9000
 3.905    3.8200
 3.908    3.8300
 3.911    3.9200
 3.914    3.9200
 3.917    3.8900
 3.920    3.8900
 3.923    3.9400
 3.926    3.9900
 3.929    3.9500
 3.932    3.8400
 3.935    3.8300
 3.938    3.9100
 3.941    3.9200
 3.944    3.8800
 3.947    3.9000
 3.950    3.8700
 3.953    3.8300
 3.956    3.8300
 3.959    3.8300
 3.962    3.8000
 3.965    3.8100
 3.968    3.8100
 3.971    3.8000
 3.974    3.8200
 3.977    3.8500
 3.980    3.8400
 3.983    3.8300
 3.986    3.8700
 3.989    3.8600
 3.992    3.8200
 3.995    3.8400
 3.998    3.8700
 4.001    3.8900
 4.004    3.9100
 4.008    3.9200
 4.011    3.9000
 4.014    3.9000
 4.017    3.8800
 4.020    3.8900
 4.023    3.9100
 4.026    3.9900
 4.029    4.0200
 4.032    3.9800
 4.036    3.9400
 4.039    3.9900
 4.042    4.0400
 4.045    4.0400
 4.048    4.0400
 4.051    4.0000
 4.055    3.9500
 4.058    4.0400
 4.061    4.0700
 4.064    4.1100
 4.067    4.1000
 4.070    4.0400
 4.074    3.9900
 4.077    3.9800
 4.080    4.0200
 4.083    4.0400
 4.087    4.0300
 4.090    4.0100
 4.093    3.9900
 4.096    4.0000
 4.099    4.0000
 4.103    4.0500
 4.106    4.0400
 4.109    3.9500
 4.112    3.9200
 4.116    4.0200
 4.119    4.0400
 4.122    4.0700
 4.126    4.0600
 4.129    4.0400
 4.132    4.0500
 4.135    4.0500
 4.139    4.0600
 4.142    4.0700
 4.145    4.0500
 4.149    4.0200
 4.152    3.9700
 4.155    3.9600
 4.159    3.9900
 4.162    4.0600
 4.165    4.1000
 4.169    4.0900
 4.172    4.1100
 4.175    4.0900
 4.179    4.0500
 4.182    4.0400
 4.185    3.9900
 4.189    3.9600
 4.192    3.9600
 4.196    3.9400
 4.199    3.9200
 4.202    3.8000
 4.206    3.6900
 4.209    3.6000
 4.213    3.5100
 4.216    3.3700
 4.219    3.2700
 4.223    3.1900
 4.226    3.1500
 4.230    3.1200
 4.233    3.1200
 4.237    3.1900
 4.240    3.2500
 4.244    3.3400
 4.247    3.3900
 4.251    3.5200
 4.254    3.6700
 4.258    3.6000
 4.261    3.4600
 4.265    3.3900
 4.268    3.3500
 4.272    3.3000
 4.275    3.2900
 4.279    3.3200
 4.282    3.3400
 4.286    3.3400
 4.289    3.3300
 4.293    3.4000
 4.296    3.4500
 4.300    3.4600
 4.304    3.5600
 4.307    3.5800
 4.311    3.6200
 4.314    3.6800
 4.318    3.7000
 4.321    3.7600
 4.325    3.7800
 4.329    3.7400
 4.332    3.7900
 4.336    3.8300
 4.340    3.8300
 4.343    3.8200
 4.347    3.8500
 4.350    3.9200
 4.354    3.9200
 4.358    3.8400
 4.361    3.8600
 4.365    3.9300
 4.369    3.9300
 4.372    3.9300
 4.376    3.9200
 4.380    3.9100
 4.384    3.9100
 4.387    3.9100
 4.391    3.8700
 4.395    3.8400
 4.398    3.8400
 4.402    3.9100
 4.406    3.9400
 4.410    3.9400
 4.413    3.8900
 4.417    3.8500
 4.421    3.8500
 4.425    3.8800
 4.428    3.8800
 4.432    3.8700
 4.436    3.8600
 4.440    3.8900
 4.444    3.9000
 4.447    3.8800
 4.451    3.8500
 4.455    3.8300
 4.459    3.8100
 4.463    3.8100
 4.467    3.8300
 4.470    3.8900
 4.474    3.9000
 4.478    3.8800
 4.482    3.8400
 4.486    3.8300
 4.490    3.8300
 4.494    3.8100
 4.498    3.8300
 4.502    3.8700
 4.505    3.8400
 4.509    3.8300
 4.513    3.8500
 4.517    3.8700
 4.521    3.8400
 4.525    3.8300
 4.529    3.8000
 4.533    3.7900
 4.537    3.8200
 4.541    3.7900
 4.545    3.7600
 4.549    3.7700
 4.553    3.7800
 4.557    3.8000
 4.561    3.8000
 4.565    3.8400
 4.569    3.8600
 4.573    3.8000
 4.577    3.7200
 4.581    3.7100
 4.585    3.7400
 4.589    3.7400
 4.593    3.7500
 4.597    3.7900
 4.601    3.7700
 4.605    3.7300
 4.610    3.7200
 4.614    3.7200
 4.618    3.7100
 4.622    3.7200
 4.626    3.7300
 4.630    3.7400
 4.634    3.7400
 4.638    3.7300
 4.643    3.7000
 4.647    3.7100
 4.651    3.6900
 4.655    3.6600
 4.659    3.6500
 4.663    3.6500
 4.668    3.6800
 4.672    3.7000
 4.676    3.7000
 4.680    3.6900
 4.684    3.6600
 4.689    3.6700
 4.693    3.6900
 4.697    3.6900
 4.701    3.6800
 4.706    3.6500
 4.710    3.6000
 4.714    3.6300
 4.719    3.6800
 4.723    3.7100
 4.727    3.7000
 4.731    3.6400
 4.736    3.6400
 4.740    3.6400
 4.744    3.6200
 4.749    3.5900
 4.753    3.6100
 4.758    3.6300
 4.762    3.6700
 4.766    3.6800
 4.771    3.6300
 4.775    3.6200
 4.779    3.6400
 4.784    3.6000
 4.788    3.6300
 4.793    3.6700
 4.797    3.6000
 4.802    3.5500
 4.806    3.5700
 4.810    3.6000
 4.815    3.5800
 4.819    3.5900
 4.824    3.6200
 4.828    3.6600
 4.833    3.6400
 4.837    3.5500
 4.842    3.5300
 4.846    3.5800
 4.851    3.5900
 4.856    3.5800
 4.860    3.5600
 4.865    3.5400
 4.869    3.5600
 4.874    3.5600
 4.878    3.5400
 4.883    3.5300
 4.888    3.5200
 4.892    3.5300
 4.897    3.5300
 4.901    3.5400
 4.906    3.5800
 4.911    3.5600
 4.915    3.5200
 4.920    3.5200
 4.925    3.5300
 4.929    3.5400
 4.934    3.5300
 4.939    3.5300
 4.943    3.5200
 4.948    3.5100
 4.953    3.5200
 4.958    3.5200
 4.962    3.5300
 4.967    3.5000
 4.972    3.4700
 4.977    3.4800
 4.981    3.4600
 4.986    3.4500
 4.991    3.4900
 4.996    3.5000
 5.001    3.5400
 5.005    3.5500
 5.010    3.4800
 5.015    3.3800
 5.020    3.4500
 5.025    3.5100
 5.030    3.4800
 5.035    3.4600
 5.040    3.4400
 5.044    3.4800
 5.049    3.4800
 5.054    3.4300
 5.059    3.4300
 5.064    3.4600
 5.069    3.5100
 5.074    3.5200
 5.079    3.4600
 5.084    3.4600
 5.089    3.4900
 5.094    3.4800
 5.099    3.4700
 5.104    3.4400
 5.109    3.4300
 5.114    3.4800
 5.119    3.4600
 5.124    3.4500
 5.129    3.4900
 5.134    3.5000
 5.139    3.4200
 5.145    3.3400
 5.150    3.4000
 5.155    3.5000
 5.160    3.4800
 5.165    3.4500
 5.170    3.4500
 5.175    3.4800
 5.180    3.5000
 5.186    3.4400
 5.191    3.3600
 5.196    3.3100
 5.201    3.3400
 5.206    3.3200
 5.212    3.3200
 5.217    3.4300
 5.222    3.4600
 5.227    3.4400
 5.233    3.4200
 5.238    3.4200
 5.243    3.4100
 5.249    3.4300
 5.254    3.4700
 5.259    3.4300
 5.265    3.4200
 5.270    3.3900
 5.275    3.3900
 5.281    3.4000
 5.286    3.3400
 5.291    3.3600
 5.297    3.3900
 5.302    3.3900
 5.308    3.4200
 5.313    3.4400
 5.319    3.4200
 5.324    3.4000
 5.330    3.4100
 5.335    3.4100
 5.341    3.2700
 5.346    3.1400
 5.352    3.2600
 5.357    3.4000
 5.363    3.3900
 5.368    3.3700
 5.374    3.3700
 5.379    3.3300
 5.385    3.3400
 5.390    3.3500
 5.396    3.3500
 5.402    3.3100
 5.407    3.3200
 5.413    3.2000
 5.419    3.0500
 5.424    3.1700
 5.430    3.3000
 5.436    3.2800
 5.441    3.2300
 5.447    3.2900
 5.453    3.2600
 5.459    3.0500
 5.464    3.0600
 5.470    3.1400
 5.476    3.1100
 5.482    3.2000
 5.487    3.2500
 5.493    3.2500
 5.499    3.2300
 5.505    3.2300
 5.511    3.2200
 5.517    3.1600
 5.523    3.1300
 5.528    3.1300
 5.534    3.1400
 5.540    3.1000
 5.546    2.9700
 5.552    2.9400
 5.558    3.0000
 5.564    3.0000
 5.570    2.8800
 5.576    2.8200
 5.582    2.9800
 5.588    3.0900
 5.594    3.0800
 5.600    3.0500
 5.606    3.0300
 5.612    3.0100
 5.618    3.0800
 5.624    3.0800
 5.630    2.9900
 5.637    2.7800
 5.643    2.8200
 5.649    2.9100
 5.655    2.9800
 5.661    3.0400
 5.667    2.9400
 5.674    2.9000
 5.680    2.9400
 5.686    2.9000
 5.692    2.9600
 5.698    2.9500
 5.705    2.7300
 5.711    2.6800
 5.717    2.7700
 5.724    2.8500
 5.730    2.8500
 5.736    2.8300
 5.743    2.7500
 5.749    2.7900
 5.755    2.7000
 5.762    2.4900
 5.768    2.6500
 5.775    2.7000
 5.781    2.7800
 5.788    2.8200
 5.794    2.8300
 5.800    2.8500
 5.807    2.7400
 5.813    2.4100
 5.820    2.2900
 5.827    2.3700
 5.833    2.5000
 5.840    2.5800
 5.846    2.5800
 5.853    2.4400
 5.859    2.3200
 5.866    2.3000
 5.873    2.0500
 5.879    1.9500
 5.886    2.0400
 5.893    2.0700
 5.899    2.2900
 5.906    2.3400
 5.913    2.2700
 5.920    2.1600
 5.926    1.9200
 5.933    1.7400
 5.940    2.0200
 5.947    2.1800
 5.954    2.2000
 5.960    2.0600
 5.967    2.0300
 5.974    2.0300
 5.981    1.8800
 5.988    1.8600
 5.995    1.9800
 6.002    1.9600
 6.009    1.9100
 6.016    1.9600
 6.023    1.9600
 6.030    1.8700
 6.037    1.6100
 6.044    1.3700
 6.051    1.6700
 6.058    1.7800
 6.065    1.6700
 6.072    1.7600
 6.079    1.9300
 6.086    1.9900
 6.094    1.9700
 6.101    1.7700
 6.108    1.5700
 6.115    1.7700
 6.122    1.9800
 6.130    1.9800
 6.137    1.9200
 6.144    1.9500
 6.151    1.9600
 6.159    2.0100
 6.166    2.0700
 6.173    1.9600
 6.181    1.9000
 6.188    2.1000
 6.195    2.1800
 6.203    2.1400
 6.210    2.1900
 6.218    2.2500
 6.225    2.3100
 6.233    2.3400
 6.240    2.4300
 6.248    2.4900
 6.255    2.4600
 6.263    2.4200
 6.270    2.4000
 6.278    2.4700
 6.286    2.5400
 6.293    2.5400
 6.301    2.5200
 6.308    2.5300
 6.316    2.5600
 6.324    2.5200
 6.332    2.3800
 6.339    2.3000
 6.347    2.4600
 6.355    2.4800
 6.363    2.3200
 6.370    2.3500
 6.378    2.4900
 6.386    2.5500
 6.394    2.4900
 6.402    2.0400
 6.410    1.8300
 6.418    2.2100
 6.426    2.4500
 6.434    2.5600
 6.442    2.6100
 6.450    2.6300
 6.458    2.6400
 6.466    2.4800
 6.474    2.3100
 6.482    2.0400
 6.490    2.0700
 6.498    2.4000
 6.506    2.4600
 6.515    2.3300
 6.523    2.4800
 6.531    2.5300
 6.539    2.4300
 6.547    2.3600
 6.556    2.2900
 6.564    2.1000
 6.572    2.1400
 6.581    2.2200
 6.589    2.3000
 6.597    2.4600
 6.606    2.4900
 6.614    2.3500
 6.623    2.1200
 6.631    1.9800
 6.640    2.2500
 6.648    2.4000
 6.657    2.3800
 6.665    2.3200
 6.674    2.3100
 6.682    2.4500
 6.691    2.5200
 6.700    2.3400
 6.708    2.2800
 6.717    2.3800
 6.726    2.5300
 6.734    2.6400
 6.743    2.5800
 6.752    2.5700
 6.761    2.5200
 6.770    2.4000
 6.778    2.3000
 6.787    2.3300
 6.796    2.5900
 6.805    2.6500
 6.814    2.4800
 6.823    2.4900
 6.832    2.6100
 6.841    2.4600
 6.850    2.1700
 6.859    2.1000
 6.868    2.4100
 6.877    2.5800
 6.886    2.6100
 6.896    2.5100
 6.905    2.5600
 6.914    2.7000
 6.923    2.7300
 6.932    2.6700
 6.942    2.5500
 6.951    2.3700
 6.960    2.4800
 6.970    2.6100
 6.979    2.5700
 6.989    2.5200
 6.998    2.5600
 7.007    2.5500
 7.017    2.5900
 7.026    2.6000
 7.036    2.4000
 7.046    2.4400
 7.055    2.6600
 7.065    2.6600
 7.074    2.6200
 7.084    2.5900
 7.094    2.6000
 7.103    2.5600
 7.113    2.5900
 7.123    2.6000
 7.133    2.5300
 7.143    2.4400
 7.152    2.4000
 7.162    2.3800
 7.172    2.5600
 7.182    2.6100
 7.192    2.4800
 7.202    2.4900
 7.212    2.6000
 7.222    2.5700
 7.232    2.5400
 7.242    2.5200
 7.252    2.5000
 7.263    2.4200
 7.273    2.4600
 7.283    2.5600
 7.293    2.5800
 7.303    2.5000
 7.314    2.4700
 7.324    2.4300
 7.334    2.4500
 7.345    2.5000
 7.355    2.5200
 7.366    2.4900
 7.376    2.4800
 7.387    2.4700
 7.397    2.4600
 7.408    2.4700
 7.418    2.5300
 7.429    2.4700
 7.440    2.3600
 7.450    2.2600
 7.461    2.2900
 7.472    2.4000
 7.483    2.4300
 7.493    2.4000
 7.504    2.4700
 7.515    2.4500
 7.526    2.4000
 7.537    2.3400
 7.548    2.3700
 7.559    2.3900
 7.570    2.3700
 7.581    2.3300
 7.592    2.3300
 7.603    2.2700
 7.614    2.2400
 7.626    2.2800
 7.637    2.3400
 7.648    2.2800
 7.659    2.2600
 7.671    2.2900
 7.682    2.3300
 7.694    2.2700
 7.705    2.2400
 7.716    2.2200
 7.728    2.2100
 7.739    2.2000
 7.751    2.2500
 7.763    2.2100
 7.774    2.1800
 7.786    2.1600
 7.798    2.2200
 7.809    2.2300
 7.821    2.1700
 7.833    2.1300
 7.845    2.1300
 7.857    2.1000
 7.869    2.0800
 7.881    2.0700
 7.893    2.0400
 7.905    2.0200
 7.917    2.0700
 7.929    2.0400
 7.941    2.0000
 7.953    1.9800
 7.965    2.0000
 7.978    1.9700
 7.990    1.9700
 8.002    1.9600
 8.015    1.9700
 8.027    1.9700
 8.039    1.9300
 8.052    1.8600
 8.064    1.8800
 8.077    1.8700
 8.090    1.8900
 8.102    1.8800
 8.115    1.8500
 8.128    1.8700
 8.140    1.9000
 8.153    1.8200
 8.166    1.7700
 8.179    1.7900
 8.192    1.7900
 8.205    1.7400
 8.218    1.7100
 8.231    1.6900
 8.244    1.7500
 8.257    1.7000
 8.270    1.6700
 8.283    1.6700
 8.297    1.6700
 8.310    1.6400
 8.323    1.6500
 8.337    1.6100
 8.350    1.5900
 8.364    1.6400
 8.377    1.7100
 8.391    1.6100
 8.404    1.6000
 8.418    1.6700
 8.431    1.7400
 8.445    1.7300
 8.459    1.7800
 8.473    1.8100
 8.487    1.7700
 8.501    1.7700
 8.515    1.8700
 8.529    1.8800
 8.543    1.9200
 8.557    1.9700
 8.571    2.0800
 8.585    2.2000
 8.599    2.2700
 8.614    2.2700
 8.628    2.3400
 8.642    2.3800
 8.657    2.4700
 8.671    2.4800
 8.686    2.6000
 8.700    2.7200
 8.715    2.7900
 8.730    2.8700
 8.744    2.9700
 8.759    3.0300
 8.774    3.1500
 8.789    3.2300
 8.804    3.3400
 8.819    3.4100
 8.834    3.5100
 8.849    3.6400
 8.864    3.8600
 8.879    4.0200
 8.894    4.1900
 8.909    4.3000
 8.925    4.3700
 8.940    4.4700
 8.956    4.6200
 8.971    4.7000
 8.987    4.8000
 9.002    4.8200
 9.018    4.8300
 9.034    4.8900
 9.049    5.1400
 9.065    5.2500
 9.081    5.3700
 9.097    5.3500
 9.113    5.3500
 9.129    5.4400
 9.145    5.5500
 9.161    5.5700
 9.178    5.6200
 9.194    5.6300
 9.210    5.7400
 9.226    5.8700
 9.243    6.0400
 9.259    6.1500
 9.276    6.3200
 9.293    6.5400
 9.309    6.7200
 9.326    6.7200
 9.343    6.7900
 9.360    6.9800
 9.377    7.1700
 9.394    7.1800
 9.411    7.3100
 9.428    7.4000
 9.445    7.3900
 9.462    7.4000
 9.479    7.4800
 9.497    7.5400
 9.514    7.6600
 9.532    7.6800
 9.549    7.5900
 9.567    7.5200
 9.585    7.5300
 9.602    7.5200
 9.620    7.5100
 9.638    7.4200
 9.656    7.4100
 9.674    7.3700
 9.692    7.3400
 9.710    7.2200
 9.728    7.0600
 9.747    6.9300
 9.765    6.8700
 9.783    6.8100
 9.802    6.8400
 9.821    6.6900
 9.839    6.6200
 9.858    6.5100
 9.877    6.3900
 9.895    6.3300
 9.914    6.2800
 9.933    6.2200
 9.952    6.1600
 9.972    6.1000
 9.991    6.1000
10.010    6.0000
10.029    5.9500
10.049    5.8200
10.068    5.7500
10.088    5.7600
10.108    5.7500
10.127    5.6800
10.147    5.6900
10.167    5.6200
10.187    5.5700
10.207    5.5800
10.227    5.6800
10.247    5.6700
10.268    5.6500
10.288    5.5200
10.309    5.4500
10.329    5.4300
10.350    5.4300
10.370    5.3000
10.391    5.2000
10.412    5.0600
10.433    4.9800
10.454    5.0200
10.475    5.1300
10.496    5.1800
10.518    5.1300
10.539    5.0600
10.560    5.0400
10.582    4.9800
10.604    4.9000
10.625    4.9400
10.647    5.0100
10.669    4.9100
10.691    4.8200
10.713    4.8300
10.735    4.9000
10.758    4.8900
10.780    4.8200
10.802    4.8000
10.825    4.7900
10.848    4.7400
10.870    4.7700
10.893    4.8200
10.916    4.8900
10.939    4.8500
10.962    4.8300
10.985    4.7200
11.009    4.7100
11.032    4.6000
11.056    4.5800
11.079    4.6700
11.103    4.7900
11.127    4.7100
11.151    4.6300
11.175    4.5500
11.199    4.5600
11.223    4.5400
11.248    4.5100
11.272    4.4700
11.297    4.4600
11.321    4.4300
11.346    4.4700
11.371    4.3900
11.396    4.3300
11.421    4.2400
11.446    4.1500
11.471    4.0400
11.497    4.0100
11.522    3.9000
11.548    3.8100
11.574    3.7000
11.600    3.6400
11.626    3.5400
11.652    3.5600
11.678    3.5200
11.704    3.5100
11.731    3.4300
11.757    3.3700
11.784    3.2000
11.811    3.1100
11.838    3.0900
11.865    3.1200
11.892    3.0500
11.920    3.0400
11.947    2.9700
11.975    2.9900
12.002    2.9900
12.030    2.8900
12.058    2.7800
12.086    2.8000
12.115    2.6500
12.143    2.6300
12.171    2.6500
12.200    2.6700
12.229    2.6200
12.258    2.5900
12.287    2.4200
12.316    2.4000
12.345    2.4500
12.375    2.3800
12.404    2.3000
12.434    2.3800
12.464    2.3400
12.494    2.3000
12.524    2.2400
12.554    2.2800
12.585    2.2400
12.616    2.1500
12.646    2.0700
12.677    2.1200
12.708    2.0600
12.739    2.0700
12.771    2.0400
12.802    2.0400
12.834    2.0500
12.866    2.1300
12.898    2.0400
12.930    1.9500
12.962    1.9500
12.995    2.0500
13.027    1.9800
13.060    1.9600
13.093    1.9200
13.126    1.8800
13.160    1.8900
13.193    2.0200
13.227    1.9800
13.261    2.0000
13.295    1.9300
13.329    1.9200
13.363    1.9000
13.398    1.9300
13.432    1.8700
13.467    1.8500
13.502    1.8400
13.538    1.9000
13.573    1.9000
13.609    2.0000
13.644    1.9500
13.680    1.9000
13.717    1.8900
13.753    1.9300
13.790    1.9000
13.826    2.0500
13.863    2.0400
13.900    1.9900
13.938    1.8400
13.975    1.8200
14.013    1.7800
