Name:  Basalt
Type:  Rock
Class: Igneous   
Subclass: Mafic 
Particle Size:  Whole rock chips
Sample No.:  ba9a4f
Owner:  Larry Rowan, USGS
Wavelength range:  VNIR SWIR IR
Origin:  Wadi Salima, Jordan

Description:  dark gray vesicular basalt 





Measurement:  Reflectance
First Column:  X
Second Column:  Y
X Units:  Wavelength (micrometers)
Y Units:  Reflectance (percent)
First X Value:  0.4
Last X Value:  14.01309
Number of X Values:  2826
Additional Information:  ba9a4fa.txt
 0.400   10.2000
 0.401   10.2000
 0.402   10.4000
 0.403   10.2000
 0.404   10.1000
 0.405   10.2000
 0.406   10.0000
 0.407   10.0000
 0.408   10.2000
 0.409   10.1000
 0.410   10.0000
 0.411   10.2000
 0.412   10.2000
 0.413   10.2000
 0.414   10.2000
 0.415   10.4000
 0.416   10.2000
 0.417   10.2000
 0.418   10.1000
 0.419   10.0000
 0.420   10.0000
 0.421    9.8000
 0.422   10.0000
 0.423    9.8000
 0.424   10.0000
 0.425   10.0000
 0.426    9.8000
 0.427    9.8000
 0.428   10.0000
 0.429    9.7000
 0.430    9.7000
 0.431    9.6000
 0.432    9.7000
 0.433    9.7000
 0.434    9.7000
 0.435    9.7000
 0.436    9.7000
 0.437    9.6000
 0.438    9.6000
 0.439    9.6000
 0.440    9.6000
 0.441    9.7000
 0.442    9.3000
 0.443    9.3000
 0.444    9.6000
 0.445    9.6000
 0.446    9.3000
 0.447    9.1000
 0.448    9.3000
 0.449    9.1000
 0.450    9.1000
 0.451    9.1000
 0.452    9.1000
 0.453    9.0000
 0.454    8.9000
 0.455    8.7000
 0.456    8.9000
 0.457    8.9000
 0.458    9.0000
 0.459    8.9000
 0.460    8.7000
 0.461    8.7000
 0.462    8.6000
 0.463    8.6000
 0.464    8.6000
 0.465    8.6000
 0.466    8.6000
 0.467    8.6000
 0.468    8.6000
 0.469    8.5000
 0.470    8.6000
 0.471    8.3000
 0.472    8.5000
 0.473    8.5000
 0.474    8.6000
 0.475    8.5000
 0.476    8.5000
 0.477    8.6000
 0.478    8.5000
 0.479    8.2000
 0.480    8.2000
 0.481    8.3000
 0.482    8.5000
 0.483    8.5000
 0.484    8.3000
 0.485    8.5000
 0.486    8.3000
 0.487    8.3000
 0.488    8.3000
 0.489    8.2000
 0.490    8.2000
 0.491    8.0000
 0.492    8.2000
 0.493    8.2000
 0.494    8.3000
 0.495    8.3000
 0.496    8.5000
 0.497    8.5000
 0.498    8.2000
 0.499    8.0000
 0.500    8.5000
 0.501    8.2000
 0.502    8.2000
 0.503    8.2000
 0.504    8.2000
 0.505    8.0000
 0.506    8.3000
 0.507    8.2000
 0.508    8.2000
 0.509    8.5000
 0.510    8.5000
 0.511    8.2000
 0.512    8.0000
 0.513    8.2000
 0.514    8.3000
 0.515    8.2000
 0.516    8.2000
 0.517    8.3000
 0.518    8.2000
 0.519    8.3000
 0.520    8.0000
 0.521    8.0000
 0.522    8.2000
 0.523    7.9000
 0.524    7.9000
 0.525    8.3000
 0.526    8.3000
 0.527    8.3000
 0.528    8.3000
 0.529    8.5000
 0.530    8.3000
 0.531    8.3000
 0.532    8.3000
 0.533    8.3000
 0.534    8.3000
 0.535    8.3000
 0.536    8.2000
 0.537    8.2000
 0.538    8.3000
 0.539    8.3000
 0.540    8.2000
 0.541    8.3000
 0.542    8.3000
 0.543    8.2000
 0.544    8.3000
 0.545    8.2000
 0.546    8.2000
 0.547    8.3000
 0.548    8.2000
 0.549    8.3000
 0.550    8.3000
 0.551    8.3000
 0.552    8.3000
 0.553    8.5000
 0.554    8.5000
 0.555    8.5000
 0.556    8.7000
 0.557    8.7000
 0.558    8.6000
 0.559    8.3000
 0.560    8.5000
 0.561    8.5000
 0.562    8.3000
 0.563    8.3000
 0.564    8.3000
 0.565    8.5000
 0.566    8.6000
 0.567    8.6000
 0.568    8.5000
 0.569    8.6000
 0.570    8.6000
 0.571    8.6000
 0.572    8.6000
 0.573    8.6000
 0.574    8.3000
 0.575    8.5000
 0.576    8.3000
 0.577    8.5000
 0.578    8.6000
 0.579    8.6000
 0.580    8.5000
 0.581    8.5000
 0.582    8.6000
 0.583    8.6000
 0.584    8.6000
 0.585    8.5000
 0.586    8.3000
 0.587    8.6000
 0.588    8.3000
 0.589    8.5000
 0.590    8.5000
 0.591    8.5000
 0.592    8.5000
 0.593    8.6000
 0.594    8.6000
 0.595    8.5000
 0.596    8.6000
 0.597    8.5000
 0.598    8.6000
 0.599    8.6000
 0.600    8.6000
 0.601    8.6000
 0.602    8.6000
 0.603    8.7000
 0.604    8.5000
 0.605    8.7000
 0.606    8.6000
 0.607    8.7000
 0.608    8.6000
 0.609    8.7000
 0.610    8.7000
 0.611    8.7000
 0.612    8.7000
 0.613    8.6000
 0.614    8.6000
 0.615    8.6000
 0.616    8.6000
 0.617    8.6000
 0.618    8.6000
 0.619    8.6000
 0.620    8.5000
 0.621    8.6000
 0.622    8.6000
 0.623    8.6000
 0.624    8.6000
 0.625    8.6000
 0.626    8.7000
 0.627    8.6000
 0.628    8.6000
 0.629    8.6000
 0.630    8.7000
 0.631    8.7000
 0.632    8.9000
 0.633    8.6000
 0.634    8.6000
 0.635    8.6000
 0.636    8.6000
 0.637    8.7000
 0.638    8.7000
 0.639    8.7000
 0.640    8.9000
 0.641    8.6000
 0.642    8.6000
 0.643    8.6000
 0.644    8.6000
 0.645    8.6000
 0.646    8.9000
 0.647    8.6000
 0.648    8.6000
 0.649    8.7000
 0.650    8.6000
 0.651    8.9000
 0.652    8.9000
 0.653    8.7000
 0.654    8.7000
 0.655    8.9000
 0.656    8.7000
 0.657    8.7000
 0.658    8.9000
 0.659    8.9000
 0.660    8.6000
 0.661    8.7000
 0.662    8.9000
 0.663    8.9000
 0.664    9.0000
 0.665    8.7000
 0.666    8.9000
 0.667    8.9000
 0.668    8.9000
 0.669    8.7000
 0.670    8.9000
 0.671    9.0000
 0.672    8.7000
 0.673    8.9000
 0.674    8.9000
 0.675    9.0000
 0.676    8.9000
 0.677    8.9000
 0.678    8.9000
 0.679    9.0000
 0.680    8.9000
 0.681    8.9000
 0.682    8.9000
 0.683    8.9000
 0.684    8.9000
 0.685    9.0000
 0.686    9.0000
 0.687    8.9000
 0.688    8.9000
 0.689    8.9000
 0.690    8.9000
 0.691    9.0000
 0.692    8.9000
 0.693    8.9000
 0.694    8.9000
 0.695    9.0000
 0.696    8.7000
 0.697    8.9000
 0.698    8.7000
 0.699    8.7000
 0.700    8.7000
 0.701    8.9000
 0.702    8.9000
 0.703    8.7000
 0.704    8.9000
 0.705    8.7000
 0.706    8.9000
 0.707    9.0000
 0.708    8.7000
 0.709    9.0000
 0.710    9.1000
 0.711    9.0000
 0.712    9.1000
 0.713    9.1000
 0.714    9.1000
 0.715    9.0000
 0.716    9.0000
 0.717    9.1000
 0.718    9.0000
 0.719    9.0000
 0.720    9.1000
 0.721    9.3000
 0.722    9.1000
 0.723    9.1000
 0.724    9.0000
 0.725    9.1000
 0.726    9.3000
 0.727    9.1000
 0.728    9.3000
 0.729    9.0000
 0.730    8.9000
 0.731    8.9000
 0.732    9.0000
 0.733    9.1000
 0.734    9.0000
 0.735    9.1000
 0.736    9.3000
 0.737    9.3000
 0.738    9.3000
 0.739    9.3000
 0.740    9.3000
 0.741    9.1000
 0.742    9.1000
 0.743    9.0000
 0.744    9.3000
 0.745    9.3000
 0.746    9.3000
 0.747    9.1000
 0.748    9.3000
 0.749    9.1000
 0.750    9.0000
 0.751    9.1000
 0.752    9.0000
 0.753    8.9000
 0.754    9.1000
 0.755    9.1000
 0.756    9.1000
 0.757    9.0000
 0.758    9.0000
 0.759    9.1000
 0.760    9.1000
 0.761    9.1000
 0.762    9.1000
 0.763    9.0000
 0.764    9.1000
 0.765    9.0000
 0.766    9.0000
 0.767    9.1000
 0.768    9.1000
 0.769    9.3000
 0.770    9.0000
 0.771    9.0000
 0.772    9.1000
 0.773    9.1000
 0.774    9.0000
 0.775    9.0000
 0.776    9.1000
 0.777    9.1000
 0.778    9.1000
 0.779    9.1000
 0.780    9.0000
 0.781    9.0000
 0.782    9.1000
 0.783    9.1000
 0.784    9.3000
 0.785    9.1000
 0.786    9.1000
 0.787    9.1000
 0.788    9.1000
 0.789    9.1000
 0.790    9.1000
 0.791    9.1000
 0.792    9.1000
 0.793    9.1000
 0.794    9.1000
 0.795    9.3000
 0.796    9.0000
 0.797    9.0000
 0.798    8.5000
 0.799    8.1000
 0.800    9.5000
 0.804    9.5000
 0.808    9.5000
 0.812    9.4000
 0.816    9.4000
 0.820    9.3000
 0.824    9.3000
 0.828    9.2000
 0.832    9.2000
 0.836    9.2000
 0.840    9.2000
 0.844    9.2000
 0.848    9.2000
 0.852    9.2000
 0.856    9.2000
 0.860    9.2000
 0.864    9.2000
 0.868    9.2000
 0.872    9.3000
 0.876    9.2000
 0.880    9.2000
 0.884    9.2000
 0.888    9.2000
 0.892    9.3000
 0.896    9.3000
 0.900    9.3000
 0.904    9.3000
 0.908    9.3000
 0.912    9.3000
 0.916    9.3000
 0.920    9.3000
 0.924    9.4000
 0.928    9.2000
 0.932    9.3000
 0.936    9.4000
 0.940    9.3000
 0.944    9.4000
 0.948    9.4000
 0.952    9.3000
 0.956    9.3000
 0.960    9.3000
 0.964    9.3000
 0.968    9.3000
 0.972    9.3000
 0.976    9.3000
 0.980    9.3000
 0.984    9.3000
 0.988    9.3000
 0.992    9.4000
 0.996    9.3000
 1.000    9.3000
 1.004    9.3000
 1.008    9.3000
 1.012    9.3000
 1.016    9.4000
 1.020    9.4000
 1.024    9.4000
 1.028    9.4000
 1.032    9.4000
 1.036    9.4000
 1.040    9.2000
 1.044    9.3000
 1.048    9.3000
 1.052    9.0000
 1.056    9.0000
 1.060    9.3000
 1.064    9.2000
 1.068    9.3000
 1.072    9.2000
 1.076    9.2000
 1.080    9.0000
 1.084    9.3000
 1.088    9.2000
 1.092    9.2000
 1.096    9.3000
 1.100    9.3000
 1.104    9.2000
 1.108    9.2000
 1.112    9.2000
 1.116    9.2000
 1.120    9.0000
 1.124    9.0000
 1.128    9.0000
 1.132    8.9000
 1.136    8.9000
 1.140    8.9000
 1.144    8.9000
 1.148    8.9000
 1.152    9.0000
 1.156    8.9000
 1.160    8.9000
 1.164    8.9000
 1.168    9.0000
 1.172    8.9000
 1.176    8.9000
 1.180    8.9000
 1.184    8.9000
 1.188    8.8000
 1.192    8.8000
 1.196    8.8000
 1.200    8.8000
 1.204    8.7000
 1.208    8.7000
 1.212    8.7000
 1.216    8.8000
 1.220    8.7000
 1.224    8.7000
 1.228    8.7000
 1.232    8.7000
 1.236    8.7000
 1.240    8.7000
 1.244    8.7000
 1.248    8.5000
 1.252    8.7000
 1.256    8.7000
 1.260    8.7000
 1.264    8.5000
 1.268    8.5000
 1.272    8.4000
 1.276    8.3000
 1.280    8.3000
 1.284    8.4000
 1.288    8.3000
 1.292    8.3000
 1.296    8.3000
 1.300    8.3000
 1.304    8.4000
 1.308    8.5000
 1.312    8.4000
 1.316    8.4000
 1.320    8.4000
 1.324    8.4000
 1.328    8.3000
 1.332    8.4000
 1.336    8.3000
 1.340    8.3000
 1.344    8.3000
 1.348    8.4000
 1.352    8.3000
 1.356    8.2000
 1.360    8.2000
 1.364    8.2000
 1.368    8.2000
 1.372    8.2000
 1.376    8.2000
 1.380    8.2000
 1.384    8.1000
 1.388    8.2000
 1.392    8.2000
 1.396    8.1000
 1.400    8.1000
 1.404    8.1000
 1.408    8.1000
 1.412    7.9000
 1.416    8.1000
 1.420    8.1000
 1.424    8.1000
 1.428    7.9000
 1.432    7.9000
 1.436    7.9000
 1.440    7.9000
 1.444    7.9000
 1.448    8.1000
 1.452    8.1000
 1.456    8.1000
 1.460    8.1000
 1.464    7.8000
 1.468    7.8000
 1.472    7.8000
 1.476    7.8000
 1.480    7.8000
 1.484    7.8000
 1.488    8.1000
 1.492    7.9000
 1.496    7.8000
 1.500    7.8000
 1.504    7.8000
 1.508    7.8000
 1.512    7.9000
 1.516    7.9000
 1.520    7.8000
 1.524    7.8000
 1.528    7.8000
 1.532    7.8000
 1.536    7.8000
 1.540    7.8000
 1.544    7.8000
 1.548    7.8000
 1.552    7.8000
 1.556    7.9000
 1.560    7.8000
 1.564    7.8000
 1.568    7.8000
 1.572    7.8000
 1.576    7.7000
 1.580    7.8000
 1.584    7.8000
 1.588    7.8000
 1.592    7.8000
 1.596    7.7000
 1.600    7.7000
 1.604    7.7000
 1.608    7.7000
 1.612    7.8000
 1.616    7.7000
 1.620    7.8000
 1.624    7.8000
 1.628    7.7000
 1.632    7.7000
 1.636    7.6000
 1.640    7.7000
 1.644    7.7000
 1.648    7.7000
 1.652    7.7000
 1.656    7.7000
 1.660    7.6000
 1.664    7.6000
 1.668    7.7000
 1.672    7.6000
 1.676    7.6000
 1.680    7.6000
 1.684    7.6000
 1.688    7.6000
 1.692    7.6000
 1.696    7.6000
 1.700    7.6000
 1.704    7.6000
 1.708    7.4000
 1.712    7.4000
 1.716    7.4000
 1.720    7.4000
 1.724    7.6000
 1.728    7.6000
 1.732    7.6000
 1.736    7.7000
 1.740    7.4000
 1.744    7.4000
 1.748    7.4000
 1.752    7.3000
 1.756    7.4000
 1.760    7.3000
 1.764    7.3000
 1.768    7.4000
 1.772    7.4000
 1.776    7.4000
 1.780    7.4000
 1.784    7.3000
 1.788    7.4000
 1.792    7.4000
 1.796    7.3000
 1.800    7.3000
 1.804    7.3000
 1.808    7.3000
 1.812    7.3000
 1.816    7.3000
 1.820    7.3000
 1.824    7.3000
 1.828    7.2000
 1.832    7.2000
 1.836    7.2000
 1.840    7.2000
 1.844    7.2000
 1.848    7.2000
 1.852    7.2000
 1.856    7.2000
 1.860    7.2000
 1.864    7.2000
 1.868    7.2000
 1.872    7.2000
 1.876    7.1000
 1.880    7.1000
 1.884    7.1000
 1.888    7.0000
 1.892    7.0000
 1.896    6.8000
 1.900    6.8000
 1.904    6.6000
 1.908    6.7000
 1.912    6.6000
 1.916    6.7000
 1.920    6.7000
 1.924    6.7000
 1.928    6.7000
 1.932    6.8000
 1.936    6.7000
 1.940    6.7000
 1.944    6.8000
 1.948    6.7000
 1.952    6.7000
 1.956    6.8000
 1.960    6.7000
 1.964    6.8000
 1.968    6.8000
 1.972    6.8000
 1.976    6.8000
 1.980    6.8000
 1.984    6.8000
 1.988    6.8000
 1.992    6.8000
 1.996    6.8000
 2.000    7.0000
 2.004    7.0000
 2.008    7.0000
 2.012    7.1000
 2.016    7.1000
 2.020    7.1000
 2.024    7.0000
 2.028    7.1000
 2.032    7.1000
 2.036    7.1000
 2.040    7.1000
 2.044    7.1000
 2.048    7.1000
 2.052    7.1000
 2.056    7.1000
 2.060    7.1000
 2.064    7.0000
 2.068    7.1000
 2.072    7.1000
 2.076    7.2000
 2.080    7.1000
 2.084    7.2000
 2.088    7.1000
 2.092    7.1000
 2.096    7.1000
 2.100    7.2000
 2.100    7.7400
 2.101    7.7800
 2.102    7.7000
 2.103    7.5600
 2.104    7.5100
 2.105    7.5800
 2.106    7.5600
 2.106    7.6800
 2.107    7.5700
 2.108    7.4200
 2.109    7.6100
 2.110    7.8400
 2.111    7.9100
 2.112    7.9600
 2.112    7.8900
 2.113    7.5100
 2.114    7.5600
 2.115    7.6100
 2.116    7.7300
 2.117    7.8700
 2.118    7.6600
 2.118    7.4400
 2.119    7.4600
 2.120    7.4700
 2.121    7.5100
 2.122    7.5700
 2.123    7.5900
 2.124    7.4700
 2.125    7.5000
 2.125    7.5100
 2.126    7.5200
 2.127    7.6300
 2.128    7.4900
 2.129    7.4900
 2.130    7.5100
 2.131    7.4500
 2.132    7.6100
 2.132    7.7700
 2.133    7.8300
 2.134    7.6600
 2.135    7.3700
 2.136    7.2000
 2.137    7.2700
 2.138    7.4400
 2.139    7.5200
 2.139    7.4800
 2.140    7.4600
 2.141    7.5300
 2.142    7.5800
 2.143    7.5300
 2.144    7.6200
 2.145    7.6300
 2.146    7.4400
 2.147    7.3700
 2.147    7.4200
 2.148    7.4400
 2.149    7.5200
 2.150    7.5100
 2.151    7.5400
 2.152    7.6000
 2.153    7.6100
 2.154    7.5400
 2.155    7.5600
 2.155    7.5100
 2.156    7.3000
 2.157    7.2900
 2.158    7.5600
 2.159    7.5400
 2.160    7.4700
 2.161    7.4600
 2.162    7.3400
 2.163    7.3600
 2.164    7.3400
 2.164    7.4400
 2.165    7.5500
 2.166    7.6600
 2.167    7.6200
 2.168    7.7000
 2.169    7.7500
 2.170    7.6000
 2.171    7.4100
 2.172    7.3600
 2.173    7.5300
 2.173    7.6200
 2.174    7.5200
 2.175    7.5700
 2.176    7.5900
 2.177    7.5500
 2.178    7.5600
 2.179    7.3800
 2.180    7.4900
 2.181    7.6200
 2.182    7.4700
 2.183    7.4400
 2.184    7.5800
 2.184    7.5700
 2.185    7.4700
 2.186    7.4500
 2.187    7.4800
 2.188    7.4500
 2.189    7.5000
 2.190    7.2200
 2.191    7.2100
 2.192    7.5200
 2.193    7.6200
 2.194    7.5700
 2.195    7.5000
 2.196    7.3300
 2.196    7.4300
 2.197    7.6400
 2.198    7.5700
 2.199    7.4700
 2.200    7.5700
 2.201    7.5000
 2.202    7.4300
 2.203    7.4400
 2.204    7.3700
 2.205    7.2300
 2.206    7.4100
 2.207    7.4700
 2.208    7.3900
 2.209    7.3200
 2.210    7.3400
 2.211    7.3600
 2.211    7.4200
 2.212    7.2900
 2.213    7.1400
 2.214    7.3700
 2.215    7.5700
 2.216    7.6000
 2.217    7.6500
 2.218    7.5500
 2.219    7.3200
 2.220    7.2600
 2.221    7.3200
 2.222    7.3300
 2.223    7.2800
 2.224    7.3800
 2.225    7.6900
 2.226    7.6700
 2.227    7.6300
 2.228    7.6100
 2.229    7.6000
 2.230    7.5900
 2.231    7.5300
 2.231    7.4800
 2.232    7.5000
 2.233    7.4700
 2.234    7.3700
 2.235    7.3800
 2.236    7.4200
 2.237    7.5100
 2.238    7.5700
 2.239    7.5100
 2.240    7.3800
 2.241    7.3100
 2.242    7.2700
 2.243    7.1300
 2.244    7.2100
 2.245    7.3400
 2.246    7.3800
 2.247    7.3600
 2.248    7.4700
 2.249    7.6700
 2.250    7.5800
 2.251    7.3200
 2.252    7.3800
 2.253    7.4400
 2.254    7.4300
 2.255    7.4800
 2.256    7.4200
 2.257    7.2800
 2.258    7.2300
 2.259    7.4100
 2.260    7.5200
 2.261    7.4500
 2.262    7.5300
 2.263    7.5700
 2.264    7.4800
 2.265    7.4600
 2.266    7.4900
 2.267    7.3400
 2.268    7.2900
 2.269    7.3100
 2.270    7.4500
 2.271    7.5500
 2.272    7.5700
 2.273    7.5900
 2.274    7.5500
 2.275    7.4500
 2.276    7.3300
 2.277    7.4000
 2.278    7.5800
 2.279    7.5700
 2.280    7.4800
 2.281    7.3600
 2.282    7.2300
 2.283    7.3100
 2.284    7.5500
 2.285    7.5500
 2.286    7.4500
 2.287    7.5000
 2.288    7.4900
 2.289    7.3800
 2.290    7.5300
 2.291    7.4900
 2.292    7.3900
 2.293    7.2800
 2.294    7.1900
 2.295    7.3700
 2.296    7.5200
 2.297    7.4100
 2.298    7.4700
 2.299    7.5200
 2.300    7.5600
 2.301    7.4600
 2.302    7.4700
 2.303    7.5000
 2.304    7.5400
 2.305    7.5200
 2.306    7.4600
 2.307    7.4700
 2.308    7.4100
 2.309    7.5700
 2.310    7.6400
 2.311    7.4100
 2.312    7.4000
 2.313    7.5700
 2.314    7.6100
 2.315    7.4700
 2.316    7.5800
 2.317    7.3900
 2.318    7.2200
 2.319    7.2600
 2.320    7.3200
 2.321    7.3500
 2.322    7.3600
 2.323    7.3000
 2.324    7.2600
 2.326    7.2700
 2.327    7.3600
 2.328    7.5100
 2.329    7.4300
 2.330    7.3600
 2.331    7.3600
 2.332    7.2200
 2.333    7.1100
 2.334    7.2600
 2.335    7.3100
 2.336    7.4000
 2.337    7.4300
 2.338    7.3200
 2.339    7.4100
 2.340    7.5100
 2.341    7.3800
 2.342    7.2800
 2.343    7.4200
 2.344    7.3900
 2.346    7.2200
 2.347    7.0500
 2.348    7.2400
 2.349    7.3200
 2.350    7.2000
 2.351    7.2200
 2.352    7.3100
 2.353    7.2800
 2.354    7.1900
 2.355    7.1000
 2.356    7.1800
 2.357    7.2100
 2.358    7.2000
 2.359    7.3800
 2.360    7.4300
 2.362    7.4100
 2.363    7.3700
 2.364    7.1800
 2.365    7.2600
 2.366    7.3100
 2.367    7.2700
 2.368    7.2600
 2.369    7.2800
 2.370    7.3200
 2.371    7.3300
 2.372    7.3500
 2.373    7.3900
 2.375    7.3000
 2.376    7.2600
 2.377    7.3300
 2.378    7.3300
 2.379    7.1800
 2.380    7.1500
 2.381    7.2000
 2.382    7.1800
 2.383    7.2500
 2.384    7.2700
 2.385    7.1500
 2.387    7.2700
 2.388    7.3800
 2.389    7.2800
 2.390    7.1600
 2.391    7.2200
 2.392    7.1900
 2.393    7.1800
 2.394    7.1500
 2.395    7.1900
 2.396    7.1800
 2.398    7.2500
 2.399    7.1300
 2.400    7.0700
 2.401    7.1100
 2.402    7.2000
 2.403    7.2200
 2.404    7.2600
 2.405    7.1600
 2.406    7.1200
 2.408    7.1200
 2.409    7.1500
 2.410    7.1200
 2.411    7.2600
 2.412    7.2400
 2.413    7.1700
 2.414    7.2200
 2.415    7.1800
 2.417    7.0600
 2.418    7.0100
 2.419    7.0300
 2.420    7.0400
 2.421    7.1600
 2.422    7.2300
 2.423    7.0600
 2.424    7.1500
 2.426    7.1700
 2.427    7.2000
 2.428    7.1600
 2.429    7.1500
 2.430    7.0400
 2.431    6.9900
 2.432    7.1400
 2.434    7.2800
 2.435    7.2200
 2.436    7.0800
 2.437    6.9400
 2.438    6.9100
 2.439    6.9900
 2.440    6.9900
 2.442    7.0000
 2.443    7.0200
 2.444    7.0300
 2.445    7.1000
 2.446    7.1000
 2.447    7.0100
 2.449    6.7600
 2.450    6.7400
 2.451    6.8800
 2.452    7.0600
 2.453    7.1100
 2.454    7.1500
 2.455    7.1900
 2.457    7.2100
 2.458    7.2800
 2.459    7.1600
 2.460    7.0000
 2.461    7.0800
 2.462    7.0300
 2.464    6.8900
 2.465    6.8700
 2.466    6.7700
 2.467    6.7800
 2.468    6.8800
 2.469    6.7600
 2.471    6.7800
 2.472    6.9300
 2.473    6.9700
 2.474    6.8700
 2.475    6.9500
 2.477    7.0100
 2.478    6.8900
 2.479    6.9100
 2.480    6.9600
 2.481    6.8600
 2.482    6.8200
 2.484    6.7100
 2.485    6.6900
 2.486    6.8000
 2.487    6.9000
 2.488    6.8700
 2.490    6.7400
 2.491    6.5900
 2.492    6.7400
 2.493    6.8900
 2.494    6.9400
 2.496    6.8800
 2.497    6.9000
 2.498    7.0100
 2.499    7.0500
 2.500    6.9000
 2.502    6.8000
 2.503    6.8100
 2.504    6.7900
 2.505    6.7400
 2.506    6.8400
 2.508    6.7800
 2.509    6.7500
 2.510    6.6900
 2.511    6.7100
 2.513    6.7900
 2.514    6.8800
 2.515    6.8100
 2.516    6.7100
 2.517    6.7000
 2.519    6.7800
 2.520    6.7700
 2.521    6.7800
 2.522    6.7900
 2.524    6.7800
 2.525    6.8000
 2.526    6.8400
 2.527    6.6500
 2.528    6.6300
 2.530    6.7000
 2.531    6.6600
 2.532    6.5900
 2.533    6.7300
 2.535    6.6900
 2.536    6.6400
 2.537    6.7300
 2.538    6.7500
 2.540    6.7200
 2.541    6.7200
 2.542    6.5700
 2.543    6.6700
 2.545    6.7000
 2.546    6.6100
 2.547    6.4600
 2.548    6.5600
 2.550    6.7000
 2.551    6.6600
 2.552    6.5700
 2.553    6.7000
 2.555    6.7700
 2.556    6.7300
 2.557    6.7100
 2.558    6.6300
 2.560    6.4000
 2.561    6.1700
 2.562    6.2600
 2.563    6.4600
 2.565    6.5400
 2.566    6.6200
 2.567    6.5200
 2.569    6.3500
 2.570    6.3500
 2.571    6.5000
 2.572    6.3200
 2.574    6.3000
 2.575    6.3700
 2.576    6.3500
 2.577    6.4200
 2.579    6.6500
 2.580    6.5500
 2.581    6.4400
 2.583    6.2100
 2.584    6.1400
 2.585    6.2800
 2.586    6.2400
 2.588    6.2500
 2.589    6.4500
 2.590    6.5100
 2.592    6.2900
 2.593    5.9400
 2.594    5.7200
 2.596    6.0200
 2.597    6.4600
 2.598    6.6000
 2.599    6.6200
 2.601    6.4500
 2.602    6.1700
 2.603    5.9700
 2.605    5.9200
 2.606    5.9700
 2.607    6.2200
 2.609    6.3100
 2.610    6.4000
 2.611    6.4700
 2.613    6.4100
 2.614    6.2900
 2.615    6.0700
 2.616    5.8500
 2.618    6.1900
 2.619    6.2900
 2.620    6.2200
 2.622    6.4700
 2.623    6.5700
 2.624    6.4600
 2.626    6.2500
 2.627    6.1700
 2.628    6.2300
 2.630    6.1800
 2.631    6.3000
 2.632    6.2700
 2.634    6.3300
 2.635    6.4900
 2.636    6.5600
 2.638    6.5100
 2.639    6.4200
 2.640    6.4100
 2.642    6.4900
 2.643    6.5100
 2.645    6.4700
 2.646    6.5200
 2.647    6.5600
 2.649    6.3800
 2.650    6.3000
 2.651    6.1100
 2.653    6.0700
 2.654    6.0900
 2.655    6.0900
 2.657    6.2300
 2.658    6.3100
 2.659    6.1700
 2.661    6.1500
 2.662    6.1300
 2.664    5.9200
 2.665    5.6300
 2.666    5.5000
 2.668    5.4900
 2.669    5.2700
 2.670    5.3200
 2.672    5.7700
 2.673    5.8100
 2.675    5.6500
 2.676    5.3600
 2.677    5.2900
 2.679    5.3800
 2.680    5.6200
 2.681    5.7300
 2.683    5.7200
 2.684    5.4600
 2.686    5.2200
 2.687    5.2700
 2.688    5.4400
 2.690    5.3700
 2.691    5.1500
 2.693    4.8000
 2.694    4.5700
 2.695    4.6000
 2.697    4.8200
 2.698    4.9200
 2.700    4.8100
 2.701    4.6700
 2.702    4.6100
 2.704    4.5300
 2.705    4.4900
 2.707    4.4400
 2.708    4.2600
 2.709    4.0700
 2.711    4.1900
 2.712    4.3600
 2.714    4.4500
 2.715    4.3000
 2.717    4.0000
 2.718    3.9000
 2.719    3.8500
 2.721    3.8400
 2.722    3.9600
 2.724    3.8600
 2.725    3.9800
 2.727    3.9900
 2.728    4.0700
 2.729    4.1300
 2.731    4.1300
 2.732    4.0300
 2.734    3.8300
 2.735    3.8900
 2.737    3.9500
 2.738    3.5100
 2.740    3.2900
 2.741    3.5200
 2.742    3.8400
 2.744    3.8700
 2.745    3.7800
 2.747    3.6700
 2.748    3.7000
 2.750    3.6100
 2.751    3.6900
 2.753    3.7600
 2.754    3.5600
 2.756    3.4700
 2.757    3.5100
 2.758    3.5000
 2.760    3.5900
 2.761    3.5100
 2.763    3.4500
 2.764    3.5700
 2.766    3.5800
 2.767    3.4700
 2.769    3.4700
 2.770    3.3600
 2.772    3.4700
 2.773    3.5700
 2.775    3.6200
 2.776    3.5800
 2.778    3.5800
 2.779    3.6000
 2.781    3.5200
 2.782    3.4700
 2.784    3.4400
 2.785    3.4600
 2.787    3.3900
 2.788    3.3100
 2.790    3.3400
 2.791    3.2700
 2.793    3.3700
 2.794    3.5700
 2.796    3.7200
 2.797    3.6200
 2.799    3.4300
 2.800    3.4100
 2.802    3.3900
 2.803    3.4200
 2.805    3.5800
 2.806    3.5400
 2.808    3.5900
 2.809    3.5900
 2.811    3.4700
 2.812    3.5000
 2.814    3.6300
 2.815    3.6000
 2.817    3.5000
 2.818    3.3800
 2.820    3.4800
 2.821    3.6200
 2.823    3.5800
 2.825    3.4300
 2.826    3.3300
 2.828    3.4100
 2.829    3.6000
 2.831    3.6700
 2.832    3.4800
 2.834    3.3400
 2.835    3.4400
 2.837    3.4300
 2.838    3.5300
 2.840    3.7300
 2.842    3.8000
 2.843    3.6500
 2.845    3.4200
 2.846    3.3600
 2.848    3.5600
 2.849    3.5600
 2.851    3.5800
 2.853    3.5800
 2.854    3.6100
 2.856    3.7600
 2.857    3.7900
 2.859    3.6600
 2.860    3.5700
 2.862    3.5800
 2.864    3.4900
 2.865    3.3700
 2.867    3.4700
 2.868    3.5600
 2.870    3.6800
 2.871    3.6500
 2.873    3.5300
 2.875    3.4600
 2.876    3.4000
 2.878    3.5700
 2.879    3.7900
 2.881    3.6500
 2.883    3.5700
 2.884    3.5900
 2.886    3.6200
 2.887    3.6600
 2.889    3.6700
 2.891    3.6800
 2.892    3.6500
 2.894    3.3900
 2.896    3.4400
 2.897    3.3800
 2.899    3.2500
 2.900    3.4200
 2.902    3.5700
 2.904    3.5700
 2.905    3.6300
 2.907    3.5900
 2.909    3.5500
 2.910    3.5400
 2.912    3.5800
 2.913    3.5600
 2.915    3.5100
 2.917    3.4300
 2.918    3.4800
 2.920    3.5500
 2.922    3.5500
 2.923    3.5000
 2.925    3.5600
 2.927    3.5600
 2.928    3.5200
 2.930    3.5400
 2.932    3.5500
 2.933    3.5200
 2.935    3.5500
 2.937    3.5800
 2.938    3.6000
 2.940    3.5400
 2.942    3.5300
 2.943    3.4900
 2.945    3.6000
 2.947    3.6500
 2.948    3.7300
 2.950    3.6900
 2.952    3.4500
 2.953    3.3400
 2.955    3.4700
 2.957    3.5800
 2.958    3.6900
 2.960    3.6200
 2.962    3.5800
 2.963    3.5800
 2.965    3.5600
 2.967    3.6100
 2.968    3.6800
 2.970    3.6800
 2.972    3.6500
 2.974    3.5800
 2.975    3.6700
 2.977    3.6100
 2.979    3.5400
 2.980    3.4400
 2.982    3.4400
 2.984    3.5000
 2.986    3.6000
 2.987    3.6500
 2.989    3.6800
 2.991    3.6100
 2.992    3.7000
 2.994    3.5700
 2.996    3.4100
 2.998    3.5700
 2.999    3.6600
 3.001    3.5900
 3.003    3.6600
 3.005    3.5800
 3.006    3.5800
 3.008    3.6400
 3.010    3.6200
 3.012    3.6400
 3.013    3.7700
 3.015    3.8100
 3.017    3.7500
 3.019    3.6200
 3.020    3.6800
 3.022    3.7000
 3.024    3.6500
 3.026    3.7100
 3.027    3.6800
 3.029    3.6000
 3.031    3.6100
 3.033    3.6300
 3.034    3.7200
 3.036    3.7200
 3.038    3.7600
 3.040    3.7600
 3.042    3.7100
 3.043    3.6400
 3.045    3.6300
 3.047    3.6500
 3.049    3.6500
 3.051    3.6500
 3.052    3.6800
 3.054    3.6000
 3.056    3.6400
 3.058    3.6900
 3.060    3.7200
 3.061    3.6400
 3.063    3.6200
 3.065    3.6700
 3.067    3.7200
 3.069    3.7400
 3.070    3.7200
 3.072    3.6000
 3.074    3.5900
 3.076    3.6700
 3.078    3.7700
 3.079    3.7000
 3.081    3.6900
 3.083    3.7200
 3.085    3.6400
 3.087    3.6000
 3.089    3.6900
 3.091    3.7300
 3.092    3.7000
 3.094    3.7400
 3.096    3.7700
 3.098    3.7600
 3.100    3.7800
 3.102    3.8100
 3.103    3.7500
 3.105    3.7100
 3.107    3.8400
 3.109    3.8200
 3.111    3.7500
 3.113    3.7200
 3.115    3.7900
 3.116    3.8400
 3.118    3.7400
 3.120    3.7100
 3.122    3.8600
 3.124    3.9300
 3.126    3.8600
 3.128    3.7600
 3.130    3.8000
 3.132    3.8600
 3.133    3.9200
 3.135    3.9200
 3.137    3.9000
 3.139    3.7900
 3.141    3.8100
 3.143    3.8700
 3.145    3.8500
 3.147    3.8800
 3.149    3.9300
 3.151    3.9400
 3.152    3.9500
 3.154    3.9900
 3.156    4.0300
 3.158    3.9200
 3.160    3.9000
 3.162    3.8900
 3.164    3.8600
 3.166    3.8200
 3.168    3.8500
 3.170    3.8900
 3.172    4.0400
 3.174    4.0800
 3.176    4.0100
 3.178    4.0000
 3.180    3.9600
 3.182    3.8700
 3.183    3.8900
 3.185    3.9600
 3.187    3.9800
 3.189    4.0000
 3.191    4.0300
 3.193    3.9800
 3.195    3.9700
 3.197    4.0200
 3.199    4.0400
 3.201    4.0100
 3.203    4.0400
 3.205    4.0400
 3.207    4.0300
 3.209    4.0400
 3.211    4.0900
 3.213    4.0900
 3.215    4.0300
 3.217    4.0600
 3.219    4.1300
 3.221    4.0800
 3.223    4.0300
 3.225    4.0300
 3.227    4.1000
 3.229    4.1000
 3.231    4.0600
 3.233    4.0600
 3.235    4.1100
 3.237    4.1600
 3.239    4.1600
 3.241    4.1700
 3.243    4.2700
 3.245    4.2200
 3.247    4.1600
 3.249    4.1900
 3.251    4.2400
 3.253    4.2300
 3.255    4.2200
 3.257    4.2500
 3.259    4.2800
 3.262    4.2800
 3.264    4.2300
 3.266    4.1300
 3.268    4.1800
 3.270    4.2600
 3.272    4.2900
 3.274    4.3300
 3.276    4.3900
 3.278    4.3600
 3.280    4.3000
 3.282    4.2600
 3.284    4.2700
 3.286    4.2800
 3.288    4.3500
 3.291    4.3900
 3.293    4.3500
 3.295    4.3300
 3.297    4.3500
 3.299    4.3300
 3.301    4.3700
 3.303    4.3200
 3.305    4.3600
 3.307    4.4600
 3.309    4.5400
 3.312    4.5000
 3.314    4.4500
 3.316    4.4600
 3.318    4.5000
 3.320    4.4300
 3.322    4.4800
 3.324    4.5000
 3.326    4.5000
 3.329    4.4900
 3.331    4.4700
 3.333    4.5000
 3.335    4.5100
 3.337    4.5300
 3.339    4.5300
 3.341    4.4900
 3.344    4.5400
 3.346    4.5200
 3.348    4.4500
 3.350    4.5100
 3.352    4.5800
 3.354    4.5700
 3.357    4.6300
 3.359    4.6100
 3.361    4.6300
 3.363    4.6900
 3.365    4.6600
 3.367    4.5500
 3.370    4.5900
 3.372    4.7100
 3.374    4.7700
 3.376    4.6300
 3.378    4.6400
 3.381    4.7800
 3.383    4.7800
 3.385    4.6900
 3.387    4.7200
 3.389    4.7700
 3.392    4.7400
 3.394    4.7300
 3.396    4.7700
 3.398    4.7900
 3.401    4.8200
 3.403    4.8400
 3.405    4.8700
 3.407    4.8500
 3.409    4.8200
 3.412    4.8200
 3.414    4.8500
 3.416    4.8300
 3.418    4.9100
 3.421    5.0300
 3.423    4.9700
 3.425    4.8600
 3.428    4.9100
 3.430    4.9400
 3.432    4.9200
 3.434    4.9300
 3.437    4.9800
 3.439    4.9500
 3.441    5.0300
 3.443    5.0100
 3.446    4.9600
 3.448    5.0000
 3.450    5.0400
 3.453    5.0200
 3.455    5.0300
 3.457    5.0000
 3.460    4.9400
 3.462    4.9400
 3.464    5.0000
 3.466    4.9700
 3.469    4.9700
 3.471    4.9500
 3.473    5.0200
 3.476    5.0600
 3.478    5.0500
 3.480    4.9900
 3.483    5.0100
 3.485    5.1200
 3.487    5.1600
 3.490    5.0200
 3.492    5.0100
 3.494    5.1000
 3.497    5.1800
 3.499    5.2300
 3.502    5.1800
 3.504    5.2300
 3.506    5.2900
 3.509    5.3100
 3.511    5.2900
 3.513    5.2200
 3.516    5.1900
 3.518    5.2100
 3.521    5.3000
 3.523    5.2600
 3.525    5.2900
 3.528    5.3200
 3.530    5.3900
 3.533    5.3600
 3.535    5.3700
 3.537    5.3700
 3.540    5.4000
 3.542    5.4600
 3.545    5.4900
 3.547    5.4200
 3.550    5.3600
 3.552    5.3600
 3.554    5.4000
 3.557    5.4500
 3.559    5.5500
 3.562    5.5200
 3.564    5.5000
 3.567    5.5300
 3.569    5.5400
 3.571    5.5400
 3.574    5.5700
 3.576    5.5200
 3.579    5.5200
 3.581    5.5300
 3.584    5.5800
 3.586    5.6400
 3.589    5.7200
 3.591    5.6700
 3.594    5.6100
 3.596    5.6200
 3.599    5.6100
 3.601    5.5600
 3.604    5.6400
 3.606    5.7100
 3.609    5.7400
 3.611    5.7200
 3.614    5.7100
 3.616    5.6800
 3.619    5.6800
 3.621    5.7200
 3.624    5.7400
 3.626    5.7200
 3.629    5.8000
 3.632    5.8000
 3.634    5.7700
 3.637    5.7900
 3.639    5.8500
 3.642    5.8400
 3.644    5.8900
 3.647    5.8800
 3.649    5.8400
 3.652    5.8300
 3.655    5.8100
 3.657    5.7800
 3.660    5.8500
 3.662    5.8600
 3.665    5.8600
 3.667    5.8800
 3.670    5.9000
 3.673    5.9000
 3.675    6.0000
 3.678    6.0000
 3.680    5.9200
 3.683    5.8800
 3.686    5.9000
 3.688    5.9100
 3.691    5.8900
 3.694    5.8800
 3.696    5.9300
 3.699    5.9800
 3.701    6.0000
 3.704    6.0100
 3.707    6.0000
 3.709    5.9500
 3.712    5.9900
 3.715    6.0000
 3.717    5.9900
 3.720    5.9500
 3.723    6.0300
 3.725    6.0500
 3.728    6.0000
 3.731    6.0100
 3.733    6.0400
 3.736    6.0500
 3.739    6.0600
 3.742    6.0300
 3.744    6.0600
 3.747    6.0400
 3.750    6.0100
 3.752    6.0300
 3.755    6.0300
 3.758    6.0500
 3.761    6.1200
 3.763    6.1800
 3.766    6.1700
 3.769    6.1000
 3.771    6.1400
 3.774    6.1300
 3.777    6.1100
 3.780    6.0600
 3.782    6.0200
 3.785    6.0700
 3.788    6.1400
 3.791    6.1300
 3.794    6.1000
 3.796    6.0900
 3.799    6.1400
 3.802    6.1400
 3.805    6.1100
 3.807    6.0800
 3.810    6.1100
 3.813    6.0500
 3.816    6.0100
 3.819    6.0200
 3.822    6.0800
 3.824    6.0700
 3.827    6.0900
 3.830    6.0700
 3.833    6.1000
 3.836    6.0500
 3.838    5.9500
 3.841    5.8800
 3.844    5.8700
 3.847    5.8800
 3.850    5.9000
 3.853    5.9600
 3.856    6.0100
 3.858    5.9900
 3.861    6.0300
 3.864    6.0000
 3.867    5.9200
 3.870    5.8900
 3.873    5.9600
 3.876    5.9300
 3.879    5.9500
 3.882    5.9800
 3.884    5.9600
 3.887    5.9200
 3.890    5.9300
 3.893    5.9300
 3.896    5.9400
 3.899    5.9600
 3.902    5.9700
 3.905    6.0300
 3.908    6.0300
 3.911    5.9800
 3.914    5.9600
 3.917    5.9200
 3.920    5.9400
 3.923    5.9500
 3.926    5.9700
 3.929    5.9700
 3.932    5.9400
 3.935    5.9400
 3.938    5.9200
 3.941    5.8600
 3.944    5.8900
 3.947    5.8800
 3.950    5.8600
 3.953    5.8300
 3.956    5.7900
 3.959    5.7500
 3.962    5.7700
 3.965    5.7400
 3.968    5.7400
 3.971    5.7700
 3.974    5.8000
 3.977    5.7900
 3.980    5.8200
 3.983    5.8300
 3.986    5.8600
 3.989    5.7800
 3.992    5.7900
 3.995    5.8500
 3.998    5.8500
 4.001    5.8800
 4.004    5.8900
 4.008    5.8600
 4.011    5.9500
 4.014    6.0200
 4.017    6.0500
 4.020    6.0300
 4.023    6.0300
 4.026    6.0400
 4.029    6.0900
 4.032    6.1100
 4.036    6.1100
 4.039    6.1000
 4.042    6.1200
 4.045    6.1200
 4.048    6.1600
 4.051    6.1300
 4.055    6.1900
 4.058    6.2400
 4.061    6.3000
 4.064    6.2900
 4.067    6.2400
 4.070    6.2300
 4.074    6.2500
 4.077    6.2300
 4.080    6.2900
 4.083    6.3000
 4.087    6.2800
 4.090    6.2500
 4.093    6.2200
 4.096    6.1900
 4.099    6.2100
 4.103    6.2400
 4.106    6.2700
 4.109    6.2400
 4.112    6.2400
 4.116    6.2500
 4.119    6.2200
 4.122    6.1400
 4.126    6.1500
 4.129    6.1800
 4.132    6.2200
 4.135    6.2200
 4.139    6.1900
 4.142    6.2100
 4.145    6.2700
 4.149    6.2400
 4.152    6.2300
 4.155    6.2100
 4.159    6.2600
 4.162    6.2400
 4.165    6.1800
 4.169    6.1400
 4.172    6.2200
 4.175    6.2500
 4.179    6.2300
 4.182    6.2300
 4.185    6.2000
 4.189    6.1700
 4.192    6.2200
 4.196    6.1700
 4.199    6.1100
 4.202    6.1100
 4.206    6.1100
 4.209    6.0000
 4.213    5.9000
 4.216    5.7900
 4.219    5.7000
 4.223    5.6400
 4.226    5.6000
 4.230    5.5600
 4.233    5.5500
 4.237    5.6200
 4.240    5.7000
 4.244    5.7200
 4.247    5.7800
 4.251    5.8900
 4.254    5.9200
 4.258    5.8600
 4.261    5.8200
 4.265    5.7600
 4.268    5.7300
 4.272    5.7200
 4.275    5.7000
 4.279    5.6800
 4.282    5.7300
 4.286    5.7100
 4.289    5.7400
 4.293    5.8100
 4.296    5.8700
 4.300    5.8300
 4.304    5.8100
 4.307    5.8600
 4.311    5.8700
 4.314    5.9300
 4.318    6.0500
 4.321    6.0700
 4.325    6.0500
 4.329    6.0600
 4.332    6.0700
 4.336    6.0900
 4.340    6.0600
 4.343    5.9600
 4.347    5.9500
 4.350    6.0000
 4.354    6.0800
 4.358    6.1100
 4.361    6.0900
 4.365    6.0600
 4.369    6.0600
 4.372    6.1000
 4.376    6.1500
 4.380    6.0500
 4.384    5.9800
 4.387    6.0400
 4.391    6.0600
 4.395    6.0200
 4.398    6.0300
 4.402    6.0100
 4.406    6.0200
 4.410    6.0200
 4.413    6.0400
 4.417    6.0200
 4.421    6.0100
 4.425    6.0200
 4.428    6.0300
 4.432    6.0400
 4.436    6.0200
 4.440    6.0400
 4.444    6.0800
 4.447    6.0500
 4.451    6.0000
 4.455    5.9200
 4.459    5.9500
 4.463    5.9900
 4.467    6.0300
 4.470    5.9800
 4.474    5.9400
 4.478    5.9000
 4.482    5.9500
 4.486    5.9700
 4.490    6.0000
 4.494    5.9700
 4.498    5.9200
 4.502    5.8900
 4.505    5.8900
 4.509    5.9200
 4.513    5.9800
 4.517    5.9300
 4.521    5.9000
 4.525    5.8800
 4.529    5.9100
 4.533    5.9300
 4.537    5.9500
 4.541    5.8800
 4.545    5.8600
 4.549    5.9000
 4.553    5.9100
 4.557    5.8400
 4.561    5.8000
 4.565    5.8000
 4.569    5.8800
 4.573    5.8700
 4.577    5.8400
 4.581    5.8500
 4.585    5.8500
 4.589    5.8100
 4.593    5.7900
 4.597    5.7600
 4.601    5.7600
 4.605    5.8100
 4.610    5.8300
 4.614    5.8500
 4.618    5.8800
 4.622    5.8200
 4.626    5.7900
 4.630    5.7600
 4.634    5.7500
 4.638    5.7100
 4.643    5.6900
 4.647    5.7500
 4.651    5.7500
 4.655    5.6100
 4.659    5.6400
 4.663    5.7500
 4.668    5.7200
 4.672    5.6600
 4.676    5.6700
 4.680    5.6800
 4.684    5.7100
 4.689    5.6700
 4.693    5.6500
 4.697    5.6400
 4.701    5.6700
 4.706    5.6800
 4.710    5.7000
 4.714    5.7300
 4.719    5.7100
 4.723    5.7000
 4.727    5.7300
 4.731    5.6800
 4.736    5.6700
 4.740    5.6200
 4.744    5.6200
 4.749    5.6500
 4.753    5.6600
 4.758    5.6100
 4.762    5.6000
 4.766    5.6500
 4.771    5.6900
 4.775    5.6400
 4.779    5.6400
 4.784    5.6600
 4.788    5.6400
 4.793    5.6000
 4.797    5.5900
 4.802    5.5900
 4.806    5.6200
 4.810    5.6400
 4.815    5.6000
 4.819    5.5600
 4.824    5.5800
 4.828    5.6100
 4.833    5.6400
 4.837    5.6000
 4.842    5.5900
 4.846    5.6000
 4.851    5.5900
 4.856    5.5300
 4.860    5.5600
 4.865    5.6100
 4.869    5.5900
 4.874    5.5500
 4.878    5.5300
 4.883    5.5300
 4.888    5.5500
 4.892    5.5000
 4.897    5.4900
 4.901    5.4900
 4.906    5.5000
 4.911    5.5300
 4.915    5.5200
 4.920    5.5000
 4.925    5.5200
 4.929    5.5000
 4.934    5.4800
 4.939    5.4500
 4.943    5.4200
 4.948    5.4400
 4.953    5.4600
 4.958    5.4500
 4.962    5.4300
 4.967    5.4500
 4.972    5.4700
 4.977    5.4300
 4.981    5.4500
 4.986    5.4700
 4.991    5.4500
 4.996    5.4300
 5.001    5.4700
 5.005    5.4700
 5.010    5.3900
 5.015    5.2800
 5.020    5.3300
 5.025    5.3700
 5.030    5.4000
 5.035    5.4100
 5.040    5.4500
 5.044    5.4600
 5.049    5.4200
 5.054    5.3900
 5.059    5.4400
 5.064    5.4400
 5.069    5.4000
 5.074    5.3500
 5.079    5.3600
 5.084    5.4000
 5.089    5.4000
 5.094    5.3700
 5.099    5.3500
 5.104    5.3500
 5.109    5.3500
 5.114    5.3300
 5.119    5.3700
 5.124    5.3700
 5.129    5.3700
 5.134    5.3600
 5.139    5.3300
 5.145    5.2600
 5.150    5.3200
 5.155    5.3300
 5.160    5.3100
 5.165    5.3600
 5.170    5.3900
 5.175    5.3500
 5.180    5.3700
 5.186    5.3800
 5.191    5.3400
 5.196    5.2800
 5.201    5.3000
 5.206    5.2300
 5.212    5.2300
 5.217    5.3100
 5.222    5.3200
 5.227    5.3300
 5.233    5.3500
 5.238    5.3300
 5.243    5.3100
 5.249    5.2700
 5.254    5.2700
 5.259    5.2900
 5.265    5.2800
 5.270    5.2300
 5.275    5.2100
 5.281    5.2300
 5.286    5.2100
 5.291    5.2200
 5.297    5.2800
 5.302    5.2500
 5.308    5.2200
 5.313    5.2100
 5.319    5.2200
 5.324    5.2300
 5.330    5.2300
 5.335    5.1800
 5.341    5.0900
 5.346    4.9600
 5.352    5.0400
 5.357    5.1600
 5.363    5.1800
 5.368    5.1400
 5.374    5.1600
 5.379    5.1800
 5.385    5.2100
 5.390    5.1800
 5.396    5.1400
 5.402    5.1000
 5.407    5.1100
 5.413    4.9800
 5.419    4.8600
 5.424    5.0000
 5.430    5.0800
 5.436    5.0500
 5.441    5.0400
 5.447    5.0600
 5.453    5.0300
 5.459    4.8000
 5.464    4.7900
 5.470    4.8600
 5.476    4.8500
 5.482    4.9200
 5.487    4.9500
 5.493    4.9500
 5.499    4.9400
 5.505    4.9400
 5.511    4.9000
 5.517    4.7900
 5.523    4.7600
 5.528    4.7900
 5.534    4.7900
 5.540    4.6900
 5.546    4.5600
 5.552    4.5100
 5.558    4.5500
 5.564    4.5400
 5.570    4.4500
 5.576    4.3700
 5.582    4.5200
 5.588    4.6200
 5.594    4.6700
 5.600    4.6600
 5.606    4.6600
 5.612    4.6400
 5.618    4.7300
 5.624    4.7100
 5.630    4.5500
 5.637    4.3100
 5.643    4.4100
 5.649    4.5500
 5.655    4.6200
 5.661    4.6500
 5.667    4.5500
 5.674    4.5100
 5.680    4.5900
 5.686    4.5500
 5.692    4.5800
 5.698    4.5100
 5.705    4.3400
 5.711    4.3200
 5.717    4.3600
 5.724    4.3700
 5.730    4.3400
 5.736    4.3400
 5.743    4.2900
 5.749    4.3300
 5.755    4.2200
 5.762    3.9600
 5.768    4.1500
 5.775    4.2800
 5.781    4.3500
 5.788    4.3800
 5.794    4.3200
 5.800    4.2600
 5.807    4.1500
 5.813    3.8400
 5.820    3.7300
 5.827    3.8600
 5.833    4.0400
 5.840    4.0500
 5.846    3.9400
 5.853    3.8000
 5.859    3.7200
 5.866    3.6900
 5.873    3.4200
 5.879    3.3300
 5.886    3.4600
 5.893    3.4400
 5.899    3.5700
 5.906    3.5500
 5.913    3.5300
 5.920    3.4700
 5.926    3.2300
 5.933    3.0000
 5.940    3.2000
 5.947    3.2800
 5.954    3.3000
 5.960    3.1500
 5.967    3.1000
 5.974    3.1400
 5.981    2.9900
 5.988    2.9500
 5.995    3.0800
 6.002    3.0700
 6.009    2.9900
 6.016    3.0500
 6.023    3.1100
 6.030    3.0500
 6.037    2.7600
 6.044    2.4700
 6.051    2.7200
 6.058    2.8300
 6.065    2.7600
 6.072    2.8300
 6.079    2.9900
 6.086    3.0000
 6.094    3.0200
 6.101    2.8900
 6.108    2.7400
 6.115    2.8900
 6.122    3.0600
 6.130    3.0800
 6.137    3.0900
 6.144    3.0800
 6.151    3.0500
 6.159    3.0700
 6.166    3.1900
 6.173    3.1600
 6.181    3.1200
 6.188    3.2600
 6.195    3.4200
 6.203    3.5000
 6.210    3.5100
 6.218    3.5300
 6.225    3.5700
 6.233    3.6100
 6.240    3.6600
 6.248    3.6800
 6.255    3.7000
 6.263    3.7700
 6.270    3.8500
 6.278    3.8700
 6.286    3.8900
 6.293    3.8900
 6.301    3.9400
 6.308    3.9900
 6.316    4.0100
 6.324    3.9900
 6.332    3.8400
 6.339    3.7600
 6.347    4.0100
 6.355    4.0800
 6.363    3.9900
 6.370    4.1100
 6.378    4.2500
 6.386    4.2800
 6.394    4.2600
 6.402    3.8300
 6.410    3.6400
 6.418    4.0900
 6.426    4.3700
 6.434    4.5600
 6.442    4.6700
 6.450    4.7500
 6.458    4.7700
 6.466    4.5000
 6.474    4.3200
 6.482    4.0400
 6.490    4.0400
 6.498    4.4500
 6.506    4.5200
 6.515    4.3300
 6.523    4.5300
 6.531    4.6200
 6.539    4.5300
 6.547    4.3900
 6.556    4.3100
 6.564    4.1100
 6.572    4.1700
 6.581    4.2200
 6.589    4.3000
 6.597    4.4300
 6.606    4.4000
 6.614    4.3000
 6.623    4.0300
 6.631    3.8100
 6.640    4.1600
 6.648    4.3800
 6.657    4.3500
 6.665    4.2400
 6.674    4.1900
 6.682    4.3200
 6.691    4.3700
 6.700    4.1500
 6.708    4.1000
 6.717    4.2000
 6.726    4.3300
 6.734    4.3700
 6.743    4.3500
 6.752    4.3500
 6.761    4.2900
 6.770    4.1900
 6.778    4.0500
 6.787    4.0600
 6.796    4.3700
 6.805    4.4100
 6.814    4.3100
 6.823    4.2600
 6.832    4.3500
 6.841    4.2100
 6.850    3.9200
 6.859    3.9200
 6.868    4.2000
 6.877    4.3000
 6.886    4.3700
 6.896    4.3200
 6.905    4.3500
 6.914    4.4200
 6.923    4.4800
 6.932    4.4700
 6.942    4.3200
 6.951    4.1200
 6.960    4.2900
 6.970    4.4000
 6.979    4.3400
 6.989    4.3400
 6.998    4.4100
 7.007    4.3400
 7.017    4.3400
 7.026    4.3400
 7.036    4.2100
 7.046    4.2600
 7.055    4.4500
 7.065    4.4700
 7.074    4.4800
 7.084    4.4700
 7.094    4.4400
 7.103    4.3000
 7.113    4.2500
 7.123    4.2800
 7.133    4.1900
 7.143    4.1000
 7.152    4.1400
 7.162    4.0800
 7.172    4.1800
 7.182    4.2200
 7.192    4.1400
 7.202    4.0500
 7.212    4.1300
 7.222    4.1300
 7.232    4.1000
 7.242    4.1200
 7.252    4.1200
 7.263    4.0300
 7.273    4.0500
 7.283    4.0900
 7.293    4.1300
 7.303    4.1500
 7.314    4.1500
 7.324    4.0500
 7.334    4.0500
 7.345    4.1100
 7.355    4.2000
 7.366    4.1800
 7.376    4.1500
 7.387    4.0900
 7.397    4.0700
 7.408    4.1100
 7.418    4.1300
 7.429    4.0800
 7.440    4.0700
 7.450    4.0300
 7.461    3.9700
 7.472    3.9300
 7.483    3.9600
 7.493    4.0000
 7.504    3.9800
 7.515    3.9700
 7.526    4.0000
 7.537    3.9600
 7.548    3.9000
 7.559    3.8500
 7.570    3.8700
 7.581    3.8900
 7.592    3.9100
 7.603    3.8800
 7.614    3.8500
 7.626    3.8500
 7.637    3.8500
 7.648    3.8000
 7.659    3.8100
 7.671    3.7600
 7.682    3.7700
 7.694    3.7300
 7.705    3.7200
 7.716    3.7700
 7.728    3.8000
 7.739    3.7900
 7.751    3.7400
 7.763    3.6600
 7.774    3.6500
 7.786    3.6300
 7.798    3.6200
 7.809    3.5800
 7.821    3.5900
 7.833    3.6000
 7.845    3.6000
 7.857    3.5500
 7.869    3.5600
 7.881    3.5100
 7.893    3.4900
 7.905    3.4500
 7.917    3.4200
 7.929    3.3800
 7.941    3.3800
 7.953    3.3600
 7.965    3.3200
 7.978    3.2800
 7.990    3.3200
 8.002    3.3100
 8.015    3.2600
 8.027    3.2300
 8.039    3.2200
 8.052    3.1900
 8.064    3.2100
 8.077    3.2100
 8.090    3.1900
 8.102    3.2000
 8.115    3.1200
 8.128    3.0300
 8.140    3.0100
 8.153    2.9700
 8.166    3.0200
 8.179    3.0100
 8.192    2.9500
 8.205    2.9000
 8.218    2.9100
 8.231    2.8900
 8.244    2.8900
 8.257    2.8600
 8.270    2.8900
 8.283    2.8100
 8.297    2.7600
 8.310    2.7700
 8.323    2.8200
 8.337    2.7700
 8.350    2.7800
 8.364    2.7700
 8.377    2.7700
 8.391    2.7800
 8.404    2.8800
 8.418    2.8800
 8.431    2.9200
 8.445    2.9100
 8.459    2.9500
 8.473    3.0300
 8.487    3.0700
 8.501    3.0500
 8.515    3.1800
 8.529    3.2600
 8.543    3.2500
 8.557    3.2600
 8.571    3.3900
 8.585    3.4400
 8.599    3.5200
 8.614    3.6500
 8.628    3.8500
 8.642    4.0200
 8.657    4.1500
 8.671    4.1700
 8.686    4.2700
 8.700    4.4200
 8.715    4.5700
 8.730    4.6600
 8.744    4.8300
 8.759    5.0300
 8.774    5.2400
 8.789    5.3100
 8.804    5.4300
 8.819    5.5900
 8.834    5.7600
 8.849    5.9300
 8.864    6.1400
 8.879    6.3100
 8.894    6.4600
 8.909    6.6100
 8.925    6.7800
 8.940    6.9600
 8.956    7.0900
 8.971    7.2300
 8.987    7.4500
 9.002    7.5800
 9.018    7.6800
 9.034    7.8000
 9.049    7.8600
 9.065    7.8700
 9.081    7.9600
 9.097    8.0600
 9.113    8.1900
 9.129    8.2500
 9.145    8.2900
 9.161    8.3500
 9.178    8.4000
 9.194    8.5300
 9.210    8.7100
 9.226    8.8100
 9.243    9.0300
 9.259    9.2200
 9.276    9.4600
 9.293    9.6400
 9.309    9.8000
 9.326    9.9400
 9.343   10.1300
 9.360   10.3100
 9.377   10.4800
 9.394   10.6000
 9.411   10.7000
 9.428   10.7600
 9.445   10.8700
 9.462   10.9700
 9.479   11.0700
 9.497   11.0600
 9.514   11.0800
 9.532   11.1500
 9.549   11.2100
 9.567   11.0700
 9.585   11.0200
 9.602   11.0900
 9.620   11.0300
 9.638   10.9600
 9.656   10.9500
 9.674   10.9500
 9.692   10.8900
 9.710   10.6500
 9.728   10.5000
 9.747   10.3000
 9.765   10.1900
 9.783   10.0800
 9.802    9.9800
 9.821    9.8300
 9.839    9.7500
 9.858    9.5700
 9.877    9.5400
 9.895    9.5000
 9.914    9.4200
 9.933    9.3500
 9.952    9.2400
 9.972    9.0900
 9.991    9.0000
10.010    8.9000
10.029    8.8600
10.049    8.7800
10.068    8.7300
10.088    8.6300
10.108    8.5500
10.127    8.5100
10.147    8.5500
10.167    8.5100
10.187    8.4900
10.207    8.5100
10.227    8.5200
10.247    8.4600
10.268    8.4100
10.288    8.2900
10.309    8.2600
10.329    8.2200
10.350    8.1200
10.370    8.0200
10.391    7.9900
10.412    7.9000
10.433    7.9000
10.454    7.8800
10.475    7.7700
10.496    7.6500
10.518    7.6800
10.539    7.7100
10.560    7.7400
10.582    7.6700
10.604    7.6200
10.625    7.5800
10.647    7.5600
10.669    7.5100
10.691    7.4800
10.713    7.3900
10.735    7.4000
10.758    7.3900
10.780    7.4300
10.802    7.4300
10.825    7.4300
10.848    7.3600
10.870    7.3600
10.893    7.3600
10.916    7.3700
10.939    7.3200
10.962    7.3000
10.985    7.3100
11.009    7.2700
11.032    7.1300
11.056    7.1100
11.079    7.1000
11.103    7.0800
11.127    7.0800
11.151    7.1200
11.175    7.0800
11.199    7.0800
11.223    7.1000
11.248    7.2000
11.272    7.2500
11.297    7.1700
11.321    7.0600
11.346    7.0600
11.371    6.9700
11.396    6.7800
11.421    6.6100
11.446    6.5300
11.471    6.4000
11.497    6.2600
11.522    6.0300
11.548    5.9000
11.574    5.8400
11.600    5.7900
11.626    5.6300
11.652    5.5400
11.678    5.4200
11.704    5.2700
11.731    5.0800
11.757    5.0300
11.784    4.9100
11.811    4.8500
11.838    4.8300
11.865    4.8400
11.892    4.7200
11.920    4.6400
11.947    4.6400
11.975    4.6500
12.002    4.4600
12.030    4.3400
12.058    4.3100
12.086    4.3200
12.115    4.2400
12.143    4.2000
12.171    4.1500
12.200    4.0200
12.229    3.9100
12.258    3.9300
12.287    3.9300
12.316    3.8600
12.345    3.7500
12.375    3.7200
12.404    3.6600
12.434    3.6100
12.464    3.5500
12.494    3.5700
12.524    3.5300
12.554    3.5200
12.585    3.4400
12.616    3.3600
12.646    3.2400
12.677    3.2300
12.708    3.2300
12.739    3.2500
12.771    3.1800
12.802    3.1700
12.834    3.1200
12.866    3.0700
12.898    3.0700
12.930    3.0800
12.962    3.0400
12.995    3.0700
13.027    3.0800
13.060    2.9900
13.093    2.9500
13.126    3.0300
13.160    2.9600
13.193    2.9400
13.227    2.9300
13.261    2.9700
13.295    2.9500
13.329    2.9400
13.363    2.9200
13.398    3.0000
13.432    2.9800
13.467    2.9400
13.502    2.9000
13.538    2.9800
13.573    2.9600
13.609    2.8900
13.644    2.8600
13.680    2.9300
13.717    2.9100
13.753    2.8600
13.790    2.7400
13.826    2.7700
13.863    2.8600
13.900    3.0800
13.938    2.9100
13.975    2.8800
14.013    2.9200
