Name:  Basalt
Type:  Rock
Class: Igneous   
Subclass: Mafic  
Particle Size:  Whole rock chips
Sample No.:  ba9c3c
Owner:  Larry Rowan, USGS
Wavelength range:  VNIR SWIR IR
Origin:  Wadi Mujib, Jordan

Description:  dark gray vesicular basalt 





Measurement:  Reflectance
First Column:  X
Second Column:  Y
X Units:  Wavelength (micrometers)
Y Units:  Reflectance (percent)
First X Value:  0.4
Last X Value:  14.01309
Number of X Values:  2826
Additional Information:  ba9c3ca.txt
 0.400   17.7700
 0.401   17.6700
 0.402   17.6700
 0.403   17.7700
 0.404   17.6700
 0.405   17.8700
 0.406   17.8700
 0.407   17.4700
 0.408   17.4700
 0.409   17.7700
 0.410   17.6700
 0.411   17.7700
 0.412   17.7700
 0.413   17.6700
 0.414   17.6700
 0.415   17.7700
 0.416   17.9700
 0.417   17.9700
 0.418   17.8700
 0.419   17.6700
 0.420   17.4700
 0.421   17.3700
 0.422   17.4700
 0.423   17.6700
 0.424   17.6700
 0.425   17.6700
 0.426   17.6700
 0.427   17.6700
 0.428   17.6700
 0.429   17.6700
 0.430   17.3700
 0.431   17.4700
 0.432   17.4700
 0.433   17.3700
 0.434   17.3700
 0.435   17.3700
 0.436   17.3700
 0.437   17.2700
 0.438   17.1700
 0.439   17.2700
 0.440   17.2700
 0.441   17.2700
 0.442   17.1700
 0.443   17.1700
 0.444   17.0700
 0.445   16.8700
 0.446   16.8700
 0.447   17.0700
 0.448   17.0700
 0.449   17.2700
 0.450   17.0700
 0.451   17.0700
 0.452   17.0700
 0.453   16.7700
 0.454   16.7700
 0.455   16.3700
 0.456   16.5700
 0.457   16.7700
 0.458   16.8700
 0.459   16.3700
 0.460   16.2700
 0.461   16.0700
 0.462   16.0700
 0.463   16.2700
 0.464   16.1700
 0.465   16.1700
 0.466   16.2700
 0.467   16.1700
 0.468   16.1700
 0.469   16.1700
 0.470   16.0700
 0.471   16.0700
 0.472   16.0700
 0.473   16.0700
 0.474   16.0700
 0.475   16.0700
 0.476   15.7700
 0.477   15.7700
 0.478   15.5700
 0.479   15.7700
 0.480   15.7700
 0.481   15.7700
 0.482   15.7700
 0.483   16.0700
 0.484   15.7700
 0.485   15.6700
 0.486   16.0700
 0.487   16.0700
 0.488   15.6700
 0.489   15.7700
 0.490   15.5700
 0.491   15.5700
 0.492   15.6700
 0.493   15.7700
 0.494   15.6700
 0.495   15.6700
 0.496   16.0700
 0.497   15.7700
 0.498   15.5700
 0.499   15.5700
 0.500   15.6700
 0.501   15.6700
 0.502   15.6700
 0.503   15.6700
 0.504   15.5700
 0.505   15.5700
 0.506   15.6700
 0.507   15.7700
 0.508   15.7700
 0.509   16.0700
 0.510   15.6700
 0.511   15.7700
 0.512   15.6700
 0.513   15.5700
 0.514   15.5700
 0.515   15.6700
 0.516   15.6700
 0.517   15.6700
 0.518   16.0700
 0.519   16.0700
 0.520   15.7700
 0.521   15.7700
 0.522   15.7700
 0.523   15.7700
 0.524   15.6700
 0.525   15.7700
 0.526   16.0700
 0.527   16.0700
 0.528   15.7700
 0.529   15.7700
 0.530   15.7700
 0.531   16.0700
 0.532   16.0700
 0.533   16.0700
 0.534   16.0700
 0.535   15.7700
 0.536   15.7700
 0.537   15.6700
 0.538   15.7700
 0.539   16.0700
 0.540   15.7700
 0.541   15.7700
 0.542   16.0700
 0.543   16.0700
 0.544   16.0700
 0.545   16.0700
 0.546   15.7700
 0.547   15.6700
 0.548   15.7700
 0.549   16.0700
 0.550   16.0700
 0.551   16.0700
 0.552   16.0700
 0.553   16.0700
 0.554   16.0700
 0.555   16.0700
 0.556   16.5700
 0.557   16.5700
 0.558   16.7700
 0.559   16.3700
 0.560   16.3700
 0.561   16.2700
 0.562   16.3700
 0.563   16.3700
 0.564   16.2700
 0.565   16.3700
 0.566   16.3700
 0.567   16.5700
 0.568   16.3700
 0.569   16.3700
 0.570   16.5700
 0.571   16.7700
 0.572   16.8700
 0.573   16.7700
 0.574   16.3700
 0.575   16.3700
 0.576   16.7700
 0.577   16.5700
 0.578   16.3700
 0.579   16.5700
 0.580   16.5700
 0.581   16.2700
 0.582   16.3700
 0.583   16.5700
 0.584   16.3700
 0.585   16.5700
 0.586   16.3700
 0.587   16.3700
 0.588   16.7700
 0.589   16.5700
 0.590   16.5700
 0.591   16.2700
 0.592   16.3700
 0.593   16.3700
 0.594   16.3700
 0.595   16.2700
 0.596   16.3700
 0.597   16.2700
 0.598   16.3700
 0.599   16.2700
 0.600   16.3700
 0.601   16.2700
 0.602   16.3700
 0.603   16.3700
 0.604   16.2700
 0.605   16.5700
 0.606   16.3700
 0.607   16.3700
 0.608   16.5700
 0.609   16.5700
 0.610   16.3700
 0.611   16.3700
 0.612   16.5700
 0.613   16.2700
 0.614   16.2700
 0.615   16.2700
 0.616   16.1700
 0.617   16.1700
 0.618   16.1700
 0.619   16.2700
 0.620   16.3700
 0.621   16.3700
 0.622   16.3700
 0.623   16.1700
 0.624   16.3700
 0.625   16.3700
 0.626   16.3700
 0.627   16.3700
 0.628   16.3700
 0.629   16.3700
 0.630   16.3700
 0.631   16.5700
 0.632   16.2700
 0.633   16.2700
 0.634   16.2700
 0.635   16.5700
 0.636   16.3700
 0.637   16.3700
 0.638   16.3700
 0.639   16.3700
 0.640   16.3700
 0.641   16.2700
 0.642   16.3700
 0.643   16.1700
 0.644   16.1700
 0.645   16.2700
 0.646   16.2700
 0.647   16.2700
 0.648   16.1700
 0.649   16.1700
 0.650   16.1700
 0.651   16.2700
 0.652   16.2700
 0.653   16.2700
 0.654   16.1700
 0.655   16.0700
 0.656   16.1700
 0.657   16.1700
 0.658   16.1700
 0.659   16.2700
 0.660   16.1700
 0.661   16.2700
 0.662   16.2700
 0.663   16.2700
 0.664   16.1700
 0.665   16.2700
 0.666   16.2700
 0.667   16.1700
 0.668   16.1700
 0.669   16.1700
 0.670   16.1700
 0.671   16.2700
 0.672   16.0700
 0.673   16.0700
 0.674   16.1700
 0.675   16.1700
 0.676   16.0700
 0.677   16.1700
 0.678   16.1700
 0.679   16.0700
 0.680   16.0700
 0.681   16.1700
 0.682   16.1700
 0.683   16.3700
 0.684   16.2700
 0.685   16.2700
 0.686   16.1700
 0.687   16.1700
 0.688   16.0700
 0.689   16.0700
 0.690   16.0700
 0.691   16.1700
 0.692   16.0700
 0.693   16.0700
 0.694   16.1700
 0.695   16.1700
 0.696   15.7700
 0.697   15.7700
 0.698   15.7700
 0.699   16.0700
 0.700   16.0700
 0.701   16.0700
 0.702   16.0700
 0.703   16.0700
 0.704   16.0700
 0.705   16.0700
 0.706   16.0700
 0.707   16.0700
 0.708   16.0700
 0.709   16.1700
 0.710   16.2700
 0.711   16.0700
 0.712   16.0700
 0.713   16.0700
 0.714   16.1700
 0.715   16.2700
 0.716   16.1700
 0.717   16.0700
 0.718   16.0700
 0.719   16.0700
 0.720   16.0700
 0.721   16.1700
 0.722   16.0700
 0.723   16.0700
 0.724   16.0700
 0.725   16.0700
 0.726   16.0700
 0.727   16.0700
 0.728   16.0700
 0.729   16.1700
 0.730   16.0700
 0.731   16.0700
 0.732   16.0700
 0.733   16.0700
 0.734   16.0700
 0.735   16.0700
 0.736   16.0700
 0.737   16.0700
 0.738   16.0700
 0.739   16.0700
 0.740   16.0700
 0.741   16.0700
 0.742   16.0700
 0.743   15.7700
 0.744   15.7700
 0.745   16.0700
 0.746   15.7700
 0.747   15.7700
 0.748   15.7700
 0.749   15.6700
 0.750   15.7700
 0.751   15.7700
 0.752   15.7700
 0.753   16.0700
 0.754   16.0700
 0.755   16.0700
 0.756   15.7700
 0.757   15.7700
 0.758   15.7700
 0.759   15.7700
 0.760   15.7700
 0.761   15.7700
 0.762   16.0700
 0.763   15.6700
 0.764   16.0700
 0.765   15.7700
 0.766   15.6700
 0.767   15.7700
 0.768   15.7700
 0.769   15.7700
 0.770   15.7700
 0.771   15.7700
 0.772   15.6700
 0.773   16.0700
 0.774   15.7700
 0.775   15.6700
 0.776   15.6700
 0.777   15.6700
 0.778   15.6700
 0.779   15.6700
 0.780   15.6700
 0.781   15.7700
 0.782   15.6700
 0.783   15.7700
 0.784   15.5700
 0.785   15.5700
 0.786   15.5700
 0.787   15.5700
 0.788   15.5700
 0.789   15.5700
 0.790   15.5700
 0.791   15.7700
 0.792   15.6700
 0.793   15.7700
 0.794   15.7700
 0.795   15.6700
 0.796   15.6700
 0.797   15.7700
 0.798   14.7700
 0.799   13.9700
 0.800   15.9700
 0.804   15.8700
 0.808   15.8700
 0.812   15.8700
 0.816   15.6700
 0.820   15.6700
 0.824   15.5700
 0.828   15.4700
 0.832   15.4700
 0.836   15.3700
 0.840   15.3700
 0.844   15.3700
 0.848   15.3700
 0.852   15.3700
 0.856   15.3700
 0.860   15.3700
 0.864   15.0700
 0.868   15.0700
 0.872   15.2700
 0.876   15.2700
 0.880   15.2700
 0.884   15.0700
 0.888   15.0700
 0.892   15.0700
 0.896   14.9700
 0.900   14.9700
 0.904   14.9700
 0.908   14.8700
 0.912   14.9700
 0.916   14.8700
 0.920   14.8700
 0.924   14.8700
 0.928   14.7700
 0.932   14.7700
 0.936   14.7700
 0.940   14.7700
 0.944   14.7700
 0.948   14.5700
 0.952   14.5700
 0.956   14.5700
 0.960   14.3700
 0.964   14.3700
 0.968   14.4700
 0.972   14.4700
 0.976   14.4700
 0.980   14.3700
 0.984   14.4700
 0.988   14.5700
 0.992   14.2700
 0.996   14.2700
 1.000   14.2700
 1.004   14.2700
 1.008   14.2700
 1.012   14.2700
 1.016   14.1700
 1.020   13.9700
 1.024   14.1700
 1.028   14.1700
 1.032   14.2700
 1.036   13.9700
 1.040   13.9700
 1.044   14.1700
 1.048   14.1700
 1.052   13.9700
 1.056   13.9700
 1.060   13.9700
 1.064   13.8700
 1.068   13.8700
 1.072   13.8700
 1.076   13.7700
 1.080   13.8700
 1.084   13.9700
 1.088   13.9700
 1.092   13.8700
 1.096   13.9700
 1.100   13.9700
 1.104   13.8700
 1.108   13.8700
 1.112   13.8700
 1.116   13.8700
 1.120   13.7700
 1.124   13.7700
 1.128   13.7700
 1.132   13.7700
 1.136   13.7700
 1.140   13.7700
 1.144   13.6700
 1.148   13.7700
 1.152   13.4700
 1.156   13.6700
 1.160   13.4700
 1.164   13.4700
 1.168   13.4700
 1.172   13.4700
 1.176   13.3700
 1.180   13.2700
 1.184   13.2700
 1.188   13.2700
 1.192   13.2700
 1.196   13.3700
 1.200   13.3700
 1.204   13.2700
 1.208   13.2700
 1.212   13.2700
 1.216   13.2700
 1.220   13.2700
 1.224   13.2700
 1.228   13.2700
 1.232   13.2700
 1.236   13.1700
 1.240   13.1700
 1.244   13.0700
 1.248   13.1700
 1.252   13.0700
 1.256   13.0700
 1.260   12.8700
 1.264   12.8700
 1.268   12.7700
 1.272   12.8700
 1.276   12.8700
 1.280   12.7700
 1.284   12.7700
 1.288   12.7700
 1.292   12.7700
 1.296   12.7700
 1.300   12.7700
 1.304   12.6700
 1.308   12.6700
 1.312   12.7700
 1.316   12.8700
 1.320   12.8700
 1.324   12.8700
 1.328   12.7700
 1.332   12.7700
 1.336   12.7700
 1.340   12.7700
 1.344   12.7700
 1.348   12.6700
 1.352   12.5700
 1.356   12.5700
 1.360   12.6700
 1.364   12.6700
 1.368   12.5700
 1.372   12.3700
 1.376   12.5700
 1.380   12.6700
 1.384   12.6700
 1.388   12.5700
 1.392   12.3700
 1.396   12.3700
 1.400   12.3700
 1.404   12.3700
 1.408   12.5700
 1.412   12.3700
 1.416   12.5700
 1.420   12.3700
 1.424   12.3700
 1.428   12.3700
 1.432   12.3700
 1.436   12.3700
 1.440   12.3700
 1.444   12.3700
 1.448   12.3700
 1.452   12.3700
 1.456   12.2700
 1.460   12.2700
 1.464   12.2700
 1.468   12.1700
 1.472   12.1700
 1.476   12.1700
 1.480   12.1700
 1.484   12.2700
 1.488   12.1700
 1.492   12.2700
 1.496   12.0700
 1.500   12.0700
 1.504   12.0700
 1.508   11.9700
 1.512   12.0700
 1.516   12.1700
 1.520   12.1700
 1.524   12.1700
 1.528   12.1700
 1.532   12.1700
 1.536   12.1700
 1.540   12.0700
 1.544   12.0700
 1.548   12.0700
 1.552   11.9700
 1.556   12.0700
 1.560   11.9700
 1.564   11.7700
 1.568   11.7700
 1.572   11.7700
 1.576   11.9700
 1.580   11.9700
 1.584   12.0700
 1.588   11.7700
 1.592   11.9700
 1.596   12.0700
 1.600   11.9700
 1.604   11.9700
 1.608   11.6700
 1.612   11.7700
 1.616   11.7700
 1.620   11.7700
 1.624   11.7700
 1.628   11.7700
 1.632   11.6700
 1.636   11.6700
 1.640   11.6700
 1.644   11.7700
 1.648   11.6700
 1.652   11.6700
 1.656   11.6700
 1.660   11.6700
 1.664   11.6700
 1.668   11.6700
 1.672   11.6700
 1.676   11.5700
 1.680   11.5700
 1.684   11.5700
 1.688   11.6700
 1.692   11.6700
 1.696   11.6700
 1.700   11.5700
 1.704   11.5700
 1.708   11.5700
 1.712   11.5700
 1.716   11.5700
 1.720   11.5700
 1.724   11.5700
 1.728   11.5700
 1.732   11.5700
 1.736   11.4700
 1.740   11.4700
 1.744   11.4700
 1.748   11.4700
 1.752   11.4700
 1.756   11.1700
 1.760   11.1700
 1.764   11.1700
 1.768   11.1700
 1.772   11.1700
 1.776   11.1700
 1.780   11.1700
 1.784   11.1700
 1.788   11.1700
 1.792   11.1700
 1.796   11.1700
 1.800   11.1700
 1.804   11.1700
 1.808   11.1700
 1.812   11.0700
 1.816   11.0700
 1.820   11.0700
 1.824   11.0700
 1.828   11.1700
 1.832   11.1700
 1.836   11.1700
 1.840   11.1700
 1.844   11.0700
 1.848   11.0700
 1.852   11.0700
 1.856   10.9700
 1.860   10.8700
 1.864   10.9700
 1.868   11.0700
 1.872   11.0700
 1.876   10.8700
 1.880   10.8700
 1.884   10.6700
 1.888   10.6700
 1.892   10.5700
 1.896   10.4700
 1.900   10.4700
 1.904   10.4700
 1.908   10.5700
 1.912   10.5700
 1.916   10.4700
 1.920   10.4700
 1.924   10.4700
 1.928   10.5700
 1.932   10.5700
 1.936   10.4700
 1.940   10.4700
 1.944   10.4700
 1.948   10.4700
 1.952   10.3700
 1.956   10.4700
 1.960   10.4700
 1.964   10.5700
 1.968   10.5700
 1.972   10.4700
 1.976   10.4700
 1.980   10.5700
 1.984   10.5700
 1.988   10.6700
 1.992   10.6700
 1.996   10.5700
 2.000   10.6700
 2.004   10.5700
 2.008   10.5700
 2.012   10.4700
 2.016   10.5700
 2.020   10.4700
 2.024   10.5700
 2.028   10.4700
 2.032   10.4700
 2.036   10.4700
 2.040   10.4700
 2.044   10.4700
 2.048   10.4700
 2.052   10.5700
 2.056   10.5700
 2.060   10.6700
 2.064   10.5700
 2.068   10.5700
 2.072   10.4700
 2.076   10.4700
 2.080   10.4700
 2.084   10.4700
 2.088   10.5700
 2.092   10.5700
 2.096   10.5700
 2.100   10.4700
 2.100   10.4700
 2.101   10.4000
 2.102   10.3400
 2.103   10.4300
 2.104   10.4400
 2.105   10.4700
 2.106   10.4600
 2.106   10.5500
 2.107   10.4300
 2.108   10.1500
 2.109   10.3200
 2.110   10.4700
 2.111   10.3500
 2.112   10.3700
 2.112   10.2200
 2.113    9.9700
 2.114   10.1300
 2.115   10.3600
 2.116   10.4200
 2.117   10.4800
 2.118   10.2200
 2.118   10.2100
 2.119   10.2200
 2.120   10.1600
 2.121   10.2300
 2.122   10.3200
 2.123   10.3600
 2.124   10.3200
 2.125   10.1700
 2.125   10.4700
 2.126   10.4900
 2.127   10.1800
 2.128   10.1000
 2.129   10.2200
 2.130   10.1200
 2.131   10.1600
 2.132   10.3300
 2.132   10.4700
 2.133   10.4500
 2.134   10.2800
 2.135   10.1800
 2.136   10.1800
 2.137   10.2100
 2.138   10.3500
 2.139   10.5400
 2.139   10.3800
 2.140   10.1100
 2.141   10.1000
 2.142   10.0700
 2.143   10.1300
 2.144   10.0700
 2.145   10.2200
 2.146   10.2800
 2.147   10.2800
 2.147   10.3900
 2.148   10.4100
 2.149   10.2000
 2.150   10.1500
 2.151   10.0700
 2.152   10.1700
 2.153   10.2600
 2.154   10.2300
 2.155   10.2200
 2.155   10.2700
 2.156   10.2400
 2.157   10.0700
 2.158    9.7300
 2.159    9.9700
 2.160   10.1300
 2.161   10.1400
 2.162    9.9700
 2.163   10.0000
 2.164   10.1400
 2.164   10.2300
 2.165   10.2600
 2.166   10.2100
 2.167   10.1000
 2.168   10.0700
 2.169   10.1200
 2.170   10.1100
 2.171   10.0400
 2.172   10.3900
 2.173   10.6300
 2.173   10.3500
 2.174   10.2100
 2.175   10.0400
 2.176    9.9100
 2.177    9.9200
 2.178    9.9900
 2.179   10.1000
 2.180   10.0800
 2.181   10.0300
 2.182    9.9400
 2.183    9.9800
 2.184   10.0800
 2.184   10.1900
 2.185   10.1500
 2.186   10.0100
 2.187    9.9600
 2.188   10.0900
 2.189   10.0500
 2.190    9.8600
 2.191    9.7100
 2.192    9.8600
 2.193    9.9200
 2.194    9.8800
 2.195    9.9700
 2.196   10.1400
 2.196   10.0400
 2.197    9.9700
 2.198    9.8600
 2.199    9.8500
 2.200    9.6500
 2.201    9.8100
 2.202   10.0100
 2.203   10.0100
 2.204    9.9100
 2.205    9.8600
 2.206    9.7800
 2.207    9.8600
 2.208   10.0200
 2.209   10.1200
 2.210   10.0000
 2.211    9.9400
 2.211    9.8800
 2.212    9.9600
 2.213   10.1000
 2.214   10.0600
 2.215    9.9300
 2.216    9.8700
 2.217    9.7700
 2.218    9.9200
 2.219    9.9400
 2.220    9.8200
 2.221    9.8500
 2.222    9.8700
 2.223    9.7900
 2.224    9.7300
 2.225    9.7700
 2.226    9.9600
 2.227   10.0200
 2.228    9.9600
 2.229    9.8400
 2.230    9.7700
 2.231    9.6700
 2.231    9.6800
 2.232    9.8300
 2.233    9.9300
 2.234    9.9100
 2.235    9.9100
 2.236    9.9000
 2.237    9.8500
 2.238    9.7000
 2.239    9.7900
 2.240    9.9500
 2.241    9.9600
 2.242    9.8900
 2.243    9.8900
 2.244    9.8300
 2.245    9.7100
 2.246    9.7100
 2.247    9.8500
 2.248    9.8100
 2.249    9.7700
 2.250    9.9600
 2.251   10.1400
 2.252    9.9400
 2.253    9.6500
 2.254    9.5200
 2.255    9.6700
 2.256    9.8900
 2.257   10.0100
 2.258    9.9100
 2.259    9.7700
 2.260    9.7400
 2.261    9.6400
 2.262    9.6600
 2.263    9.9800
 2.264    9.9700
 2.265    9.8300
 2.266    9.8300
 2.267    9.8700
 2.268    9.7700
 2.269    9.7000
 2.270    9.7200
 2.271    9.7400
 2.272    9.5700
 2.273    9.6600
 2.274    9.7300
 2.275    9.7100
 2.276    9.6200
 2.277    9.6700
 2.278    9.7600
 2.279    9.7900
 2.280    9.6800
 2.281    9.7600
 2.282    9.8300
 2.283    9.7900
 2.284    9.8800
 2.285    9.8900
 2.286    9.8200
 2.287    9.8300
 2.288    9.9100
 2.289    9.9200
 2.290    9.7200
 2.291    9.6900
 2.292    9.8300
 2.293    9.9300
 2.294    9.9500
 2.295    9.8900
 2.296    9.7000
 2.297    9.5100
 2.298    9.4900
 2.299    9.6400
 2.300    9.7300
 2.301    9.7800
 2.302    9.6700
 2.303    9.7100
 2.304    9.8500
 2.305    9.8600
 2.306    9.6500
 2.307    9.5700
 2.308    9.5800
 2.309    9.6700
 2.310    9.6400
 2.311    9.6700
 2.312    9.7100
 2.313    9.6500
 2.314    9.6000
 2.315    9.7800
 2.316    9.7900
 2.317    9.7600
 2.318    9.7500
 2.319    9.7000
 2.320    9.7300
 2.321    9.6800
 2.322    9.5400
 2.323    9.4700
 2.324    9.3600
 2.326    9.4500
 2.327    9.5100
 2.328    9.7200
 2.329    9.7400
 2.330    9.6000
 2.331    9.4500
 2.332    9.5300
 2.333    9.5400
 2.334    9.6100
 2.335    9.7200
 2.336    9.6500
 2.337    9.3600
 2.338    9.3600
 2.339    9.6000
 2.340    9.6800
 2.341    9.4600
 2.342    9.4700
 2.343    9.5700
 2.344    9.6000
 2.346    9.6600
 2.347    9.6000
 2.348    9.5200
 2.349    9.6000
 2.350    9.4700
 2.351    9.3800
 2.352    9.5100
 2.353    9.5500
 2.354    9.4600
 2.355    9.4100
 2.356    9.5100
 2.357    9.8000
 2.358    9.8000
 2.359    9.6900
 2.360    9.6600
 2.362    9.6500
 2.363    9.4700
 2.364    9.2400
 2.365    9.3300
 2.366    9.5800
 2.367    9.5600
 2.368    9.6800
 2.369    9.6400
 2.370    9.6100
 2.371    9.6000
 2.372    9.5200
 2.373    9.5300
 2.375    9.4600
 2.376    9.3200
 2.377    9.4400
 2.378    9.4900
 2.379    9.4500
 2.380    9.4800
 2.381    9.4500
 2.382    9.3100
 2.383    9.4200
 2.384    9.4300
 2.385    9.3900
 2.387    9.4500
 2.388    9.5300
 2.389    9.5700
 2.390    9.5300
 2.391    9.5400
 2.392    9.5100
 2.393    9.4400
 2.394    9.3600
 2.395    9.2200
 2.396    9.1700
 2.398    9.0800
 2.399    9.2400
 2.400    9.2900
 2.401    9.3800
 2.402    9.3700
 2.403    9.2300
 2.404    9.2700
 2.405    9.2600
 2.406    9.2200
 2.408    9.3300
 2.409    9.3300
 2.410    9.2500
 2.411    9.1500
 2.412    9.2100
 2.413    9.3500
 2.414    9.4900
 2.415    9.3800
 2.417    9.1700
 2.418    9.1000
 2.419    9.2200
 2.420    9.2600
 2.421    9.4300
 2.422    9.3500
 2.423    9.3600
 2.424    9.3600
 2.426    9.2700
 2.427    9.3500
 2.428    9.3000
 2.429    9.0900
 2.430    9.0900
 2.431    9.2200
 2.432    9.1800
 2.434    9.1500
 2.435    9.1500
 2.436    9.1200
 2.437    9.1900
 2.438    9.2100
 2.439    9.2600
 2.440    9.3300
 2.442    9.3000
 2.443    9.1700
 2.444    9.0500
 2.445    9.0300
 2.446    9.2300
 2.447    9.2100
 2.449    9.0900
 2.450    9.0900
 2.451    9.2200
 2.452    9.1700
 2.453    9.1400
 2.454    9.0800
 2.455    9.0900
 2.457    9.1600
 2.458    9.1600
 2.459    9.2500
 2.460    9.2400
 2.461    9.1900
 2.462    9.2500
 2.464    9.2200
 2.465    9.1000
 2.466    9.0300
 2.467    9.1600
 2.468    9.1300
 2.469    9.1400
 2.471    9.2100
 2.472    9.1700
 2.473    9.1100
 2.474    9.1000
 2.475    9.0700
 2.477    9.1700
 2.478    9.1500
 2.479    9.0000
 2.480    9.0200
 2.481    9.0900
 2.482    9.0700
 2.484    9.2500
 2.485    9.2000
 2.486    9.1800
 2.487    9.0300
 2.488    8.9400
 2.490    8.9200
 2.491    9.0700
 2.492    9.0600
 2.493    9.0800
 2.494    9.0000
 2.496    8.9500
 2.497    8.9700
 2.498    8.9100
 2.499    8.8400
 2.500    8.9800
 2.502    9.0900
 2.503    9.1200
 2.504    9.0300
 2.505    8.9200
 2.506    8.9200
 2.508    8.9200
 2.509    8.8700
 2.510    8.9900
 2.511    8.9900
 2.513    8.9500
 2.514    9.0100
 2.515    8.9500
 2.516    8.8900
 2.517    8.9500
 2.519    8.9400
 2.520    8.8500
 2.521    8.7500
 2.522    8.8500
 2.524    8.8000
 2.525    8.7200
 2.526    8.7800
 2.527    8.8000
 2.528    8.8200
 2.530    8.7900
 2.531    8.7700
 2.532    8.8700
 2.533    8.8800
 2.535    8.8000
 2.536    8.6900
 2.537    8.8000
 2.538    8.8700
 2.540    8.9200
 2.541    8.7900
 2.542    8.5200
 2.543    8.3100
 2.545    8.5300
 2.546    8.6800
 2.547    8.5800
 2.548    8.7000
 2.550    8.9200
 2.551    8.8800
 2.552    8.6800
 2.553    8.7300
 2.555    8.8000
 2.556    8.6400
 2.557    8.5200
 2.558    8.4200
 2.560    8.1800
 2.561    7.9300
 2.562    7.9700
 2.563    7.9400
 2.565    8.2000
 2.566    8.5800
 2.567    8.5500
 2.569    8.2800
 2.570    8.3200
 2.571    8.5500
 2.572    8.1800
 2.574    8.1100
 2.575    8.3800
 2.576    8.2700
 2.577    8.3500
 2.579    8.6100
 2.580    8.5400
 2.581    8.3400
 2.583    7.8500
 2.584    7.7800
 2.585    8.2200
 2.586    8.0600
 2.588    8.1700
 2.589    8.3800
 2.590    8.5600
 2.592    8.3800
 2.593    7.6500
 2.594    7.0100
 2.596    7.6500
 2.597    8.2500
 2.598    8.5000
 2.599    8.5400
 2.601    8.3600
 2.602    8.0700
 2.603    7.8000
 2.605    7.5100
 2.606    7.7300
 2.607    8.0400
 2.609    8.0700
 2.610    8.1900
 2.611    8.4500
 2.613    8.4000
 2.614    8.3700
 2.615    7.9300
 2.616    7.6000
 2.618    8.0000
 2.619    7.9300
 2.620    7.9000
 2.622    8.5000
 2.623    8.5200
 2.624    8.3100
 2.626    8.0200
 2.627    8.2000
 2.628    8.0700
 2.630    7.6100
 2.631    7.9600
 2.632    8.2400
 2.634    8.1100
 2.635    8.4400
 2.636    8.5500
 2.638    8.5400
 2.639    8.5300
 2.640    8.5100
 2.642    8.4800
 2.643    8.5100
 2.645    8.1300
 2.646    8.0600
 2.647    8.3500
 2.649    8.4400
 2.650    8.3800
 2.651    8.0100
 2.653    7.8800
 2.654    8.1300
 2.655    8.2600
 2.657    8.2700
 2.658    7.8800
 2.659    7.7700
 2.661    7.8200
 2.662    7.9200
 2.664    7.5400
 2.665    7.0300
 2.666    7.0600
 2.668    7.2900
 2.669    6.7300
 2.670    6.5800
 2.672    7.4500
 2.673    7.6900
 2.675    7.3800
 2.676    7.1800
 2.677    7.0300
 2.679    7.1200
 2.680    7.6500
 2.681    7.7500
 2.683    7.5000
 2.684    7.3900
 2.686    7.3100
 2.687    7.3300
 2.688    7.3300
 2.690    7.4300
 2.691    7.1800
 2.693    6.5700
 2.694    6.4400
 2.695    6.7600
 2.697    6.9200
 2.698    6.9000
 2.700    6.7000
 2.701    6.4900
 2.702    6.5800
 2.704    6.7300
 2.705    6.7500
 2.707    6.7300
 2.708    6.3100
 2.709    5.9400
 2.711    5.9300
 2.712    6.3300
 2.714    6.4700
 2.715    6.5000
 2.717    6.3600
 2.718    6.0200
 2.719    5.5100
 2.721    5.7300
 2.722    5.9700
 2.724    5.7500
 2.725    5.7400
 2.727    6.0000
 2.728    6.0900
 2.729    6.2900
 2.731    6.2700
 2.732    6.1600
 2.734    5.9300
 2.735    5.9100
 2.737    5.8100
 2.738    5.2600
 2.740    4.9800
 2.741    5.2400
 2.742    5.6500
 2.744    5.9100
 2.745    5.8900
 2.747    5.7200
 2.748    5.6800
 2.750    5.7400
 2.751    5.6700
 2.753    5.5700
 2.754    5.1000
 2.756    4.9100
 2.757    5.2300
 2.758    5.5100
 2.760    5.5700
 2.761    5.3600
 2.763    5.2000
 2.764    5.4300
 2.766    5.4700
 2.767    5.3800
 2.769    5.2100
 2.770    5.1400
 2.772    5.3100
 2.773    5.6100
 2.775    5.6700
 2.776    5.5800
 2.778    5.5300
 2.779    5.3900
 2.781    5.3500
 2.782    5.5000
 2.784    5.5700
 2.785    5.4200
 2.787    5.2200
 2.788    5.4000
 2.790    5.5900
 2.791    5.5900
 2.793    5.5500
 2.794    5.5200
 2.796    5.5200
 2.797    5.4500
 2.799    5.3900
 2.800    5.4500
 2.802    5.1800
 2.803    5.1400
 2.805    5.4500
 2.806    5.6200
 2.808    5.6300
 2.809    5.4600
 2.811    5.4200
 2.812    5.6300
 2.814    5.5700
 2.815    5.4300
 2.817    5.4500
 2.818    5.3400
 2.820    5.2100
 2.821    5.4300
 2.823    5.6000
 2.825    5.6100
 2.826    5.4500
 2.828    5.4200
 2.829    5.4200
 2.831    5.3800
 2.832    5.4700
 2.834    5.5300
 2.835    5.4500
 2.837    5.3600
 2.838    5.3500
 2.840    5.4700
 2.842    5.5700
 2.843    5.6200
 2.845    5.4900
 2.846    5.4600
 2.848    5.4800
 2.849    5.4800
 2.851    5.4500
 2.853    5.4100
 2.854    5.3700
 2.856    5.4900
 2.857    5.4500
 2.859    5.4000
 2.860    5.4700
 2.862    5.6200
 2.864    5.5900
 2.865    5.5000
 2.867    5.4800
 2.868    5.5600
 2.870    5.5500
 2.871    5.5200
 2.873    5.5100
 2.875    5.5200
 2.876    5.4500
 2.878    5.4600
 2.879    5.4600
 2.881    5.4800
 2.883    5.5400
 2.884    5.5000
 2.886    5.4200
 2.887    5.5900
 2.889    5.5600
 2.891    5.4600
 2.892    5.5500
 2.894    5.5700
 2.896    5.3900
 2.897    5.4200
 2.899    5.5000
 2.900    5.5500
 2.902    5.5100
 2.904    5.5200
 2.905    5.4600
 2.907    5.4500
 2.909    5.5100
 2.910    5.5200
 2.912    5.4400
 2.913    5.5100
 2.915    5.5400
 2.917    5.5400
 2.918    5.5500
 2.920    5.5100
 2.922    5.5100
 2.923    5.4800
 2.925    5.4100
 2.927    5.4900
 2.928    5.5500
 2.930    5.5400
 2.932    5.4600
 2.933    5.5200
 2.935    5.5300
 2.937    5.5900
 2.938    5.4800
 2.940    5.3200
 2.942    5.3300
 2.943    5.4200
 2.945    5.5200
 2.947    5.6700
 2.948    5.6900
 2.950    5.5800
 2.952    5.5300
 2.953    5.5900
 2.955    5.5300
 2.957    5.4900
 2.958    5.5900
 2.960    5.6600
 2.962    5.5300
 2.963    5.4600
 2.965    5.4200
 2.967    5.5400
 2.968    5.6000
 2.970    5.4700
 2.972    5.3800
 2.974    5.4400
 2.975    5.4900
 2.977    5.4900
 2.979    5.4900
 2.980    5.6000
 2.982    5.6700
 2.984    5.6600
 2.986    5.6000
 2.987    5.6000
 2.989    5.6400
 2.991    5.6000
 2.992    5.5200
 2.994    5.5600
 2.996    5.6000
 2.998    5.5700
 2.999    5.5600
 3.001    5.6800
 3.003    5.7000
 3.005    5.7200
 3.006    5.6700
 3.008    5.6400
 3.010    5.6100
 3.012    5.6300
 3.013    5.5900
 3.015    5.5700
 3.017    5.5500
 3.019    5.5400
 3.020    5.5600
 3.022    5.6000
 3.024    5.5700
 3.026    5.6400
 3.027    5.7800
 3.029    5.7800
 3.031    5.6600
 3.033    5.6100
 3.034    5.6800
 3.036    5.7200
 3.038    5.7000
 3.040    5.6800
 3.042    5.6000
 3.043    5.6100
 3.045    5.5900
 3.047    5.6000
 3.049    5.5900
 3.051    5.6200
 3.052    5.6000
 3.054    5.6100
 3.056    5.6600
 3.058    5.7700
 3.060    5.6900
 3.061    5.6000
 3.063    5.5800
 3.065    5.5600
 3.067    5.5500
 3.069    5.6500
 3.070    5.6700
 3.072    5.6900
 3.074    5.7100
 3.076    5.7600
 3.078    5.7200
 3.079    5.6600
 3.081    5.6600
 3.083    5.6700
 3.085    5.6300
 3.087    5.5900
 3.089    5.5200
 3.091    5.6000
 3.092    5.6400
 3.094    5.6200
 3.096    5.6100
 3.098    5.6600
 3.100    5.5900
 3.102    5.6300
 3.103    5.6400
 3.105    5.6000
 3.107    5.6600
 3.109    5.6900
 3.111    5.7000
 3.113    5.7900
 3.115    5.7400
 3.116    5.7000
 3.118    5.7400
 3.120    5.6600
 3.122    5.6800
 3.124    5.7500
 3.126    5.7100
 3.128    5.6800
 3.130    5.7400
 3.132    5.8100
 3.133    5.8200
 3.135    5.7200
 3.137    5.7300
 3.139    5.7800
 3.141    5.7400
 3.143    5.7700
 3.145    5.7500
 3.147    5.7300
 3.149    5.7700
 3.151    5.7900
 3.152    5.8200
 3.154    5.7800
 3.156    5.7300
 3.158    5.8300
 3.160    5.8100
 3.162    5.7500
 3.164    5.7500
 3.166    5.8100
 3.168    5.8100
 3.170    5.8400
 3.172    5.8400
 3.174    5.8700
 3.176    5.8300
 3.178    5.8200
 3.180    5.7800
 3.182    5.8100
 3.183    5.8800
 3.185    5.9900
 3.187    5.9500
 3.189    5.8600
 3.191    5.8500
 3.193    5.8600
 3.195    5.8300
 3.197    5.8000
 3.199    5.8200
 3.201    5.8600
 3.203    5.8700
 3.205    5.8600
 3.207    5.8500
 3.209    5.8500
 3.211    5.8200
 3.213    5.8800
 3.215    5.9300
 3.217    5.9400
 3.219    5.9900
 3.221    5.9800
 3.223    5.9500
 3.225    6.0100
 3.227    6.0100
 3.229    6.0500
 3.231    6.0300
 3.233    6.0400
 3.235    6.0500
 3.237    6.0000
 3.239    5.9200
 3.241    5.9600
 3.243    6.0400
 3.245    6.0700
 3.247    6.0400
 3.249    6.0100
 3.251    6.0300
 3.253    6.0400
 3.255    6.0300
 3.257    6.0700
 3.259    6.0500
 3.262    6.0700
 3.264    6.1300
 3.266    6.1500
 3.268    6.0900
 3.270    6.0600
 3.272    6.0700
 3.274    6.1100
 3.276    6.1400
 3.278    6.1500
 3.280    6.1900
 3.282    6.1700
 3.284    6.1000
 3.286    6.1600
 3.288    6.1900
 3.291    6.1900
 3.293    6.1900
 3.295    6.2100
 3.297    6.1800
 3.299    6.1600
 3.301    6.1600
 3.303    6.1900
 3.305    6.1500
 3.307    6.1500
 3.309    6.1900
 3.312    6.2200
 3.314    6.1600
 3.316    6.1600
 3.318    6.1600
 3.320    6.1700
 3.322    6.2600
 3.324    6.3300
 3.326    6.2700
 3.329    6.1800
 3.331    6.1800
 3.333    6.2400
 3.335    6.2700
 3.337    6.3200
 3.339    6.3400
 3.341    6.2400
 3.344    6.1800
 3.346    6.2200
 3.348    6.2900
 3.350    6.3900
 3.352    6.4100
 3.354    6.3400
 3.357    6.3500
 3.359    6.4600
 3.361    6.4500
 3.363    6.3600
 3.365    6.2900
 3.367    6.3500
 3.370    6.4000
 3.372    6.4500
 3.374    6.4300
 3.376    6.3700
 3.378    6.3900
 3.381    6.4700
 3.383    6.4500
 3.385    6.4800
 3.387    6.5400
 3.389    6.5400
 3.392    6.4700
 3.394    6.4400
 3.396    6.4800
 3.398    6.4900
 3.401    6.4800
 3.403    6.5700
 3.405    6.4900
 3.407    6.4300
 3.409    6.4400
 3.412    6.5100
 3.414    6.6000
 3.416    6.6600
 3.418    6.6800
 3.421    6.6900
 3.423    6.6800
 3.425    6.6800
 3.428    6.6700
 3.430    6.6600
 3.432    6.6000
 3.434    6.5200
 3.437    6.5400
 3.439    6.6100
 3.441    6.5700
 3.443    6.5600
 3.446    6.6200
 3.448    6.6900
 3.450    6.7200
 3.453    6.6700
 3.455    6.5400
 3.457    6.5700
 3.460    6.6200
 3.462    6.5800
 3.464    6.5500
 3.466    6.5300
 3.469    6.5800
 3.471    6.6800
 3.473    6.6200
 3.476    6.5800
 3.478    6.6100
 3.480    6.6500
 3.483    6.6000
 3.485    6.5700
 3.487    6.5500
 3.490    6.5300
 3.492    6.6000
 3.494    6.6600
 3.497    6.6600
 3.499    6.7000
 3.502    6.7400
 3.504    6.7000
 3.506    6.6800
 3.509    6.6500
 3.511    6.5700
 3.513    6.5800
 3.516    6.6700
 3.518    6.6800
 3.521    6.6500
 3.523    6.6800
 3.525    6.6800
 3.528    6.6800
 3.530    6.6200
 3.533    6.6300
 3.535    6.7100
 3.537    6.7700
 3.540    6.7700
 3.542    6.7000
 3.545    6.6000
 3.547    6.6200
 3.550    6.7000
 3.552    6.7500
 3.554    6.7100
 3.557    6.6800
 3.559    6.6500
 3.562    6.6400
 3.564    6.6800
 3.567    6.7100
 3.569    6.7000
 3.571    6.7600
 3.574    6.8100
 3.576    6.7900
 3.579    6.7000
 3.581    6.7000
 3.584    6.7000
 3.586    6.7200
 3.589    6.7600
 3.591    6.7900
 3.594    6.7300
 3.596    6.7000
 3.599    6.7200
 3.601    6.7500
 3.604    6.7700
 3.606    6.7700
 3.609    6.7700
 3.611    6.7900
 3.614    6.8200
 3.616    6.7700
 3.619    6.7600
 3.621    6.7600
 3.624    6.7800
 3.626    6.8400
 3.629    6.8300
 3.632    6.7700
 3.634    6.7400
 3.637    6.8500
 3.639    6.8300
 3.642    6.7200
 3.644    6.7300
 3.647    6.8400
 3.649    6.8100
 3.652    6.7700
 3.655    6.7500
 3.657    6.7500
 3.660    6.7900
 3.662    6.8300
 3.665    6.8000
 3.667    6.7400
 3.670    6.7000
 3.673    6.8000
 3.675    6.8700
 3.678    6.8400
 3.680    6.7900
 3.683    6.7900
 3.686    6.8000
 3.688    6.8000
 3.691    6.7900
 3.694    6.7100
 3.696    6.6400
 3.699    6.6900
 3.701    6.7700
 3.704    6.8400
 3.707    6.8300
 3.709    6.8600
 3.712    6.8400
 3.715    6.8100
 3.717    6.7900
 3.720    6.7800
 3.723    6.7800
 3.725    6.8200
 3.728    6.8300
 3.731    6.7500
 3.733    6.7700
 3.736    6.8600
 3.739    6.8600
 3.742    6.8500
 3.744    6.8600
 3.747    6.8300
 3.750    6.7700
 3.752    6.8300
 3.755    6.9000
 3.758    6.8400
 3.761    6.8000
 3.763    6.8500
 3.766    6.9100
 3.769    6.8600
 3.771    6.8100
 3.774    6.8900
 3.777    6.9000
 3.780    6.8400
 3.782    6.7900
 3.785    6.8100
 3.788    6.8600
 3.791    6.8800
 3.794    6.8400
 3.796    6.8600
 3.799    6.8800
 3.802    6.8300
 3.805    6.7800
 3.807    6.7600
 3.810    6.8100
 3.813    6.7900
 3.816    6.7200
 3.819    6.7800
 3.822    6.7700
 3.824    6.7300
 3.827    6.7400
 3.830    6.7400
 3.833    6.7400
 3.836    6.7900
 3.838    6.7500
 3.841    6.7500
 3.844    6.7900
 3.847    6.7600
 3.850    6.7800
 3.853    6.8200
 3.856    6.7400
 3.858    6.7300
 3.861    6.7400
 3.864    6.7700
 3.867    6.7500
 3.870    6.8200
 3.873    6.8300
 3.876    6.6700
 3.879    6.6400
 3.882    6.7400
 3.884    6.7800
 3.887    6.7600
 3.890    6.7100
 3.893    6.7400
 3.896    6.6900
 3.899    6.6700
 3.902    6.7700
 3.905    6.7800
 3.908    6.7600
 3.911    6.7300
 3.914    6.6600
 3.917    6.7000
 3.920    6.7000
 3.923    6.7200
 3.926    6.7000
 3.929    6.6600
 3.932    6.6900
 3.935    6.7300
 3.938    6.7100
 3.941    6.6600
 3.944    6.6500
 3.947    6.6600
 3.950    6.6100
 3.953    6.6000
 3.956    6.6500
 3.959    6.6600
 3.962    6.6900
 3.965    6.7100
 3.968    6.6700
 3.971    6.6900
 3.974    6.7000
 3.977    6.6800
 3.980    6.6700
 3.983    6.6400
 3.986    6.6000
 3.989    6.6000
 3.992    6.6200
 3.995    6.6700
 3.998    6.6500
 4.001    6.6400
 4.004    6.6600
 4.008    6.6500
 4.011    6.6100
 4.014    6.6100
 4.017    6.6500
 4.020    6.6000
 4.023    6.5900
 4.026    6.6800
 4.029    6.6300
 4.032    6.6400
 4.036    6.7100
 4.039    6.7700
 4.042    6.7400
 4.045    6.6900
 4.048    6.6900
 4.051    6.7000
 4.055    6.7000
 4.058    6.7600
 4.061    6.7100
 4.064    6.6400
 4.067    6.7100
 4.070    6.7800
 4.074    6.7700
 4.077    6.7000
 4.080    6.7100
 4.083    6.6900
 4.087    6.6700
 4.090    6.6800
 4.093    6.6700
 4.096    6.6600
 4.099    6.6500
 4.103    6.7200
 4.106    6.7200
 4.109    6.7100
 4.112    6.6400
 4.116    6.6300
 4.119    6.6700
 4.122    6.6700
 4.126    6.6500
 4.129    6.6900
 4.132    6.7000
 4.135    6.6900
 4.139    6.6500
 4.142    6.6000
 4.145    6.6500
 4.149    6.6700
 4.152    6.6000
 4.155    6.5700
 4.159    6.6000
 4.162    6.6700
 4.165    6.7000
 4.169    6.7400
 4.172    6.6900
 4.175    6.6600
 4.179    6.6400
 4.182    6.6300
 4.185    6.6000
 4.189    6.6100
 4.192    6.5800
 4.196    6.5300
 4.199    6.5000
 4.202    6.3500
 4.206    6.2400
 4.209    6.1900
 4.213    6.0400
 4.216    5.8800
 4.219    5.8000
 4.223    5.7200
 4.226    5.5900
 4.230    5.5300
 4.233    5.5600
 4.237    5.6200
 4.240    5.6600
 4.244    5.7100
 4.247    5.8800
 4.251    6.1000
 4.254    6.2200
 4.258    6.1800
 4.261    6.0300
 4.265    5.9300
 4.268    5.8600
 4.272    5.8200
 4.275    5.7600
 4.279    5.7000
 4.282    5.7700
 4.286    5.8100
 4.289    5.7900
 4.293    5.8700
 4.296    5.8900
 4.300    5.9300
 4.304    6.0600
 4.307    6.2100
 4.311    6.2400
 4.314    6.2300
 4.318    6.2400
 4.321    6.2500
 4.325    6.2600
 4.329    6.2800
 4.332    6.2800
 4.336    6.3400
 4.340    6.4300
 4.343    6.4500
 4.347    6.4400
 4.350    6.4600
 4.354    6.4000
 4.358    6.4300
 4.361    6.4900
 4.365    6.4200
 4.369    6.3800
 4.372    6.4300
 4.376    6.4800
 4.380    6.4900
 4.384    6.4600
 4.387    6.4200
 4.391    6.4300
 4.395    6.4300
 4.398    6.3800
 4.402    6.3900
 4.406    6.4000
 4.410    6.4000
 4.413    6.4200
 4.417    6.4800
 4.421    6.4700
 4.425    6.4500
 4.428    6.4500
 4.432    6.4100
 4.436    6.3800
 4.440    6.4000
 4.444    6.4000
 4.447    6.3900
 4.451    6.3800
 4.455    6.3900
 4.459    6.3700
 4.463    6.3600
 4.467    6.3400
 4.470    6.3200
 4.474    6.3200
 4.478    6.3500
 4.482    6.3900
 4.486    6.4100
 4.490    6.3500
 4.494    6.3200
 4.498    6.3100
 4.502    6.2600
 4.505    6.2500
 4.509    6.2900
 4.513    6.3200
 4.517    6.3500
 4.521    6.3700
 4.525    6.3500
 4.529    6.2900
 4.533    6.3000
 4.537    6.2600
 4.541    6.2300
 4.545    6.2500
 4.549    6.2400
 4.553    6.2600
 4.557    6.2700
 4.561    6.2500
 4.565    6.2000
 4.569    6.2000
 4.573    6.2500
 4.577    6.2300
 4.581    6.2300
 4.585    6.2300
 4.589    6.2000
 4.593    6.1900
 4.597    6.1800
 4.601    6.1400
 4.605    6.1300
 4.610    6.0900
 4.614    6.0900
 4.618    6.0800
 4.622    6.1100
 4.626    6.1400
 4.630    6.1000
 4.634    6.0800
 4.638    6.0500
 4.643    6.0300
 4.647    6.0300
 4.651    6.0400
 4.655    6.0900
 4.659    6.1000
 4.663    6.0600
 4.668    6.0100
 4.672    6.0000
 4.676    6.0100
 4.680    6.0200
 4.684    6.0200
 4.689    6.0300
 4.693    6.0200
 4.697    5.9900
 4.701    5.9700
 4.706    5.9600
 4.710    5.9600
 4.714    5.9600
 4.719    5.9600
 4.723    5.9700
 4.727    5.9400
 4.731    5.9200
 4.736    5.9200
 4.740    5.9000
 4.744    5.8900
 4.749    5.8800
 4.753    5.8900
 4.758    5.8600
 4.762    5.8600
 4.766    5.9000
 4.771    5.8900
 4.775    5.8700
 4.779    5.8500
 4.784    5.8400
 4.788    5.8100
 4.793    5.8000
 4.797    5.8400
 4.802    5.8600
 4.806    5.8500
 4.810    5.8100
 4.815    5.7700
 4.819    5.7400
 4.824    5.7600
 4.828    5.7500
 4.833    5.7600
 4.837    5.7400
 4.842    5.7000
 4.846    5.7200
 4.851    5.7500
 4.856    5.7500
 4.860    5.7300
 4.865    5.7400
 4.869    5.7100
 4.874    5.6700
 4.878    5.6700
 4.883    5.6900
 4.888    5.7000
 4.892    5.6900
 4.897    5.6700
 4.901    5.6400
 4.906    5.6400
 4.911    5.7000
 4.915    5.7100
 4.920    5.6900
 4.925    5.6900
 4.929    5.6600
 4.934    5.6500
 4.939    5.6500
 4.943    5.6200
 4.948    5.5900
 4.953    5.5600
 4.958    5.5900
 4.962    5.6200
 4.967    5.6000
 4.972    5.5900
 4.977    5.5600
 4.981    5.5700
 4.986    5.5800
 4.991    5.5900
 4.996    5.6000
 5.001    5.5500
 5.005    5.5400
 5.010    5.5200
 5.015    5.4400
 5.020    5.4500
 5.025    5.4800
 5.030    5.5000
 5.035    5.5400
 5.040    5.5800
 5.044    5.6000
 5.049    5.6000
 5.054    5.5800
 5.059    5.5200
 5.064    5.4700
 5.069    5.4600
 5.074    5.4400
 5.079    5.4200
 5.084    5.4500
 5.089    5.5100
 5.094    5.4700
 5.099    5.4200
 5.104    5.4400
 5.109    5.4800
 5.114    5.5100
 5.119    5.5000
 5.124    5.4500
 5.129    5.4200
 5.134    5.4200
 5.139    5.3700
 5.145    5.3000
 5.150    5.4000
 5.155    5.4900
 5.160    5.5300
 5.165    5.5200
 5.170    5.5000
 5.175    5.4800
 5.180    5.4800
 5.186    5.4500
 5.191    5.4100
 5.196    5.3700
 5.201    5.4200
 5.206    5.3600
 5.212    5.3300
 5.217    5.4400
 5.222    5.5000
 5.227    5.4700
 5.233    5.4400
 5.238    5.5000
 5.243    5.5000
 5.249    5.4800
 5.254    5.4300
 5.259    5.4400
 5.265    5.4600
 5.270    5.4100
 5.275    5.4200
 5.281    5.4300
 5.286    5.3500
 5.291    5.3900
 5.297    5.4900
 5.302    5.4500
 5.308    5.4100
 5.313    5.4000
 5.319    5.4100
 5.324    5.3900
 5.330    5.4000
 5.335    5.4400
 5.341    5.2700
 5.346    5.0200
 5.352    5.1700
 5.357    5.3700
 5.363    5.4100
 5.368    5.3700
 5.374    5.3600
 5.379    5.3500
 5.385    5.3700
 5.390    5.3600
 5.396    5.3300
 5.402    5.2700
 5.407    5.2400
 5.413    5.0900
 5.419    4.9500
 5.424    5.1500
 5.430    5.2700
 5.436    5.2400
 5.441    5.2600
 5.447    5.2800
 5.453    5.1900
 5.459    4.9500
 5.464    4.9800
 5.470    5.0700
 5.476    5.0400
 5.482    5.1600
 5.487    5.1900
 5.493    5.2300
 5.499    5.2500
 5.505    5.2600
 5.511    5.2000
 5.517    5.0800
 5.523    5.0900
 5.528    5.1500
 5.534    5.1600
 5.540    5.1300
 5.546    5.0100
 5.552    4.9700
 5.558    5.0200
 5.564    4.9800
 5.570    4.7700
 5.576    4.6500
 5.582    4.8400
 5.588    5.0100
 5.594    5.0100
 5.600    5.0100
 5.606    5.0100
 5.612    4.9400
 5.618    5.0200
 5.624    4.9800
 5.630    4.7800
 5.637    4.4900
 5.643    4.5900
 5.649    4.7800
 5.655    4.9200
 5.661    5.0100
 5.667    4.8600
 5.674    4.8100
 5.680    4.8900
 5.686    4.7900
 5.692    4.8600
 5.698    4.8800
 5.705    4.6200
 5.711    4.5400
 5.717    4.6600
 5.724    4.7800
 5.730    4.7600
 5.736    4.6800
 5.743    4.5800
 5.749    4.7100
 5.755    4.5300
 5.762    4.1500
 5.768    4.4900
 5.775    4.7000
 5.781    4.7900
 5.788    4.8700
 5.794    4.7900
 5.800    4.7000
 5.807    4.5900
 5.813    4.2000
 5.820    4.0600
 5.827    4.2700
 5.833    4.4900
 5.840    4.5700
 5.846    4.5300
 5.853    4.3800
 5.859    4.2300
 5.866    4.2100
 5.873    3.7900
 5.879    3.7200
 5.886    3.9200
 5.893    3.9700
 5.899    4.3000
 5.906    4.3600
 5.913    4.2500
 5.920    4.1800
 5.926    3.8300
 5.933    3.4600
 5.940    3.8700
 5.947    4.1200
 5.954    4.1100
 5.960    3.8400
 5.967    3.7800
 5.974    3.8600
 5.981    3.7100
 5.988    3.7700
 5.995    3.9800
 6.002    3.9300
 6.009    3.8100
 6.016    3.9200
 6.023    3.9700
 6.030    3.8300
 6.037    3.3800
 6.044    2.9400
 6.051    3.3900
 6.058    3.5600
 6.065    3.3400
 6.072    3.4800
 6.079    3.8100
 6.086    3.8500
 6.094    3.7100
 6.101    3.4500
 6.108    3.2800
 6.115    3.6200
 6.122    3.8900
 6.130    3.8800
 6.137    3.8200
 6.144    3.8100
 6.151    3.6900
 6.159    3.7900
 6.166    4.0000
 6.173    3.8300
 6.181    3.7200
 6.188    3.9700
 6.195    4.1400
 6.203    4.1300
 6.210    4.1200
 6.218    4.2100
 6.225    4.3000
 6.233    4.2800
 6.240    4.3200
 6.248    4.3900
 6.255    4.4100
 6.263    4.4400
 6.270    4.4500
 6.278    4.4600
 6.286    4.5200
 6.293    4.5800
 6.301    4.5800
 6.308    4.6100
 6.316    4.6500
 6.324    4.5600
 6.332    4.2300
 6.339    4.1000
 6.347    4.5000
 6.355    4.5800
 6.363    4.3400
 6.370    4.5000
 6.378    4.6800
 6.386    4.6800
 6.394    4.5900
 6.402    3.9100
 6.410    3.5800
 6.418    4.2500
 6.426    4.6200
 6.434    4.8400
 6.442    4.9200
 6.450    4.9500
 6.458    4.9800
 6.466    4.7300
 6.474    4.4900
 6.482    4.1500
 6.490    4.1800
 6.498    4.7200
 6.506    4.8600
 6.515    4.6100
 6.523    4.9000
 6.531    5.0100
 6.539    4.7900
 6.547    4.6100
 6.556    4.5200
 6.564    4.2200
 6.572    4.3900
 6.581    4.5200
 6.589    4.5400
 6.597    4.7500
 6.606    4.7700
 6.614    4.6300
 6.623    4.2100
 6.631    3.9800
 6.640    4.5200
 6.648    4.8900
 6.657    4.8100
 6.665    4.6100
 6.674    4.5200
 6.682    4.6500
 6.691    4.7400
 6.700    4.5300
 6.708    4.4800
 6.717    4.6300
 6.726    4.8400
 6.734    4.9200
 6.743    4.8800
 6.752    4.8700
 6.761    4.7400
 6.770    4.5700
 6.778    4.3400
 6.787    4.3300
 6.796    4.7500
 6.805    4.8400
 6.814    4.6100
 6.823    4.5900
 6.832    4.7800
 6.841    4.5900
 6.850    4.1300
 6.859    4.0500
 6.868    4.5200
 6.877    4.7500
 6.886    4.8000
 6.896    4.6700
 6.905    4.6800
 6.914    4.7600
 6.923    4.7800
 6.932    4.7700
 6.942    4.6500
 6.951    4.3600
 6.960    4.5000
 6.970    4.6700
 6.979    4.6100
 6.989    4.5700
 6.998    4.6800
 7.007    4.6500
 7.017    4.6200
 7.026    4.5700
 7.036    4.3500
 7.046    4.3100
 7.055    4.5400
 7.065    4.6700
 7.074    4.6800
 7.084    4.7000
 7.094    4.7400
 7.103    4.5900
 7.113    4.4900
 7.123    4.5300
 7.133    4.3700
 7.143    4.1800
 7.152    4.2000
 7.162    4.1800
 7.172    4.3400
 7.182    4.4100
 7.192    4.3000
 7.202    4.2100
 7.212    4.2800
 7.222    4.3000
 7.232    4.3000
 7.242    4.2600
 7.252    4.2400
 7.263    4.1400
 7.273    4.1500
 7.283    4.1500
 7.293    4.1500
 7.303    4.1800
 7.314    4.1600
 7.324    4.0200
 7.334    4.0000
 7.345    4.0600
 7.355    4.1100
 7.366    4.1600
 7.376    4.1300
 7.387    4.0900
 7.397    4.0700
 7.408    4.0300
 7.418    4.0500
 7.429    4.0600
 7.440    4.0700
 7.450    3.9500
 7.461    3.9200
 7.472    4.0100
 7.483    4.0900
 7.493    4.0800
 7.504    4.0300
 7.515    3.9800
 7.526    3.9800
 7.537    3.9900
 7.548    3.9700
 7.559    3.9100
 7.570    3.9000
 7.581    3.9300
 7.592    3.9800
 7.603    3.9400
 7.614    3.9600
 7.626    3.9900
 7.637    3.9700
 7.648    3.9400
 7.659    3.9800
 7.671    3.9200
 7.682    3.9300
 7.694    3.9400
 7.705    3.9700
 7.716    3.9100
 7.728    3.8800
 7.739    3.9100
 7.751    3.9700
 7.763    3.9200
 7.774    3.8800
 7.786    3.8100
 7.798    3.7800
 7.809    3.7800
 7.821    3.8100
 7.833    3.7700
 7.845    3.7300
 7.857    3.6700
 7.869    3.6700
 7.881    3.7100
 7.893    3.7700
 7.905    3.7800
 7.917    3.7800
 7.929    3.7100
 7.941    3.6900
 7.953    3.6800
 7.965    3.7500
 7.978    3.7300
 7.990    3.6800
 8.002    3.6500
 8.015    3.6000
 8.027    3.5400
 8.039    3.5900
 8.052    3.6700
 8.064    3.7000
 8.077    3.6500
 8.090    3.6600
 8.102    3.6300
 8.115    3.6000
 8.128    3.6000
 8.140    3.6300
 8.153    3.6100
 8.166    3.6300
 8.179    3.5700
 8.192    3.5800
 8.205    3.6100
 8.218    3.5500
 8.231    3.5200
 8.244    3.6000
 8.257    3.5800
 8.270    3.5300
 8.283    3.5100
 8.297    3.5800
 8.310    3.6300
 8.323    3.6300
 8.337    3.5800
 8.350    3.6300
 8.364    3.6800
 8.377    3.7000
 8.391    3.6400
 8.404    3.7600
 8.418    3.8600
 8.431    3.8300
 8.445    3.7800
 8.459    3.8100
 8.473    3.7800
 8.487    3.9000
 8.501    3.9400
 8.515    3.9800
 8.529    4.0400
 8.543    4.1400
 8.557    4.2300
 8.571    4.3400
 8.585    4.3900
 8.599    4.4900
 8.614    4.5700
 8.628    4.6500
 8.642    4.7500
 8.657    4.9200
 8.671    5.0300
 8.686    5.1400
 8.700    5.2500
 8.715    5.4100
 8.730    5.4900
 8.744    5.6500
 8.759    5.7800
 8.774    5.9900
 8.789    6.1900
 8.804    6.3300
 8.819    6.4700
 8.834    6.7100
 8.849    6.8900
 8.864    7.2100
 8.879    7.5700
 8.894    7.9100
 8.909    8.1900
 8.925    8.4900
 8.940    8.7900
 8.956    9.0600
 8.971    9.2200
 8.987    9.4900
 9.002    9.7000
 9.018    9.8200
 9.034    9.9400
 9.049   10.1100
 9.065   10.2200
 9.081   10.2500
 9.097   10.2800
 9.113   10.4000
 9.129   10.4000
 9.145   10.3700
 9.161   10.2900
 9.178   10.2500
 9.194   10.2700
 9.210   10.3800
 9.226   10.4100
 9.243   10.5000
 9.259   10.6300
 9.276   10.7800
 9.293   10.8300
 9.309   10.8200
 9.326   10.9000
 9.343   11.0400
 9.360   11.1200
 9.377   11.2600
 9.394   11.3700
 9.411   11.4700
 9.428   11.5400
 9.445   11.5800
 9.462   11.5700
 9.479   11.5800
 9.497   11.5800
 9.514   11.6300
 9.532   11.6500
 9.549   11.6600
 9.567   11.5800
 9.585   11.4800
 9.602   11.4700
 9.620   11.5200
 9.638   11.3600
 9.656   11.1800
 9.674   11.0800
 9.692   10.9900
 9.710   10.9100
 9.728   10.8900
 9.747   10.7600
 9.765   10.7000
 9.783   10.6200
 9.802   10.5400
 9.821   10.5000
 9.839   10.4400
 9.858   10.4200
 9.877   10.3800
 9.895   10.2400
 9.914   10.2400
 9.933   10.1800
 9.952   10.1200
 9.972    9.9900
 9.991    9.8500
10.010    9.7900
10.029    9.7500
10.049    9.6300
10.068    9.5800
10.088    9.4700
10.108    9.3900
10.127    9.4200
10.147    9.5700
10.167    9.5600
10.187    9.5700
10.207    9.5400
10.227    9.6000
10.247    9.5800
10.268    9.5700
10.288    9.5400
10.309    9.5800
10.329    9.6000
10.350    9.5600
10.370    9.4200
10.391    9.3000
10.412    9.1300
10.433    9.0200
10.454    8.9500
10.475    8.9400
10.496    8.8700
10.518    8.8500
10.539    8.7300
10.560    8.7100
10.582    8.7800
10.604    8.7900
10.625    8.6700
10.647    8.7000
10.669    8.6500
10.691    8.6800
10.713    8.6700
10.735    8.6900
10.758    8.7600
10.780    8.8400
10.802    8.9200
10.825    9.0800
10.848    9.0500
10.870    9.0900
10.893    9.1500
10.916    9.1500
10.939    9.0800
10.962    9.1300
10.985    9.1200
11.009    9.0300
11.032    8.9100
11.056    8.8900
11.079    8.9200
11.103    8.9100
11.127    8.7900
11.151    8.7500
11.175    8.7300
11.199    8.7800
11.223    8.7700
11.248    8.8100
11.272    8.8500
11.297    8.9100
11.321    8.8600
11.346    8.7700
11.371    8.6600
11.396    8.5700
11.421    8.3900
11.446    8.2800
11.471    8.1600
11.497    8.0500
11.522    7.8100
11.548    7.5900
11.574    7.4200
11.600    7.3800
11.626    7.2500
11.652    7.0500
11.678    6.8700
11.704    6.8400
11.731    6.6900
11.757    6.5500
11.784    6.3900
11.811    6.2200
11.838    6.0300
11.865    5.9500
11.892    5.8900
11.920    5.8800
11.947    5.6800
11.975    5.5400
12.002    5.4500
12.030    5.4100
12.058    5.3900
12.086    5.3600
12.115    5.2200
12.143    5.1200
12.171    4.9700
12.200    4.9300
12.229    4.8100
12.258    4.7600
12.287    4.7600
12.316    4.6900
12.345    4.5700
12.375    4.5700
12.404    4.4700
12.434    4.4000
12.464    4.4100
12.494    4.3700
12.524    4.2100
12.554    4.2400
12.585    4.1900
12.616    4.0800
12.646    3.9600
12.677    3.9300
12.708    3.8000
12.739    3.8500
12.771    3.8800
12.802    3.8400
12.834    3.8100
12.866    3.7900
12.898    3.7100
12.930    3.7300
12.962    3.6300
12.995    3.5400
13.027    3.5200
13.060    3.5600
13.093    3.4600
13.126    3.5300
13.160    3.5300
13.193    3.4100
13.227    3.3200
13.261    3.4000
13.295    3.3500
13.329    3.4200
13.363    3.3500
13.398    3.3000
13.432    3.3700
13.467    3.4000
13.502    3.2300
13.538    3.1700
13.573    3.1100
13.609    3.1400
13.644    3.1900
13.680    3.2100
13.717    3.0200
13.753    3.0900
13.790    3.1900
13.826    3.3400
13.863    3.2300
13.900    3.2600
13.938    3.2500
13.975    3.1300
14.013    3.0700
