Name:  Limestone CaCO3
Type:  Rock
Class:  Sedimentary
Subclass: Limestone 
Particle Size:  Whole rock chips
Sample No.:  ro353
Owner:  Larry Rowan, USGS
Wavelength range:  VNIR SWIR IR
Origin:  Ronda, Spain

Description:  light gray limestone 





Measurement:  Reflectance
First Column:  X
Second Column:  Y
X Units:  Wavelength (micrometers)
Y Units:  Reflectance (percent)
First X Value:  0.4
Last X Value:  14.01309
Number of X Values:  2826
Additional Information:  ls353a.txt
 0.400   40.3500
 0.401   40.4000
 0.402   40.4250
 0.403   40.6500
 0.404   40.5000
 0.405   40.5250
 0.406   40.7250
 0.407   40.7000
 0.408   40.8000
 0.409   40.8750
 0.410   40.8250
 0.411   40.8000
 0.412   40.8250
 0.413   41.1000
 0.414   41.0250
 0.415   41.1500
 0.416   41.1000
 0.417   41.1250
 0.418   41.3000
 0.419   41.2500
 0.420   41.2750
 0.421   41.5000
 0.422   41.5750
 0.423   41.5500
 0.424   41.4750
 0.425   41.7500
 0.426   42.0000
 0.427   41.9000
 0.428   42.1250
 0.429   42.0000
 0.430   42.1750
 0.431   42.4000
 0.432   42.3750
 0.433   42.3000
 0.434   42.4500
 0.435   42.5500
 0.436   42.7500
 0.437   42.8250
 0.438   42.6250
 0.439   42.8000
 0.440   42.7500
 0.441   42.7500
 0.442   42.9000
 0.443   42.8500
 0.444   42.9250
 0.445   43.1000
 0.446   43.1500
 0.447   43.1500
 0.448   42.9250
 0.449   43.2250
 0.450   43.3250
 0.451   43.2250
 0.452   43.2500
 0.453   43.3000
 0.454   43.4000
 0.455   43.4750
 0.456   43.3000
 0.457   43.2000
 0.458   43.5000
 0.459   43.5750
 0.460   43.8250
 0.461   43.6000
 0.462   43.7750
 0.463   43.5250
 0.464   43.6750
 0.465   43.5000
 0.466   43.8250
 0.467   43.9250
 0.468   44.0000
 0.469   44.0000
 0.470   43.8750
 0.471   43.9500
 0.472   44.0500
 0.473   44.0500
 0.474   44.4000
 0.475   44.2750
 0.476   44.1250
 0.477   43.9500
 0.478   44.2500
 0.479   44.4500
 0.480   44.2750
 0.481   44.4250
 0.482   44.4250
 0.483   44.2750
 0.484   44.2750
 0.485   44.8000
 0.486   44.7000
 0.487   44.4750
 0.488   44.3250
 0.489   44.4000
 0.490   44.6250
 0.491   44.6250
 0.492   44.7750
 0.493   44.6000
 0.494   45.0250
 0.495   45.0500
 0.496   45.0000
 0.497   45.4500
 0.498   45.1500
 0.499   45.3000
 0.500   45.3500
 0.501   45.5250
 0.502   45.3000
 0.503   45.1250
 0.504   45.2750
 0.505   45.4250
 0.506   45.7500
 0.507   45.7500
 0.508   45.6000
 0.509   45.7500
 0.510   45.7250
 0.511   45.6250
 0.512   45.6000
 0.513   45.9250
 0.514   46.0500
 0.515   45.9500
 0.516   45.9250
 0.517   46.2500
 0.518   46.6500
 0.519   46.6250
 0.520   46.3500
 0.521   46.5000
 0.522   46.4250
 0.523   46.4250
 0.524   46.1250
 0.525   46.0750
 0.526   46.2750
 0.527   46.2250
 0.528   46.3500
 0.529   46.4500
 0.530   46.8750
 0.531   46.8750
 0.532   46.8500
 0.533   46.8000
 0.534   46.7500
 0.535   46.6750
 0.536   46.9000
 0.537   46.9500
 0.538   47.1750
 0.539   47.2250
 0.540   47.0500
 0.541   47.2250
 0.542   47.4250
 0.543   47.3000
 0.544   47.3250
 0.545   47.6750
 0.546   47.6250
 0.547   47.7500
 0.548   47.8000
 0.549   47.6000
 0.550   47.7000
 0.551   47.7500
 0.552   47.7750
 0.553   47.8750
 0.554   47.9500
 0.555   48.1250
 0.556   48.1500
 0.557   48.1250
 0.558   48.2250
 0.559   47.8500
 0.560   48.0000
 0.561   48.0250
 0.562   48.0000
 0.563   48.0500
 0.564   48.0500
 0.565   48.0250
 0.566   48.2750
 0.567   48.6000
 0.568   48.5750
 0.569   48.4750
 0.570   48.5000
 0.571   48.7750
 0.572   48.9750
 0.573   48.9000
 0.574   48.8750
 0.575   49.1750
 0.576   49.1250
 0.577   49.3250
 0.578   49.1500
 0.579   49.2000
 0.580   49.3000
 0.581   49.0750
 0.582   49.0250
 0.583   49.0500
 0.584   49.1750
 0.585   49.0500
 0.586   49.2500
 0.587   49.1750
 0.588   49.4250
 0.589   49.3000
 0.590   49.5000
 0.591   49.4750
 0.592   49.3750
 0.593   49.5000
 0.594   49.4500
 0.595   49.3500
 0.596   49.4500
 0.597   49.6250
 0.598   49.3750
 0.599   49.3000
 0.600   49.4250
 0.601   49.4000
 0.602   49.3500
 0.603   49.3750
 0.604   49.2500
 0.605   49.3500
 0.606   49.2500
 0.607   49.3250
 0.608   49.4250
 0.609   49.4500
 0.610   49.5250
 0.611   49.5750
 0.612   49.7750
 0.613   49.6500
 0.614   49.6500
 0.615   49.6500
 0.616   49.7000
 0.617   49.7500
 0.618   49.7750
 0.619   49.6500
 0.620   49.6500
 0.621   49.7500
 0.622   49.7500
 0.623   49.8250
 0.624   49.8000
 0.625   49.6500
 0.626   49.7500
 0.627   49.7250
 0.628   49.7250
 0.629   49.8500
 0.630   49.8750
 0.631   50.0500
 0.632   50.0500
 0.633   50.0250
 0.634   49.9500
 0.635   50.1750
 0.636   50.1000
 0.637   50.1750
 0.638   50.0250
 0.639   49.9250
 0.640   50.0250
 0.641   49.9750
 0.642   49.9250
 0.643   50.0000
 0.644   50.0000
 0.645   49.7750
 0.646   49.9500
 0.647   50.0500
 0.648   50.0250
 0.649   50.0750
 0.650   50.1500
 0.651   50.1750
 0.652   50.0250
 0.653   50.2000
 0.654   50.5500
 0.655   50.5750
 0.656   50.5500
 0.657   50.7750
 0.658   50.8500
 0.659   50.8000
 0.660   50.7000
 0.661   50.3500
 0.662   50.4750
 0.663   50.3750
 0.664   50.3500
 0.665   50.1750
 0.666   50.2750
 0.667   50.6000
 0.668   50.5750
 0.669   50.7250
 0.670   50.5500
 0.671   50.4500
 0.672   50.4500
 0.673   50.4500
 0.674   50.5250
 0.675   50.4250
 0.676   50.7000
 0.677   51.0000
 0.678   51.1250
 0.679   50.9250
 0.680   51.0750
 0.681   51.0750
 0.682   51.1250
 0.683   50.8000
 0.684   50.7750
 0.685   50.8750
 0.686   50.7000
 0.687   50.8250
 0.688   50.7750
 0.689   50.8500
 0.690   50.9250
 0.691   50.8250
 0.692   50.7750
 0.693   50.9750
 0.694   51.0750
 0.695   50.9500
 0.696   51.0750
 0.697   51.3000
 0.698   51.4000
 0.699   51.0000
 0.700   51.0750
 0.701   51.1500
 0.702   51.2250
 0.703   51.1250
 0.704   51.2250
 0.705   51.2750
 0.706   51.0250
 0.707   51.1000
 0.708   51.1500
 0.709   51.2750
 0.710   51.4750
 0.711   51.2000
 0.712   51.2250
 0.713   51.1750
 0.714   51.1250
 0.715   51.3000
 0.716   51.2750
 0.717   51.1250
 0.718   51.3000
 0.719   51.2750
 0.720   51.5000
 0.721   51.2750
 0.722   51.3000
 0.723   51.2250
 0.724   51.4000
 0.725   51.3500
 0.726   51.5000
 0.727   51.4750
 0.728   51.5500
 0.729   51.4000
 0.730   51.4000
 0.731   51.5250
 0.732   51.6250
 0.733   51.6250
 0.734   51.6750
 0.735   51.7000
 0.736   51.5250
 0.737   51.6250
 0.738   51.7250
 0.739   51.7500
 0.740   51.7750
 0.741   51.8500
 0.742   51.8000
 0.743   51.5000
 0.744   51.4500
 0.745   51.6250
 0.746   51.5750
 0.747   51.6250
 0.748   51.7250
 0.749   51.6250
 0.750   51.7500
 0.751   51.7750
 0.752   51.7500
 0.753   51.6750
 0.754   51.7000
 0.755   51.4250
 0.756   51.4250
 0.757   51.6000
 0.758   51.7500
 0.759   51.7250
 0.760   51.6750
 0.761   51.6500
 0.762   51.6250
 0.763   51.8250
 0.764   51.7500
 0.765   51.7250
 0.766   51.6250
 0.767   51.6250
 0.768   51.5250
 0.769   51.5500
 0.770   51.5500
 0.771   51.7000
 0.772   51.5500
 0.773   51.8500
 0.774   51.8500
 0.775   52.0000
 0.776   51.6000
 0.777   51.5750
 0.778   51.5750
 0.779   51.3250
 0.780   51.5000
 0.781   51.6500
 0.782   51.6000
 0.783   51.4000
 0.784   51.3750
 0.785   51.4500
 0.786   51.4000
 0.787   51.4500
 0.788   51.5500
 0.789   51.4000
 0.790   51.2000
 0.791   51.3750
 0.792   51.4250
 0.793   51.3500
 0.794   51.0750
 0.795   51.1500
 0.796   51.0250
 0.797   51.3250
 0.798   51.3250
 0.799   51.3250
 0.800   51.2500
 0.804   51.3000
 0.808   51.3500
 0.812   51.2500
 0.816   51.3250
 0.820   51.2500
 0.824   51.2250
 0.828   51.2000
 0.832   51.3500
 0.836   51.2750
 0.840   51.2250
 0.844   51.4250
 0.848   51.2750
 0.852   51.2750
 0.856   51.3250
 0.860   51.3000
 0.864   51.5500
 0.868   51.5750
 0.872   51.4500
 0.876   51.5500
 0.880   51.4250
 0.884   51.5500
 0.888   51.6750
 0.892   51.6750
 0.896   51.6000
 0.900   51.6500
 0.904   51.6750
 0.908   51.5750
 0.912   51.6500
 0.916   51.5250
 0.920   51.6000
 0.924   51.6500
 0.928   51.6000
 0.932   51.9500
 0.936   51.6750
 0.940   51.5000
 0.944   51.5500
 0.948   51.6250
 0.952   51.7500
 0.956   51.7250
 0.960   51.5750
 0.964   51.7000
 0.968   51.5750
 0.972   51.7500
 0.976   51.7250
 0.980   51.5750
 0.984   51.7250
 0.988   51.7500
 0.992   51.5750
 0.996   51.7500
 1.000   51.7250
 1.004   51.6250
 1.008   51.7000
 1.012   51.6750
 1.016   51.7250
 1.020   51.7250
 1.024   51.5750
 1.028   51.5750
 1.032   51.5250
 1.036   51.7000
 1.040   51.8500
 1.044   51.7250
 1.048   51.8500
 1.052   51.8000
 1.056   51.8750
 1.060   52.0500
 1.064   52.0750
 1.068   52.0500
 1.072   51.9250
 1.076   52.0750
 1.080   52.1000
 1.084   52.1000
 1.088   52.1250
 1.092   52.1500
 1.096   52.2500
 1.100   52.2750
 1.104   52.3750
 1.108   52.3500
 1.112   52.3500
 1.116   52.4000
 1.120   52.4000
 1.124   52.4250
 1.128   52.4750
 1.132   52.6250
 1.136   52.4750
 1.140   52.4500
 1.144   52.4500
 1.148   52.6250
 1.152   52.6750
 1.156   52.6000
 1.160   52.7750
 1.164   52.8750
 1.168   52.8000
 1.172   52.7750
 1.176   52.9500
 1.180   52.9000
 1.184   52.9250
 1.188   53.0500
 1.192   53.1000
 1.196   53.0500
 1.200   53.0750
 1.204   53.0750
 1.208   53.1250
 1.212   53.0000
 1.216   53.0750
 1.220   53.1750
 1.224   53.1750
 1.228   53.1750
 1.232   53.2250
 1.236   53.2250
 1.240   53.2250
 1.244   53.3000
 1.248   53.1500
 1.252   53.1000
 1.256   53.1250
 1.260   53.2000
 1.264   53.2000
 1.268   53.2750
 1.272   53.3250
 1.276   53.4250
 1.280   53.4500
 1.284   53.2500
 1.288   53.3000
 1.292   53.3250
 1.296   53.2750
 1.300   53.3000
 1.304   53.3250
 1.308   53.3250
 1.312   53.2750
 1.316   53.4000
 1.320   53.3250
 1.324   53.3250
 1.328   53.1000
 1.332   53.0250
 1.336   52.9500
 1.340   52.9000
 1.344   52.9000
 1.348   52.8000
 1.352   52.6500
 1.356   52.4250
 1.360   52.1750
 1.364   52.0000
 1.368   51.5750
 1.372   50.9500
 1.376   49.5750
 1.380   48.1500
 1.384   47.8000
 1.388   48.1250
 1.392   48.4000
 1.396   48.1000
 1.400   47.7500
 1.404   47.2000
 1.408   46.9500
 1.412   46.7500
 1.416   46.6250
 1.420   46.6250
 1.424   46.4500
 1.428   46.4000
 1.432   46.3250
 1.436   46.3500
 1.440   46.3750
 1.444   46.5000
 1.448   46.5250
 1.452   46.6500
 1.456   46.6500
 1.460   46.7000
 1.464   46.9500
 1.468   47.1250
 1.472   47.3250
 1.476   47.4750
 1.480   47.6750
 1.484   47.9000
 1.488   48.3000
 1.492   48.4250
 1.496   48.5750
 1.500   48.6250
 1.504   48.7750
 1.508   48.9750
 1.512   49.2000
 1.516   49.4000
 1.520   49.4750
 1.524   49.6250
 1.528   49.6500
 1.532   49.6750
 1.536   49.9250
 1.540   49.9250
 1.544   50.0500
 1.548   50.0500
 1.552   50.2250
 1.556   50.1750
 1.560   50.3250
 1.564   50.5000
 1.568   50.6250
 1.572   50.7500
 1.576   50.8750
 1.580   51.0500
 1.584   51.1250
 1.588   51.1000
 1.592   51.1250
 1.596   51.3250
 1.600   51.1500
 1.604   51.2500
 1.608   51.3750
 1.612   51.3250
 1.616   51.5000
 1.620   51.4250
 1.624   51.5750
 1.628   51.4500
 1.632   51.3750
 1.636   51.4250
 1.640   51.4000
 1.644   51.5750
 1.648   51.5750
 1.652   51.5250
 1.656   51.6000
 1.660   51.4500
 1.664   51.5000
 1.668   51.6250
 1.672   51.4000
 1.676   51.4500
 1.680   51.4500
 1.684   51.2750
 1.688   51.1750
 1.692   51.2500
 1.696   51.1250
 1.700   51.0000
 1.704   50.9000
 1.708   50.6750
 1.712   50.6750
 1.716   50.5000
 1.720   50.3750
 1.724   50.3500
 1.728   50.3250
 1.732   50.2750
 1.736   50.1500
 1.740   49.8750
 1.744   49.7500
 1.748   49.9750
 1.752   49.9000
 1.756   49.9250
 1.760   50.0000
 1.764   50.0750
 1.768   50.0750
 1.772   50.1250
 1.776   49.9250
 1.780   49.8750
 1.784   49.8000
 1.788   49.7250
 1.792   49.7000
 1.796   49.5250
 1.800   49.2500
 1.804   49.1250
 1.808   48.9000
 1.812   48.6750
 1.816   48.6750
 1.820   48.0750
 1.824   47.8500
 1.828   47.6500
 1.832   46.9750
 1.836   46.8000
 1.840   46.5250
 1.844   46.3000
 1.848   45.8250
 1.852   45.0500
 1.856   44.2500
 1.860   43.1750
 1.864   42.3000
 1.868   41.7500
 1.872   41.3750
 1.876   41.1250
 1.880   40.5250
 1.884   39.5500
 1.888   38.5750
 1.892   37.5500
 1.896   36.7500
 1.900   36.0750
 1.904   35.6750
 1.908   35.6000
 1.912   35.3250
 1.916   34.9500
 1.920   35.0500
 1.924   34.9750
 1.928   35.0000
 1.932   35.1500
 1.936   35.1750
 1.940   35.2750
 1.944   35.3750
 1.948   35.5250
 1.952   35.5000
 1.956   35.5000
 1.960   35.6750
 1.964   35.9000
 1.968   36.1250
 1.972   36.2000
 1.976   36.2250
 1.980   36.3000
 1.984   36.3750
 1.988   36.7500
 1.992   36.9000
 1.996   37.4250
 2.000   38.1500
 2.004   38.7250
 2.008   39.2000
 2.012   39.7250
 2.016   40.1500
 2.020   40.3750
 2.024   40.6250
 2.028   41.0500
 2.032   41.4750
 2.036   41.4750
 2.040   41.8250
 2.044   42.2250
 2.048   42.5000
 2.052   42.6250
 2.056   42.7250
 2.060   42.8500
 2.064   43.0500
 2.068   43.0500
 2.072   43.2750
 2.076   43.3750
 2.080   43.3250
 2.084   43.3500
 2.088   43.2250
 2.092   43.2250
 2.096   43.1750
 2.100   43.1500
 2.100   44.8400
 2.101   44.7700
 2.102   44.6775
 2.103   44.6675
 2.104   44.7900
 2.105   45.0325
 2.106   45.0700
 2.106   44.9375
 2.107   44.7675
 2.108   44.6500
 2.109   44.5250
 2.110   44.6800
 2.111   44.8200
 2.112   44.6400
 2.112   44.4425
 2.113   44.5725
 2.114   44.7525
 2.115   44.7300
 2.116   44.7450
 2.117   44.6825
 2.118   44.5275
 2.118   44.4050
 2.119   44.4400
 2.120   44.4275
 2.121   44.4450
 2.122   44.2900
 2.123   44.3275
 2.124   44.3850
 2.125   44.3200
 2.125   44.2800
 2.126   44.2200
 2.127   44.1100
 2.128   44.0150
 2.129   44.0900
 2.130   44.2925
 2.131   44.2500
 2.132   43.8975
 2.132   43.9200
 2.133   44.0800
 2.134   43.8300
 2.135   43.8175
 2.136   44.1825
 2.137   44.1175
 2.138   44.0500
 2.139   43.7200
 2.139   43.3300
 2.140   43.3250
 2.141   43.3125
 2.142   43.2100
 2.143   43.0000
 2.144   43.1250
 2.145   43.2250
 2.146   43.0000
 2.147   42.7000
 2.147   42.5275
 2.148   42.3900
 2.149   42.4225
 2.150   42.6425
 2.151   42.6875
 2.152   42.7025
 2.153   42.6275
 2.154   42.5925
 2.155   42.5025
 2.155   42.4900
 2.156   42.4900
 2.157   42.4275
 2.158   42.4600
 2.159   42.5575
 2.160   42.6400
 2.161   42.7975
 2.162   42.5450
 2.163   42.3425
 2.164   42.3000
 2.164   42.3975
 2.165   42.5600
 2.166   42.7550
 2.167   42.6750
 2.168   42.8125
 2.169   43.1400
 2.170   43.2075
 2.171   43.1600
 2.172   43.2650
 2.173   43.4375
 2.173   43.3475
 2.174   43.2375
 2.175   43.1600
 2.176   43.1700
 2.177   43.2075
 2.178   43.0875
 2.179   43.1175
 2.180   43.0775
 2.181   43.1450
 2.182   43.3525
 2.183   43.3875
 2.184   43.3700
 2.184   43.4300
 2.185   43.6050
 2.186   43.6075
 2.187   43.4650
 2.188   43.5225
 2.189   43.3100
 2.190   43.1225
 2.191   43.1725
 2.192   43.1975
 2.193   43.2600
 2.194   43.2675
 2.195   43.1500
 2.196   43.0400
 2.196   42.8575
 2.197   42.7675
 2.198   42.6425
 2.199   42.5725
 2.200   42.7025
 2.201   42.7475
 2.202   42.7050
 2.203   42.6650
 2.204   42.5000
 2.205   42.5950
 2.206   42.6075
 2.207   42.4050
 2.208   42.2425
 2.209   41.9600
 2.210   41.7800
 2.211   41.7550
 2.211   41.6825
 2.212   41.6825
 2.213   41.4875
 2.214   41.4275
 2.215   41.4125
 2.216   41.2075
 2.217   41.0900
 2.218   41.0575
 2.219   41.0500
 2.220   40.9175
 2.221   40.6400
 2.222   40.4225
 2.223   40.3625
 2.224   40.3625
 2.225   40.2225
 2.226   40.0100
 2.227   39.6750
 2.228   39.4325
 2.229   39.2975
 2.230   39.1850
 2.231   39.1300
 2.231   38.9850
 2.232   38.5425
 2.233   38.2050
 2.234   38.0500
 2.235   37.9225
 2.236   37.9225
 2.237   37.8675
 2.238   37.5950
 2.239   37.4575
 2.240   37.2150
 2.241   36.9050
 2.242   36.8025
 2.243   36.6675
 2.244   36.4500
 2.245   36.2875
 2.246   36.1450
 2.247   36.1675
 2.248   36.1125
 2.249   35.9350
 2.250   35.7575
 2.251   35.6675
 2.252   35.6800
 2.253   35.4950
 2.254   35.2875
 2.255   35.3300
 2.256   35.3200
 2.257   35.0100
 2.258   34.7850
 2.259   34.7850
 2.260   34.6300
 2.261   34.5250
 2.262   34.3675
 2.263   34.1100
 2.264   33.9575
 2.265   33.9600
 2.266   33.8575
 2.267   33.6750
 2.268   33.4575
 2.269   33.2275
 2.270   33.1600
 2.271   33.0850
 2.272   32.8050
 2.273   32.4950
 2.274   32.1925
 2.275   32.0825
 2.276   32.0075
 2.277   31.8075
 2.278   31.5400
 2.279   31.4200
 2.280   31.2450
 2.281   30.9725
 2.282   30.6250
 2.283   30.3275
 2.284   30.0775
 2.285   30.0500
 2.286   29.8825
 2.287   29.5400
 2.288   29.1000
 2.289   28.8200
 2.290   28.6575
 2.291   28.5800
 2.292   28.5450
 2.293   28.5075
 2.294   28.4200
 2.295   28.2575
 2.296   28.0900
 2.297   28.0425
 2.298   28.0125
 2.299   28.0350
 2.300   27.9975
 2.301   27.8800
 2.302   27.5550
 2.303   27.4675
 2.304   27.4950
 2.305   27.4450
 2.306   27.1775
 2.307   27.1775
 2.308   27.0650
 2.309   26.8650
 2.310   26.7625
 2.311   26.6225
 2.312   26.4625
 2.313   26.5050
 2.314   26.4025
 2.315   26.2725
 2.316   26.0975
 2.317   26.1050
 2.318   26.0875
 2.319   25.9800
 2.320   25.7075
 2.321   25.5600
 2.322   25.5450
 2.323   25.4800
 2.324   25.3125
 2.326   25.2675
 2.327   25.0100
 2.328   24.8125
 2.329   24.7350
 2.330   24.6850
 2.331   24.5600
 2.332   24.4875
 2.333   24.4875
 2.334   24.4650
 2.335   24.2150
 2.336   24.0100
 2.337   24.0300
 2.338   24.1575
 2.339   24.1725
 2.340   24.2325
 2.341   24.2225
 2.342   24.2425
 2.343   24.4125
 2.344   24.6850
 2.346   24.8775
 2.347   25.0600
 2.348   25.2675
 2.349   25.4050
 2.350   25.6675
 2.351   26.1025
 2.352   26.3925
 2.353   26.6375
 2.354   26.9175
 2.355   27.3950
 2.356   27.9750
 2.357   28.3625
 2.358   28.6850
 2.359   29.1325
 2.360   29.6275
 2.362   30.1150
 2.363   30.4675
 2.364   30.7700
 2.365   31.1275
 2.366   31.4525
 2.367   31.6225
 2.368   31.9525
 2.369   32.1850
 2.370   32.3425
 2.371   32.5400
 2.372   32.8075
 2.373   32.9050
 2.375   33.0450
 2.376   33.2300
 2.377   33.4975
 2.378   33.6725
 2.379   33.8025
 2.380   33.9025
 2.381   33.9450
 2.382   33.9425
 2.383   33.9350
 2.384   33.8725
 2.385   33.8975
 2.387   33.8275
 2.388   33.8125
 2.389   33.9100
 2.390   33.9900
 2.391   33.9450
 2.392   33.8100
 2.393   33.6950
 2.394   33.6975
 2.395   33.7300
 2.396   33.7450
 2.398   33.8325
 2.399   33.8250
 2.400   33.6150
 2.401   33.5750
 2.402   33.6775
 2.403   33.7475
 2.404   33.8100
 2.405   33.8375
 2.406   33.6950
 2.408   33.6825
 2.409   33.7175
 2.410   33.7225
 2.411   33.7125
 2.412   33.6600
 2.413   33.5475
 2.414   33.5700
 2.415   33.4675
 2.417   33.3625
 2.418   33.1550
 2.419   32.9250
 2.420   32.7975
 2.421   32.6250
 2.422   32.4075
 2.423   32.2800
 2.424   32.1125
 2.426   31.9150
 2.427   31.7450
 2.428   31.6125
 2.429   31.4075
 2.430   31.2550
 2.431   31.1700
 2.432   31.0675
 2.434   30.7750
 2.435   30.5575
 2.436   30.4325
 2.437   30.3025
 2.438   30.0825
 2.439   29.8775
 2.440   29.6550
 2.442   29.4125
 2.443   29.2825
 2.444   29.2400
 2.445   29.0000
 2.446   28.8350
 2.447   28.6925
 2.449   28.5800
 2.450   28.3575
 2.451   28.1075
 2.452   27.9750
 2.453   27.7500
 2.454   27.3925
 2.455   27.2975
 2.457   27.2350
 2.458   26.9425
 2.459   26.6900
 2.460   26.4725
 2.461   26.1625
 2.462   25.9875
 2.464   25.8225
 2.465   25.5950
 2.466   25.3125
 2.467   25.1450
 2.468   24.8725
 2.469   24.6700
 2.471   24.5225
 2.472   24.2550
 2.473   23.9250
 2.474   23.8375
 2.475   23.6375
 2.477   23.3750
 2.478   23.1350
 2.479   22.8875
 2.480   22.7825
 2.481   22.8475
 2.482   22.6450
 2.484   22.3700
 2.485   22.3150
 2.486   22.3325
 2.487   22.1975
 2.488   21.9900
 2.490   21.8075
 2.491   21.7800
 2.492   21.7725
 2.493   21.6625
 2.494   21.6075
 2.496   21.5725
 2.497   21.4600
 2.498   21.4250
 2.499   21.3100
 2.500   21.2850
 2.502   21.2400
 2.503   21.1300
 2.504   21.0575
 2.505   21.1050
 2.506   21.0925
 2.508   21.0700
 2.509   20.9150
 2.510   20.7675
 2.511   20.6525
 2.513   20.5750
 2.514   20.4750
 2.515   20.4125
 2.516   20.2600
 2.517   20.1775
 2.519   20.0125
 2.520   19.8375
 2.521   19.7075
 2.522   19.6050
 2.524   19.3650
 2.525   19.0650
 2.526   18.8050
 2.527   18.6100
 2.528   18.4375
 2.530   18.3850
 2.531   18.2125
 2.532   18.0275
 2.533   18.0400
 2.535   18.0550
 2.536   18.0275
 2.537   17.9975
 2.538   18.0175
 2.540   18.2575
 2.541   18.4350
 2.542   18.7275
 2.543   19.1225
 2.545   19.4325
 2.546   19.7075
 2.547   20.1200
 2.548   20.5975
 2.550   21.1225
 2.551   21.5550
 2.552   22.0075
 2.553   22.4725
 2.555   22.9100
 2.556   23.3300
 2.557   23.7700
 2.558   24.2000
 2.560   24.6525
 2.561   25.0825
 2.562   25.4800
 2.563   25.8200
 2.565   26.2000
 2.566   26.3925
 2.567   26.5300
 2.569   26.7025
 2.570   27.1100
 2.571   27.3250
 2.572   27.3625
 2.574   27.4975
 2.575   27.7425
 2.576   27.9050
 2.577   27.9150
 2.579   28.0300
 2.580   28.2850
 2.581   28.4025
 2.583   28.4600
 2.584   28.5975
 2.585   28.7025
 2.586   28.7375
 2.588   28.9225
 2.589   29.0525
 2.590   29.1600
 2.592   29.3675
 2.593   29.5150
 2.594   29.6500
 2.596   29.7375
 2.597   29.7125
 2.598   29.7800
 2.599   29.8300
 2.601   29.9050
 2.602   30.0000
 2.603   30.0550
 2.605   30.0525
 2.606   30.1400
 2.607   30.2450
 2.609   30.2825
 2.610   30.2200
 2.611   30.2400
 2.613   30.3025
 2.614   30.3125
 2.615   30.1625
 2.616   30.1075
 2.618   30.0925
 2.619   30.1800
 2.620   30.2075
 2.622   30.1400
 2.623   30.0800
 2.624   30.0375
 2.626   30.0125
 2.627   30.1325
 2.628   30.1675
 2.630   30.0825
 2.631   29.9275
 2.632   29.7750
 2.634   29.6650
 2.635   29.5275
 2.636   29.4825
 2.638   29.5025
 2.639   29.5275
 2.640   29.4600
 2.642   29.3550
 2.643   29.3600
 2.645   29.2250
 2.646   29.1650
 2.647   29.0875
 2.649   29.0175
 2.650   28.9075
 2.651   28.8250
 2.653   28.8075
 2.654   28.7225
 2.655   28.5800
 2.657   28.3975
 2.658   28.1775
 2.659   28.0175
 2.661   27.9700
 2.662   27.9250
 2.664   27.6625
 2.665   27.4575
 2.666   27.3625
 2.668   27.3275
 2.669   27.1925
 2.670   27.0075
 2.672   26.7400
 2.673   26.5000
 2.675   26.1950
 2.676   25.9100
 2.677   25.7125
 2.679   25.4625
 2.680   25.1075
 2.681   24.7675
 2.683   24.3400
 2.684   23.8225
 2.686   23.3975
 2.687   23.0525
 2.688   22.6825
 2.690   22.1575
 2.691   21.6400
 2.693   21.2700
 2.694   20.8475
 2.695   20.3625
 2.697   19.8525
 2.698   19.3925
 2.700   18.9275
 2.701   18.4775
 2.702   18.0800
 2.704   17.6125
 2.705   17.0925
 2.707   16.6175
 2.708   16.1400
 2.709   15.9100
 2.711   15.6200
 2.712   15.1650
 2.714   14.7300
 2.715   14.3700
 2.717   13.9800
 2.718   13.5475
 2.719   13.1925
 2.721   13.0875
 2.722   13.1400
 2.724   13.1775
 2.725   13.1400
 2.727   13.0400
 2.728   12.8475
 2.729   12.7150
 2.731   12.6375
 2.732   12.5400
 2.734   12.3675
 2.735   12.2425
 2.737   12.2025
 2.738   12.1150
 2.740   11.9075
 2.741   11.8250
 2.742   11.7100
 2.744   11.6125
 2.745   11.4575
 2.747   11.3400
 2.748   11.2425
 2.750   11.2000
 2.751   11.1700
 2.753   11.0675
 2.754   10.9175
 2.756   10.8450
 2.757   10.8050
 2.758   10.6675
 2.760   10.5250
 2.761   10.5200
 2.763   10.4375
 2.764   10.4100
 2.766   10.3575
 2.767   10.2825
 2.769   10.1875
 2.770   10.0800
 2.772    9.9825
 2.773    9.8925
 2.775    9.8150
 2.776    9.7975
 2.778    9.6775
 2.779    9.6025
 2.781    9.5050
 2.782    9.4975
 2.784    9.5125
 2.785    9.5175
 2.787    9.4100
 2.788    9.2900
 2.790    9.3050
 2.791    9.2700
 2.793    9.2750
 2.794    9.3200
 2.796    9.3375
 2.797    9.3700
 2.799    9.3075
 2.800    9.2525
 2.802    9.2475
 2.803    9.2975
 2.805    9.2375
 2.806    9.2725
 2.808    9.2525
 2.809    9.2350
 2.811    9.2250
 2.812    9.2075
 2.814    9.2725
 2.815    9.2700
 2.817    9.2000
 2.818    9.1475
 2.820    9.1100
 2.821    9.1375
 2.823    9.1500
 2.825    9.0975
 2.826    9.0625
 2.828    9.0925
 2.829    9.0250
 2.831    8.9525
 2.832    8.9425
 2.834    9.0100
 2.835    8.9850
 2.837    8.9675
 2.838    8.9325
 2.840    8.9425
 2.842    8.9250
 2.843    8.8950
 2.845    8.8125
 2.846    8.8900
 2.848    8.8825
 2.849    8.8200
 2.851    8.8000
 2.853    8.7950
 2.854    8.7650
 2.856    8.7175
 2.857    8.6900
 2.859    8.7100
 2.860    8.6875
 2.862    8.6625
 2.864    8.5750
 2.865    8.5550
 2.867    8.4750
 2.868    8.5125
 2.870    8.5775
 2.871    8.5925
 2.873    8.5425
 2.875    8.5575
 2.876    8.4975
 2.878    8.4500
 2.879    8.3925
 2.881    8.3650
 2.883    8.3650
 2.884    8.3650
 2.886    8.3525
 2.887    8.3650
 2.889    8.3275
 2.891    8.3300
 2.892    8.3575
 2.894    8.3475
 2.896    8.2650
 2.897    8.2675
 2.899    8.2175
 2.900    8.1925
 2.902    8.1625
 2.904    8.1750
 2.905    8.1650
 2.907    8.1900
 2.909    8.2475
 2.910    8.2425
 2.912    8.1975
 2.913    8.1625
 2.915    8.0825
 2.917    8.0900
 2.918    8.0175
 2.920    8.0350
 2.922    8.0450
 2.923    8.0675
 2.925    8.0775
 2.927    8.1100
 2.928    8.0650
 2.930    8.0600
 2.932    8.0075
 2.933    7.9650
 2.935    7.9850
 2.937    7.9900
 2.938    8.0075
 2.940    8.0325
 2.942    8.0075
 2.943    8.0375
 2.945    8.0450
 2.947    8.0400
 2.948    8.0300
 2.950    8.0600
 2.952    8.0575
 2.953    8.0350
 2.955    8.0475
 2.957    8.0600
 2.958    8.0100
 2.960    8.0075
 2.962    8.0050
 2.963    8.0075
 2.965    8.0425
 2.967    8.0500
 2.968    8.0700
 2.970    8.1675
 2.972    8.1225
 2.974    8.0775
 2.975    8.1300
 2.977    8.1550
 2.979    8.1050
 2.980    8.0675
 2.982    8.0700
 2.984    8.0800
 2.986    8.0975
 2.987    8.1375
 2.989    8.1325
 2.991    8.1500
 2.992    8.1550
 2.994    8.1600
 2.996    8.1575
 2.998    8.2000
 2.999    8.2475
 3.001    8.2425
 3.003    8.2275
 3.005    8.1750
 3.006    8.1275
 3.008    8.1750
 3.010    8.1725
 3.012    8.2275
 3.013    8.2975
 3.015    8.2975
 3.017    8.2950
 3.019    8.3075
 3.020    8.3450
 3.022    8.3275
 3.024    8.3125
 3.026    8.3150
 3.027    8.2750
 3.029    8.2575
 3.031    8.2725
 3.033    8.2850
 3.034    8.2800
 3.036    8.2950
 3.038    8.3250
 3.040    8.3700
 3.042    8.3450
 3.043    8.3300
 3.045    8.3175
 3.047    8.3625
 3.049    8.3525
 3.051    8.3750
 3.052    8.3525
 3.054    8.3475
 3.056    8.3150
 3.058    8.3475
 3.060    8.4125
 3.061    8.4325
 3.063    8.4050
 3.065    8.4125
 3.067    8.4250
 3.069    8.4975
 3.070    8.5125
 3.072    8.5025
 3.074    8.4475
 3.076    8.4150
 3.078    8.4325
 3.079    8.4875
 3.081    8.4775
 3.083    8.4600
 3.085    8.4350
 3.087    8.4400
 3.089    8.4525
 3.091    8.4600
 3.092    8.4850
 3.094    8.5525
 3.096    8.5100
 3.098    8.4750
 3.100    8.4550
 3.102    8.4725
 3.103    8.5200
 3.105    8.5325
 3.107    8.4775
 3.109    8.4850
 3.111    8.5050
 3.113    8.5275
 3.115    8.5225
 3.116    8.5725
 3.118    8.6325
 3.120    8.7150
 3.122    8.7550
 3.124    8.7800
 3.126    8.7625
 3.128    8.7850
 3.130    8.8075
 3.132    8.8275
 3.133    8.8400
 3.135    8.8600
 3.137    8.8600
 3.139    8.8775
 3.141    8.9125
 3.143    8.9600
 3.145    8.9450
 3.147    8.9250
 3.149    8.9400
 3.151    9.0025
 3.152    9.0250
 3.154    9.0175
 3.156    9.0250
 3.158    9.0800
 3.160    9.1400
 3.162    9.1950
 3.164    9.2575
 3.166    9.3750
 3.168    9.4175
 3.170    9.4125
 3.172    9.4075
 3.174    9.4650
 3.176    9.4775
 3.178    9.4975
 3.180    9.5400
 3.182    9.5975
 3.183    9.6250
 3.185    9.6775
 3.187    9.6875
 3.189    9.6800
 3.191    9.7125
 3.193    9.7750
 3.195    9.7900
 3.197    9.7800
 3.199    9.7850
 3.201    9.8225
 3.203    9.8375
 3.205    9.8600
 3.207    9.8900
 3.209    9.8900
 3.211    9.8550
 3.213    9.9275
 3.215    9.9675
 3.217    9.9975
 3.219    9.9775
 3.221    9.9475
 3.223    9.9500
 3.225    9.9975
 3.227   10.0200
 3.229   10.0550
 3.231   10.0725
 3.233   10.0925
 3.235   10.0350
 3.237   10.0125
 3.239   10.0350
 3.241   10.0500
 3.243   10.0375
 3.245   10.0825
 3.247   10.0850
 3.249   10.0675
 3.251   10.0500
 3.253   10.0600
 3.255   10.0575
 3.257   10.0650
 3.259   10.0625
 3.262   10.0575
 3.264   10.0700
 3.266   10.0450
 3.268   10.0150
 3.270    9.9950
 3.272    9.9675
 3.274    9.9675
 3.276    9.9375
 3.278    9.9025
 3.280    9.8700
 3.282    9.8650
 3.284    9.7700
 3.286    9.6975
 3.288    9.6600
 3.291    9.6375
 3.293    9.5525
 3.295    9.4025
 3.297    9.2825
 3.299    9.2200
 3.301    9.1625
 3.303    9.1025
 3.305    8.9975
 3.307    8.8975
 3.309    8.8650
 3.312    8.7825
 3.314    8.6750
 3.316    8.6350
 3.318    8.5850
 3.320    8.5000
 3.322    8.3800
 3.324    8.2500
 3.326    8.0900
 3.329    7.9250
 3.331    7.7125
 3.333    7.4825
 3.335    7.1625
 3.337    6.8325
 3.339    6.5150
 3.341    6.2450
 3.344    6.0125
 3.346    5.8700
 3.348    5.8025
 3.350    5.7775
 3.352    5.7750
 3.354    5.8500
 3.357    5.9325
 3.359    6.0150
 3.361    6.0725
 3.363    6.0950
 3.365    6.0750
 3.367    6.1000
 3.370    6.1475
 3.372    6.1575
 3.374    6.1550
 3.376    6.1525
 3.378    6.1425
 3.381    6.1550
 3.383    6.1475
 3.385    6.1750
 3.387    6.1950
 3.389    6.2250
 3.392    6.2075
 3.394    6.1975
 3.396    6.1725
 3.398    6.1375
 3.401    6.1325
 3.403    6.1950
 3.405    6.2475
 3.407    6.2300
 3.409    6.1900
 3.412    6.2275
 3.414    6.1875
 3.416    6.1575
 3.418    6.1750
 3.421    6.2325
 3.423    6.2175
 3.425    6.1950
 3.428    6.2225
 3.430    6.2375
 3.432    6.2225
 3.434    6.1975
 3.437    6.1600
 3.439    6.1125
 3.441    6.1075
 3.443    6.1675
 3.446    6.1500
 3.448    6.0975
 3.450    6.0750
 3.453    6.0850
 3.455    6.0725
 3.457    6.0025
 3.460    5.9225
 3.462    5.8250
 3.464    5.6625
 3.466    5.5050
 3.469    5.3825
 3.471    5.3175
 3.473    5.2825
 3.476    5.2700
 3.478    5.3100
 3.480    5.3275
 3.483    5.3475
 3.485    5.4400
 3.487    5.5300
 3.490    5.5925
 3.492    5.6350
 3.494    5.6725
 3.497    5.7600
 3.499    5.8725
 3.502    5.9025
 3.504    5.9300
 3.506    6.0100
 3.509    6.1300
 3.511    6.2225
 3.513    6.3600
 3.516    6.5475
 3.518    6.7275
 3.521    6.9100
 3.523    7.1425
 3.525    7.3850
 3.528    7.6550
 3.530    7.8975
 3.533    8.2225
 3.535    8.4850
 3.537    8.6600
 3.540    8.8350
 3.542    9.0350
 3.545    9.2250
 3.547    9.3950
 3.550    9.5275
 3.552    9.6600
 3.554    9.7800
 3.557    9.9075
 3.559   10.0150
 3.562   10.0650
 3.564   10.0650
 3.567   10.0350
 3.569   10.0050
 3.571   10.1150
 3.574   10.3000
 3.576   10.5100
 3.579   10.7600
 3.581   11.0375
 3.584   11.2700
 3.586   11.4975
 3.589   11.6850
 3.591   11.8775
 3.594   12.0400
 3.596   12.2000
 3.599   12.3175
 3.601   12.4400
 3.604   12.5675
 3.606   12.7000
 3.609   12.8000
 3.611   12.9000
 3.614   12.9675
 3.616   13.0525
 3.619   13.1300
 3.621   13.1950
 3.624   13.2200
 3.626   13.2675
 3.629   13.3425
 3.632   13.3975
 3.634   13.4275
 3.637   13.5025
 3.639   13.5600
 3.642   13.5975
 3.644   13.6250
 3.647   13.6575
 3.649   13.7150
 3.652   13.7750
 3.655   13.8000
 3.657   13.8075
 3.660   13.8425
 3.662   13.8725
 3.665   13.8675
 3.667   13.8875
 3.670   13.8950
 3.673   13.9200
 3.675   13.9425
 3.678   13.9300
 3.680   13.9325
 3.683   13.9025
 3.686   13.8625
 3.688   13.8725
 3.691   13.8375
 3.694   13.8125
 3.696   13.7975
 3.699   13.7400
 3.701   13.6875
 3.704   13.6600
 3.707   13.6150
 3.709   13.5825
 3.712   13.5300
 3.715   13.4550
 3.717   13.3600
 3.720   13.2925
 3.723   13.2150
 3.725   13.1175
 3.728   13.0025
 3.731   12.9050
 3.733   12.8225
 3.736   12.6975
 3.739   12.4975
 3.742   12.2975
 3.744   12.1450
 3.747   12.0200
 3.750   11.8825
 3.752   11.7775
 3.755   11.6900
 3.758   11.5350
 3.761   11.3825
 3.763   11.2425
 3.766   11.0800
 3.769   10.8975
 3.771   10.6725
 3.774   10.4700
 3.777   10.2800
 3.780   10.0625
 3.782    9.7600
 3.785    9.4550
 3.788    9.1225
 3.791    8.7700
 3.794    8.4200
 3.796    8.0925
 3.799    7.7925
 3.802    7.5150
 3.805    7.2800
 3.807    7.1150
 3.810    6.9925
 3.813    6.8475
 3.816    6.6800
 3.819    6.5475
 3.822    6.4650
 3.824    6.3825
 3.827    6.2650
 3.830    6.1375
 3.833    6.0225
 3.836    5.9700
 3.838    5.9150
 3.841    5.8700
 3.844    5.8650
 3.847    5.8275
 3.850    5.7625
 3.853    5.7425
 3.856    5.7425
 3.858    5.7100
 3.861    5.6550
 3.864    5.6075
 3.867    5.6050
 3.870    5.6325
 3.873    5.6625
 3.876    5.6175
 3.879    5.5675
 3.882    5.5500
 3.884    5.5150
 3.887    5.5225
 3.890    5.5325
 3.893    5.4925
 3.896    5.4650
 3.899    5.4875
 3.902    5.4425
 3.905    5.3750
 3.908    5.3475
 3.911    5.3250
 3.914    5.2825
 3.917    5.2300
 3.920    5.1950
 3.923    5.1525
 3.926    5.1425
 3.929    5.1475
 3.932    5.0900
 3.935    5.0000
 3.938    4.9075
 3.941    4.8000
 3.944    4.6700
 3.947    4.5600
 3.950    4.4800
 3.953    4.3850
 3.956    4.3225
 3.959    4.2675
 3.962    4.2100
 3.965    4.2000
 3.968    4.2125
 3.971    4.2250
 3.974    4.1800
 3.977    4.1750
 3.980    4.2475
 3.983    4.3100
 3.986    4.3650
 3.989    4.4925
 3.992    4.6250
 3.995    4.7000
 3.998    4.7875
 4.001    4.9450
 4.004    5.1075
 4.008    5.2700
 4.011    5.4025
 4.014    5.5250
 4.017    5.6350
 4.020    5.7700
 4.023    5.9000
 4.026    6.0675
 4.029    6.2375
 4.032    6.4300
 4.036    6.6150
 4.039    6.8125
 4.042    7.0300
 4.045    7.2575
 4.048    7.4975
 4.051    7.6800
 4.055    7.8200
 4.058    7.9500
 4.061    8.0775
 4.064    8.2200
 4.067    8.3625
 4.070    8.5175
 4.074    8.6350
 4.077    8.7550
 4.080    8.9225
 4.083    9.0450
 4.087    9.1200
 4.090    9.2375
 4.093    9.3575
 4.096    9.4800
 4.099    9.6050
 4.103    9.6975
 4.106    9.7725
 4.109    9.8725
 4.112    9.9825
 4.116   10.0750
 4.119   10.1725
 4.122   10.2775
 4.126   10.3875
 4.129   10.5300
 4.132   10.6775
 4.135   10.7700
 4.139   10.8150
 4.142   10.8950
 4.145   10.9825
 4.149   11.1125
 4.152   11.2350
 4.155   11.3025
 4.159   11.3500
 4.162   11.4025
 4.165   11.4900
 4.169   11.5750
 4.172   11.6175
 4.175   11.6625
 4.179   11.6950
 4.182   11.7325
 4.185   11.7650
 4.189   11.8000
 4.192   11.8250
 4.196   11.8525
 4.199   11.8925
 4.202   11.8850
 4.206   11.8725
 4.209   11.8575
 4.213   11.8350
 4.216   11.8075
 4.219   11.7450
 4.223   11.7350
 4.226   11.7300
 4.230   11.7025
 4.233   11.6800
 4.237   11.6350
 4.240   11.5500
 4.244   11.4775
 4.247   11.4100
 4.251   11.3125
 4.254   11.2050
 4.258   11.0950
 4.261   10.9675
 4.265   10.8950
 4.268   10.9275
 4.272   11.0125
 4.275   11.1275
 4.279   11.2175
 4.282   11.2700
 4.286   11.3200
 4.289   11.3425
 4.293   11.3725
 4.296   11.4050
 4.300   11.4125
 4.304   11.3875
 4.307   11.3925
 4.311   11.3975
 4.314   11.4175
 4.318   11.4550
 4.321   11.4900
 4.325   11.5350
 4.329   11.5625
 4.332   11.5500
 4.336   11.5775
 4.340   11.6350
 4.343   11.6725
 4.347   11.7025
 4.350   11.7900
 4.354   11.9175
 4.358   12.0150
 4.361   12.0875
 4.365   12.1275
 4.369   12.1500
 4.372   12.1700
 4.376   12.1525
 4.380   12.1325
 4.384   12.1025
 4.387   12.0200
 4.391   11.9375
 4.395   11.9075
 4.398   11.8750
 4.402   11.8500
 4.406   11.7875
 4.410   11.7050
 4.413   11.6150
 4.417   11.5725
 4.421   11.5100
 4.425   11.4075
 4.428   11.3175
 4.432   11.2300
 4.436   11.0975
 4.440   10.9875
 4.444   10.8850
 4.447   10.8000
 4.451   10.7400
 4.455   10.6500
 4.459   10.5500
 4.463   10.4825
 4.467   10.4075
 4.470   10.3100
 4.474   10.2075
 4.478   10.0975
 4.482    9.9800
 4.486    9.8875
 4.490    9.7900
 4.494    9.7000
 4.498    9.6450
 4.502    9.5975
 4.505    9.5250
 4.509    9.4750
 4.513    9.4625
 4.517    9.4225
 4.521    9.3750
 4.525    9.3500
 4.529    9.3350
 4.533    9.3025
 4.537    9.2725
 4.541    9.2625
 4.545    9.2450
 4.549    9.2200
 4.553    9.1625
 4.557    9.1050
 4.561    9.0800
 4.565    9.0825
 4.569    9.0700
 4.573    9.0350
 4.577    8.9650
 4.581    8.9000
 4.585    8.8550
 4.589    8.8050
 4.593    8.7325
 4.597    8.6650
 4.601    8.6050
 4.605    8.5225
 4.610    8.4025
 4.614    8.2850
 4.618    8.1800
 4.622    8.0375
 4.626    7.8675
 4.630    7.6900
 4.634    7.5225
 4.638    7.3250
 4.643    7.1275
 4.647    7.0000
 4.651    6.8775
 4.655    6.7625
 4.659    6.6875
 4.663    6.6775
 4.668    6.6750
 4.672    6.6675
 4.676    6.6900
 4.680    6.7325
 4.684    6.8225
 4.689    6.9525
 4.693    7.0750
 4.697    7.2225
 4.701    7.4450
 4.706    7.6700
 4.710    7.8975
 4.714    8.1600
 4.719    8.4200
 4.723    8.6400
 4.727    8.8075
 4.731    8.9475
 4.736    9.1125
 4.740    9.2375
 4.744    9.3200
 4.749    9.3950
 4.753    9.4675
 4.758    9.5325
 4.762    9.6200
 4.766    9.6725
 4.771    9.6750
 4.775    9.6750
 4.779    9.6925
 4.784    9.7075
 4.788    9.7200
 4.793    9.7075
 4.797    9.6825
 4.802    9.6500
 4.806    9.6425
 4.810    9.6425
 4.815    9.6175
 4.819    9.6025
 4.824    9.5900
 4.828    9.5600
 4.833    9.5400
 4.837    9.5400
 4.842    9.5275
 4.846    9.4850
 4.851    9.4600
 4.856    9.4275
 4.860    9.3800
 4.865    9.3650
 4.869    9.3675
 4.874    9.3350
 4.878    9.3050
 4.883    9.2850
 4.888    9.2825
 4.892    9.2525
 4.897    9.2275
 4.901    9.1850
 4.906    9.1450
 4.911    9.1050
 4.915    9.0850
 4.920    9.0500
 4.925    9.0375
 4.929    9.0400
 4.934    9.0075
 4.939    8.9750
 4.943    8.9525
 4.948    8.9350
 4.953    8.9300
 4.958    8.9300
 4.962    8.9125
 4.967    8.8850
 4.972    8.8925
 4.977    8.8725
 4.981    8.8500
 4.986    8.8475
 4.991    8.8375
 4.996    8.8350
 5.001    8.8175
 5.005    8.7800
 5.010    8.7675
 5.015    8.7500
 5.020    8.7375
 5.025    8.7325
 5.030    8.7250
 5.035    8.6825
 5.040    8.6275
 5.044    8.5950
 5.049    8.5575
 5.054    8.4850
 5.059    8.4400
 5.064    8.4100
 5.069    8.3475
 5.074    8.2400
 5.079    8.0500
 5.084    7.6900
 5.089    7.2075
 5.094    6.8800
 5.099    6.9775
 5.104    7.3475
 5.109    7.7150
 5.114    7.9250
 5.119    8.0075
 5.124    8.0100
 5.129    7.9800
 5.134    7.9575
 5.139    7.9425
 5.145    7.9000
 5.150    7.8650
 5.155    7.8350
 5.160    7.7950
 5.165    7.7350
 5.170    7.6800
 5.175    7.6275
 5.180    7.5975
 5.186    7.5525
 5.191    7.4875
 5.196    7.4250
 5.201    7.3825
 5.206    7.3250
 5.212    7.2650
 5.217    7.2075
 5.222    7.1575
 5.227    7.0900
 5.233    7.0350
 5.238    6.9775
 5.243    6.9050
 5.249    6.8375
 5.254    6.7675
 5.259    6.7150
 5.265    6.6750
 5.270    6.6125
 5.275    6.5400
 5.281    6.4725
 5.286    6.4075
 5.291    6.3225
 5.297    6.2500
 5.302    6.1875
 5.308    6.1125
 5.313    6.0200
 5.319    5.9450
 5.324    5.8575
 5.330    5.7850
 5.335    5.7225
 5.341    5.6575
 5.346    5.5750
 5.352    5.4925
 5.357    5.3900
 5.363    5.3025
 5.368    5.2175
 5.374    5.1425
 5.379    5.0675
 5.385    5.0025
 5.390    4.9150
 5.396    4.8275
 5.402    4.7425
 5.407    4.6650
 5.413    4.5675
 5.419    4.4825
 5.424    4.3775
 5.430    4.2675
 5.436    4.1625
 5.441    4.0700
 5.447    3.9775
 5.453    3.9050
 5.459    3.8025
 5.464    3.6975
 5.470    3.6175
 5.476    3.5400
 5.482    3.4325
 5.487    3.3600
 5.493    3.2875
 5.499    3.1900
 5.505    3.0925
 5.511    3.0000
 5.517    2.8950
 5.523    2.7850
 5.528    2.6250
 5.534    2.4475
 5.540    2.2575
 5.546    2.1325
 5.552    2.0975
 5.558    2.1425
 5.564    2.1950
 5.570    2.2475
 5.576    2.3400
 5.582    2.4675
 5.588    2.5750
 5.594    2.6825
 5.600    2.7675
 5.606    2.8400
 5.612    2.8975
 5.618    2.9300
 5.624    2.9425
 5.630    2.9600
 5.637    2.9350
 5.643    2.9075
 5.649    2.8625
 5.655    2.8000
 5.661    2.7525
 5.667    2.7425
 5.674    2.7175
 5.680    2.6850
 5.686    2.6575
 5.692    2.6325
 5.698    2.5850
 5.705    2.5500
 5.711    2.5100
 5.717    2.4775
 5.724    2.4525
 5.730    2.4350
 5.736    2.4125
 5.743    2.3975
 5.749    2.3575
 5.755    2.3625
 5.762    2.3500
 5.768    2.3325
 5.775    2.3375
 5.781    2.3500
 5.788    2.3300
 5.794    2.3225
 5.800    2.3075
 5.807    2.2825
 5.813    2.2625
 5.820    2.2650
 5.827    2.2350
 5.833    2.2200
 5.840    2.1975
 5.846    2.2050
 5.853    2.1825
 5.859    2.1775
 5.866    2.1700
 5.873    2.1625
 5.879    2.0975
 5.886    2.0675
 5.893    2.0725
 5.899    2.0500
 5.906    1.9950
 5.913    1.9425
 5.920    1.9375
 5.926    1.9500
 5.933    1.9100
 5.940    1.9000
 5.947    1.8625
 5.954    1.8425
 5.960    1.8375
 5.967    1.8200
 5.974    1.7800
 5.981    1.7550
 5.988    1.7475
 5.995    1.7450
 6.002    1.7250
 6.009    1.7150
 6.016    1.6725
 6.023    1.6475
 6.030    1.6675
 6.037    1.6825
 6.044    1.6550
 6.051    1.6400
 6.058    1.6275
 6.065    1.6200
 6.072    1.5975
 6.079    1.5900
 6.086    1.6025
 6.094    1.6275
 6.101    1.6575
 6.108    1.7025
 6.115    1.6875
 6.122    1.6875
 6.130    1.7225
 6.137    1.7725
 6.144    1.7750
 6.151    1.8100
 6.159    1.8575
 6.166    1.9075
 6.173    1.9800
 6.181    2.0800
 6.188    2.1275
 6.195    2.1975
 6.203    2.3225
 6.210    2.4700
 6.218    2.5650
 6.225    2.7075
 6.233    2.8850
 6.240    3.0725
 6.248    3.2650
 6.255    3.4775
 6.263    3.7100
 6.270    3.9725
 6.278    4.2375
 6.286    4.5275
 6.293    4.8650
 6.301    5.3100
 6.308    5.8575
 6.316    6.4825
 6.324    7.1800
 6.332    8.0725
 6.339    9.1675
 6.347   10.2825
 6.355   11.4025
 6.363   12.5950
 6.370   13.8650
 6.378   15.2025
 6.386   16.6150
 6.394   18.1475
 6.402   19.9250
 6.410   21.9650
 6.418   24.0500
 6.426   26.3250
 6.434   28.7650
 6.442   30.9775
 6.450   32.7150
 6.458   33.8375
 6.466   34.5025
 6.474   34.8575
 6.482   35.0375
 6.490   35.0550
 6.498   34.9500
 6.506   34.8450
 6.515   34.6850
 6.523   34.4600
 6.531   34.2300
 6.539   33.9650
 6.547   33.6500
 6.556   33.3325
 6.564   33.0225
 6.572   32.6050
 6.581   32.1475
 6.589   31.7250
 6.597   31.2650
 6.606   30.8225
 6.614   30.4075
 6.623   30.1075
 6.631   29.7800
 6.640   29.3975
 6.648   29.0350
 6.657   28.7250
 6.665   28.3800
 6.674   28.0650
 6.682   27.6975
 6.691   27.3250
 6.700   26.9625
 6.708   26.5900
 6.717   26.1900
 6.726   25.8050
 6.734   25.4225
 6.743   25.1125
 6.752   24.7925
 6.761   24.5050
 6.770   24.2475
 6.778   23.9900
 6.787   23.6675
 6.796   23.4225
 6.805   23.1750
 6.814   22.9525
 6.823   22.7325
 6.832   22.5300
 6.841   22.3100
 6.850   22.1400
 6.859   21.9500
 6.868   21.7350
 6.877   21.4925
 6.886   21.2650
 6.896   21.0425
 6.905   20.8625
 6.914   20.6925
 6.923   20.5625
 6.932   20.4350
 6.942   20.3750
 6.951   20.3300
 6.960   20.2725
 6.970   20.2025
 6.979   20.1900
 6.989   20.1675
 6.998   20.1000
 7.007   20.0150
 7.017   19.9650
 7.026   19.8275
 7.036   19.7200
 7.046   19.5750
 7.055   19.4250
 7.065   19.2275
 7.074   18.9800
 7.084   18.5575
 7.094   17.9025
 7.103   16.9675
 7.113   16.0125
 7.123   15.2900
 7.133   14.8875
 7.143   14.5600
 7.152   14.2150
 7.162   13.7625
 7.172   13.2525
 7.182   12.7600
 7.192   12.3725
 7.202   12.0125
 7.212   11.7250
 7.222   11.4750
 7.232   11.2925
 7.242   11.0875
 7.252   10.8925
 7.263   10.7300
 7.273   10.6200
 7.283   10.5075
 7.293   10.4225
 7.303   10.3175
 7.314   10.2725
 7.324   10.2325
 7.334   10.1850
 7.345   10.1000
 7.355   10.0325
 7.366    9.9525
 7.376    9.8875
 7.387    9.7825
 7.397    9.7025
 7.408    9.6150
 7.418    9.5850
 7.429    9.4950
 7.440    9.4125
 7.450    9.3600
 7.461    9.3350
 7.472    9.2425
 7.483    9.2050
 7.493    9.1375
 7.504    9.0650
 7.515    8.9825
 7.526    8.9550
 7.537    8.9000
 7.548    8.8600
 7.559    8.7800
 7.570    8.7600
 7.581    8.7150
 7.592    8.6825
 7.603    8.6375
 7.614    8.6250
 7.626    8.6150
 7.637    8.6275
 7.648    8.6025
 7.659    8.6275
 7.671    8.6300
 7.682    8.6350
 7.694    8.6375
 7.705    8.6725
 7.716    8.6675
 7.728    8.6600
 7.739    8.6075
 7.751    8.5675
 7.763    8.5000
 7.774    8.4425
 7.786    8.4325
 7.798    8.4600
 7.809    8.4225
 7.821    8.4225
 7.833    8.4100
 7.845    8.4200
 7.857    8.3550
 7.869    8.2925
 7.881    8.2275
 7.893    8.2150
 7.905    8.1750
 7.917    8.1900
 7.929    8.1875
 7.941    8.1925
 7.953    8.1425
 7.965    8.1300
 7.978    8.0775
 7.990    8.0325
 8.002    7.9850
 8.015    7.9525
 8.027    7.8700
 8.039    7.8375
 8.052    7.8075
 8.064    7.8175
 8.077    7.8025
 8.090    7.8150
 8.102    7.7750
 8.115    7.7925
 8.128    7.7975
 8.140    7.7950
 8.153    7.7525
 8.166    7.8150
 8.179    7.8075
 8.192    7.8350
 8.205    7.8150
 8.218    7.7850
 8.231    7.7125
 8.244    7.6825
 8.257    7.6100
 8.270    7.5850
 8.283    7.5350
 8.297    7.5300
 8.310    7.4550
 8.323    7.4075
 8.337    7.3600
 8.350    7.3150
 8.364    7.1825
 8.377    7.0950
 8.391    7.0175
 8.404    7.0150
 8.418    6.9625
 8.431    6.9400
 8.445    6.8525
 8.459    6.8350
 8.473    6.8150
 8.487    6.8375
 8.501    6.8250
 8.515    6.8300
 8.529    6.8175
 8.543    6.8475
 8.557    6.7875
 8.571    6.8075
 8.585    6.8150
 8.599    6.8975
 8.614    6.9425
 8.628    7.0225
 8.642    7.1075
 8.657    7.2350
 8.671    7.2750
 8.686    7.4050
 8.700    7.4525
 8.715    7.5475
 8.730    7.6050
 8.744    7.7525
 8.759    7.8000
 8.774    7.8375
 8.789    7.8550
 8.804    7.9525
 8.819    7.9600
 8.834    8.0325
 8.849    8.0325
 8.864    8.0325
 8.879    7.9750
 8.894    8.0125
 8.909    7.9975
 8.925    8.0625
 8.940    8.0475
 8.956    8.0850
 8.971    8.0550
 8.987    8.0825
 9.002    8.0725
 9.018    8.0600
 9.034    7.9575
 9.049    7.9450
 9.065    7.8575
 9.081    7.8325
 9.097    7.8100
 9.113    7.8825
 9.129    7.8575
 9.145    7.7950
 9.161    7.6350
 9.178    7.4225
 9.194    7.2100
 9.210    7.2550
 9.226    7.4225
 9.243    7.6775
 9.259    7.7250
 9.276    7.7400
 9.293    7.6425
 9.309    7.6575
 9.326    7.6375
 9.343    7.5825
 9.360    7.5300
 9.377    7.6225
 9.394    7.6025
 9.411    7.6250
 9.428    7.6000
 9.445    7.6200
 9.462    7.6275
 9.479    7.6450
 9.497    7.5850
 9.514    7.5825
 9.532    7.5475
 9.549    7.5400
 9.567    7.5325
 9.585    7.5875
 9.602    7.5950
 9.620    7.5950
 9.638    7.5075
 9.656    7.4200
 9.674    7.3225
 9.692    7.3000
 9.710    7.1750
 9.728    7.1500
 9.747    7.0800
 9.765    7.0400
 9.783    6.9200
 9.802    6.8800
 9.821    6.7775
 9.839    6.6675
 9.858    6.5375
 9.877    6.5150
 9.895    6.4575
 9.914    6.4100
 9.933    6.3300
 9.952    6.2950
 9.972    6.2125
 9.991    6.2050
10.010    6.1425
10.029    6.1100
10.049    6.0850
10.068    6.1625
10.088    6.1900
10.108    6.2225
10.127    6.1950
10.147    6.2000
10.167    6.1150
10.187    6.1075
10.207    6.1150
10.227    6.1950
10.247    6.2000
10.268    6.2725
10.288    6.2550
10.309    6.2875
10.329    6.2725
10.350    6.2975
10.370    6.2600
10.391    6.2150
10.412    6.1175
10.433    6.1050
10.454    6.0525
10.475    6.0250
10.496    5.9375
10.518    5.9125
10.539    5.8750
10.560    5.9000
10.582    5.8525
10.604    5.8525
10.625    5.8225
10.647    5.8575
10.669    5.8275
10.691    5.8675
10.713    5.8775
10.735    5.9750
10.758    6.0100
10.780    6.1175
10.802    6.1750
10.825    6.2625
10.848    6.3025
10.870    6.3650
10.893    6.3800
10.916    6.4350
10.939    6.4275
10.962    6.5000
10.985    6.5675
11.009    6.6700
11.032    6.7325
11.056    6.9425
11.079    7.1400
11.103    7.4850
11.127    7.8475
11.151    8.3000
11.175    8.9900
11.199   10.6675
11.223   13.8525
11.248   16.8600
11.272   17.4400
11.297   16.7450
11.321   15.9025
11.346   14.7575
11.371   12.9700
11.396   11.2200
11.421    9.8100
11.446    8.6425
11.471    7.6150
11.497    7.0675
11.522    6.7250
11.548    6.5600
11.574    6.3950
11.600    6.2925
11.626    6.1575
11.652    6.0675
11.678    5.9150
11.704    5.8125
11.731    5.4675
11.757    5.1725
11.784    5.3125
11.811    5.6400
11.838    5.7550
11.865    5.8350
11.892    5.7525
11.920    5.7775
11.947    5.7400
11.975    5.6950
12.002    5.5700
12.030    5.5650
12.058    5.5150
12.086    5.4950
12.115    5.3850
12.143    5.3600
12.171    5.3150
12.200    5.3300
12.229    5.2250
12.258    5.1925
12.287    5.1325
12.316    5.2125
12.345    5.1775
12.375    5.1325
12.404    5.0250
12.434    5.0275
12.464    4.9850
12.494    4.9850
12.524    4.8850
12.554    4.8850
12.585    4.8325
12.616    4.8300
12.646    4.7525
12.677    4.7750
12.708    4.7125
12.739    4.6850
12.771    4.6025
12.802    4.6350
12.834    4.5800
12.866    4.6025
12.898    4.5775
12.930    4.6225
12.962    4.5950
12.995    4.6500
13.027    4.6150
13.060    4.5975
13.093    4.5125
13.126    4.5600
13.160    4.5575
13.193    4.5975
13.227    4.5275
13.261    4.5400
13.295    4.4875
13.329    4.5100
13.363    4.4150
13.398    4.4175
13.432    4.3075
13.467    4.2400
13.502    4.0950
13.538    4.0525
13.573    3.8450
13.609    3.7375
13.644    3.6125
13.680    3.6250
13.717    3.5525
13.753    3.4900
13.790    3.2050
13.826    2.9950
13.863    2.6225
13.900    2.3675
13.938    2.4250
13.975    3.7175
14.013    4.6000
