Name:  Basalt
Type:  Rock
Class: Igneous   
Subclass: Mafic 
Particle Size:  Whole rock chips
Sample No.:  ba9b1f
Owner:  Larry Rowan, USGS
Wavelength range:  VNIR SWIR IR
Origin:  Wadi Salima, Jordan

Description:  fine grained, dark gray basalt 





Measurement:  Reflectance
First Column:  X
Second Column:  Y
X Units:  Wavelength (micrometers)
Y Units:  Reflectance (percent)
First X Value:  0.4
Last X Value:  14.01309
Number of X Values:  2826
Additional Information:  ba9b1fa.txt
 0.400   11.6700
 0.401   11.6700
 0.402   11.3700
 0.403   11.5700
 0.404   11.5700
 0.405   11.5700
 0.406   11.5700
 0.407   11.3700
 0.408   11.5700
 0.409   11.6700
 0.410   11.3700
 0.411   11.5700
 0.412   11.5700
 0.413   11.5700
 0.414   11.3700
 0.415   11.3700
 0.416   11.5700
 0.417   11.2700
 0.418   11.3700
 0.419   11.2700
 0.420   11.1700
 0.421   11.1700
 0.422   11.1700
 0.423   11.2700
 0.424   11.1700
 0.425   10.9700
 0.426   10.8700
 0.427   10.9700
 0.428   11.1700
 0.429   10.9700
 0.430   10.8700
 0.431   10.7700
 0.432   10.8700
 0.433   10.7700
 0.434   10.5700
 0.435   10.8700
 0.436   10.7700
 0.437   10.4700
 0.438   10.4700
 0.439   10.4700
 0.440   10.4700
 0.441   10.2700
 0.442   10.4700
 0.443   10.2700
 0.444   10.4700
 0.445   10.4700
 0.446   10.4700
 0.447   10.1700
 0.448   10.1700
 0.449   10.1700
 0.450   10.0700
 0.451   10.1700
 0.452   10.0700
 0.453   10.1700
 0.454    9.8700
 0.455   10.0700
 0.456    9.8700
 0.457    9.8700
 0.458   10.1700
 0.459    9.8700
 0.460    9.7700
 0.461    9.8700
 0.462    9.6700
 0.463    9.7700
 0.464    9.7700
 0.465    9.4700
 0.466    9.7700
 0.467    9.7700
 0.468    9.4700
 0.469    9.7700
 0.470    9.4700
 0.471    9.4700
 0.472    9.3700
 0.473    9.3700
 0.474    9.3700
 0.475    9.4700
 0.476    9.1700
 0.477    9.1700
 0.478    9.3700
 0.479    9.3700
 0.480    9.1700
 0.481    9.1700
 0.482    9.1700
 0.483    9.1700
 0.484    9.1700
 0.485    9.1700
 0.486    9.1700
 0.487    9.1700
 0.488    9.0700
 0.489    9.1700
 0.490    9.1700
 0.491    9.1700
 0.492    9.1700
 0.493    9.3700
 0.494    9.0700
 0.495    9.0700
 0.496    8.9700
 0.497    9.0700
 0.498    9.0700
 0.499    9.0700
 0.500    9.0700
 0.501    9.0700
 0.502    9.0700
 0.503    9.0700
 0.504    8.9700
 0.505    9.0700
 0.506    9.0700
 0.507    9.0700
 0.508    9.0700
 0.509    8.9700
 0.510    8.9700
 0.511    9.0700
 0.512    9.0700
 0.513    9.0700
 0.514    9.0700
 0.515    9.0700
 0.516    9.0700
 0.517    9.0700
 0.518    9.0700
 0.519    8.9700
 0.520    9.0700
 0.521    8.9700
 0.522    8.9700
 0.523    8.9700
 0.524    9.0700
 0.525    9.0700
 0.526    8.9700
 0.527    8.7700
 0.528    8.7700
 0.529    8.9700
 0.530    8.9700
 0.531    8.9700
 0.532    8.7700
 0.533    9.0700
 0.534    8.9700
 0.535    8.9700
 0.536    8.9700
 0.537    9.0700
 0.538    9.0700
 0.539    9.0700
 0.540    8.9700
 0.541    8.9700
 0.542    8.9700
 0.543    9.0700
 0.544    8.6700
 0.545    8.6700
 0.546    8.7700
 0.547    8.9700
 0.548    8.9700
 0.549    8.7700
 0.550    8.7700
 0.551    8.7700
 0.552    8.9700
 0.553    8.9700
 0.554    8.9700
 0.555    9.0700
 0.556    9.1700
 0.557    9.1700
 0.558    8.9700
 0.559    8.9700
 0.560    9.0700
 0.561    9.0700
 0.562    9.0700
 0.563    8.7700
 0.564    9.0700
 0.565    9.0700
 0.566    9.0700
 0.567    9.0700
 0.568    8.9700
 0.569    9.0700
 0.570    9.0700
 0.571    9.0700
 0.572    9.0700
 0.573    9.0700
 0.574    9.0700
 0.575    9.0700
 0.576    9.0700
 0.577    9.0700
 0.578    9.0700
 0.579    9.0700
 0.580    9.0700
 0.581    9.0700
 0.582    9.0700
 0.583    9.0700
 0.584    9.0700
 0.585    9.0700
 0.586    9.0700
 0.587    8.9700
 0.588    9.0700
 0.589    9.0700
 0.590    9.0700
 0.591    9.0700
 0.592    9.0700
 0.593    9.0700
 0.594    9.0700
 0.595    9.0700
 0.596    9.1700
 0.597    9.0700
 0.598    9.0700
 0.599    9.0700
 0.600    9.0700
 0.601    9.0700
 0.602    9.0700
 0.603    8.9700
 0.604    9.0700
 0.605    9.0700
 0.606    9.0700
 0.607    9.0700
 0.608    9.0700
 0.609    9.0700
 0.610    9.0700
 0.611    9.0700
 0.612    9.1700
 0.613    9.0700
 0.614    9.0700
 0.615    9.0700
 0.616    8.9700
 0.617    9.0700
 0.618    9.0700
 0.619    9.0700
 0.620    9.0700
 0.621    9.0700
 0.622    9.1700
 0.623    9.0700
 0.624    9.0700
 0.625    9.0700
 0.626    9.0700
 0.627    9.1700
 0.628    9.1700
 0.629    9.1700
 0.630    9.1700
 0.631    9.0700
 0.632    9.0700
 0.633    9.0700
 0.634    9.0700
 0.635    9.0700
 0.636    9.1700
 0.637    9.1700
 0.638    9.1700
 0.639    9.3700
 0.640    9.3700
 0.641    9.1700
 0.642    9.0700
 0.643    9.0700
 0.644    9.1700
 0.645    9.0700
 0.646    9.0700
 0.647    9.0700
 0.648    9.1700
 0.649    9.1700
 0.650    9.0700
 0.651    9.3700
 0.652    9.3700
 0.653    9.1700
 0.654    9.0700
 0.655    9.0700
 0.656    9.0700
 0.657    9.0700
 0.658    9.1700
 0.659    9.1700
 0.660    9.0700
 0.661    9.1700
 0.662    9.3700
 0.663    9.0700
 0.664    9.3700
 0.665    9.3700
 0.666    9.3700
 0.667    9.3700
 0.668    9.1700
 0.669    9.1700
 0.670    9.4700
 0.671    9.3700
 0.672    9.1700
 0.673    9.3700
 0.674    9.1700
 0.675    9.3700
 0.676    9.3700
 0.677    9.1700
 0.678    9.1700
 0.679    9.3700
 0.680    9.3700
 0.681    9.3700
 0.682    9.3700
 0.683    9.6700
 0.684    9.4700
 0.685    9.4700
 0.686    9.4700
 0.687    9.3700
 0.688    9.4700
 0.689    9.4700
 0.690    9.3700
 0.691    9.4700
 0.692    9.4700
 0.693    9.6700
 0.694    9.7700
 0.695    9.7700
 0.696    9.1700
 0.697    9.3700
 0.698    9.3700
 0.699    9.4700
 0.700    9.4700
 0.701    9.3700
 0.702    9.3700
 0.703    9.3700
 0.704    9.4700
 0.705    9.4700
 0.706    9.6700
 0.707    9.4700
 0.708    9.3700
 0.709    9.4700
 0.710    9.3700
 0.711    9.3700
 0.712    9.4700
 0.713    9.4700
 0.714    9.3700
 0.715    9.4700
 0.716    9.6700
 0.717    9.4700
 0.718    9.6700
 0.719    9.6700
 0.720    9.6700
 0.721    9.4700
 0.722    9.3700
 0.723    9.6700
 0.724    9.6700
 0.725    9.6700
 0.726    9.6700
 0.727    9.4700
 0.728    9.4700
 0.729    9.3700
 0.730    9.3700
 0.731    9.6700
 0.732    9.6700
 0.733    9.6700
 0.734    9.6700
 0.735    9.6700
 0.736    9.6700
 0.737    9.7700
 0.738    9.7700
 0.739    9.7700
 0.740    9.7700
 0.741    9.6700
 0.742    9.6700
 0.743    9.6700
 0.744    9.6700
 0.745    9.6700
 0.746    9.7700
 0.747    9.7700
 0.748    9.7700
 0.749    9.6700
 0.750    9.7700
 0.751    9.6700
 0.752    9.4700
 0.753    9.4700
 0.754    9.4700
 0.755    9.6700
 0.756    9.7700
 0.757    9.7700
 0.758    9.6700
 0.759    9.8700
 0.760    9.8700
 0.761    9.8700
 0.762    9.7700
 0.763    9.7700
 0.764    9.8700
 0.765    9.8700
 0.766    9.7700
 0.767    9.6700
 0.768    9.8700
 0.769   10.0700
 0.770    9.8700
 0.771   10.0700
 0.772    9.7700
 0.773    9.6700
 0.774    9.8700
 0.775    9.8700
 0.776    9.8700
 0.777    9.8700
 0.778    9.8700
 0.779    9.6700
 0.780    9.7700
 0.781   10.0700
 0.782    9.7700
 0.783    9.8700
 0.784    9.8700
 0.785    9.8700
 0.786    9.7700
 0.787    9.6700
 0.788    9.7700
 0.789    9.7700
 0.790    9.7700
 0.791    9.8700
 0.792    9.8700
 0.793    9.8700
 0.794   10.0700
 0.795   10.0700
 0.796    9.8700
 0.797    9.8700
 0.798    9.3700
 0.799    8.5700
 0.800    9.8700
 0.804    9.6700
 0.808    9.6700
 0.812    9.6700
 0.816    9.8700
 0.820    9.8700
 0.824    9.8700
 0.828    9.8700
 0.832    9.8700
 0.836    9.8700
 0.840    9.8700
 0.844    9.9700
 0.848    9.9700
 0.852    9.9700
 0.856    9.9700
 0.860    9.9700
 0.864    9.8700
 0.868    9.8700
 0.872    9.9700
 0.876    9.9700
 0.880    9.9700
 0.884    9.9700
 0.888    9.9700
 0.892   10.0700
 0.896    9.9700
 0.900    9.9700
 0.904   10.0700
 0.908    9.9700
 0.912    9.8700
 0.916    9.8700
 0.920    9.9700
 0.924    9.8700
 0.928    9.9700
 0.932    9.9700
 0.936    9.8700
 0.940    9.8700
 0.944    9.8700
 0.948    9.8700
 0.952    9.8700
 0.956    9.8700
 0.960    9.8700
 0.964    9.8700
 0.968    9.8700
 0.972    9.8700
 0.976    9.8700
 0.980    9.9700
 0.984    9.6700
 0.988    9.9700
 0.992    9.8700
 0.996    9.6700
 1.000    9.6700
 1.004    9.6700
 1.008    9.6700
 1.012    9.6700
 1.016    9.6700
 1.020    9.8700
 1.024    9.8700
 1.028    9.6700
 1.032    9.6700
 1.036    9.6700
 1.040    9.8700
 1.044    9.9700
 1.048    9.8700
 1.052    9.8700
 1.056    9.6700
 1.060    9.6700
 1.064    9.6700
 1.068    9.6700
 1.072    9.8700
 1.076    9.8700
 1.080    9.8700
 1.084    9.5700
 1.088    9.6700
 1.092    9.6700
 1.096    9.8700
 1.100    9.6700
 1.104    9.6700
 1.108    9.6700
 1.112    9.6700
 1.116    9.8700
 1.120    9.6700
 1.124    9.6700
 1.128    9.6700
 1.132    9.8700
 1.136    9.6700
 1.140    9.6700
 1.144    9.6700
 1.148    9.6700
 1.152    9.5700
 1.156    9.5700
 1.160    9.6700
 1.164    9.6700
 1.168    9.5700
 1.172    9.5700
 1.176    9.6700
 1.180    9.5700
 1.184    9.5700
 1.188    9.5700
 1.192    9.5700
 1.196    9.5700
 1.200    9.5700
 1.204    9.5700
 1.208    9.4700
 1.212    9.4700
 1.216    9.3700
 1.220    9.3700
 1.224    9.3700
 1.228    9.3700
 1.232    9.4700
 1.236    9.5700
 1.240    9.5700
 1.244    9.3700
 1.248    9.3700
 1.252    9.3700
 1.256    9.4700
 1.260    9.3700
 1.264    9.3700
 1.268    9.3700
 1.272    9.3700
 1.276    9.3700
 1.280    9.3700
 1.284    9.4700
 1.288    9.3700
 1.292    9.3700
 1.296    9.3700
 1.300    9.3700
 1.304    9.3700
 1.308    9.3700
 1.312    9.3700
 1.316    9.3700
 1.320    9.2700
 1.324    9.2700
 1.328    9.2700
 1.332    9.2700
 1.336    9.2700
 1.340    9.2700
 1.344    9.2700
 1.348    9.0700
 1.352    9.0700
 1.356    9.0700
 1.360    9.2700
 1.364    9.2700
 1.368    9.2700
 1.372    8.9700
 1.376    9.0700
 1.380    9.0700
 1.384    9.0700
 1.388    9.0700
 1.392    9.0700
 1.396    9.0700
 1.400    8.9700
 1.404    8.9700
 1.408    8.8700
 1.412    8.9700
 1.416    8.9700
 1.420    8.9700
 1.424    8.9700
 1.428    8.9700
 1.432    8.9700
 1.436    8.9700
 1.440    8.9700
 1.444    8.9700
 1.448    8.9700
 1.452    9.0700
 1.456    9.0700
 1.460    9.0700
 1.464    8.8700
 1.468    8.8700
 1.472    8.9700
 1.476    8.8700
 1.480    8.9700
 1.484    8.9700
 1.488    9.0700
 1.492    9.0700
 1.496    8.8700
 1.500    8.8700
 1.504    8.8700
 1.508    8.9700
 1.512    8.9700
 1.516    8.9700
 1.520    8.8700
 1.524    8.8700
 1.528    8.8700
 1.532    8.9700
 1.536    8.9700
 1.540    8.9700
 1.544    8.9700
 1.548    8.9700
 1.552    8.9700
 1.556    8.9700
 1.560    8.9700
 1.564    8.9700
 1.568    8.9700
 1.572    8.9700
 1.576    8.9700
 1.580    8.8700
 1.584    8.8700
 1.588    8.8700
 1.592    8.8700
 1.596    8.8700
 1.600    8.8700
 1.604    8.8700
 1.608    8.8700
 1.612    8.8700
 1.616    8.8700
 1.620    8.8700
 1.624    8.8700
 1.628    8.8700
 1.632    8.8700
 1.636    8.7700
 1.640    8.8700
 1.644    8.8700
 1.648    8.8700
 1.652    8.8700
 1.656    8.8700
 1.660    8.7700
 1.664    8.7700
 1.668    8.8700
 1.672    8.7700
 1.676    8.7700
 1.680    8.7700
 1.684    8.7700
 1.688    8.7700
 1.692    8.7700
 1.696    8.7700
 1.700    8.7700
 1.704    8.7700
 1.708    8.7700
 1.712    8.7700
 1.716    8.7700
 1.720    8.7700
 1.724    8.7700
 1.728    8.7700
 1.732    8.7700
 1.736    8.7700
 1.740    8.7700
 1.744    8.5700
 1.748    8.5700
 1.752    8.5700
 1.756    8.5700
 1.760    8.5700
 1.764    8.5700
 1.768    8.5700
 1.772    8.5700
 1.776    8.5700
 1.780    8.5700
 1.784    8.5700
 1.788    8.5700
 1.792    8.5700
 1.796    8.5700
 1.800    8.5700
 1.804    8.5700
 1.808    8.5700
 1.812    8.5700
 1.816    8.5700
 1.820    8.5700
 1.824    8.5700
 1.828    8.5700
 1.832    8.4700
 1.836    8.4700
 1.840    8.4700
 1.844    8.4700
 1.848    8.5700
 1.852    8.5700
 1.856    8.5700
 1.860    8.5700
 1.864    8.4700
 1.868    8.4700
 1.872    8.4700
 1.876    8.4700
 1.880    8.3700
 1.884    8.3700
 1.888    8.2700
 1.892    8.1700
 1.896    7.9700
 1.900    7.9700
 1.904    7.8700
 1.908    7.9700
 1.912    7.8700
 1.916    7.8700
 1.920    7.8700
 1.924    7.8700
 1.928    7.9700
 1.932    7.9700
 1.936    7.9700
 1.940    7.9700
 1.944    7.9700
 1.948    7.9700
 1.952    7.9700
 1.956    7.9700
 1.960    7.9700
 1.964    8.1700
 1.968    8.1700
 1.972    8.1700
 1.976    8.1700
 1.980    8.1700
 1.984    8.2700
 1.988    8.1700
 1.992    8.1700
 1.996    8.1700
 2.000    8.2700
 2.004    8.2700
 2.008    8.2700
 2.012    8.3700
 2.016    8.3700
 2.020    8.3700
 2.024    8.3700
 2.028    8.3700
 2.032    8.3700
 2.036    8.3700
 2.040    8.3700
 2.044    8.3700
 2.048    8.3700
 2.052    8.3700
 2.056    8.2700
 2.060    8.3700
 2.064    8.3700
 2.068    8.3700
 2.072    8.3700
 2.076    8.3700
 2.080    8.3700
 2.084    8.3700
 2.088    8.3700
 2.092    8.3700
 2.096    8.3700
 2.100    8.4700
 2.100    8.4700
 2.101    8.6500
 2.102    8.7200
 2.103    8.8300
 2.104    8.7400
 2.105    8.8100
 2.106    8.8300
 2.106    8.8400
 2.107    8.6400
 2.108    8.5400
 2.109    8.6100
 2.110    8.6700
 2.111    8.7600
 2.112    8.7400
 2.112    8.8300
 2.113    8.9600
 2.114    8.7300
 2.115    8.6200
 2.116    8.6600
 2.117    8.9000
 2.118    8.9100
 2.118    8.7100
 2.119    8.6800
 2.120    8.5700
 2.121    8.5700
 2.122    8.7200
 2.123    8.8400
 2.124    8.9100
 2.125    8.8400
 2.125    8.9300
 2.126    8.9500
 2.127    9.1000
 2.128    9.0900
 2.129    8.8300
 2.130    8.7000
 2.131    8.7000
 2.132    8.6800
 2.132    8.6800
 2.133    8.8300
 2.134    8.7200
 2.135    8.5400
 2.136    8.5400
 2.137    8.7300
 2.138    8.8600
 2.139    8.7200
 2.139    8.6700
 2.140    8.6200
 2.141    8.5300
 2.142    8.5100
 2.143    8.8200
 2.144    8.8700
 2.145    8.7200
 2.146    8.8000
 2.147    8.6000
 2.147    8.3700
 2.148    8.5400
 2.149    8.6600
 2.150    8.6700
 2.151    8.4900
 2.152    8.5600
 2.153    8.6600
 2.154    8.8300
 2.155    8.8300
 2.155    8.8500
 2.156    8.7600
 2.157    8.6900
 2.158    8.7700
 2.159    8.8800
 2.160    8.7700
 2.161    8.4700
 2.162    8.2900
 2.163    8.4600
 2.164    8.6700
 2.164    8.7600
 2.165    8.6600
 2.166    8.6800
 2.167    8.7900
 2.168    8.7800
 2.169    8.6300
 2.170    8.5300
 2.171    8.3800
 2.172    8.4200
 2.173    8.5900
 2.173    8.6600
 2.174    8.5900
 2.175    8.5300
 2.176    8.3900
 2.177    8.5500
 2.178    8.6000
 2.179    8.4600
 2.180    8.6000
 2.181    8.5600
 2.182    8.2800
 2.183    8.4600
 2.184    8.5900
 2.184    8.5100
 2.185    8.2600
 2.186    8.3700
 2.187    8.6400
 2.188    8.6100
 2.189    8.4000
 2.190    8.3700
 2.191    8.5200
 2.192    8.5700
 2.193    8.5100
 2.194    8.4700
 2.195    8.2700
 2.196    8.3800
 2.196    8.6000
 2.197    8.4800
 2.198    8.3300
 2.199    8.2200
 2.200    8.1200
 2.201    8.2300
 2.202    8.2400
 2.203    8.3800
 2.204    8.3800
 2.205    8.2700
 2.206    8.2400
 2.207    8.4300
 2.208    8.4900
 2.209    8.5100
 2.210    8.3900
 2.211    8.2400
 2.211    8.0700
 2.212    8.0200
 2.213    8.1700
 2.214    8.4800
 2.215    8.5400
 2.216    8.4600
 2.217    8.3200
 2.218    8.4700
 2.219    8.4800
 2.220    8.4400
 2.221    8.3400
 2.222    8.1600
 2.223    8.2000
 2.224    8.5000
 2.225    8.6300
 2.226    8.4400
 2.227    8.2800
 2.228    8.3900
 2.229    8.3500
 2.230    8.3300
 2.231    8.4800
 2.231    8.4600
 2.232    8.3500
 2.233    8.3400
 2.234    8.3400
 2.235    8.5200
 2.236    8.4800
 2.237    8.2300
 2.238    8.2300
 2.239    8.4400
 2.240    8.4200
 2.241    8.3400
 2.242    8.3300
 2.243    8.3500
 2.244    8.3900
 2.245    8.4200
 2.246    8.3500
 2.247    8.5400
 2.248    8.5900
 2.249    8.4000
 2.250    8.3200
 2.251    8.3300
 2.252    8.3600
 2.253    8.3700
 2.254    8.4000
 2.255    8.4900
 2.256    8.4800
 2.257    8.5900
 2.258    8.5700
 2.259    8.3100
 2.260    8.2500
 2.261    8.3200
 2.262    8.3100
 2.263    8.3800
 2.264    8.4100
 2.265    8.4600
 2.266    8.3200
 2.267    8.3800
 2.268    8.4200
 2.269    8.4900
 2.270    8.3400
 2.271    8.3600
 2.272    8.5600
 2.273    8.5300
 2.274    8.3400
 2.275    8.2300
 2.276    8.2000
 2.277    8.2600
 2.278    8.2700
 2.279    8.3200
 2.280    8.3500
 2.281    8.3800
 2.282    8.4200
 2.283    8.4600
 2.284    8.4600
 2.285    8.4600
 2.286    8.3700
 2.287    8.4200
 2.288    8.3600
 2.289    8.1600
 2.290    8.0800
 2.291    8.3900
 2.292    8.5700
 2.293    8.4900
 2.294    8.3400
 2.295    8.4300
 2.296    8.4600
 2.297    8.4800
 2.298    8.4300
 2.299    8.2000
 2.300    8.1400
 2.301    8.2700
 2.302    8.2800
 2.303    8.3400
 2.304    8.2400
 2.305    8.1600
 2.306    8.1900
 2.307    8.4900
 2.308    8.5900
 2.309    8.3500
 2.310    8.2300
 2.311    8.2700
 2.312    8.2500
 2.313    8.3600
 2.314    8.2900
 2.315    8.2200
 2.316    8.3500
 2.317    8.3600
 2.318    8.2700
 2.319    8.3900
 2.320    8.3400
 2.321    8.4000
 2.322    8.3300
 2.323    8.1900
 2.324    8.1300
 2.326    8.1600
 2.327    8.2600
 2.328    8.3000
 2.329    8.0700
 2.330    8.1400
 2.331    8.2500
 2.332    8.2600
 2.333    8.3900
 2.334    8.3800
 2.335    8.2100
 2.336    8.1700
 2.337    8.3300
 2.338    8.3900
 2.339    8.2100
 2.340    8.0400
 2.341    7.9800
 2.342    8.0400
 2.343    8.2000
 2.344    8.3900
 2.346    8.3300
 2.347    8.2300
 2.348    8.0500
 2.349    8.1200
 2.350    8.0700
 2.351    8.0800
 2.352    8.2300
 2.353    8.1300
 2.354    8.0700
 2.355    8.2000
 2.356    8.1500
 2.357    8.1700
 2.358    8.0700
 2.359    8.0100
 2.360    8.1100
 2.362    8.2300
 2.363    8.2400
 2.364    8.2000
 2.365    8.1000
 2.366    8.1600
 2.367    7.9500
 2.368    7.8700
 2.369    8.0100
 2.370    8.2100
 2.371    8.3700
 2.372    8.2600
 2.373    8.0700
 2.375    8.0600
 2.376    8.0500
 2.377    8.0000
 2.378    7.9900
 2.379    7.9700
 2.380    7.9800
 2.381    8.0300
 2.382    8.1100
 2.383    8.1700
 2.384    8.2100
 2.385    8.2400
 2.387    8.0400
 2.388    8.1000
 2.389    8.0800
 2.390    7.9400
 2.391    7.9100
 2.392    7.9600
 2.393    7.9400
 2.394    7.9900
 2.395    8.1300
 2.396    8.1000
 2.398    7.9200
 2.399    8.0100
 2.400    7.9500
 2.401    8.0700
 2.402    8.0800
 2.403    7.8600
 2.404    7.7300
 2.405    7.9000
 2.406    8.1300
 2.408    8.0400
 2.409    7.8200
 2.410    7.8200
 2.411    7.8800
 2.412    7.9300
 2.413    7.8900
 2.414    7.9300
 2.415    7.9600
 2.417    8.0500
 2.418    8.0600
 2.419    7.9800
 2.420    7.7500
 2.421    7.6900
 2.422    7.7200
 2.423    7.8800
 2.424    7.9800
 2.426    8.0900
 2.427    7.9800
 2.428    7.7800
 2.429    7.8200
 2.430    7.9600
 2.431    7.8500
 2.432    7.7000
 2.434    7.6700
 2.435    7.7500
 2.436    7.8500
 2.437    7.8400
 2.438    7.7100
 2.439    7.8000
 2.440    7.7500
 2.442    7.7300
 2.443    7.7300
 2.444    7.8400
 2.445    7.8200
 2.446    7.9400
 2.447    7.9100
 2.449    7.8400
 2.450    7.7100
 2.451    7.7200
 2.452    7.7600
 2.453    7.6200
 2.454    7.5400
 2.455    7.7100
 2.457    7.8100
 2.458    7.7600
 2.459    7.6700
 2.460    7.6900
 2.461    7.6300
 2.462    7.6900
 2.464    7.6800
 2.465    7.7000
 2.466    7.7100
 2.467    7.7600
 2.468    7.7100
 2.469    7.6000
 2.471    7.5700
 2.472    7.6200
 2.473    7.6500
 2.474    7.5500
 2.475    7.4400
 2.477    7.5300
 2.478    7.4700
 2.479    7.4100
 2.480    7.5200
 2.481    7.6600
 2.482    7.5600
 2.484    7.4900
 2.485    7.5100
 2.486    7.5900
 2.487    7.5700
 2.488    7.5600
 2.490    7.4700
 2.491    7.3800
 2.492    7.3100
 2.493    7.3900
 2.494    7.4600
 2.496    7.5000
 2.497    7.4100
 2.498    7.3500
 2.499    7.3700
 2.500    7.5500
 2.502    7.6600
 2.503    7.6800
 2.504    7.5000
 2.505    7.5200
 2.506    7.5700
 2.508    7.4600
 2.509    7.3600
 2.510    7.4800
 2.511    7.5300
 2.513    7.4300
 2.514    7.2700
 2.515    7.2800
 2.516    7.2600
 2.517    7.3000
 2.519    7.2600
 2.520    7.4800
 2.521    7.5300
 2.522    7.5600
 2.524    7.5500
 2.525    7.4400
 2.526    7.3800
 2.527    7.4100
 2.528    7.3500
 2.530    7.3500
 2.531    7.4100
 2.532    7.4400
 2.533    7.4200
 2.535    7.5500
 2.536    7.5600
 2.537    7.4300
 2.538    7.3500
 2.540    7.4500
 2.541    7.4000
 2.542    7.2800
 2.543    7.0900
 2.545    7.1700
 2.546    7.2100
 2.547    7.2600
 2.548    7.3200
 2.550    7.3600
 2.551    7.3000
 2.552    7.2900
 2.553    7.3800
 2.555    7.4300
 2.556    7.3300
 2.557    7.3000
 2.558    7.3300
 2.560    7.4100
 2.561    7.3300
 2.562    7.3000
 2.563    7.2100
 2.565    7.2400
 2.566    7.2900
 2.567    7.2700
 2.569    7.1300
 2.570    7.1800
 2.571    7.2700
 2.572    7.3000
 2.574    7.1900
 2.575    7.1800
 2.576    7.2000
 2.577    7.2300
 2.579    7.1800
 2.580    7.1400
 2.581    7.1200
 2.583    7.1400
 2.584    7.2600
 2.585    7.2700
 2.586    7.1700
 2.588    7.0900
 2.589    7.1200
 2.590    7.3400
 2.592    7.2200
 2.593    7.0600
 2.594    7.0800
 2.596    7.1500
 2.597    7.0300
 2.598    6.9900
 2.599    7.0000
 2.601    7.0700
 2.602    7.1100
 2.603    7.2700
 2.605    7.2500
 2.606    7.2800
 2.607    7.3800
 2.609    7.2000
 2.610    7.0000
 2.611    7.1100
 2.613    7.1700
 2.614    7.1100
 2.615    7.0900
 2.616    7.1000
 2.618    7.0500
 2.619    7.1600
 2.620    7.1400
 2.622    7.1000
 2.623    7.1700
 2.624    7.2200
 2.626    7.0700
 2.627    7.0300
 2.628    6.8900
 2.630    6.8900
 2.631    6.9700
 2.632    6.9000
 2.634    6.9000
 2.635    7.0800
 2.636    6.9900
 2.638    6.8600
 2.639    6.8600
 2.640    6.9100
 2.642    6.9000
 2.643    6.8700
 2.645    6.7800
 2.646    6.7500
 2.647    6.6800
 2.649    6.6100
 2.650    6.6000
 2.651    6.7900
 2.653    6.7600
 2.654    6.6300
 2.655    6.6400
 2.657    6.6400
 2.658    6.6600
 2.659    6.7800
 2.661    6.5500
 2.662    6.4100
 2.664    6.4300
 2.665    6.3000
 2.666    6.0700
 2.668    6.1400
 2.669    6.1400
 2.670    6.0800
 2.672    6.1500
 2.673    6.1500
 2.675    5.9100
 2.676    5.6600
 2.677    5.5700
 2.679    5.4400
 2.680    5.4400
 2.681    5.5400
 2.683    5.4200
 2.684    5.2500
 2.686    5.0400
 2.687    4.8400
 2.688    4.6400
 2.690    4.6100
 2.691    4.4800
 2.693    4.3800
 2.694    4.2300
 2.695    4.1100
 2.697    3.8400
 2.698    3.6900
 2.700    3.7300
 2.701    3.7400
 2.702    3.6200
 2.704    3.5900
 2.705    3.5300
 2.707    3.5000
 2.708    3.4300
 2.709    3.4000
 2.711    3.2900
 2.712    3.1800
 2.714    3.1500
 2.715    3.3800
 2.717    3.4900
 2.718    3.5500
 2.719    3.4700
 2.721    3.4600
 2.722    3.4000
 2.724    3.2400
 2.725    3.0500
 2.727    3.1200
 2.728    3.2700
 2.729    3.2500
 2.731    3.1600
 2.732    3.1200
 2.734    3.0800
 2.735    3.0800
 2.737    3.1100
 2.738    3.2300
 2.740    3.2100
 2.741    3.1300
 2.742    3.0900
 2.744    2.9800
 2.745    2.9800
 2.747    3.1400
 2.748    3.0300
 2.750    3.0500
 2.751    2.9800
 2.753    2.8200
 2.754    2.7800
 2.756    2.9600
 2.757    3.0200
 2.758    3.0700
 2.760    3.1000
 2.761    3.0400
 2.763    2.9700
 2.764    3.0500
 2.766    2.9400
 2.767    2.9300
 2.769    3.0800
 2.770    3.0200
 2.772    2.9800
 2.773    3.1500
 2.775    3.1500
 2.776    3.0900
 2.778    3.0300
 2.779    3.1100
 2.781    3.1500
 2.782    3.2000
 2.784    3.1900
 2.785    3.1200
 2.787    3.0200
 2.788    3.1100
 2.790    3.1600
 2.791    3.1000
 2.793    3.1200
 2.794    3.2700
 2.796    3.3200
 2.797    3.2400
 2.799    3.0600
 2.800    2.9700
 2.802    2.9800
 2.803    3.1400
 2.805    3.2200
 2.806    3.1800
 2.808    3.1000
 2.809    3.2000
 2.811    3.2100
 2.812    3.1700
 2.814    3.1300
 2.815    3.1400
 2.817    3.0900
 2.818    3.0300
 2.820    3.1200
 2.821    3.1200
 2.823    3.0800
 2.825    3.0600
 2.826    3.0300
 2.828    3.0300
 2.829    3.0600
 2.831    3.1100
 2.832    3.1700
 2.834    3.2600
 2.835    3.2500
 2.837    3.2100
 2.838    3.1800
 2.840    3.0800
 2.842    3.0000
 2.843    3.0900
 2.845    3.1200
 2.846    3.2500
 2.848    3.2300
 2.849    3.2600
 2.851    3.2500
 2.853    3.1800
 2.854    3.2100
 2.856    3.1900
 2.857    3.0200
 2.859    2.9800
 2.860    3.0000
 2.862    3.0900
 2.864    2.9800
 2.865    3.0200
 2.867    3.0400
 2.868    3.0800
 2.870    3.1400
 2.871    3.2500
 2.873    3.2700
 2.875    3.3000
 2.876    3.2700
 2.878    3.3000
 2.879    3.3100
 2.881    3.3400
 2.883    3.2500
 2.884    3.2400
 2.886    3.2000
 2.887    3.1600
 2.889    3.1500
 2.891    3.2000
 2.892    3.1500
 2.894    3.0400
 2.896    2.9900
 2.897    3.1700
 2.899    3.1900
 2.900    3.0600
 2.902    3.0800
 2.904    3.1200
 2.905    2.9900
 2.907    3.0400
 2.909    3.2600
 2.910    3.3800
 2.912    3.2600
 2.913    3.1300
 2.915    3.0900
 2.917    3.1700
 2.918    3.2000
 2.920    3.2900
 2.922    3.2800
 2.923    3.2300
 2.925    3.1800
 2.927    3.1400
 2.928    3.1900
 2.930    3.2700
 2.932    3.1900
 2.933    3.2100
 2.935    3.2400
 2.937    3.3200
 2.938    3.3000
 2.940    3.2800
 2.942    3.2000
 2.943    3.2200
 2.945    3.3200
 2.947    3.3400
 2.948    3.1700
 2.950    3.1500
 2.952    3.2000
 2.953    3.2300
 2.955    3.2300
 2.957    3.2900
 2.958    3.2900
 2.960    3.3600
 2.962    3.4100
 2.963    3.4300
 2.965    3.3500
 2.967    3.3400
 2.968    3.3400
 2.970    3.3500
 2.972    3.3100
 2.974    3.2900
 2.975    3.2800
 2.977    3.2800
 2.979    3.3000
 2.980    3.3900
 2.982    3.3000
 2.984    3.2900
 2.986    3.3000
 2.987    3.3400
 2.989    3.2800
 2.991    3.3300
 2.992    3.3400
 2.994    3.3400
 2.996    3.2900
 2.998    3.3600
 2.999    3.5100
 3.001    3.4500
 3.003    3.3900
 3.005    3.4200
 3.006    3.3600
 3.008    3.3800
 3.010    3.3800
 3.012    3.4300
 3.013    3.4100
 3.015    3.3900
 3.017    3.3500
 3.019    3.3400
 3.020    3.4600
 3.022    3.5000
 3.024    3.3900
 3.026    3.3500
 3.027    3.4100
 3.029    3.4900
 3.031    3.4600
 3.033    3.4500
 3.034    3.4800
 3.036    3.4600
 3.038    3.4600
 3.040    3.4700
 3.042    3.5000
 3.043    3.5300
 3.045    3.4000
 3.047    3.3400
 3.049    3.3900
 3.051    3.5000
 3.052    3.5300
 3.054    3.5400
 3.056    3.4900
 3.058    3.5400
 3.060    3.5100
 3.061    3.4000
 3.063    3.4200
 3.065    3.5200
 3.067    3.4400
 3.069    3.4800
 3.070    3.5800
 3.072    3.6200
 3.074    3.6200
 3.076    3.5900
 3.078    3.5100
 3.079    3.4600
 3.081    3.4500
 3.083    3.4700
 3.085    3.4600
 3.087    3.4800
 3.089    3.4800
 3.091    3.4600
 3.092    3.4800
 3.094    3.5500
 3.096    3.5700
 3.098    3.6300
 3.100    3.6800
 3.102    3.6900
 3.103    3.6000
 3.105    3.6200
 3.107    3.6100
 3.109    3.6200
 3.111    3.5000
 3.113    3.4900
 3.115    3.6200
 3.116    3.6500
 3.118    3.6300
 3.120    3.5900
 3.122    3.5100
 3.124    3.6100
 3.126    3.7200
 3.128    3.6600
 3.130    3.6400
 3.132    3.6500
 3.133    3.5900
 3.135    3.6200
 3.137    3.7300
 3.139    3.7300
 3.141    3.5900
 3.143    3.6700
 3.145    3.7600
 3.147    3.8700
 3.149    3.7900
 3.151    3.7000
 3.152    3.6600
 3.154    3.7000
 3.156    3.7300
 3.158    3.8000
 3.160    3.7800
 3.162    3.6900
 3.164    3.6400
 3.166    3.7300
 3.168    3.8100
 3.170    3.8400
 3.172    3.7700
 3.174    3.7800
 3.176    3.8500
 3.178    3.9100
 3.180    3.9500
 3.182    3.9600
 3.183    3.9200
 3.185    3.8500
 3.187    3.8100
 3.189    3.8800
 3.191    3.9400
 3.193    4.0000
 3.195    3.9400
 3.197    3.8900
 3.199    3.9400
 3.201    3.9800
 3.203    3.9400
 3.205    4.0000
 3.207    4.0600
 3.209    4.0500
 3.211    3.9700
 3.213    4.0400
 3.215    4.0900
 3.217    4.0300
 3.219    3.9800
 3.221    4.0800
 3.223    4.1300
 3.225    4.1900
 3.227    4.1700
 3.229    4.1100
 3.231    4.0400
 3.233    4.0600
 3.235    4.1200
 3.237    4.1200
 3.239    4.1500
 3.241    4.1800
 3.243    4.1400
 3.245    4.2000
 3.247    4.2200
 3.249    4.2300
 3.251    4.2300
 3.253    4.3000
 3.255    4.2000
 3.257    4.1400
 3.259    4.1900
 3.262    4.2600
 3.264    4.2900
 3.266    4.3200
 3.268    4.3200
 3.270    4.3300
 3.272    4.3500
 3.274    4.3600
 3.276    4.3500
 3.278    4.3700
 3.280    4.4100
 3.282    4.4400
 3.284    4.3700
 3.286    4.2900
 3.288    4.2700
 3.291    4.3500
 3.293    4.3800
 3.295    4.4700
 3.297    4.4900
 3.299    4.4800
 3.301    4.4800
 3.303    4.4900
 3.305    4.4300
 3.307    4.4200
 3.309    4.4400
 3.312    4.5000
 3.314    4.5600
 3.316    4.6100
 3.318    4.5600
 3.320    4.5300
 3.322    4.5100
 3.324    4.5800
 3.326    4.6200
 3.329    4.6600
 3.331    4.7200
 3.333    4.7200
 3.335    4.6600
 3.337    4.6700
 3.339    4.6700
 3.341    4.7100
 3.344    4.7300
 3.346    4.7500
 3.348    4.7400
 3.350    4.6800
 3.352    4.6700
 3.354    4.7600
 3.357    4.7800
 3.359    4.8200
 3.361    4.8300
 3.363    4.7900
 3.365    4.7800
 3.367    4.8500
 3.370    4.8500
 3.372    4.8700
 3.374    4.9100
 3.376    4.9300
 3.378    4.8900
 3.381    4.8800
 3.383    4.9300
 3.385    4.9600
 3.387    4.9800
 3.389    4.9700
 3.392    4.9400
 3.394    4.9800
 3.396    5.0200
 3.398    5.0600
 3.401    5.0400
 3.403    5.0000
 3.405    4.9700
 3.407    5.0100
 3.409    5.0500
 3.412    5.1000
 3.414    5.1500
 3.416    5.1700
 3.418    5.1100
 3.421    5.1600
 3.423    5.2600
 3.425    5.3200
 3.428    5.2600
 3.430    5.2300
 3.432    5.2100
 3.434    5.2900
 3.437    5.3200
 3.439    5.2300
 3.441    5.2400
 3.443    5.3200
 3.446    5.3600
 3.448    5.3300
 3.450    5.3000
 3.453    5.3100
 3.455    5.2500
 3.457    5.2600
 3.460    5.3300
 3.462    5.4100
 3.464    5.4000
 3.466    5.3400
 3.469    5.3300
 3.471    5.4000
 3.473    5.3800
 3.476    5.3800
 3.478    5.3800
 3.480    5.4400
 3.483    5.5100
 3.485    5.4600
 3.487    5.4300
 3.490    5.4200
 3.492    5.4000
 3.494    5.4300
 3.497    5.5200
 3.499    5.6000
 3.502    5.6500
 3.504    5.6400
 3.506    5.6100
 3.509    5.6300
 3.511    5.6000
 3.513    5.6200
 3.516    5.5900
 3.518    5.5600
 3.521    5.5100
 3.523    5.5200
 3.525    5.5100
 3.528    5.5700
 3.530    5.5800
 3.533    5.5700
 3.535    5.5600
 3.537    5.6200
 3.540    5.6100
 3.542    5.6200
 3.545    5.6200
 3.547    5.6300
 3.550    5.6600
 3.552    5.7300
 3.554    5.6800
 3.557    5.6300
 3.559    5.6100
 3.562    5.6700
 3.564    5.7200
 3.567    5.7200
 3.569    5.7300
 3.571    5.7700
 3.574    5.7500
 3.576    5.7400
 3.579    5.7100
 3.581    5.6800
 3.584    5.7000
 3.586    5.7800
 3.589    5.7800
 3.591    5.7900
 3.594    5.8000
 3.596    5.8300
 3.599    5.8100
 3.601    5.8000
 3.604    5.7900
 3.606    5.8200
 3.609    5.8200
 3.611    5.7800
 3.614    5.7600
 3.616    5.8400
 3.619    5.8700
 3.621    5.8500
 3.624    5.8100
 3.626    5.8300
 3.629    5.8200
 3.632    5.8600
 3.634    5.9200
 3.637    5.9200
 3.639    5.9300
 3.642    5.9400
 3.644    5.9100
 3.647    5.9000
 3.649    5.8900
 3.652    5.9000
 3.655    5.9200
 3.657    5.9200
 3.660    5.8500
 3.662    5.9000
 3.665    5.9300
 3.667    5.9500
 3.670    5.9600
 3.673    5.9300
 3.675    5.9300
 3.678    5.9700
 3.680    6.0100
 3.683    6.0400
 3.686    6.0000
 3.688    6.0300
 3.691    5.9800
 3.694    5.9800
 3.696    6.0000
 3.699    6.0200
 3.701    5.9700
 3.704    5.9400
 3.707    6.0300
 3.709    6.1300
 3.712    6.0900
 3.715    6.0100
 3.717    6.0400
 3.720    6.1300
 3.723    6.1000
 3.725    6.0300
 3.728    6.0100
 3.731    6.0900
 3.733    6.0800
 3.736    6.0800
 3.739    6.0700
 3.742    6.0300
 3.744    6.0500
 3.747    6.1100
 3.750    6.1200
 3.752    6.0900
 3.755    6.0900
 3.758    6.1200
 3.761    6.0600
 3.763    6.0200
 3.766    6.0000
 3.769    6.0200
 3.771    6.0900
 3.774    6.1000
 3.777    6.1300
 3.780    6.1000
 3.782    6.0600
 3.785    6.1700
 3.788    6.2000
 3.791    6.1600
 3.794    6.1600
 3.796    6.1700
 3.799    6.1500
 3.802    6.0800
 3.805    6.0400
 3.807    6.0600
 3.810    6.1100
 3.813    6.1400
 3.816    6.1200
 3.819    6.1700
 3.822    6.1700
 3.824    6.1500
 3.827    6.1700
 3.830    6.0900
 3.833    6.1000
 3.836    6.1700
 3.838    6.1200
 3.841    6.1400
 3.844    6.1800
 3.847    6.1700
 3.850    6.1500
 3.853    6.1800
 3.856    6.1500
 3.858    6.1100
 3.861    6.0900
 3.864    6.1100
 3.867    6.0800
 3.870    6.1200
 3.873    6.1500
 3.876    6.1800
 3.879    6.2100
 3.882    6.2500
 3.884    6.2400
 3.887    6.1900
 3.890    6.1800
 3.893    6.1700
 3.896    6.0800
 3.899    6.0700
 3.902    6.1300
 3.905    6.1200
 3.908    6.1000
 3.911    6.1100
 3.914    6.0500
 3.917    6.0600
 3.920    6.1300
 3.923    6.1800
 3.926    6.1400
 3.929    6.0800
 3.932    6.0600
 3.935    6.0900
 3.938    6.1200
 3.941    6.1100
 3.944    6.0900
 3.947    6.1000
 3.950    6.0300
 3.953    6.0700
 3.956    6.1000
 3.959    6.0500
 3.962    6.0500
 3.965    6.1000
 3.968    6.0600
 3.971    6.0000
 3.974    5.9700
 3.977    6.0100
 3.980    6.0300
 3.983    6.0100
 3.986    6.0000
 3.989    6.0000
 3.992    6.0200
 3.995    6.0700
 3.998    6.0100
 4.001    6.0400
 4.004    6.0800
 4.008    6.0500
 4.011    6.0400
 4.014    6.0700
 4.017    6.0300
 4.020    6.0000
 4.023    6.0500
 4.026    6.0600
 4.029    6.0200
 4.032    6.0300
 4.036    6.0200
 4.039    6.0600
 4.042    6.0600
 4.045    6.0400
 4.048    6.0300
 4.051    6.0500
 4.055    6.0400
 4.058    6.0300
 4.061    5.9700
 4.064    5.9300
 4.067    5.9200
 4.070    5.9900
 4.074    6.0500
 4.077    6.0800
 4.080    6.0000
 4.083    5.9600
 4.087    5.9400
 4.090    5.9100
 4.093    5.9400
 4.096    5.9900
 4.099    5.9400
 4.103    5.9300
 4.106    5.9700
 4.109    5.9400
 4.112    5.9500
 4.116    5.9600
 4.119    5.9400
 4.122    5.9300
 4.126    5.9300
 4.129    5.9400
 4.132    5.9200
 4.135    5.9000
 4.139    5.9000
 4.142    5.9300
 4.145    5.8900
 4.149    5.8600
 4.152    5.8200
 4.155    5.8600
 4.159    5.9100
 4.162    5.9000
 4.165    5.8500
 4.169    5.8100
 4.172    5.8300
 4.175    5.8900
 4.179    5.8500
 4.182    5.8100
 4.185    5.7900
 4.189    5.8100
 4.192    5.8400
 4.196    5.8600
 4.199    5.7900
 4.202    5.7300
 4.206    5.7200
 4.209    5.7400
 4.213    5.7400
 4.216    5.7200
 4.219    5.6900
 4.223    5.6800
 4.226    5.6900
 4.230    5.7200
 4.233    5.6700
 4.237    5.6500
 4.240    5.7000
 4.244    5.7400
 4.247    5.6900
 4.251    5.6400
 4.254    5.6700
 4.258    5.6900
 4.261    5.6400
 4.265    5.6100
 4.268    5.5800
 4.272    5.6200
 4.275    5.6200
 4.279    5.6000
 4.282    5.6400
 4.286    5.6700
 4.289    5.6300
 4.293    5.5800
 4.296    5.5800
 4.300    5.6200
 4.304    5.5800
 4.307    5.5500
 4.311    5.5500
 4.314    5.5900
 4.318    5.5800
 4.321    5.5700
 4.325    5.5800
 4.329    5.5600
 4.332    5.5300
 4.336    5.5600
 4.340    5.5700
 4.343    5.5300
 4.347    5.5400
 4.350    5.5500
 4.354    5.5400
 4.358    5.5600
 4.361    5.5700
 4.365    5.5700
 4.369    5.5500
 4.372    5.5400
 4.376    5.5200
 4.380    5.5000
 4.384    5.5300
 4.387    5.5100
 4.391    5.4700
 4.395    5.4400
 4.398    5.4400
 4.402    5.4600
 4.406    5.4600
 4.410    5.4500
 4.413    5.4200
 4.417    5.4100
 4.421    5.4300
 4.425    5.4600
 4.428    5.4500
 4.432    5.4100
 4.436    5.3900
 4.440    5.3500
 4.444    5.3700
 4.447    5.3800
 4.451    5.3800
 4.455    5.3300
 4.459    5.3100
 4.463    5.3600
 4.467    5.3600
 4.470    5.3200
 4.474    5.3200
 4.478    5.3200
 4.482    5.3000
 4.486    5.2600
 4.490    5.2400
 4.494    5.2700
 4.498    5.2700
 4.502    5.2800
 4.505    5.2400
 4.509    5.1700
 4.513    5.1400
 4.517    5.1500
 4.521    5.1700
 4.525    5.1900
 4.529    5.2100
 4.533    5.1700
 4.537    5.1400
 4.541    5.1700
 4.545    5.1600
 4.549    5.1900
 4.553    5.1900
 4.557    5.1100
 4.561    5.0800
 4.565    5.0800
 4.569    5.0500
 4.573    5.0200
 4.577    5.0000
 4.581    5.0100
 4.585    5.0500
 4.589    5.0400
 4.593    5.0000
 4.597    4.9700
 4.601    4.9700
 4.605    4.9700
 4.610    4.9500
 4.614    4.9800
 4.618    4.9700
 4.622    4.9300
 4.626    4.9300
 4.630    4.9100
 4.634    4.8700
 4.638    4.8700
 4.643    4.8700
 4.647    4.8700
 4.651    4.8600
 4.655    4.8300
 4.659    4.8000
 4.663    4.8500
 4.668    4.8800
 4.672    4.8500
 4.676    4.8000
 4.680    4.8100
 4.684    4.8300
 4.689    4.8100
 4.693    4.7700
 4.697    4.7400
 4.701    4.7300
 4.706    4.7500
 4.710    4.7600
 4.714    4.7300
 4.719    4.7100
 4.723    4.7100
 4.727    4.6900
 4.731    4.6600
 4.736    4.6500
 4.740    4.6600
 4.744    4.6800
 4.749    4.6300
 4.753    4.6000
 4.758    4.6100
 4.762    4.5900
 4.766    4.5700
 4.771    4.6000
 4.775    4.5700
 4.779    4.5300
 4.784    4.5600
 4.788    4.5800
 4.793    4.5500
 4.797    4.5300
 4.802    4.5200
 4.806    4.4900
 4.810    4.4700
 4.815    4.4400
 4.819    4.4400
 4.824    4.4600
 4.828    4.4500
 4.833    4.4500
 4.837    4.4700
 4.842    4.4300
 4.846    4.4200
 4.851    4.3900
 4.856    4.3900
 4.860    4.4400
 4.865    4.4300
 4.869    4.3800
 4.874    4.3600
 4.878    4.3600
 4.883    4.3500
 4.888    4.3800
 4.892    4.3700
 4.897    4.3100
 4.901    4.3000
 4.906    4.3100
 4.911    4.3000
 4.915    4.3000
 4.920    4.3000
 4.925    4.2500
 4.929    4.2600
 4.934    4.3200
 4.939    4.2800
 4.943    4.2500
 4.948    4.2600
 4.953    4.2700
 4.958    4.2600
 4.962    4.2600
 4.967    4.2200
 4.972    4.2000
 4.977    4.2000
 4.981    4.2200
 4.986    4.2200
 4.991    4.1700
 4.996    4.1400
 5.001    4.1700
 5.005    4.1800
 5.010    4.1800
 5.015    4.1900
 5.020    4.1600
 5.025    4.1400
 5.030    4.1500
 5.035    4.1200
 5.040    4.1100
 5.044    4.1300
 5.049    4.1200
 5.054    4.0800
 5.059    4.1100
 5.064    4.0900
 5.069    4.0800
 5.074    4.0600
 5.079    4.0400
 5.084    4.0400
 5.089    4.0100
 5.094    4.0000
 5.099    4.0000
 5.104    4.0200
 5.109    4.0400
 5.114    4.0500
 5.119    4.0500
 5.124    4.0500
 5.129    4.0500
 5.134    4.0400
 5.139    4.0200
 5.145    4.0300
 5.150    4.0700
 5.155    4.0600
 5.160    4.0700
 5.165    4.0500
 5.170    4.0100
 5.175    4.0100
 5.180    4.0500
 5.186    4.0500
 5.191    4.0500
 5.196    4.0100
 5.201    4.0200
 5.206    4.0000
 5.212    4.0000
 5.217    4.0100
 5.222    4.0400
 5.227    4.0600
 5.233    4.0500
 5.238    4.0600
 5.243    4.0700
 5.249    4.0700
 5.254    4.0300
 5.259    3.9900
 5.265    4.0000
 5.270    3.9900
 5.275    3.9700
 5.281    3.9800
 5.286    3.9900
 5.291    3.9700
 5.297    3.9600
 5.302    3.9700
 5.308    3.9700
 5.313    3.9600
 5.319    3.9500
 5.324    3.9400
 5.330    3.9300
 5.335    3.9200
 5.341    3.9200
 5.346    3.9300
 5.352    3.9200
 5.357    3.8900
 5.363    3.9100
 5.368    3.9100
 5.374    3.9200
 5.379    3.9100
 5.385    3.8900
 5.390    3.8700
 5.396    3.8500
 5.402    3.8400
 5.407    3.8400
 5.413    3.8300
 5.419    3.8300
 5.424    3.8000
 5.430    3.8000
 5.436    3.8200
 5.441    3.8300
 5.447    3.7900
 5.453    3.7700
 5.459    3.7500
 5.464    3.7600
 5.470    3.7800
 5.476    3.7700
 5.482    3.7500
 5.487    3.7400
 5.493    3.7400
 5.499    3.7500
 5.505    3.7600
 5.511    3.7800
 5.517    3.7700
 5.523    3.7600
 5.528    3.7200
 5.534    3.6900
 5.540    3.6700
 5.546    3.6900
 5.552    3.6700
 5.558    3.6500
 5.564    3.6600
 5.570    3.6800
 5.576    3.6700
 5.582    3.6700
 5.588    3.6700
 5.594    3.6800
 5.600    3.6600
 5.606    3.6600
 5.612    3.6900
 5.618    3.6900
 5.624    3.6500
 5.630    3.6500
 5.637    3.6300
 5.643    3.6000
 5.649    3.6100
 5.655    3.6100
 5.661    3.6100
 5.667    3.6300
 5.674    3.6100
 5.680    3.6000
 5.686    3.5900
 5.692    3.5800
 5.698    3.5300
 5.705    3.5500
 5.711    3.5400
 5.717    3.5100
 5.724    3.4800
 5.730    3.4900
 5.736    3.4900
 5.743    3.4500
 5.749    3.4100
 5.755    3.4100
 5.762    3.4000
 5.768    3.4000
 5.775    3.4300
 5.781    3.4200
 5.788    3.3300
 5.794    3.2800
 5.800    3.2800
 5.807    3.2400
 5.813    3.1900
 5.820    3.2200
 5.827    3.2100
 5.833    3.1800
 5.840    3.1600
 5.846    3.1600
 5.853    3.1200
 5.859    3.0700
 5.866    3.0200
 5.873    3.0000
 5.879    2.9800
 5.886    2.9300
 5.893    2.8800
 5.899    2.8800
 5.906    2.8700
 5.913    2.8500
 5.920    2.8400
 5.926    2.8000
 5.933    2.7400
 5.940    2.7400
 5.947    2.7200
 5.954    2.6900
 5.960    2.6700
 5.967    2.6300
 5.974    2.5500
 5.981    2.5200
 5.988    2.5200
 5.995    2.5300
 6.002    2.4800
 6.009    2.4400
 6.016    2.4000
 6.023    2.4300
 6.030    2.4200
 6.037    2.4100
 6.044    2.3500
 6.051    2.2700
 6.058    2.3000
 6.065    2.3300
 6.072    2.3100
 6.079    2.3400
 6.086    2.3200
 6.094    2.3400
 6.101    2.3700
 6.108    2.3900
 6.115    2.3500
 6.122    2.3700
 6.130    2.3900
 6.137    2.4000
 6.144    2.3900
 6.151    2.4200
 6.159    2.4100
 6.166    2.4600
 6.173    2.5200
 6.181    2.6100
 6.188    2.6500
 6.195    2.6800
 6.203    2.6600
 6.210    2.6600
 6.218    2.6600
 6.225    2.6900
 6.233    2.6900
 6.240    2.7400
 6.248    2.7600
 6.255    2.8000
 6.263    2.8600
 6.270    2.8600
 6.278    2.8200
 6.286    2.8500
 6.293    2.9100
 6.301    2.9300
 6.308    2.9300
 6.316    2.9200
 6.324    2.8800
 6.332    2.9000
 6.339    2.9200
 6.347    2.9900
 6.355    2.9900
 6.363    2.9200
 6.370    2.8800
 6.378    2.9300
 6.386    2.9100
 6.394    2.8800
 6.402    2.8600
 6.410    2.8900
 6.418    2.9100
 6.426    2.9600
 6.434    2.9300
 6.442    2.8500
 6.450    2.8500
 6.458    2.9300
 6.466    2.9500
 6.474    2.9500
 6.482    2.8600
 6.490    2.8200
 6.498    2.8200
 6.506    2.8500
 6.515    2.8400
 6.523    2.8400
 6.531    2.8500
 6.539    2.8400
 6.547    2.8100
 6.556    2.8500
 6.564    2.8100
 6.572    2.8100
 6.581    2.8200
 6.589    2.8400
 6.597    2.8100
 6.606    2.8100
 6.614    2.7800
 6.623    2.8300
 6.631    2.8200
 6.640    2.7800
 6.648    2.7600
 6.657    2.7900
 6.665    2.8000
 6.674    2.8100
 6.682    2.8000
 6.691    2.8100
 6.700    2.8000
 6.708    2.7900
 6.717    2.7600
 6.726    2.7300
 6.734    2.7600
 6.743    2.8000
 6.752    2.7500
 6.761    2.7000
 6.770    2.6900
 6.778    2.7400
 6.787    2.7200
 6.796    2.7200
 6.805    2.6900
 6.814    2.6900
 6.823    2.6700
 6.832    2.7000
 6.841    2.7600
 6.850    2.8000
 6.859    2.7500
 6.868    2.7600
 6.877    2.7800
 6.886    2.8000
 6.896    2.7300
 6.905    2.7100
 6.914    2.7000
 6.923    2.7200
 6.932    2.7100
 6.942    2.7200
 6.951    2.7200
 6.960    2.7100
 6.970    2.6900
 6.979    2.7600
 6.989    2.7600
 6.998    2.7200
 7.007    2.7200
 7.017    2.7500
 7.026    2.6800
 7.036    2.6600
 7.046    2.6400
 7.055    2.6800
 7.065    2.6700
 7.074    2.7200
 7.084    2.6800
 7.094    2.6600
 7.103    2.6600
 7.113    2.6800
 7.123    2.6500
 7.133    2.5900
 7.143    2.5300
 7.152    2.5600
 7.162    2.5200
 7.172    2.5400
 7.182    2.5400
 7.192    2.5300
 7.202    2.5000
 7.212    2.5100
 7.222    2.5100
 7.232    2.5200
 7.242    2.4800
 7.252    2.4700
 7.263    2.4400
 7.273    2.4900
 7.283    2.4900
 7.293    2.4500
 7.303    2.4100
 7.314    2.4500
 7.324    2.4600
 7.334    2.4700
 7.345    2.4100
 7.355    2.4200
 7.366    2.4700
 7.376    2.5000
 7.387    2.4900
 7.397    2.4800
 7.408    2.4100
 7.418    2.3800
 7.429    2.3400
 7.440    2.3100
 7.450    2.3000
 7.461    2.3100
 7.472    2.2800
 7.483    2.3200
 7.493    2.3000
 7.504    2.3100
 7.515    2.2900
 7.526    2.2700
 7.537    2.2300
 7.548    2.2500
 7.559    2.3000
 7.570    2.3600
 7.581    2.2800
 7.592    2.2200
 7.603    2.1900
 7.614    2.1400
 7.626    2.0400
 7.637    2.1100
 7.648    2.1800
 7.659    2.1800
 7.671    2.1600
 7.682    2.1800
 7.694    2.1500
 7.705    2.1300
 7.716    2.0600
 7.728    2.0400
 7.739    1.9900
 7.751    2.0100
 7.763    2.0100
 7.774    2.0500
 7.786    2.0600
 7.798    2.0200
 7.809    1.9600
 7.821    1.9700
 7.833    1.9200
 7.845    1.9200
 7.857    1.9600
 7.869    2.0000
 7.881    1.9800
 7.893    1.9500
 7.905    1.8700
 7.917    1.8800
 7.929    1.8900
 7.941    1.8300
 7.953    1.8200
 7.965    1.9400
 7.978    1.9600
 7.990    1.9500
 8.002    1.8800
 8.015    1.8700
 8.027    1.8200
 8.039    1.8600
 8.052    1.9100
 8.064    1.8800
 8.077    1.8300
 8.090    1.8400
 8.102    1.7900
 8.115    1.8000
 8.128    1.7900
 8.140    1.8100
 8.153    1.8400
 8.166    1.8800
 8.179    1.8500
 8.192    1.8700
 8.205    1.9000
 8.218    1.9100
 8.231    1.9000
 8.244    1.9500
 8.257    1.9600
 8.270    2.0100
 8.283    1.9900
 8.297    2.0300
 8.310    2.0200
 8.323    2.0300
 8.337    2.0900
 8.350    2.2000
 8.364    2.1800
 8.377    2.2200
 8.391    2.2300
 8.404    2.2600
 8.418    2.2700
 8.431    2.3600
 8.445    2.4100
 8.459    2.4400
 8.473    2.5200
 8.487    2.6000
 8.501    2.6000
 8.515    2.7200
 8.529    2.7800
 8.543    2.8900
 8.557    2.9400
 8.571    3.1100
 8.585    3.2300
 8.599    3.3600
 8.614    3.4900
 8.628    3.6700
 8.642    3.7700
 8.657    3.8400
 8.671    3.9400
 8.686    4.1400
 8.700    4.4100
 8.715    4.6400
 8.730    4.7600
 8.744    4.9700
 8.759    5.1600
 8.774    5.3400
 8.789    5.4200
 8.804    5.6100
 8.819    5.8100
 8.834    6.1200
 8.849    6.3500
 8.864    6.6200
 8.879    6.8300
 8.894    7.0700
 8.909    7.1900
 8.925    7.4000
 8.940    7.5100
 8.956    7.7000
 8.971    7.8600
 8.987    8.1300
 9.002    8.3600
 9.018    8.5900
 9.034    8.7900
 9.049    9.0200
 9.065    9.1700
 9.081    9.3800
 9.097    9.5900
 9.113    9.7100
 9.129    9.7200
 9.145    9.8700
 9.161    9.9800
 9.178   10.1100
 9.194   10.2600
 9.210   10.4800
 9.226   10.6500
 9.243   10.9100
 9.259   11.1500
 9.276   11.4600
 9.293   11.6300
 9.309   11.7800
 9.326   11.9500
 9.343   12.1700
 9.360   12.3600
 9.377   12.4700
 9.394   12.4800
 9.411   12.5000
 9.428   12.4700
 9.445   12.5800
 9.462   12.7100
 9.479   12.8100
 9.497   12.7000
 9.514   12.5800
 9.532   12.5100
 9.549   12.4700
 9.567   12.2900
 9.585   12.0900
 9.602   11.8400
 9.620   11.7200
 9.638   11.4600
 9.656   11.2900
 9.674   11.1300
 9.692   10.9300
 9.710   10.6700
 9.728   10.4900
 9.747   10.2500
 9.765   10.0900
 9.783    9.9500
 9.802    9.8500
 9.821    9.6900
 9.839    9.5800
 9.858    9.4800
 9.877    9.3800
 9.895    9.2300
 9.914    9.1300
 9.933    8.8800
 9.952    8.7700
 9.972    8.6300
 9.991    8.4900
10.010    8.3100
10.029    8.2100
10.049    8.0600
10.068    7.9700
10.088    7.8300
10.108    7.7600
10.127    7.6200
10.147    7.5400
10.167    7.4500
10.187    7.4000
10.207    7.3100
10.227    7.3500
10.247    7.3400
10.268    7.2600
10.288    7.1300
10.309    7.0500
10.329    6.8900
10.350    6.8000
10.370    6.6900
10.391    6.6300
10.412    6.4800
10.433    6.4100
10.454    6.3300
10.475    6.2900
10.496    6.2400
10.518    6.2300
10.539    6.1300
10.560    6.0900
10.582    5.9400
10.604    5.8700
10.625    5.8400
10.647    5.8500
10.669    5.7400
10.691    5.7700
10.713    5.7700
10.735    5.8200
10.758    5.8000
10.780    5.8500
10.802    5.9000
10.825    5.9000
10.848    5.8600
10.870    5.9600
10.893    6.0500
10.916    6.1800
10.939    6.1900
10.962    6.2400
10.985    6.1900
11.009    6.1100
11.032    6.0500
11.056    6.1800
11.079    6.1300
11.103    6.0600
11.127    5.9300
11.151    5.9000
11.175    5.8400
11.199    5.8600
11.223    5.8300
11.248    5.8600
11.272    5.7900
11.297    5.8500
11.321    5.7800
11.346    5.6500
11.371    5.5700
11.396    5.5600
11.421    5.4800
11.446    5.4500
11.471    5.3600
11.497    5.3300
11.522    5.1800
11.548    5.1200
11.574    4.9900
11.600    4.9500
11.626    4.8400
11.652    4.7100
11.678    4.5900
11.704    4.5500
11.731    4.4000
11.757    4.3500
11.784    4.2500
11.811    4.2300
11.838    4.1800
11.865    4.1800
11.892    4.0000
11.920    3.9300
11.947    3.8000
11.975    3.7800
12.002    3.7100
12.030    3.6900
12.058    3.6100
12.086    3.5800
12.115    3.4600
12.143    3.4500
12.171    3.4000
12.200    3.3800
12.229    3.3200
12.258    3.3000
12.287    3.1600
12.316    3.1500
12.345    3.0300
12.375    3.0200
12.404    2.9500
12.434    2.9800
12.464    2.9800
12.494    2.9900
12.524    2.9200
12.554    2.8700
12.585    2.7000
12.616    2.7300
12.646    2.6400
12.677    2.7000
12.708    2.6700
12.739    2.6600
12.771    2.6400
12.802    2.6700
12.834    2.6300
12.866    2.6800
12.898    2.6500
12.930    2.6900
12.962    2.6300
12.995    2.6100
13.027    2.6000
13.060    2.6700
13.093    2.5900
13.126    2.6100
13.160    2.5900
13.193    2.6600
13.227    2.6700
13.261    2.6900
13.295    2.6000
13.329    2.6300
13.363    2.5800
13.398    2.6100
13.432    2.5700
13.467    2.6500
13.502    2.5800
13.538    2.6600
13.573    2.5800
13.609    2.5300
13.644    2.4500
13.680    2.6400
13.717    2.6000
13.753    2.6000
13.790    2.5000
13.826    2.6500
13.863    2.6500
13.900    2.7400
13.938    2.5100
13.975    2.5800
14.013    2.5200
