Name:  Basalt
Type:  Rock
Class: Igneous   
Subclass: Mafic 
Particle Size:  Whole rock chips
Sample No.:  ba2b1c
Owner:  Larry Rowan, USGS
Wavelength range:  VNIR SWIR IR
Origin:  Wadi Zerqa Ma'in, Jordan

Description:  dark gray basalt 





Measurement:  Reflectance
First Column:  X
Second Column:  Y
X Units:  Wavelength (micrometers)
Y Units:  Reflectance (percent)
First X Value:  0.4
Last X Value:  14.01309
Number of X Values:  2826
Additional Information:  ba2b1ca.txt
 0.400   11.6100
 0.401   11.5100
 0.402   11.5100
 0.403   11.5100
 0.404   11.5100
 0.405   11.5100
 0.406   11.5100
 0.407   11.4100
 0.408   11.4100
 0.409   11.5100
 0.410   11.5100
 0.411   11.5100
 0.412   11.4100
 0.413   11.4100
 0.414   11.3100
 0.415   11.1100
 0.416   11.4100
 0.417   11.5100
 0.418   11.3100
 0.419   11.1100
 0.420   11.1100
 0.421   11.0100
 0.422   11.3100
 0.423   11.1100
 0.424   11.1100
 0.425   11.0100
 0.426   11.1100
 0.427   11.0100
 0.428   10.9100
 0.429   10.8100
 0.430   10.8100
 0.431   11.0100
 0.432   10.8100
 0.433   10.8100
 0.434   10.6100
 0.435   10.6100
 0.436   10.6100
 0.437   10.5100
 0.438   10.5100
 0.439   10.5100
 0.440   10.4100
 0.441   10.5100
 0.442   10.5100
 0.443   10.5100
 0.444   10.3100
 0.445   10.5100
 0.446   10.5100
 0.447   10.2100
 0.448   10.3100
 0.449   10.0100
 0.450   10.0100
 0.451   10.0100
 0.452   10.0100
 0.453    9.8100
 0.454    9.9100
 0.455   10.0100
 0.456    9.9100
 0.457    9.9100
 0.458    9.9100
 0.459    9.3100
 0.460    9.3100
 0.461    9.1100
 0.462    9.2100
 0.463    9.2100
 0.464    9.2100
 0.465    9.2100
 0.466    9.2100
 0.467    9.1100
 0.468    8.9100
 0.469    8.9100
 0.470    9.1100
 0.471    9.1100
 0.472    8.9100
 0.473    8.9100
 0.474    9.1100
 0.475    9.1100
 0.476    8.9100
 0.477    8.8100
 0.478    8.9100
 0.479    8.9100
 0.480    8.8100
 0.481    8.8100
 0.482    8.8100
 0.483    8.8100
 0.484    8.8100
 0.485    8.8100
 0.486    8.7100
 0.487    8.8100
 0.488    8.7100
 0.489    8.5100
 0.490    8.6100
 0.491    8.6100
 0.492    8.6100
 0.493    8.7100
 0.494    8.8100
 0.495    8.8100
 0.496    8.8100
 0.497    8.6100
 0.498    8.5100
 0.499    8.5100
 0.500    8.8100
 0.501    8.5100
 0.502    8.5100
 0.503    8.5100
 0.504    8.6100
 0.505    8.6100
 0.506    8.5100
 0.507    8.5100
 0.508    8.5100
 0.509    8.7100
 0.510    8.7100
 0.511    8.5100
 0.512    8.6100
 0.513    8.6100
 0.514    8.5100
 0.515    8.3100
 0.516    8.5100
 0.517    8.7100
 0.518    8.6100
 0.519    8.6100
 0.520    8.5100
 0.521    8.5100
 0.522    8.6100
 0.523    8.6100
 0.524    8.5100
 0.525    8.5100
 0.526    8.6100
 0.527    8.6100
 0.528    8.3100
 0.529    8.6100
 0.530    8.5100
 0.531    8.6100
 0.532    8.6100
 0.533    8.6100
 0.534    8.7100
 0.535    8.5100
 0.536    8.5100
 0.537    8.5100
 0.538    8.5100
 0.539    8.6100
 0.540    8.5100
 0.541    8.7100
 0.542    8.7100
 0.543    8.6100
 0.544    8.5100
 0.545    8.6100
 0.546    8.3100
 0.547    8.5100
 0.548    8.6100
 0.549    8.7100
 0.550    8.6100
 0.551    8.6100
 0.552    8.6100
 0.553    8.5100
 0.554    8.5100
 0.555    8.5100
 0.556    8.8100
 0.557    8.8100
 0.558    8.7100
 0.559    9.1100
 0.560    9.1100
 0.561    9.2100
 0.562    8.9100
 0.563    8.9100
 0.564    9.2100
 0.565    9.1100
 0.566    8.9100
 0.567    8.9100
 0.568    9.1100
 0.569    9.2100
 0.570    9.2100
 0.571    9.2100
 0.572    9.2100
 0.573    9.2100
 0.574    9.1100
 0.575    9.1100
 0.576    8.9100
 0.577    9.1100
 0.578    9.2100
 0.579    9.1100
 0.580    9.1100
 0.581    9.1100
 0.582    9.1100
 0.583    9.2100
 0.584    9.1100
 0.585    9.1100
 0.586    8.9100
 0.587    8.9100
 0.588    8.9100
 0.589    8.9100
 0.590    9.1100
 0.591    9.1100
 0.592    9.1100
 0.593    8.9100
 0.594    9.1100
 0.595    9.1100
 0.596    8.9100
 0.597    9.1100
 0.598    8.9100
 0.599    9.1100
 0.600    8.9100
 0.601    8.9100
 0.602    9.1100
 0.603    9.1100
 0.604    9.1100
 0.605    9.3100
 0.606    9.1100
 0.607    9.1100
 0.608    9.3100
 0.609    9.2100
 0.610    9.2100
 0.611    8.9100
 0.612    8.9100
 0.613    9.2100
 0.614    9.2100
 0.615    9.2100
 0.616    9.2100
 0.617    9.1100
 0.618    9.2100
 0.619    9.2100
 0.620    9.2100
 0.621    9.2100
 0.622    9.2100
 0.623    9.2100
 0.624    9.1100
 0.625    9.3100
 0.626    9.3100
 0.627    9.2100
 0.628    9.2100
 0.629    9.4100
 0.630    9.2100
 0.631    9.2100
 0.632    9.2100
 0.633    9.2100
 0.634    9.2100
 0.635    9.4100
 0.636    9.3100
 0.637    9.1100
 0.638    9.2100
 0.639    9.1100
 0.640    9.2100
 0.641    9.2100
 0.642    9.3100
 0.643    9.3100
 0.644    9.3100
 0.645    9.4100
 0.646    9.4100
 0.647    9.2100
 0.648    9.2100
 0.649    9.1100
 0.650    9.1100
 0.651    9.2100
 0.652    9.2100
 0.653    9.4100
 0.654    9.3100
 0.655    9.2100
 0.656    9.2100
 0.657    9.2100
 0.658    9.2100
 0.659    9.4100
 0.660    9.1100
 0.661    9.2100
 0.662    9.2100
 0.663    9.1100
 0.664    9.2100
 0.665    9.3100
 0.666    9.3100
 0.667    9.2100
 0.668    9.3100
 0.669    9.3100
 0.670    9.2100
 0.671    9.3100
 0.672    9.3100
 0.673    9.2100
 0.674    9.4100
 0.675    9.4100
 0.676    9.4100
 0.677    9.2100
 0.678    9.3100
 0.679    9.3100
 0.680    9.3100
 0.681    9.3100
 0.682    9.4100
 0.683    9.4100
 0.684    9.3100
 0.685    9.5100
 0.686    9.3100
 0.687    9.4100
 0.688    9.3100
 0.689    9.3100
 0.690    9.3100
 0.691    9.3100
 0.692    9.4100
 0.693    9.4100
 0.694    9.4100
 0.695    9.3100
 0.696    9.3100
 0.697    9.2100
 0.698    9.2100
 0.699    9.3100
 0.700    9.3100
 0.701    9.3100
 0.702    9.4100
 0.703    9.3100
 0.704    9.2100
 0.705    9.4100
 0.706    9.3100
 0.707    9.3100
 0.708    9.4100
 0.709    9.3100
 0.710    9.3100
 0.711    9.3100
 0.712    9.4100
 0.713    9.3100
 0.714    9.3100
 0.715    9.3100
 0.716    9.3100
 0.717    9.3100
 0.718    9.3100
 0.719    9.3100
 0.720    9.4100
 0.721    9.4100
 0.722    9.4100
 0.723    9.3100
 0.724    9.3100
 0.725    9.4100
 0.726    9.5100
 0.727    9.5100
 0.728    9.4100
 0.729    9.4100
 0.730    9.5100
 0.731    9.5100
 0.732    9.5100
 0.733    9.7100
 0.734    9.5100
 0.735    9.5100
 0.736    9.4100
 0.737    9.4100
 0.738    9.4100
 0.739    9.4100
 0.740    9.5100
 0.741    9.4100
 0.742    9.5100
 0.743    9.5100
 0.744    9.5100
 0.745    9.5100
 0.746    9.4100
 0.747    9.7100
 0.748    9.7100
 0.749    9.7100
 0.750    9.7100
 0.751    9.5100
 0.752    9.7100
 0.753    9.5100
 0.754    9.5100
 0.755    9.7100
 0.756    9.5100
 0.757    9.7100
 0.758    9.5100
 0.759    9.7100
 0.760    9.7100
 0.761    9.5100
 0.762    9.5100
 0.763    9.7100
 0.764    9.7100
 0.765    9.7100
 0.766    9.7100
 0.767    9.8100
 0.768    9.9100
 0.769    9.8100
 0.770    9.7100
 0.771    9.8100
 0.772    9.8100
 0.773    9.8100
 0.774    9.8100
 0.775    9.9100
 0.776    9.9100
 0.777    9.9100
 0.778    9.8100
 0.779    9.8100
 0.780    9.5100
 0.781    9.8100
 0.782    9.7100
 0.783    9.7100
 0.784    9.8100
 0.785    9.7100
 0.786    9.8100
 0.787    9.9100
 0.788    9.9100
 0.789    9.8100
 0.790    9.8100
 0.791    9.8100
 0.792    9.7100
 0.793    9.8100
 0.794    9.9100
 0.795    9.9100
 0.796    9.8100
 0.797    9.9100
 0.798    9.4100
 0.799    8.3100
 0.800    9.7100
 0.804    9.5100
 0.808    9.5100
 0.812    9.7100
 0.816    9.8100
 0.820    9.7100
 0.824    9.4100
 0.828    9.7100
 0.832    9.5100
 0.836    9.5100
 0.840    9.5100
 0.844    9.5100
 0.848    9.5100
 0.852    9.5100
 0.856    9.4100
 0.860    9.4100
 0.864    9.4100
 0.868    9.4100
 0.872    9.5100
 0.876    9.4100
 0.880    9.4100
 0.884    9.4100
 0.888    9.5100
 0.892    9.3100
 0.896    9.5100
 0.900    9.4100
 0.904    9.3100
 0.908    9.4100
 0.912    9.4100
 0.916    9.4100
 0.920    9.3100
 0.924    9.3100
 0.928    9.3100
 0.932    9.3100
 0.936    9.3100
 0.940    9.3100
 0.944    9.3100
 0.948    9.3100
 0.952    9.3100
 0.956    9.3100
 0.960    9.3100
 0.964    9.3100
 0.968    9.2100
 0.972    9.3100
 0.976    9.3100
 0.980    9.3100
 0.984    9.3100
 0.988    9.4100
 0.992    9.3100
 0.996    9.3100
 1.000    9.3100
 1.004    9.3100
 1.008    9.3100
 1.012    9.2100
 1.016    9.2100
 1.020    9.2100
 1.024    9.2100
 1.028    9.3100
 1.032    9.2100
 1.036    9.2100
 1.040    9.2100
 1.044    9.3100
 1.048    9.2100
 1.052    9.3100
 1.056    9.3100
 1.060    9.3100
 1.064    9.2100
 1.068    9.3100
 1.072    9.2100
 1.076    9.2100
 1.080    9.1100
 1.084    9.2100
 1.088    9.2100
 1.092    9.2100
 1.096    9.3100
 1.100    9.2100
 1.104    9.2100
 1.108    9.2100
 1.112    9.3100
 1.116    9.2100
 1.120    9.3100
 1.124    9.2100
 1.128    9.2100
 1.132    9.2100
 1.136    9.2100
 1.140    9.2100
 1.144    9.2100
 1.148    9.2100
 1.152    9.2100
 1.156    9.1100
 1.160    9.1100
 1.164    9.2100
 1.168    9.2100
 1.172    9.2100
 1.176    9.2100
 1.180    9.2100
 1.184    9.1100
 1.188    9.1100
 1.192    9.1100
 1.196    9.1100
 1.200    8.9100
 1.204    8.9100
 1.208    8.9100
 1.212    9.1100
 1.216    9.1100
 1.220    8.9100
 1.224    8.9100
 1.228    8.9100
 1.232    9.1100
 1.236    8.9100
 1.240    8.9100
 1.244    8.9100
 1.248    8.8100
 1.252    8.9100
 1.256    8.9100
 1.260    8.9100
 1.264    8.8100
 1.268    8.8100
 1.272    8.8100
 1.276    8.8100
 1.280    8.7100
 1.284    8.7100
 1.288    8.7100
 1.292    8.8100
 1.296    8.8100
 1.300    8.8100
 1.304    8.7100
 1.308    8.8100
 1.312    8.8100
 1.316    8.7100
 1.320    8.7100
 1.324    8.7100
 1.328    8.7100
 1.332    8.7100
 1.336    8.7100
 1.340    8.8100
 1.344    8.8100
 1.348    8.7100
 1.352    8.7100
 1.356    8.7100
 1.360    8.7100
 1.364    8.6100
 1.368    8.7100
 1.372    8.7100
 1.376    8.6100
 1.380    8.7100
 1.384    8.6100
 1.388    8.6100
 1.392    8.6100
 1.396    8.6100
 1.400    8.6100
 1.404    8.6100
 1.408    8.6100
 1.412    8.7100
 1.416    8.6100
 1.420    8.6100
 1.424    8.6100
 1.428    8.6100
 1.432    8.6100
 1.436    8.6100
 1.440    8.6100
 1.444    8.6100
 1.448    8.6100
 1.452    8.6100
 1.456    8.6100
 1.460    8.6100
 1.464    8.4100
 1.468    8.4100
 1.472    8.4100
 1.476    8.4100
 1.480    8.4100
 1.484    8.4100
 1.488    8.4100
 1.492    8.4100
 1.496    8.6100
 1.500    8.4100
 1.504    8.3100
 1.508    8.4100
 1.512    8.4100
 1.516    8.6100
 1.520    8.6100
 1.524    8.6100
 1.528    8.6100
 1.532    8.6100
 1.536    8.6100
 1.540    8.6100
 1.544    8.6100
 1.548    8.4100
 1.552    8.4100
 1.556    8.4100
 1.560    8.4100
 1.564    8.4100
 1.568    8.4100
 1.572    8.4100
 1.576    8.4100
 1.580    8.6100
 1.584    8.6100
 1.588    8.6100
 1.592    8.6100
 1.596    8.6100
 1.600    8.6100
 1.604    8.4100
 1.608    8.3100
 1.612    8.6100
 1.616    8.6100
 1.620    8.3100
 1.624    8.4100
 1.628    8.3100
 1.632    8.4100
 1.636    8.4100
 1.640    8.4100
 1.644    8.4100
 1.648    8.4100
 1.652    8.3100
 1.656    8.3100
 1.660    8.4100
 1.664    8.4100
 1.668    8.4100
 1.672    8.4100
 1.676    8.4100
 1.680    8.4100
 1.684    8.4100
 1.688    8.4100
 1.692    8.4100
 1.696    8.4100
 1.700    8.4100
 1.704    8.4100
 1.708    8.4100
 1.712    8.4100
 1.716    8.4100
 1.720    8.4100
 1.724    8.4100
 1.728    8.3100
 1.732    8.4100
 1.736    8.3100
 1.740    8.4100
 1.744    8.3100
 1.748    8.3100
 1.752    8.3100
 1.756    8.3100
 1.760    8.2100
 1.764    8.3100
 1.768    8.2100
 1.772    8.3100
 1.776    8.3100
 1.780    8.3100
 1.784    8.3100
 1.788    8.3100
 1.792    8.3100
 1.796    8.3100
 1.800    8.3100
 1.804    8.3100
 1.808    8.3100
 1.812    8.3100
 1.816    8.3100
 1.820    8.3100
 1.824    8.3100
 1.828    8.3100
 1.832    8.3100
 1.836    8.3100
 1.840    8.3100
 1.844    8.3100
 1.848    8.3100
 1.852    8.3100
 1.856    8.2100
 1.860    8.2100
 1.864    8.2100
 1.868    8.2100
 1.872    8.2100
 1.876    8.2100
 1.880    8.2100
 1.884    8.1100
 1.888    8.0100
 1.892    8.0100
 1.896    8.0100
 1.900    8.0100
 1.904    8.0100
 1.908    7.8100
 1.912    7.8100
 1.916    7.8100
 1.920    8.0100
 1.924    8.0100
 1.928    7.8100
 1.932    7.8100
 1.936    7.8100
 1.940    7.8100
 1.944    7.8100
 1.948    7.8100
 1.952    7.8100
 1.956    7.8100
 1.960    8.0100
 1.964    8.0100
 1.968    8.0100
 1.972    8.0100
 1.976    8.0100
 1.980    8.0100
 1.984    8.0100
 1.988    8.0100
 1.992    8.0100
 1.996    8.1100
 2.000    8.1100
 2.004    8.1100
 2.008    8.1100
 2.012    8.1100
 2.016    8.1100
 2.020    8.1100
 2.024    8.1100
 2.028    8.1100
 2.032    8.2100
 2.036    8.1100
 2.040    8.2100
 2.044    8.2100
 2.048    8.2100
 2.052    8.2100
 2.056    8.2100
 2.060    8.2100
 2.064    8.2100
 2.068    8.2100
 2.072    8.2100
 2.076    8.2100
 2.080    8.2100
 2.084    8.2100
 2.088    8.2100
 2.092    8.2100
 2.096    8.3100
 2.100    8.2100
 2.100    8.2100
 2.101    8.2000
 2.102    8.1200
 2.103    8.1500
 2.104    8.1000
 2.105    8.0100
 2.106    8.0200
 2.106    8.2600
 2.107    8.2300
 2.108    8.2300
 2.109    8.0600
 2.110    8.1200
 2.111    8.1900
 2.112    8.3200
 2.112    8.4100
 2.113    8.3100
 2.114    8.2400
 2.115    8.2400
 2.116    8.1200
 2.117    8.0600
 2.118    8.1500
 2.118    8.2400
 2.119    8.2700
 2.120    8.1300
 2.121    7.9700
 2.122    8.0900
 2.123    8.2400
 2.124    8.1900
 2.125    8.1700
 2.125    8.2300
 2.126    8.1300
 2.127    7.9200
 2.128    7.8600
 2.129    8.0400
 2.130    7.9600
 2.131    7.9600
 2.132    8.3100
 2.132    8.4200
 2.133    8.0700
 2.134    8.0400
 2.135    8.1000
 2.136    8.2500
 2.137    8.3100
 2.138    8.2500
 2.139    8.1500
 2.139    8.2400
 2.140    8.2600
 2.141    8.1000
 2.142    8.1000
 2.143    8.0900
 2.144    7.9400
 2.145    7.9500
 2.146    8.0300
 2.147    8.0100
 2.147    8.0900
 2.148    8.1800
 2.149    8.1500
 2.150    8.2300
 2.151    8.3400
 2.152    8.2800
 2.153    8.1800
 2.154    8.0300
 2.155    8.0500
 2.155    8.1000
 2.156    7.9700
 2.157    7.9800
 2.158    8.0700
 2.159    8.1900
 2.160    8.0400
 2.161    7.9500
 2.162    8.1900
 2.163    8.2500
 2.164    7.8400
 2.164    7.8200
 2.165    7.9700
 2.166    7.9200
 2.167    7.9700
 2.168    7.9700
 2.169    7.9700
 2.170    7.8800
 2.171    7.7800
 2.172    7.9400
 2.173    7.9000
 2.173    7.9300
 2.174    7.8600
 2.175    7.9300
 2.176    8.1000
 2.177    8.0300
 2.178    7.9200
 2.179    8.0500
 2.180    8.0400
 2.181    8.0100
 2.182    8.0100
 2.183    7.7800
 2.184    7.8400
 2.184    8.0100
 2.185    7.9900
 2.186    7.9600
 2.187    7.9400
 2.188    7.7300
 2.189    7.7400
 2.190    8.0000
 2.191    7.9700
 2.192    7.9800
 2.193    7.8600
 2.194    7.9200
 2.195    8.0100
 2.196    7.9800
 2.196    7.8800
 2.197    8.0000
 2.198    7.8500
 2.199    7.8700
 2.200    7.9800
 2.201    7.8500
 2.202    7.7200
 2.203    7.8000
 2.204    7.7500
 2.205    7.8600
 2.206    7.9500
 2.207    7.9000
 2.208    7.9200
 2.209    7.7700
 2.210    7.5400
 2.211    7.6700
 2.211    7.7800
 2.212    7.6800
 2.213    7.6700
 2.214    8.0300
 2.215    8.1500
 2.216    8.1300
 2.217    8.0600
 2.218    7.9200
 2.219    7.8600
 2.220    7.8100
 2.221    7.5800
 2.222    7.5800
 2.223    7.8200
 2.224    7.9400
 2.225    7.9200
 2.226    7.8800
 2.227    7.9000
 2.228    7.9500
 2.229    7.8800
 2.230    7.7900
 2.231    7.8000
 2.231    7.8400
 2.232    7.9000
 2.233    7.8200
 2.234    7.6700
 2.235    7.8300
 2.236    7.8400
 2.237    7.8500
 2.238    7.7600
 2.239    7.6100
 2.240    7.6700
 2.241    7.6700
 2.242    7.8400
 2.243    8.0300
 2.244    7.9400
 2.245    7.7300
 2.246    7.6000
 2.247    7.6900
 2.248    7.6500
 2.249    7.7400
 2.250    7.8300
 2.251    7.8500
 2.252    7.7500
 2.253    7.6900
 2.254    7.6700
 2.255    7.6000
 2.256    7.5200
 2.257    7.7700
 2.258    7.9200
 2.259    7.9000
 2.260    7.7000
 2.261    7.7600
 2.262    7.9000
 2.263    7.7900
 2.264    7.5800
 2.265    7.7100
 2.266    7.9500
 2.267    7.9800
 2.268    7.8800
 2.269    7.8600
 2.270    7.7600
 2.271    7.7000
 2.272    7.8100
 2.273    7.8900
 2.274    7.9700
 2.275    7.8000
 2.276    7.5100
 2.277    7.5200
 2.278    7.6400
 2.279    7.6500
 2.280    7.6400
 2.281    7.7200
 2.282    7.7100
 2.283    7.8200
 2.284    7.6800
 2.285    7.6500
 2.286    7.7500
 2.287    7.6400
 2.288    7.5800
 2.289    7.6600
 2.290    7.6300
 2.291    7.6100
 2.292    7.5800
 2.293    7.5700
 2.294    7.3800
 2.295    7.3100
 2.296    7.4900
 2.297    7.5800
 2.298    7.6500
 2.299    7.6000
 2.300    7.5500
 2.301    7.7500
 2.302    7.7400
 2.303    7.5300
 2.304    7.4800
 2.305    7.6600
 2.306    7.6300
 2.307    7.4600
 2.308    7.4900
 2.309    7.6100
 2.310    7.6500
 2.311    7.6700
 2.312    7.6300
 2.313    7.5500
 2.314    7.4300
 2.315    7.5100
 2.316    7.6100
 2.317    7.6700
 2.318    7.6900
 2.319    7.5300
 2.320    7.5100
 2.321    7.5000
 2.322    7.3300
 2.323    7.2900
 2.324    7.3500
 2.326    7.5100
 2.327    7.5600
 2.328    7.6300
 2.329    7.5500
 2.330    7.4500
 2.331    7.4700
 2.332    7.6000
 2.333    7.6500
 2.334    7.5000
 2.335    7.1900
 2.336    7.2500
 2.337    7.5400
 2.338    7.6600
 2.339    7.4800
 2.340    7.4000
 2.341    7.3900
 2.342    7.4600
 2.343    7.4700
 2.344    7.3600
 2.346    7.3100
 2.347    7.3700
 2.348    7.4700
 2.349    7.6500
 2.350    7.6000
 2.351    7.5300
 2.352    7.4300
 2.353    7.3200
 2.354    7.3500
 2.355    7.3600
 2.356    7.4000
 2.357    7.4600
 2.358    7.3300
 2.359    7.2300
 2.360    7.2600
 2.362    7.3700
 2.363    7.4400
 2.364    7.4000
 2.365    7.3100
 2.366    7.3600
 2.367    7.4800
 2.368    7.5800
 2.369    7.4200
 2.370    7.2500
 2.371    7.2600
 2.372    7.2600
 2.373    7.3200
 2.375    7.5500
 2.376    7.6300
 2.377    7.5100
 2.378    7.4300
 2.379    7.5100
 2.380    7.4700
 2.381    7.3200
 2.382    7.1500
 2.383    7.2200
 2.384    7.3200
 2.385    7.4200
 2.387    7.4700
 2.388    7.3800
 2.389    7.2500
 2.390    7.2900
 2.391    7.2600
 2.392    7.3800
 2.393    7.3000
 2.394    7.2100
 2.395    7.3100
 2.396    7.2800
 2.398    7.1600
 2.399    7.1200
 2.400    7.2400
 2.401    7.3200
 2.402    7.2800
 2.403    7.2800
 2.404    7.3500
 2.405    7.4600
 2.406    7.2200
 2.408    7.0500
 2.409    7.0900
 2.410    7.1300
 2.411    7.2200
 2.412    7.2200
 2.413    7.1600
 2.414    7.2800
 2.415    7.2900
 2.417    7.3300
 2.418    7.2900
 2.419    7.3300
 2.420    7.2700
 2.421    7.2400
 2.422    7.1400
 2.423    7.0900
 2.424    7.1400
 2.426    7.2200
 2.427    7.1600
 2.428    7.1700
 2.429    7.1400
 2.430    7.1700
 2.431    7.1900
 2.432    7.2100
 2.434    7.1500
 2.435    7.1400
 2.436    7.2500
 2.437    7.4000
 2.438    7.3600
 2.439    7.2700
 2.440    7.1900
 2.442    7.1900
 2.443    7.1500
 2.444    7.1600
 2.445    7.3700
 2.446    7.4500
 2.447    7.3800
 2.449    7.2800
 2.450    7.1200
 2.451    7.1100
 2.452    7.0100
 2.453    7.0100
 2.454    7.1800
 2.455    7.2900
 2.457    7.1200
 2.458    7.1100
 2.459    7.1700
 2.460    7.2300
 2.461    7.2100
 2.462    7.2700
 2.464    7.2600
 2.465    7.1300
 2.466    7.0000
 2.467    7.0900
 2.468    7.1400
 2.469    7.0900
 2.471    7.1600
 2.472    7.1900
 2.473    7.1300
 2.474    7.1100
 2.475    7.0600
 2.477    7.0200
 2.478    6.9600
 2.479    6.9600
 2.480    6.9700
 2.481    7.1800
 2.482    7.2400
 2.484    7.1100
 2.485    6.9000
 2.486    7.0200
 2.487    7.2700
 2.488    7.2200
 2.490    7.1400
 2.491    7.1200
 2.492    6.9300
 2.493    6.8500
 2.494    6.8600
 2.496    6.8800
 2.497    7.0800
 2.498    7.1600
 2.499    7.0300
 2.500    6.9400
 2.502    6.8300
 2.503    6.9000
 2.504    6.9800
 2.505    6.9700
 2.506    6.9100
 2.508    6.9700
 2.509    6.9800
 2.510    6.9800
 2.511    6.9600
 2.513    6.8700
 2.514    6.9100
 2.515    7.0200
 2.516    7.0200
 2.517    6.9500
 2.519    6.9400
 2.520    6.9300
 2.521    6.8100
 2.522    6.8700
 2.524    7.0000
 2.525    6.9800
 2.526    6.9600
 2.527    6.9500
 2.528    6.9400
 2.530    7.1100
 2.531    7.0800
 2.532    6.9500
 2.533    6.8800
 2.535    6.7900
 2.536    6.8000
 2.537    7.0400
 2.538    6.9600
 2.540    6.8500
 2.541    6.8500
 2.542    6.7400
 2.543    6.7100
 2.545    6.8000
 2.546    6.7600
 2.547    6.7800
 2.548    6.9800
 2.550    7.1000
 2.551    6.7600
 2.552    6.4500
 2.553    6.5300
 2.555    6.8000
 2.556    6.8900
 2.557    6.9200
 2.558    6.7700
 2.560    6.4900
 2.561    6.3400
 2.562    6.3700
 2.563    6.4400
 2.565    6.6700
 2.566    6.8200
 2.567    6.7900
 2.569    6.7300
 2.570    6.7400
 2.571    6.7300
 2.572    6.5800
 2.574    6.5300
 2.575    6.5000
 2.576    6.4100
 2.577    6.5400
 2.579    6.6500
 2.580    6.6200
 2.581    6.6300
 2.583    6.3400
 2.584    6.1800
 2.585    6.3600
 2.586    6.3000
 2.588    6.5200
 2.589    6.7200
 2.590    6.8100
 2.592    6.6200
 2.593    6.2100
 2.594    5.6900
 2.596    5.9700
 2.597    6.4000
 2.598    6.6300
 2.599    6.6200
 2.601    6.4900
 2.602    6.3500
 2.603    6.2200
 2.605    6.2100
 2.606    6.3300
 2.607    6.5900
 2.609    6.7500
 2.610    6.6300
 2.611    6.5300
 2.613    6.5000
 2.614    6.5800
 2.615    6.1900
 2.616    5.9600
 2.618    6.2800
 2.619    6.4400
 2.620    6.5100
 2.622    6.8700
 2.623    6.9500
 2.624    6.6800
 2.626    6.3400
 2.627    6.3900
 2.628    6.2600
 2.630    6.1000
 2.631    6.3200
 2.632    6.4100
 2.634    6.4200
 2.635    6.7700
 2.636    6.9400
 2.638    6.7500
 2.639    6.5800
 2.640    6.5400
 2.642    6.5200
 2.643    6.5500
 2.645    6.3300
 2.646    6.3000
 2.647    6.4400
 2.649    6.5900
 2.650    6.5800
 2.651    6.4900
 2.653    6.4900
 2.654    6.5800
 2.655    6.5200
 2.657    6.6200
 2.658    6.4300
 2.659    6.2600
 2.661    6.2700
 2.662    6.3400
 2.664    6.2000
 2.665    5.7800
 2.666    5.6600
 2.668    5.8300
 2.669    5.7400
 2.670    5.7200
 2.672    5.9900
 2.673    6.1400
 2.675    6.0400
 2.676    5.7800
 2.677    5.7600
 2.679    5.8500
 2.680    6.1700
 2.681    6.2700
 2.683    6.1000
 2.684    5.9600
 2.686    5.9500
 2.687    6.0800
 2.688    5.9600
 2.690    5.9300
 2.691    5.9300
 2.693    5.6700
 2.694    5.3700
 2.695    5.5000
 2.697    5.6800
 2.698    5.6800
 2.700    5.5200
 2.701    5.5900
 2.702    5.7600
 2.704    5.7300
 2.705    5.5200
 2.707    5.3300
 2.708    4.9800
 2.709    4.8700
 2.711    5.0600
 2.712    5.1100
 2.714    4.9200
 2.715    4.8700
 2.717    4.8600
 2.718    4.8600
 2.719    4.5400
 2.721    4.6000
 2.722    4.6800
 2.724    4.3400
 2.725    4.3900
 2.727    4.6600
 2.728    4.7200
 2.729    4.7400
 2.731    4.6600
 2.732    4.5300
 2.734    4.4400
 2.735    4.5200
 2.737    4.4500
 2.738    4.1000
 2.740    3.9700
 2.741    4.1900
 2.742    4.4500
 2.744    4.5200
 2.745    4.4400
 2.747    4.5000
 2.748    4.5500
 2.750    4.4100
 2.751    4.2100
 2.753    4.2600
 2.754    4.1600
 2.756    4.2500
 2.757    4.4300
 2.758    4.4000
 2.760    4.3900
 2.761    4.2700
 2.763    4.1700
 2.764    4.1700
 2.766    4.1700
 2.767    4.0900
 2.769    4.0600
 2.770    4.2300
 2.772    4.3200
 2.773    4.3600
 2.775    4.3200
 2.776    4.2500
 2.778    4.2100
 2.779    4.2400
 2.781    4.2000
 2.782    4.2600
 2.784    4.3600
 2.785    4.3800
 2.787    4.2600
 2.788    4.2400
 2.790    4.2600
 2.791    4.2400
 2.793    4.2900
 2.794    4.4200
 2.796    4.4400
 2.797    4.4500
 2.799    4.3500
 2.800    4.2700
 2.802    4.1700
 2.803    4.2000
 2.805    4.2900
 2.806    4.3200
 2.808    4.2900
 2.809    4.2800
 2.811    4.3200
 2.812    4.4000
 2.814    4.3600
 2.815    4.2500
 2.817    4.3200
 2.818    4.5000
 2.820    4.2600
 2.821    4.1200
 2.823    4.2600
 2.825    4.4500
 2.826    4.4600
 2.828    4.4700
 2.829    4.4500
 2.831    4.3400
 2.832    4.1300
 2.834    4.1600
 2.835    4.4100
 2.837    4.3600
 2.838    4.1600
 2.840    4.2500
 2.842    4.2500
 2.843    4.1400
 2.845    4.0800
 2.846    4.1500
 2.848    4.3100
 2.849    4.3400
 2.851    4.3200
 2.853    4.2500
 2.854    4.1500
 2.856    4.2100
 2.857    4.2900
 2.859    4.3200
 2.860    4.3500
 2.862    4.2700
 2.864    4.1600
 2.865    4.3400
 2.867    4.5000
 2.868    4.4100
 2.870    4.3200
 2.871    4.2500
 2.873    4.2600
 2.875    4.3300
 2.876    4.3300
 2.878    4.3500
 2.879    4.3600
 2.881    4.4000
 2.883    4.3500
 2.884    4.2900
 2.886    4.3200
 2.887    4.4000
 2.889    4.3200
 2.891    4.3200
 2.892    4.2800
 2.894    4.1900
 2.896    4.2000
 2.897    4.2800
 2.899    4.1900
 2.900    4.1800
 2.902    4.3500
 2.904    4.2800
 2.905    4.1200
 2.907    4.2200
 2.909    4.4000
 2.910    4.4600
 2.912    4.3100
 2.913    4.2100
 2.915    4.1200
 2.917    4.1900
 2.918    4.2300
 2.920    4.2300
 2.922    4.2200
 2.923    4.2400
 2.925    4.3500
 2.927    4.4600
 2.928    4.2900
 2.930    4.1800
 2.932    4.2200
 2.933    4.3100
 2.935    4.2900
 2.937    4.1300
 2.938    4.2300
 2.940    4.3600
 2.942    4.4000
 2.943    4.4000
 2.945    4.3100
 2.947    4.2200
 2.948    4.1900
 2.950    4.2100
 2.952    4.2300
 2.953    4.2300
 2.955    4.2700
 2.957    4.3600
 2.958    4.3100
 2.960    4.1700
 2.962    4.1100
 2.963    4.1900
 2.965    4.3200
 2.967    4.4100
 2.968    4.3600
 2.970    4.3200
 2.972    4.2700
 2.974    4.2700
 2.975    4.2700
 2.977    4.2800
 2.979    4.2500
 2.980    4.1900
 2.982    4.2000
 2.984    4.2800
 2.986    4.2800
 2.987    4.2300
 2.989    4.2800
 2.991    4.2800
 2.992    4.2500
 2.994    4.3300
 2.996    4.2600
 2.998    4.2100
 2.999    4.3200
 3.001    4.3900
 3.003    4.3400
 3.005    4.3600
 3.006    4.3200
 3.008    4.3200
 3.010    4.3500
 3.012    4.3100
 3.013    4.2700
 3.015    4.3100
 3.017    4.2900
 3.019    4.2100
 3.020    4.1900
 3.022    4.2700
 3.024    4.2600
 3.026    4.2800
 3.027    4.3400
 3.029    4.3200
 3.031    4.2900
 3.033    4.3600
 3.034    4.4100
 3.036    4.3200
 3.038    4.3000
 3.040    4.3600
 3.042    4.3600
 3.043    4.2800
 3.045    4.1800
 3.047    4.2000
 3.049    4.3200
 3.051    4.3300
 3.052    4.2600
 3.054    4.2600
 3.056    4.3100
 3.058    4.3200
 3.060    4.2800
 3.061    4.2500
 3.063    4.2500
 3.065    4.3000
 3.067    4.2800
 3.069    4.2400
 3.070    4.2000
 3.072    4.3400
 3.074    4.3900
 3.076    4.3600
 3.078    4.3600
 3.079    4.3300
 3.081    4.2600
 3.083    4.2600
 3.085    4.2600
 3.087    4.2700
 3.089    4.3100
 3.091    4.3300
 3.092    4.3400
 3.094    4.3600
 3.096    4.3200
 3.098    4.2300
 3.100    4.2000
 3.102    4.2000
 3.103    4.2700
 3.105    4.3400
 3.107    4.3400
 3.109    4.3000
 3.111    4.2100
 3.113    4.2300
 3.115    4.2500
 3.116    4.2300
 3.118    4.2500
 3.120    4.3200
 3.122    4.3700
 3.124    4.3600
 3.126    4.3800
 3.128    4.4100
 3.130    4.3300
 3.132    4.3100
 3.133    4.3000
 3.135    4.2700
 3.137    4.3200
 3.139    4.3700
 3.141    4.3000
 3.143    4.3400
 3.145    4.3700
 3.147    4.3600
 3.149    4.3900
 3.151    4.4400
 3.152    4.3800
 3.154    4.3300
 3.156    4.2400
 3.158    4.2100
 3.160    4.2700
 3.162    4.3200
 3.164    4.2700
 3.166    4.3000
 3.168    4.3400
 3.170    4.3100
 3.172    4.2900
 3.174    4.3700
 3.176    4.4100
 3.178    4.4100
 3.180    4.3500
 3.182    4.3500
 3.183    4.3400
 3.185    4.3400
 3.187    4.3600
 3.189    4.3800
 3.191    4.3700
 3.193    4.4300
 3.195    4.4300
 3.197    4.3900
 3.199    4.3300
 3.201    4.3300
 3.203    4.3700
 3.205    4.3900
 3.207    4.3800
 3.209    4.3700
 3.211    4.3500
 3.213    4.3400
 3.215    4.3500
 3.217    4.4000
 3.219    4.4300
 3.221    4.4800
 3.223    4.5300
 3.225    4.4700
 3.227    4.4000
 3.229    4.3900
 3.231    4.4000
 3.233    4.4200
 3.235    4.4100
 3.237    4.4600
 3.239    4.4600
 3.241    4.5200
 3.243    4.4800
 3.245    4.3900
 3.247    4.3600
 3.249    4.4100
 3.251    4.4400
 3.253    4.4400
 3.255    4.4400
 3.257    4.5000
 3.259    4.4500
 3.262    4.4500
 3.264    4.4500
 3.266    4.4200
 3.268    4.3600
 3.270    4.4100
 3.272    4.4900
 3.274    4.5300
 3.276    4.5400
 3.278    4.5500
 3.280    4.4900
 3.282    4.4700
 3.284    4.4700
 3.286    4.4900
 3.288    4.5200
 3.291    4.4400
 3.293    4.4000
 3.295    4.4500
 3.297    4.4900
 3.299    4.5300
 3.301    4.5500
 3.303    4.5500
 3.305    4.5100
 3.307    4.5000
 3.309    4.5300
 3.312    4.5600
 3.314    4.5300
 3.316    4.4100
 3.318    4.3700
 3.320    4.5000
 3.322    4.5800
 3.324    4.5700
 3.326    4.5400
 3.329    4.5600
 3.331    4.5600
 3.333    4.6000
 3.335    4.5500
 3.337    4.5100
 3.339    4.5200
 3.341    4.5300
 3.344    4.4900
 3.346    4.5500
 3.348    4.6000
 3.350    4.6500
 3.352    4.5600
 3.354    4.4200
 3.357    4.5000
 3.359    4.5800
 3.361    4.5500
 3.363    4.5400
 3.365    4.6000
 3.367    4.6100
 3.370    4.6400
 3.372    4.6400
 3.374    4.5900
 3.376    4.5500
 3.378    4.5200
 3.381    4.5500
 3.383    4.5800
 3.385    4.6500
 3.387    4.6700
 3.389    4.6800
 3.392    4.6600
 3.394    4.6800
 3.396    4.6200
 3.398    4.5700
 3.401    4.5700
 3.403    4.6100
 3.405    4.6100
 3.407    4.5600
 3.409    4.5600
 3.412    4.6700
 3.414    4.7800
 3.416    4.7500
 3.418    4.7000
 3.421    4.6800
 3.423    4.6600
 3.425    4.7100
 3.428    4.7400
 3.430    4.7200
 3.432    4.6900
 3.434    4.6800
 3.437    4.6700
 3.439    4.7100
 3.441    4.7900
 3.443    4.8400
 3.446    4.7400
 3.448    4.7000
 3.450    4.6700
 3.453    4.6700
 3.455    4.6700
 3.457    4.6600
 3.460    4.6600
 3.462    4.7200
 3.464    4.7200
 3.466    4.7200
 3.469    4.7300
 3.471    4.7500
 3.473    4.7600
 3.476    4.7400
 3.478    4.7100
 3.480    4.7200
 3.483    4.7300
 3.485    4.7200
 3.487    4.7100
 3.490    4.7500
 3.492    4.7900
 3.494    4.7600
 3.497    4.6900
 3.499    4.7300
 3.502    4.7000
 3.504    4.7200
 3.506    4.7500
 3.509    4.7800
 3.511    4.8200
 3.513    4.8300
 3.516    4.7600
 3.518    4.7300
 3.521    4.7900
 3.523    4.7900
 3.525    4.7700
 3.528    4.7600
 3.530    4.7400
 3.533    4.8200
 3.535    4.8000
 3.537    4.7700
 3.540    4.7100
 3.542    4.7100
 3.545    4.7200
 3.547    4.7900
 3.550    4.8100
 3.552    4.8000
 3.554    4.8500
 3.557    4.8400
 3.559    4.7000
 3.562    4.7500
 3.564    4.7800
 3.567    4.7200
 3.569    4.7100
 3.571    4.7600
 3.574    4.8300
 3.576    4.8700
 3.579    4.8700
 3.581    4.8500
 3.584    4.8100
 3.586    4.7700
 3.589    4.7600
 3.591    4.8000
 3.594    4.7800
 3.596    4.7600
 3.599    4.7000
 3.601    4.7100
 3.604    4.7800
 3.606    4.8300
 3.609    4.8100
 3.611    4.7800
 3.614    4.7700
 3.616    4.7900
 3.619    4.8100
 3.621    4.8300
 3.624    4.8200
 3.626    4.8200
 3.629    4.8700
 3.632    4.8400
 3.634    4.7600
 3.637    4.8400
 3.639    4.9200
 3.642    4.9000
 3.644    4.8300
 3.647    4.7900
 3.649    4.8100
 3.652    4.8500
 3.655    4.8800
 3.657    4.8900
 3.660    4.8600
 3.662    4.8300
 3.665    4.7800
 3.667    4.8200
 3.670    4.8400
 3.673    4.8500
 3.675    4.8300
 3.678    4.8200
 3.680    4.8300
 3.683    4.8800
 3.686    4.9100
 3.688    4.8900
 3.691    4.8400
 3.694    4.7900
 3.696    4.7700
 3.699    4.8000
 3.701    4.8200
 3.704    4.8700
 3.707    4.9000
 3.709    4.8900
 3.712    4.8300
 3.715    4.7900
 3.717    4.8400
 3.720    4.8800
 3.723    4.8400
 3.725    4.8200
 3.728    4.8300
 3.731    4.8500
 3.733    4.8600
 3.736    4.8500
 3.739    4.8000
 3.742    4.8100
 3.744    4.8100
 3.747    4.8800
 3.750    4.9500
 3.752    4.9000
 3.755    4.8100
 3.758    4.8400
 3.761    4.8700
 3.763    4.8300
 3.766    4.8100
 3.769    4.8000
 3.771    4.8000
 3.774    4.8200
 3.777    4.8300
 3.780    4.8800
 3.782    4.8400
 3.785    4.8200
 3.788    4.8300
 3.791    4.8600
 3.794    4.8200
 3.796    4.8200
 3.799    4.9100
 3.802    4.9600
 3.805    4.9200
 3.807    4.8300
 3.810    4.7500
 3.813    4.7400
 3.816    4.7900
 3.819    4.8600
 3.822    4.8600
 3.824    4.7900
 3.827    4.7400
 3.830    4.7800
 3.833    4.8100
 3.836    4.8200
 3.838    4.7800
 3.841    4.7600
 3.844    4.8000
 3.847    4.8300
 3.850    4.8000
 3.853    4.7800
 3.856    4.8000
 3.858    4.8500
 3.861    4.8200
 3.864    4.8100
 3.867    4.7800
 3.870    4.7900
 3.873    4.8300
 3.876    4.8500
 3.879    4.8600
 3.882    4.9000
 3.884    4.8900
 3.887    4.8300
 3.890    4.7800
 3.893    4.7800
 3.896    4.8100
 3.899    4.8200
 3.902    4.7600
 3.905    4.7900
 3.908    4.8200
 3.911    4.8000
 3.914    4.7600
 3.917    4.7500
 3.920    4.7600
 3.923    4.8200
 3.926    4.8100
 3.929    4.7700
 3.932    4.7400
 3.935    4.7500
 3.938    4.7900
 3.941    4.7500
 3.944    4.7300
 3.947    4.7300
 3.950    4.6900
 3.953    4.7100
 3.956    4.7300
 3.959    4.6700
 3.962    4.6500
 3.965    4.7200
 3.968    4.7100
 3.971    4.6800
 3.974    4.6700
 3.977    4.6800
 3.980    4.7100
 3.983    4.7000
 3.986    4.6800
 3.989    4.7100
 3.992    4.7100
 3.995    4.7300
 3.998    4.6700
 4.001    4.7000
 4.004    4.7300
 4.008    4.6600
 4.011    4.6500
 4.014    4.7000
 4.017    4.6900
 4.020    4.7000
 4.023    4.7200
 4.026    4.6900
 4.029    4.6800
 4.032    4.7100
 4.036    4.6800
 4.039    4.6700
 4.042    4.6600
 4.045    4.6900
 4.048    4.7400
 4.051    4.6900
 4.055    4.5600
 4.058    4.5600
 4.061    4.6300
 4.064    4.6700
 4.067    4.7100
 4.070    4.6900
 4.074    4.6800
 4.077    4.7200
 4.080    4.6700
 4.083    4.6000
 4.087    4.6100
 4.090    4.6400
 4.093    4.6000
 4.096    4.6300
 4.099    4.6300
 4.103    4.6500
 4.106    4.6700
 4.109    4.6800
 4.112    4.6600
 4.116    4.6100
 4.119    4.5800
 4.122    4.6000
 4.126    4.6200
 4.129    4.6300
 4.132    4.6000
 4.135    4.5900
 4.139    4.5900
 4.142    4.6200
 4.145    4.6200
 4.149    4.5800
 4.152    4.5200
 4.155    4.5300
 4.159    4.5700
 4.162    4.5700
 4.165    4.5200
 4.169    4.5200
 4.172    4.5200
 4.175    4.5400
 4.179    4.5400
 4.182    4.5100
 4.185    4.5200
 4.189    4.5800
 4.192    4.6000
 4.196    4.5400
 4.199    4.5200
 4.202    4.4400
 4.206    4.3500
 4.209    4.3700
 4.213    4.3500
 4.216    4.3400
 4.219    4.3300
 4.223    4.3100
 4.226    4.2800
 4.230    4.2000
 4.233    4.1700
 4.237    4.2400
 4.240    4.2300
 4.244    4.2300
 4.247    4.2800
 4.251    4.3500
 4.254    4.3800
 4.258    4.3700
 4.261    4.3000
 4.265    4.2900
 4.268    4.2700
 4.272    4.2300
 4.275    4.2400
 4.279    4.2400
 4.282    4.2100
 4.286    4.2300
 4.289    4.2300
 4.293    4.2300
 4.296    4.2400
 4.300    4.3000
 4.304    4.3000
 4.307    4.2800
 4.311    4.2600
 4.314    4.2700
 4.318    4.3000
 4.321    4.3400
 4.325    4.3400
 4.329    4.3500
 4.332    4.3400
 4.336    4.3300
 4.340    4.3400
 4.343    4.3300
 4.347    4.3300
 4.350    4.3600
 4.354    4.3800
 4.358    4.3700
 4.361    4.3600
 4.365    4.3200
 4.369    4.3200
 4.372    4.3400
 4.376    4.3100
 4.380    4.2700
 4.384    4.2700
 4.387    4.3100
 4.391    4.3200
 4.395    4.3100
 4.398    4.3000
 4.402    4.3100
 4.406    4.2700
 4.410    4.2900
 4.413    4.2600
 4.417    4.2200
 4.421    4.2600
 4.425    4.2700
 4.428    4.2600
 4.432    4.2900
 4.436    4.2700
 4.440    4.2100
 4.444    4.1900
 4.447    4.2000
 4.451    4.2000
 4.455    4.2300
 4.459    4.2200
 4.463    4.2300
 4.467    4.2500
 4.470    4.2000
 4.474    4.2000
 4.478    4.2200
 4.482    4.1900
 4.486    4.1900
 4.490    4.2100
 4.494    4.2000
 4.498    4.1600
 4.502    4.1600
 4.505    4.2100
 4.509    4.2000
 4.513    4.1400
 4.517    4.1300
 4.521    4.1000
 4.525    4.0700
 4.529    4.0700
 4.533    4.1000
 4.537    4.1300
 4.541    4.1000
 4.545    4.0500
 4.549    4.0600
 4.553    4.0800
 4.557    4.0300
 4.561    4.0000
 4.565    4.0400
 4.569    4.0400
 4.573    4.0200
 4.577    4.0700
 4.581    4.0500
 4.585    4.0300
 4.589    4.0600
 4.593    4.0600
 4.597    4.0300
 4.601    4.0600
 4.605    4.0600
 4.610    4.0200
 4.614    3.9900
 4.618    4.0100
 4.622    4.0100
 4.626    3.9800
 4.630    3.9300
 4.634    3.9500
 4.638    3.9700
 4.643    4.0000
 4.647    4.0100
 4.651    3.9500
 4.655    3.9200
 4.659    3.9200
 4.663    3.9300
 4.668    3.9300
 4.672    3.9200
 4.676    3.9200
 4.680    3.8500
 4.684    3.8200
 4.689    3.8800
 4.693    3.9000
 4.697    3.8800
 4.701    3.8900
 4.706    3.9000
 4.710    3.8700
 4.714    3.8800
 4.719    3.9100
 4.723    3.8600
 4.727    3.8300
 4.731    3.8700
 4.736    3.8900
 4.740    3.8500
 4.744    3.7900
 4.749    3.8200
 4.753    3.8300
 4.758    3.7900
 4.762    3.8100
 4.766    3.8200
 4.771    3.7900
 4.775    3.7800
 4.779    3.8000
 4.784    3.7900
 4.788    3.7700
 4.793    3.7800
 4.797    3.7900
 4.802    3.8100
 4.806    3.7700
 4.810    3.7400
 4.815    3.7400
 4.819    3.7600
 4.824    3.7600
 4.828    3.7400
 4.833    3.7300
 4.837    3.7000
 4.842    3.6700
 4.846    3.6800
 4.851    3.6900
 4.856    3.7200
 4.860    3.7300
 4.865    3.7200
 4.869    3.6900
 4.874    3.6800
 4.878    3.6700
 4.883    3.6800
 4.888    3.7000
 4.892    3.7000
 4.897    3.6700
 4.901    3.6100
 4.906    3.6100
 4.911    3.6100
 4.915    3.6100
 4.920    3.6400
 4.925    3.6500
 4.929    3.6200
 4.934    3.6400
 4.939    3.6700
 4.943    3.6400
 4.948    3.5900
 4.953    3.5700
 4.958    3.5800
 4.962    3.5800
 4.967    3.5400
 4.972    3.5600
 4.977    3.5900
 4.981    3.5900
 4.986    3.5500
 4.991    3.5400
 4.996    3.5800
 5.001    3.5800
 5.005    3.5300
 5.010    3.5400
 5.015    3.5500
 5.020    3.5300
 5.025    3.5300
 5.030    3.5500
 5.035    3.5300
 5.040    3.5100
 5.044    3.5200
 5.049    3.5100
 5.054    3.4900
 5.059    3.4600
 5.064    3.4600
 5.069    3.4700
 5.074    3.4500
 5.079    3.4300
 5.084    3.4400
 5.089    3.4500
 5.094    3.4900
 5.099    3.5000
 5.104    3.4700
 5.109    3.4600
 5.114    3.4400
 5.119    3.4300
 5.124    3.4200
 5.129    3.4300
 5.134    3.4300
 5.139    3.4100
 5.145    3.3800
 5.150    3.4200
 5.155    3.4600
 5.160    3.4400
 5.165    3.3600
 5.170    3.3300
 5.175    3.3500
 5.180    3.3500
 5.186    3.3500
 5.191    3.3800
 5.196    3.3400
 5.201    3.3300
 5.206    3.3200
 5.212    3.3200
 5.217    3.3400
 5.222    3.3300
 5.227    3.3300
 5.233    3.3400
 5.238    3.3500
 5.243    3.3700
 5.249    3.3400
 5.254    3.3200
 5.259    3.3300
 5.265    3.3200
 5.270    3.3000
 5.275    3.2600
 5.281    3.2600
 5.286    3.2300
 5.291    3.2500
 5.297    3.2900
 5.302    3.2800
 5.308    3.2900
 5.313    3.2700
 5.319    3.2500
 5.324    3.2400
 5.330    3.2700
 5.335    3.2700
 5.341    3.2000
 5.346    3.1100
 5.352    3.1400
 5.357    3.2300
 5.363    3.2500
 5.368    3.2300
 5.374    3.2100
 5.379    3.1900
 5.385    3.1800
 5.390    3.2100
 5.396    3.2500
 5.402    3.2200
 5.407    3.1900
 5.413    3.0900
 5.419    2.9800
 5.424    3.0800
 5.430    3.1200
 5.436    3.1100
 5.441    3.1200
 5.447    3.1200
 5.453    3.1100
 5.459    3.0300
 5.464    3.0100
 5.470    3.0300
 5.476    3.0200
 5.482    3.0700
 5.487    3.0800
 5.493    3.0800
 5.499    3.1100
 5.505    3.1300
 5.511    3.0800
 5.517    3.0200
 5.523    2.9800
 5.528    3.0100
 5.534    3.0400
 5.540    3.0500
 5.546    2.9800
 5.552    2.9200
 5.558    2.9300
 5.564    2.9400
 5.570    2.8900
 5.576    2.8500
 5.582    2.9200
 5.588    2.9800
 5.594    2.9700
 5.600    2.9700
 5.606    2.9500
 5.612    2.8900
 5.618    2.9400
 5.624    2.9500
 5.630    2.9000
 5.637    2.7800
 5.643    2.7800
 5.649    2.7900
 5.655    2.8500
 5.661    2.9300
 5.667    2.8600
 5.674    2.8300
 5.680    2.8900
 5.686    2.8600
 5.692    2.8700
 5.698    2.8500
 5.705    2.7500
 5.711    2.7800
 5.717    2.8500
 5.724    2.8800
 5.730    2.8500
 5.736    2.8000
 5.743    2.7500
 5.749    2.7800
 5.755    2.7000
 5.762    2.5700
 5.768    2.7300
 5.775    2.8200
 5.781    2.8400
 5.788    2.8600
 5.794    2.8400
 5.800    2.8500
 5.807    2.7900
 5.813    2.5600
 5.820    2.5200
 5.827    2.6600
 5.833    2.8000
 5.840    2.8000
 5.846    2.7400
 5.853    2.6500
 5.859    2.5900
 5.866    2.6000
 5.873    2.4100
 5.879    2.3800
 5.886    2.4700
 5.893    2.4800
 5.899    2.6200
 5.906    2.6400
 5.913    2.6300
 5.920    2.6100
 5.926    2.4500
 5.933    2.3300
 5.940    2.4900
 5.947    2.5700
 5.954    2.6100
 5.960    2.4700
 5.967    2.4300
 5.974    2.5000
 5.981    2.4200
 5.988    2.4100
 5.995    2.5500
 6.002    2.5200
 6.009    2.4400
 6.016    2.5000
 6.023    2.5300
 6.030    2.5000
 6.037    2.3500
 6.044    2.1500
 6.051    2.3300
 6.058    2.4300
 6.065    2.3600
 6.072    2.4100
 6.079    2.5700
 6.086    2.6100
 6.094    2.5900
 6.101    2.4500
 6.108    2.2900
 6.115    2.3800
 6.122    2.5100
 6.130    2.5700
 6.137    2.5400
 6.144    2.5300
 6.151    2.4900
 6.159    2.5700
 6.166    2.6500
 6.173    2.5700
 6.181    2.4700
 6.188    2.5600
 6.195    2.6400
 6.203    2.6500
 6.210    2.6400
 6.218    2.6600
 6.225    2.7000
 6.233    2.6700
 6.240    2.6500
 6.248    2.6800
 6.255    2.6600
 6.263    2.5900
 6.270    2.6100
 6.278    2.6800
 6.286    2.7300
 6.293    2.7600
 6.301    2.7800
 6.308    2.7600
 6.316    2.7300
 6.324    2.7200
 6.332    2.6100
 6.339    2.5300
 6.347    2.7200
 6.355    2.7500
 6.363    2.5800
 6.370    2.5900
 6.378    2.6800
 6.386    2.7200
 6.394    2.6800
 6.402    2.3900
 6.410    2.2800
 6.418    2.5100
 6.426    2.6100
 6.434    2.6900
 6.442    2.7500
 6.450    2.7800
 6.458    2.8100
 6.466    2.7000
 6.474    2.5600
 6.482    2.4100
 6.490    2.4400
 6.498    2.6800
 6.506    2.7200
 6.515    2.6100
 6.523    2.7400
 6.531    2.7900
 6.539    2.6800
 6.547    2.6000
 6.556    2.6000
 6.564    2.4800
 6.572    2.5200
 6.581    2.5600
 6.589    2.6100
 6.597    2.6800
 6.606    2.6700
 6.614    2.6500
 6.623    2.4600
 6.631    2.3000
 6.640    2.5200
 6.648    2.6400
 6.657    2.6000
 6.665    2.5400
 6.674    2.5000
 6.682    2.5600
 6.691    2.6400
 6.700    2.5400
 6.708    2.4900
 6.717    2.5200
 6.726    2.6400
 6.734    2.6500
 6.743    2.6200
 6.752    2.6600
 6.761    2.6200
 6.770    2.5300
 6.778    2.4800
 6.787    2.4500
 6.796    2.6100
 6.805    2.6400
 6.814    2.5300
 6.823    2.5200
 6.832    2.6600
 6.841    2.5700
 6.850    2.3700
 6.859    2.3700
 6.868    2.5800
 6.877    2.6500
 6.886    2.6500
 6.896    2.5900
 6.905    2.5800
 6.914    2.6100
 6.923    2.6200
 6.932    2.6100
 6.942    2.6000
 6.951    2.4700
 6.960    2.5000
 6.970    2.5600
 6.979    2.5700
 6.989    2.5500
 6.998    2.6000
 7.007    2.6000
 7.017    2.5600
 7.026    2.4900
 7.036    2.3700
 7.046    2.4100
 7.055    2.5000
 7.065    2.4900
 7.074    2.4900
 7.084    2.5100
 7.094    2.5300
 7.103    2.4600
 7.113    2.4400
 7.123    2.4200
 7.133    2.3500
 7.143    2.3300
 7.152    2.2900
 7.162    2.2300
 7.172    2.3000
 7.182    2.3200
 7.192    2.2800
 7.202    2.2800
 7.212    2.3400
 7.222    2.3400
 7.232    2.3100
 7.242    2.3000
 7.252    2.2900
 7.263    2.1900
 7.273    2.1700
 7.283    2.2500
 7.293    2.2600
 7.303    2.2400
 7.314    2.2500
 7.324    2.1800
 7.334    2.1800
 7.345    2.2400
 7.355    2.2100
 7.366    2.1400
 7.376    2.1700
 7.387    2.1900
 7.397    2.1500
 7.408    2.1700
 7.418    2.2000
 7.429    2.1100
 7.440    2.0300
 7.450    1.9800
 7.461    2.0500
 7.472    2.0700
 7.483    2.0400
 7.493    2.0400
 7.504    2.1000
 7.515    2.0800
 7.526    2.0200
 7.537    2.0000
 7.548    1.9900
 7.559    1.9800
 7.570    1.9700
 7.581    1.9200
 7.592    1.9300
 7.603    1.9500
 7.614    1.9500
 7.626    1.9300
 7.637    1.9000
 7.648    1.9000
 7.659    1.8900
 7.671    1.8800
 7.682    1.9200
 7.694    1.9100
 7.705    1.9400
 7.716    1.9400
 7.728    1.9100
 7.739    1.8900
 7.751    1.9200
 7.763    1.9000
 7.774    1.8000
 7.786    1.7300
 7.798    1.7500
 7.809    1.7400
 7.821    1.7400
 7.833    1.7400
 7.845    1.7600
 7.857    1.7200
 7.869    1.7400
 7.881    1.7400
 7.893    1.7500
 7.905    1.7500
 7.917    1.7800
 7.929    1.7700
 7.941    1.7900
 7.953    1.7800
 7.965    1.8200
 7.978    1.8200
 7.990    1.8400
 8.002    1.8700
 8.015    1.9200
 8.027    1.9300
 8.039    1.9200
 8.052    1.9400
 8.064    1.9500
 8.077    1.9000
 8.090    1.9700
 8.102    2.0400
 8.115    2.1100
 8.128    2.1500
 8.140    2.2100
 8.153    2.2000
 8.166    2.2400
 8.179    2.2900
 8.192    2.4100
 8.205    2.5200
 8.218    2.6000
 8.231    2.6700
 8.244    2.7700
 8.257    2.9300
 8.270    3.0900
 8.283    3.1800
 8.297    3.3100
 8.310    3.4900
 8.323    3.7000
 8.337    3.7400
 8.350    3.7900
 8.364    3.8100
 8.377    3.9200
 8.391    4.0200
 8.404    4.0700
 8.418    4.1100
 8.431    4.1800
 8.445    4.2300
 8.459    4.3500
 8.473    4.4100
 8.487    4.4900
 8.501    4.5400
 8.515    4.6100
 8.529    4.6400
 8.543    4.7500
 8.557    4.8100
 8.571    4.8600
 8.585    4.9600
 8.599    5.0500
 8.614    5.0700
 8.628    5.1600
 8.642    5.2400
 8.657    5.3900
 8.671    5.4500
 8.686    5.5000
 8.700    5.5000
 8.715    5.5300
 8.730    5.6100
 8.744    5.7600
 8.759    5.8600
 8.774    5.9700
 8.789    6.0000
 8.804    6.1200
 8.819    6.2800
 8.834    6.4500
 8.849    6.6000
 8.864    6.7900
 8.879    6.9100
 8.894    7.0800
 8.909    7.2900
 8.925    7.4500
 8.940    7.5900
 8.956    7.8000
 8.971    7.9300
 8.987    8.0800
 9.002    8.2100
 9.018    8.3000
 9.034    8.2300
 9.049    8.2700
 9.065    8.3100
 9.081    8.3600
 9.097    8.4200
 9.113    8.5000
 9.129    8.4400
 9.145    8.4300
 9.161    8.4400
 9.178    8.4100
 9.194    8.3900
 9.210    8.4400
 9.226    8.5000
 9.243    8.5900
 9.259    8.6600
 9.276    8.7800
 9.293    8.9000
 9.309    9.0600
 9.326    9.2000
 9.343    9.3900
 9.360    9.4700
 9.377    9.5400
 9.394    9.6700
 9.411    9.8400
 9.428    9.9300
 9.445   10.0300
 9.462   10.1300
 9.479   10.2400
 9.497   10.2600
 9.514   10.3100
 9.532   10.3800
 9.549   10.5000
 9.567   10.6000
 9.585   10.6000
 9.602   10.4700
 9.620   10.4800
 9.638   10.5000
 9.656   10.5500
 9.674   10.4800
 9.692   10.4500
 9.710   10.4300
 9.728   10.4300
 9.747   10.4600
 9.765   10.4700
 9.783   10.3700
 9.802   10.3800
 9.821   10.3100
 9.839   10.2700
 9.858   10.2800
 9.877   10.3300
 9.895   10.2200
 9.914   10.1100
 9.933   10.0700
 9.952   10.0500
 9.972    9.9900
 9.991    9.9200
10.010    9.8100
10.029    9.6900
10.049    9.6200
10.068    9.6400
10.088    9.5600
10.108    9.5500
10.127    9.4900
10.147    9.4800
10.167    9.5000
10.187    9.5800
10.207    9.6300
10.227    9.6800
10.247    9.6100
10.268    9.5900
10.288    9.5800
10.309    9.5900
10.329    9.5400
10.350    9.5100
10.370    9.4600
10.391    9.4400
10.412    9.3300
10.433    9.2400
10.454    9.1600
10.475    9.2000
10.496    9.2700
10.518    9.3500
10.539    9.3700
10.560    9.4300
10.582    9.4600
10.604    9.5300
10.625    9.5300
10.647    9.5600
10.669    9.5800
10.691    9.6600
10.713    9.6700
10.735    9.6700
10.758    9.7700
10.780    9.8200
10.802    9.8200
10.825    9.8700
10.848    9.8900
10.870    9.9500
10.893    9.9300
10.916    9.8600
10.939    9.7900
10.962    9.7700
10.985    9.6900
11.009    9.6400
11.032    9.5800
11.056    9.5500
11.079    9.4700
11.103    9.4700
11.127    9.3800
11.151    9.3300
11.175    9.2400
11.199    9.1700
11.223    9.1300
11.248    9.0900
11.272    8.9900
11.297    8.9600
11.321    8.8600
11.346    8.6600
11.371    8.4900
11.396    8.4100
11.421    8.2300
11.446    8.1000
11.471    7.9400
11.497    7.7900
11.522    7.5600
11.548    7.4000
11.574    7.2200
11.600    7.0900
11.626    6.9400
11.652    6.8100
11.678    6.6000
11.704    6.4800
11.731    6.3800
11.757    6.2100
11.784    5.9900
11.811    5.8900
11.838    5.8000
11.865    5.8000
11.892    5.7200
11.920    5.6400
11.947    5.5400
11.975    5.4700
12.002    5.3200
12.030    5.2800
12.058    5.1900
12.086    5.1200
12.115    5.0500
12.143    4.9700
12.171    4.8200
12.200    4.7100
12.229    4.6800
12.258    4.6600
12.287    4.5000
12.316    4.4200
12.345    4.3600
12.375    4.3000
12.404    4.2100
12.434    4.2300
12.464    4.1900
12.494    4.0800
12.524    3.9600
12.554    3.9500
12.585    3.9300
12.616    4.0100
12.646    4.0100
12.677    4.0000
12.708    3.9100
12.739    3.8300
12.771    3.7200
12.802    3.7800
12.834    3.7600
12.866    3.7400
12.898    3.6600
12.930    3.6300
12.962    3.6500
12.995    3.7400
13.027    3.7100
13.060    3.7200
13.093    3.6500
13.126    3.6600
13.160    3.6200
13.193    3.6500
13.227    3.7100
13.261    3.7500
13.295    3.6800
13.329    3.6400
13.363    3.5600
13.398    3.5800
13.432    3.6100
13.467    3.7400
13.502    3.6600
13.538    3.6800
13.573    3.6300
13.609    3.6000
13.644    3.5800
13.680    3.7200
13.717    3.6400
13.753    3.6000
13.790    3.5100
13.826    3.5000
13.863    3.4800
13.900    3.7100
13.938    3.6300
13.975    3.5300
14.013    3.4600
