Name:  Basalt
Type:  Rock
Class:  Igneous  
Subclass: Mafic 
Particle Size:  Whole rock chips
Sample No.:  ba1d1f
Owner:  Larry Rowan, USGS
Wavelength range:  VNIR SWIR IR
Origin:  Sweimah, Jordan

Description:  dark gray basalt 





Measurement:  Reflectance
First Column:  X
Second Column:  Y
X Units:  Wavelength (micrometers)
Y Units:  Reflectance (percent)
First X Value:  0.4
Last X Value:  14.01309
Number of X Values:  2826
Additional Information:  ba1d1fa.txt
 0.400   10.4000
 0.401   10.2000
 0.402   10.1000
 0.403   10.1000
 0.404   10.1000
 0.405   10.2000
 0.406   10.1000
 0.407   10.1000
 0.408   10.2000
 0.409   10.1000
 0.410   10.1000
 0.411   10.1000
 0.412   10.1000
 0.413   10.1000
 0.414   10.1000
 0.415   10.0000
 0.416   10.1000
 0.417   10.2000
 0.418   10.0000
 0.419   10.0000
 0.420    9.8000
 0.421    9.7000
 0.422    9.8000
 0.423    9.8000
 0.424   10.0000
 0.425   10.0000
 0.426   10.0000
 0.427    9.8000
 0.428    9.7000
 0.429   10.0000
 0.430    9.8000
 0.431    9.8000
 0.432    9.8000
 0.433    9.6000
 0.434    9.6000
 0.435    9.6000
 0.436    9.7000
 0.437    9.6000
 0.438    9.6000
 0.439    9.6000
 0.440    9.6000
 0.441    9.4000
 0.442    9.6000
 0.443    9.6000
 0.444    9.6000
 0.445    9.6000
 0.446    9.6000
 0.447    9.3000
 0.448    9.6000
 0.449    9.6000
 0.450    9.6000
 0.451    9.3000
 0.452    9.3000
 0.453    9.0000
 0.454    8.9000
 0.455    8.9000
 0.456    9.0000
 0.457    9.0000
 0.458    9.1000
 0.459    9.3000
 0.460    8.7000
 0.461    8.9000
 0.462    8.9000
 0.463    9.0000
 0.464    9.0000
 0.465    8.7000
 0.466    8.7000
 0.467    8.7000
 0.468    8.7000
 0.469    8.7000
 0.470    8.6000
 0.471    8.5000
 0.472    8.5000
 0.473    8.5000
 0.474    8.5000
 0.475    8.5000
 0.476    8.6000
 0.477    8.6000
 0.478    8.6000
 0.479    8.6000
 0.480    8.5000
 0.481    8.6000
 0.482    8.6000
 0.483    8.6000
 0.484    8.6000
 0.485    8.6000
 0.486    8.5000
 0.487    8.5000
 0.488    8.5000
 0.489    8.5000
 0.490    8.3000
 0.491    8.5000
 0.492    8.5000
 0.493    8.5000
 0.494    8.5000
 0.495    8.5000
 0.496    8.5000
 0.497    8.5000
 0.498    8.5000
 0.499    8.5000
 0.500    8.5000
 0.501    8.3000
 0.502    8.2000
 0.503    8.2000
 0.504    8.5000
 0.505    8.3000
 0.506    8.5000
 0.507    8.5000
 0.508    8.5000
 0.509    8.5000
 0.510    8.3000
 0.511    8.3000
 0.512    8.2000
 0.513    8.5000
 0.514    8.5000
 0.515    8.5000
 0.516    8.5000
 0.517    8.3000
 0.518    8.5000
 0.519    8.3000
 0.520    8.5000
 0.521    8.5000
 0.522    8.5000
 0.523    8.5000
 0.524    8.5000
 0.525    8.5000
 0.526    8.5000
 0.527    8.3000
 0.528    8.3000
 0.529    8.5000
 0.530    8.5000
 0.531    8.5000
 0.532    8.5000
 0.533    8.5000
 0.534    8.5000
 0.535    8.5000
 0.536    8.5000
 0.537    8.5000
 0.538    8.3000
 0.539    8.3000
 0.540    8.3000
 0.541    8.3000
 0.542    8.2000
 0.543    8.5000
 0.544    8.2000
 0.545    8.5000
 0.546    8.5000
 0.547    8.5000
 0.548    8.3000
 0.549    8.5000
 0.550    8.5000
 0.551    8.5000
 0.552    8.5000
 0.553    8.5000
 0.554    8.5000
 0.555    8.5000
 0.556    8.9000
 0.557    8.9000
 0.558    8.6000
 0.559    8.6000
 0.560    8.6000
 0.561    8.6000
 0.562    8.6000
 0.563    8.7000
 0.564    8.7000
 0.565    8.5000
 0.566    8.6000
 0.567    8.6000
 0.568    8.6000
 0.569    8.7000
 0.570    8.9000
 0.571    8.7000
 0.572    8.9000
 0.573    8.7000
 0.574    8.7000
 0.575    8.7000
 0.576    8.7000
 0.577    8.6000
 0.578    8.6000
 0.579    8.5000
 0.580    8.5000
 0.581    8.6000
 0.582    8.6000
 0.583    8.6000
 0.584    8.6000
 0.585    8.6000
 0.586    8.6000
 0.587    8.5000
 0.588    8.5000
 0.589    8.5000
 0.590    8.5000
 0.591    8.5000
 0.592    8.5000
 0.593    8.5000
 0.594    8.6000
 0.595    8.5000
 0.596    8.2000
 0.597    8.5000
 0.598    8.5000
 0.599    8.5000
 0.600    8.5000
 0.601    8.5000
 0.602    8.6000
 0.603    8.6000
 0.604    8.6000
 0.605    8.6000
 0.606    8.6000
 0.607    8.6000
 0.608    8.6000
 0.609    8.7000
 0.610    8.6000
 0.611    8.5000
 0.612    8.5000
 0.613    8.5000
 0.614    8.5000
 0.615    8.5000
 0.616    8.5000
 0.617    8.7000
 0.618    8.9000
 0.619    8.6000
 0.620    8.6000
 0.621    8.6000
 0.622    8.6000
 0.623    8.5000
 0.624    8.7000
 0.625    8.7000
 0.626    8.7000
 0.627    8.6000
 0.628    8.6000
 0.629    8.7000
 0.630    8.6000
 0.631    8.7000
 0.632    8.7000
 0.633    8.5000
 0.634    8.6000
 0.635    8.5000
 0.636    8.7000
 0.637    8.7000
 0.638    8.6000
 0.639    8.6000
 0.640    8.6000
 0.641    8.5000
 0.642    8.5000
 0.643    8.5000
 0.644    8.5000
 0.645    8.5000
 0.646    8.5000
 0.647    8.6000
 0.648    8.5000
 0.649    8.5000
 0.650    8.5000
 0.651    8.6000
 0.652    8.6000
 0.653    8.6000
 0.654    8.5000
 0.655    8.5000
 0.656    8.5000
 0.657    8.5000
 0.658    8.7000
 0.659    8.6000
 0.660    8.5000
 0.661    8.7000
 0.662    8.7000
 0.663    8.7000
 0.664    8.5000
 0.665    8.6000
 0.666    8.6000
 0.667    8.6000
 0.668    8.5000
 0.669    8.5000
 0.670    8.7000
 0.671    8.7000
 0.672    8.5000
 0.673    8.5000
 0.674    8.5000
 0.675    8.6000
 0.676    8.5000
 0.677    8.5000
 0.678    8.5000
 0.679    8.5000
 0.680    8.5000
 0.681    8.6000
 0.682    8.6000
 0.683    8.6000
 0.684    8.5000
 0.685    8.5000
 0.686    8.5000
 0.687    8.5000
 0.688    8.6000
 0.689    8.6000
 0.690    8.5000
 0.691    8.5000
 0.692    8.5000
 0.693    8.6000
 0.694    8.6000
 0.695    8.5000
 0.696    8.3000
 0.697    8.2000
 0.698    8.5000
 0.699    8.3000
 0.700    8.5000
 0.701    8.6000
 0.702    8.6000
 0.703    8.6000
 0.704    8.5000
 0.705    8.5000
 0.706    8.5000
 0.707    8.5000
 0.708    8.5000
 0.709    8.5000
 0.710    8.6000
 0.711    8.6000
 0.712    8.6000
 0.713    8.6000
 0.714    8.6000
 0.715    8.5000
 0.716    8.6000
 0.717    8.5000
 0.718    8.5000
 0.719    8.6000
 0.720    8.5000
 0.721    8.6000
 0.722    8.5000
 0.723    8.5000
 0.724    8.5000
 0.725    8.5000
 0.726    8.5000
 0.727    8.6000
 0.728    8.7000
 0.729    8.5000
 0.730    8.5000
 0.731    8.5000
 0.732    8.5000
 0.733    8.5000
 0.734    8.5000
 0.735    8.5000
 0.736    8.5000
 0.737    8.5000
 0.738    8.5000
 0.739    8.5000
 0.740    8.6000
 0.741    8.5000
 0.742    8.7000
 0.743    8.7000
 0.744    8.5000
 0.745    8.5000
 0.746    8.6000
 0.747    8.5000
 0.748    8.5000
 0.749    8.5000
 0.750    8.5000
 0.751    8.6000
 0.752    8.7000
 0.753    8.6000
 0.754    8.6000
 0.755    8.6000
 0.756    8.6000
 0.757    8.6000
 0.758    8.5000
 0.759    8.6000
 0.760    8.5000
 0.761    8.6000
 0.762    8.6000
 0.763    8.6000
 0.764    8.5000
 0.765    8.5000
 0.766    8.7000
 0.767    8.7000
 0.768    8.6000
 0.769    8.6000
 0.770    8.6000
 0.771    8.6000
 0.772    8.7000
 0.773    8.7000
 0.774    8.6000
 0.775    8.5000
 0.776    8.7000
 0.777    8.7000
 0.778    8.6000
 0.779    8.7000
 0.780    8.7000
 0.781    8.7000
 0.782    8.9000
 0.783    8.7000
 0.784    8.7000
 0.785    8.7000
 0.786    8.7000
 0.787    8.6000
 0.788    8.7000
 0.789    8.7000
 0.790    8.7000
 0.791    8.6000
 0.792    8.7000
 0.793    8.6000
 0.794    8.7000
 0.795    8.7000
 0.796    8.6000
 0.797    8.7000
 0.798    8.2000
 0.799    7.9000
 0.800    8.7000
 0.804    8.7000
 0.808    8.7000
 0.812    8.7000
 0.816    8.7000
 0.820    8.7000
 0.824    8.7000
 0.828    8.7000
 0.832    8.7000
 0.836    8.8000
 0.840    8.8000
 0.844    8.8000
 0.848    8.8000
 0.852    8.9000
 0.856    8.9000
 0.860    8.9000
 0.864    8.8000
 0.868    8.9000
 0.872    8.9000
 0.876    8.9000
 0.880    9.0000
 0.884    8.9000
 0.888    8.9000
 0.892    9.0000
 0.896    9.0000
 0.900    8.9000
 0.904    9.0000
 0.908    8.9000
 0.912    9.0000
 0.916    8.8000
 0.920    8.8000
 0.924    8.8000
 0.928    8.8000
 0.932    8.8000
 0.936    8.8000
 0.940    8.7000
 0.944    8.7000
 0.948    8.7000
 0.952    8.7000
 0.956    8.7000
 0.960    8.7000
 0.964    8.7000
 0.968    8.7000
 0.972    8.5000
 0.976    8.5000
 0.980    8.7000
 0.984    8.5000
 0.988    8.5000
 0.992    8.4000
 0.996    8.4000
 1.000    8.4000
 1.004    8.4000
 1.008    8.4000
 1.012    8.3000
 1.016    8.4000
 1.020    8.3000
 1.024    8.3000
 1.028    8.3000
 1.032    8.3000
 1.036    8.3000
 1.040    8.3000
 1.044    8.3000
 1.048    8.4000
 1.052    8.3000
 1.056    8.4000
 1.060    8.4000
 1.064    8.3000
 1.068    8.3000
 1.072    8.3000
 1.076    8.2000
 1.080    8.2000
 1.084    8.2000
 1.088    8.2000
 1.092    8.2000
 1.096    8.3000
 1.100    8.2000
 1.104    8.2000
 1.108    8.2000
 1.112    8.2000
 1.116    8.2000
 1.120    8.1000
 1.124    8.1000
 1.128    7.9000
 1.132    7.9000
 1.136    7.9000
 1.140    7.8000
 1.144    8.1000
 1.148    7.9000
 1.152    7.9000
 1.156    7.9000
 1.160    7.8000
 1.164    7.8000
 1.168    7.8000
 1.172    7.8000
 1.176    7.8000
 1.180    7.8000
 1.184    7.7000
 1.188    7.8000
 1.192    7.8000
 1.196    7.8000
 1.200    7.7000
 1.204    7.7000
 1.208    7.7000
 1.212    7.7000
 1.216    7.7000
 1.220    7.6000
 1.224    7.6000
 1.228    7.6000
 1.232    7.6000
 1.236    7.6000
 1.240    7.6000
 1.244    7.6000
 1.248    7.4000
 1.252    7.4000
 1.256    7.4000
 1.260    7.4000
 1.264    7.4000
 1.268    7.4000
 1.272    7.3000
 1.276    7.3000
 1.280    7.3000
 1.284    7.3000
 1.288    7.3000
 1.292    7.3000
 1.296    7.3000
 1.300    7.3000
 1.304    7.2000
 1.308    7.2000
 1.312    7.2000
 1.316    7.2000
 1.320    7.2000
 1.324    7.1000
 1.328    7.1000
 1.332    7.1000
 1.336    7.2000
 1.340    7.2000
 1.344    7.2000
 1.348    7.1000
 1.352    7.1000
 1.356    7.1000
 1.360    7.1000
 1.364    7.0000
 1.368    7.0000
 1.372    7.1000
 1.376    7.0000
 1.380    7.1000
 1.384    7.0000
 1.388    7.0000
 1.392    6.8000
 1.396    7.0000
 1.400    6.8000
 1.404    7.0000
 1.408    6.8000
 1.412    7.0000
 1.416    6.8000
 1.420    6.8000
 1.424    6.7000
 1.428    6.7000
 1.432    6.7000
 1.436    6.7000
 1.440    6.7000
 1.444    6.7000
 1.448    6.7000
 1.452    6.7000
 1.456    6.7000
 1.460    6.7000
 1.464    6.7000
 1.468    6.7000
 1.472    6.7000
 1.476    6.7000
 1.480    6.7000
 1.484    6.7000
 1.488    6.7000
 1.492    6.7000
 1.496    6.7000
 1.500    6.6000
 1.504    6.7000
 1.508    6.6000
 1.512    6.7000
 1.516    6.7000
 1.520    6.7000
 1.524    6.7000
 1.528    6.7000
 1.532    6.7000
 1.536    6.7000
 1.540    6.7000
 1.544    6.7000
 1.548    6.5000
 1.552    6.5000
 1.556    6.6000
 1.560    6.7000
 1.564    6.5000
 1.568    6.5000
 1.572    6.6000
 1.576    6.5000
 1.580    6.6000
 1.584    6.6000
 1.588    6.6000
 1.592    6.6000
 1.596    6.6000
 1.600    6.6000
 1.604    6.6000
 1.608    6.6000
 1.612    6.6000
 1.616    6.6000
 1.620    6.6000
 1.624    6.3000
 1.628    6.3000
 1.632    6.3000
 1.636    6.3000
 1.640    6.6000
 1.644    6.5000
 1.648    6.5000
 1.652    6.6000
 1.656    6.5000
 1.660    6.5000
 1.664    6.5000
 1.668    6.5000
 1.672    6.5000
 1.676    6.5000
 1.680    6.5000
 1.684    6.5000
 1.688    6.5000
 1.692    6.5000
 1.696    6.5000
 1.700    6.5000
 1.704    6.5000
 1.708    6.5000
 1.712    6.5000
 1.716    6.5000
 1.720    6.5000
 1.724    6.5000
 1.728    6.5000
 1.732    6.5000
 1.736    6.5000
 1.740    6.5000
 1.744    6.3000
 1.748    6.3000
 1.752    6.3000
 1.756    6.3000
 1.760    6.3000
 1.764    6.3000
 1.768    6.3000
 1.772    6.3000
 1.776    6.3000
 1.780    6.3000
 1.784    6.3000
 1.788    6.3000
 1.792    6.3000
 1.796    6.3000
 1.800    6.3000
 1.804    6.3000
 1.808    6.3000
 1.812    6.3000
 1.816    6.3000
 1.820    6.3000
 1.824    6.3000
 1.828    6.3000
 1.832    6.3000
 1.836    6.3000
 1.840    6.2000
 1.844    6.2000
 1.848    6.2000
 1.852    6.2000
 1.856    6.2000
 1.860    6.1000
 1.864    6.2000
 1.868    6.2000
 1.872    6.2000
 1.876    6.2000
 1.880    6.1000
 1.884    6.1000
 1.888    5.9000
 1.892    6.0000
 1.896    5.9000
 1.900    5.9000
 1.904    5.9000
 1.908    5.9000
 1.912    5.9000
 1.916    5.7000
 1.920    6.0000
 1.924    5.9000
 1.928    5.7000
 1.932    5.7000
 1.936    5.9000
 1.940    5.9000
 1.944    5.7000
 1.948    5.7000
 1.952    5.9000
 1.956    5.9000
 1.960    5.9000
 1.964    5.9000
 1.968    5.9000
 1.972    5.9000
 1.976    5.9000
 1.980    5.9000
 1.984    5.9000
 1.988    6.0000
 1.992    6.0000
 1.996    6.0000
 2.000    6.0000
 2.004    6.0000
 2.008    6.0000
 2.012    6.0000
 2.016    6.0000
 2.020    6.0000
 2.024    6.0000
 2.028    6.0000
 2.032    6.0000
 2.036    6.1000
 2.040    6.0000
 2.044    6.0000
 2.048    6.0000
 2.052    6.1000
 2.056    6.1000
 2.060    6.1000
 2.064    6.1000
 2.068    6.1000
 2.072    6.1000
 2.076    6.1000
 2.080    6.1000
 2.084    6.1000
 2.088    6.1000
 2.092    6.1000
 2.096    6.1000
 2.100    6.1000
 2.100    6.8100
 2.101    6.7200
 2.102    6.6100
 2.103    6.5800
 2.104    6.6700
 2.105    6.6300
 2.106    6.6500
 2.106    6.7200
 2.107    6.7400
 2.108    6.5200
 2.109    6.5200
 2.110    6.8200
 2.111    6.7400
 2.112    6.7000
 2.112    6.7400
 2.113    6.7600
 2.114    6.5600
 2.115    6.6100
 2.116    6.8600
 2.117    6.7400
 2.118    6.5700
 2.118    6.6800
 2.119    6.8400
 2.120    6.9000
 2.121    7.0100
 2.122    6.9900
 2.123    7.0000
 2.124    6.9800
 2.125    6.6900
 2.125    6.7900
 2.126    6.8800
 2.127    6.8400
 2.128    6.6800
 2.129    6.7000
 2.130    6.7000
 2.131    6.4500
 2.132    6.5400
 2.132    6.8600
 2.133    7.0000
 2.134    6.9300
 2.135    6.6600
 2.136    6.6200
 2.137    6.7300
 2.138    6.9500
 2.139    6.7600
 2.139    6.4900
 2.140    6.5300
 2.141    6.7500
 2.142    6.8700
 2.143    6.7700
 2.144    6.6500
 2.145    6.8400
 2.146    6.7800
 2.147    6.6000
 2.147    6.5300
 2.148    6.5800
 2.149    6.8100
 2.150    6.8800
 2.151    6.7600
 2.152    6.8500
 2.153    6.6900
 2.154    6.5500
 2.155    6.7100
 2.155    6.6700
 2.156    6.5800
 2.157    6.6800
 2.158    6.7100
 2.159    6.7800
 2.160    6.8700
 2.161    6.8900
 2.162    6.9300
 2.163    7.0000
 2.164    6.8700
 2.164    6.6300
 2.165    6.6800
 2.166    6.7400
 2.167    6.5100
 2.168    6.4900
 2.169    6.6500
 2.170    6.6100
 2.171    6.5500
 2.172    6.6900
 2.173    6.5900
 2.173    6.6000
 2.174    6.6200
 2.175    6.8100
 2.176    6.7300
 2.177    6.5800
 2.178    6.7200
 2.179    6.6400
 2.180    6.6400
 2.181    6.8200
 2.182    6.6000
 2.183    6.5800
 2.184    6.8500
 2.184    6.8300
 2.185    6.6000
 2.186    6.5400
 2.187    6.5300
 2.188    6.4900
 2.189    6.5700
 2.190    6.6300
 2.191    6.5700
 2.192    6.7000
 2.193    6.7100
 2.194    6.6600
 2.195    6.6600
 2.196    6.7200
 2.196    6.7600
 2.197    6.7800
 2.198    6.6400
 2.199    6.6500
 2.200    6.7900
 2.201    6.6700
 2.202    6.5700
 2.203    6.7700
 2.204    6.6700
 2.205    6.5600
 2.206    6.5800
 2.207    6.6500
 2.208    6.7200
 2.209    6.6600
 2.210    6.5900
 2.211    6.5700
 2.211    6.4900
 2.212    6.4200
 2.213    6.3100
 2.214    6.3400
 2.215    6.6300
 2.216    6.8100
 2.217    6.5800
 2.218    6.4600
 2.219    6.4900
 2.220    6.5600
 2.221    6.4700
 2.222    6.4900
 2.223    6.4000
 2.224    6.4300
 2.225    6.5600
 2.226    6.6200
 2.227    6.7400
 2.228    6.6900
 2.229    6.5800
 2.230    6.7000
 2.231    6.4800
 2.231    6.2600
 2.232    6.3800
 2.233    6.5000
 2.234    6.5100
 2.235    6.5600
 2.236    6.5300
 2.237    6.5600
 2.238    6.5900
 2.239    6.5700
 2.240    6.5600
 2.241    6.4400
 2.242    6.2700
 2.243    6.3200
 2.244    6.5700
 2.245    6.8500
 2.246    6.7800
 2.247    6.5600
 2.248    6.5900
 2.249    6.5900
 2.250    6.4200
 2.251    6.4000
 2.252    6.4300
 2.253    6.5200
 2.254    6.4900
 2.255    6.6500
 2.256    6.7200
 2.257    6.7900
 2.258    6.6100
 2.259    6.5400
 2.260    6.4600
 2.261    6.5000
 2.262    6.6000
 2.263    6.5200
 2.264    6.4900
 2.265    6.4900
 2.266    6.5200
 2.267    6.5200
 2.268    6.4800
 2.269    6.5400
 2.270    6.4200
 2.271    6.2800
 2.272    6.3000
 2.273    6.4400
 2.274    6.3700
 2.275    6.4100
 2.276    6.3700
 2.277    6.4300
 2.278    6.5100
 2.279    6.3700
 2.280    6.2800
 2.281    6.3500
 2.282    6.3500
 2.283    6.5100
 2.284    6.5500
 2.285    6.4600
 2.286    6.4300
 2.287    6.4500
 2.288    6.4300
 2.289    6.5300
 2.290    6.4600
 2.291    6.3000
 2.292    6.1600
 2.293    6.3600
 2.294    6.4700
 2.295    6.4100
 2.296    6.2000
 2.297    6.2700
 2.298    6.4100
 2.299    6.4900
 2.300    6.3600
 2.301    6.1900
 2.302    6.1400
 2.303    6.3700
 2.304    6.4000
 2.305    6.4200
 2.306    6.4000
 2.307    6.3300
 2.308    6.2100
 2.309    6.2800
 2.310    6.3400
 2.311    6.4000
 2.312    6.3900
 2.313    6.2800
 2.314    6.3500
 2.315    6.4500
 2.316    6.4300
 2.317    6.4800
 2.318    6.4400
 2.319    6.3700
 2.320    6.2400
 2.321    6.3600
 2.322    6.4500
 2.323    6.4700
 2.324    6.5400
 2.326    6.5000
 2.327    6.3500
 2.328    6.3800
 2.329    6.4200
 2.330    6.4800
 2.331    6.4100
 2.332    6.3800
 2.333    6.4100
 2.334    6.3500
 2.335    6.3100
 2.336    6.1700
 2.337    6.1800
 2.338    6.3600
 2.339    6.2600
 2.340    6.2900
 2.341    6.3000
 2.342    6.2600
 2.343    6.2900
 2.344    6.3600
 2.346    6.3000
 2.347    6.4600
 2.348    6.5200
 2.349    6.6200
 2.350    6.4600
 2.351    6.3100
 2.352    6.3000
 2.353    6.3100
 2.354    6.3300
 2.355    6.3600
 2.356    6.3900
 2.357    6.4800
 2.358    6.3700
 2.359    6.2200
 2.360    6.1100
 2.362    6.2600
 2.363    6.3000
 2.364    6.2400
 2.365    6.2100
 2.366    6.3200
 2.367    6.5300
 2.368    6.4200
 2.369    6.3200
 2.370    6.3200
 2.371    6.2300
 2.372    6.2400
 2.373    6.3400
 2.375    6.3800
 2.376    6.2500
 2.377    6.3100
 2.378    6.3400
 2.379    6.2700
 2.380    6.2400
 2.381    6.3500
 2.382    6.3800
 2.383    6.3100
 2.384    6.2500
 2.385    6.2600
 2.387    6.2300
 2.388    6.3600
 2.389    6.3800
 2.390    6.3700
 2.391    6.3500
 2.392    6.3800
 2.393    6.3000
 2.394    6.0700
 2.395    5.9900
 2.396    6.1300
 2.398    6.2800
 2.399    6.4300
 2.400    6.3600
 2.401    6.2400
 2.402    6.3300
 2.403    6.3300
 2.404    6.1700
 2.405    6.1200
 2.406    6.0100
 2.408    6.2100
 2.409    6.3400
 2.410    6.2100
 2.411    6.1800
 2.412    6.2700
 2.413    6.1900
 2.414    6.2600
 2.415    6.2700
 2.417    6.2000
 2.418    6.1500
 2.419    6.1400
 2.420    6.1800
 2.421    6.2500
 2.422    6.2100
 2.423    6.1200
 2.424    6.0000
 2.426    6.1400
 2.427    6.1500
 2.428    6.1800
 2.429    6.2700
 2.430    6.3300
 2.431    6.1900
 2.432    6.1800
 2.434    6.1100
 2.435    6.0200
 2.436    6.0200
 2.437    6.2700
 2.438    6.2000
 2.439    6.0400
 2.440    6.0200
 2.442    6.1100
 2.443    6.2400
 2.444    6.3200
 2.445    6.2100
 2.446    6.1700
 2.447    6.1800
 2.449    6.1500
 2.450    6.0000
 2.451    5.9000
 2.452    6.0300
 2.453    6.1100
 2.454    5.9500
 2.455    5.9100
 2.457    6.0700
 2.458    6.1000
 2.459    6.0200
 2.460    6.1400
 2.461    6.0700
 2.462    6.0400
 2.464    6.1700
 2.465    6.1900
 2.466    6.0800
 2.467    5.9800
 2.468    6.0900
 2.469    6.2200
 2.471    6.0500
 2.472    6.0800
 2.473    6.0500
 2.474    6.0600
 2.475    6.0800
 2.477    5.9700
 2.478    5.9000
 2.479    5.9900
 2.480    6.0800
 2.481    6.2400
 2.482    6.1500
 2.484    5.9300
 2.485    5.8500
 2.486    5.7600
 2.487    5.7700
 2.488    6.0000
 2.490    6.1800
 2.491    6.0900
 2.492    5.9100
 2.493    5.8800
 2.494    5.8400
 2.496    5.8700
 2.497    5.7500
 2.498    5.7800
 2.499    5.9800
 2.500    5.9500
 2.502    5.8300
 2.503    5.8300
 2.504    5.8300
 2.505    5.8800
 2.506    5.9500
 2.508    6.0600
 2.509    6.0000
 2.510    5.9900
 2.511    6.0400
 2.513    5.9800
 2.514    5.6900
 2.515    5.6700
 2.516    5.7500
 2.517    5.9200
 2.519    6.0800
 2.520    6.0800
 2.521    5.9500
 2.522    5.9500
 2.524    5.9900
 2.525    6.0200
 2.526    5.9300
 2.527    5.7900
 2.528    5.7700
 2.530    5.7300
 2.531    5.6900
 2.532    5.7700
 2.533    5.7900
 2.535    5.7400
 2.536    5.7000
 2.537    5.8000
 2.538    5.8600
 2.540    5.9600
 2.541    6.0000
 2.542    5.8900
 2.543    5.8100
 2.545    5.8600
 2.546    5.8700
 2.547    5.8800
 2.548    5.8200
 2.550    5.8300
 2.551    5.7500
 2.552    5.7500
 2.553    5.8300
 2.555    5.8400
 2.556    5.8800
 2.557    5.8700
 2.558    5.9300
 2.560    5.9600
 2.561    5.8700
 2.562    5.8800
 2.563    5.9500
 2.565    5.9800
 2.566    5.9900
 2.567    5.9800
 2.569    5.8500
 2.570    5.8300
 2.571    5.8700
 2.572    5.9600
 2.574    5.7700
 2.575    5.7200
 2.576    5.8000
 2.577    5.9300
 2.579    5.8700
 2.580    5.7700
 2.581    5.7900
 2.583    5.9700
 2.584    5.9600
 2.585    5.9400
 2.586    5.9200
 2.588    6.0000
 2.589    5.9900
 2.590    5.8800
 2.592    5.8200
 2.593    5.9500
 2.594    6.0400
 2.596    5.9700
 2.597    5.8800
 2.598    5.7300
 2.599    5.7000
 2.601    5.8300
 2.602    5.7500
 2.603    5.8200
 2.605    5.9400
 2.606    5.8800
 2.607    5.7400
 2.609    5.8500
 2.610    5.8800
 2.611    5.8100
 2.613    5.7000
 2.614    5.7700
 2.615    5.7700
 2.616    5.7500
 2.618    5.6900
 2.619    5.6800
 2.620    5.7000
 2.622    5.7500
 2.623    5.7400
 2.624    5.7200
 2.626    5.7000
 2.627    5.6900
 2.628    5.7000
 2.630    5.8300
 2.631    5.8800
 2.632    5.8700
 2.634    5.7000
 2.635    5.6100
 2.636    5.5800
 2.638    5.7400
 2.639    5.8300
 2.640    5.8700
 2.642    5.9500
 2.643    5.8800
 2.645    5.6100
 2.646    5.6100
 2.647    5.5900
 2.649    5.6200
 2.650    5.7600
 2.651    5.8000
 2.653    5.7700
 2.654    5.7000
 2.655    5.5700
 2.657    5.6100
 2.658    5.5900
 2.659    5.5300
 2.661    5.3800
 2.662    5.4800
 2.664    5.6300
 2.665    5.5600
 2.666    5.5200
 2.668    5.6500
 2.669    5.5600
 2.670    5.4900
 2.672    5.4200
 2.673    5.5300
 2.675    5.4600
 2.676    5.2900
 2.677    5.2800
 2.679    5.4100
 2.680    5.4900
 2.681    5.4000
 2.683    5.1900
 2.684    5.1600
 2.686    5.1900
 2.687    5.2100
 2.688    5.2200
 2.690    5.1300
 2.691    4.8900
 2.693    4.8700
 2.694    4.8500
 2.695    4.8000
 2.697    4.8000
 2.698    4.7800
 2.700    4.6700
 2.701    4.4900
 2.702    4.3000
 2.704    4.3400
 2.705    4.3900
 2.707    4.4000
 2.708    4.3800
 2.709    4.3200
 2.711    4.1500
 2.712    4.0700
 2.714    3.8800
 2.715    3.7500
 2.717    3.7100
 2.718    3.8600
 2.719    3.8600
 2.721    3.7200
 2.722    3.5700
 2.724    3.6000
 2.725    3.5500
 2.727    3.4100
 2.728    3.2700
 2.729    3.3100
 2.731    3.1900
 2.732    3.2800
 2.734    3.3500
 2.735    3.2500
 2.737    3.2500
 2.738    3.2200
 2.740    2.9900
 2.741    2.9800
 2.742    2.9400
 2.744    2.8200
 2.745    2.6600
 2.747    2.7800
 2.748    2.8000
 2.750    2.6400
 2.751    2.6300
 2.753    2.6700
 2.754    2.5700
 2.756    2.6800
 2.757    2.7800
 2.758    2.6200
 2.760    2.4400
 2.761    2.4800
 2.763    2.4800
 2.764    2.4700
 2.766    2.4200
 2.767    2.4200
 2.769    2.2800
 2.770    2.2300
 2.772    2.2800
 2.773    2.4200
 2.775    2.3900
 2.776    2.4000
 2.778    2.4400
 2.779    2.4500
 2.781    2.4300
 2.782    2.3700
 2.784    2.2900
 2.785    2.4300
 2.787    2.4600
 2.788    2.2900
 2.790    2.2600
 2.791    2.3700
 2.793    2.1700
 2.794    2.0100
 2.796    2.1000
 2.797    2.2500
 2.799    2.4200
 2.800    2.5000
 2.802    2.4100
 2.803    2.3900
 2.805    2.3700
 2.806    2.2100
 2.808    2.1100
 2.809    2.1900
 2.811    2.1900
 2.812    2.2500
 2.814    2.2300
 2.815    2.1700
 2.817    2.1200
 2.818    2.0800
 2.820    2.1200
 2.821    2.2800
 2.823    2.1900
 2.825    2.1100
 2.826    2.1300
 2.828    2.1900
 2.829    2.2500
 2.831    2.2400
 2.832    2.1200
 2.834    2.1600
 2.835    2.2400
 2.837    2.2900
 2.838    2.1800
 2.840    2.0600
 2.842    2.2400
 2.843    2.2500
 2.845    2.0200
 2.846    2.1900
 2.848    2.2000
 2.849    2.0000
 2.851    2.0300
 2.853    2.1400
 2.854    2.0900
 2.856    2.1600
 2.857    2.2100
 2.859    2.1500
 2.860    2.1300
 2.862    2.1000
 2.864    2.0800
 2.865    2.0800
 2.867    2.0200
 2.868    1.9700
 2.870    1.9600
 2.871    2.0700
 2.873    2.1100
 2.875    2.1300
 2.876    2.0500
 2.878    2.0000
 2.879    2.1000
 2.881    2.2400
 2.883    2.2200
 2.884    2.1700
 2.886    2.1600
 2.887    2.1000
 2.889    2.0300
 2.891    2.0900
 2.892    2.0900
 2.894    2.1000
 2.896    2.2000
 2.897    2.2200
 2.899    2.0000
 2.900    2.0600
 2.902    2.1800
 2.904    2.1300
 2.905    2.0900
 2.907    2.1100
 2.909    1.9500
 2.910    1.9800
 2.912    1.9900
 2.913    1.9300
 2.915    2.0500
 2.917    2.2700
 2.918    2.1300
 2.920    2.0700
 2.922    2.1400
 2.923    2.1000
 2.925    1.9800
 2.927    1.9900
 2.928    2.1200
 2.930    2.2000
 2.932    2.1300
 2.933    2.0700
 2.935    2.1200
 2.937    2.1800
 2.938    2.1000
 2.940    2.0700
 2.942    2.1100
 2.943    2.0900
 2.945    1.9800
 2.947    1.9800
 2.948    1.9700
 2.950    2.0600
 2.952    2.1500
 2.953    2.1400
 2.955    2.0600
 2.957    2.1400
 2.958    2.1400
 2.960    2.1100
 2.962    1.9800
 2.963    1.9900
 2.965    2.0900
 2.967    2.0700
 2.968    2.0400
 2.970    2.0700
 2.972    2.0500
 2.974    2.0800
 2.975    2.0100
 2.977    2.0500
 2.979    2.1000
 2.980    2.1200
 2.982    2.1400
 2.984    2.0800
 2.986    2.0500
 2.987    2.1500
 2.989    2.1400
 2.991    2.1400
 2.992    2.0800
 2.994    2.1800
 2.996    2.2400
 2.998    2.1400
 2.999    2.1100
 3.001    2.0600
 3.003    2.0800
 3.005    2.2500
 3.006    2.2500
 3.008    2.1800
 3.010    2.0300
 3.012    2.0700
 3.013    2.2800
 3.015    2.3200
 3.017    2.1600
 3.019    2.0500
 3.020    2.1000
 3.022    2.2400
 3.024    2.2100
 3.026    2.1000
 3.027    2.0800
 3.029    2.0700
 3.031    2.0300
 3.033    2.1200
 3.034    2.2100
 3.036    2.2000
 3.038    2.2000
 3.040    2.2800
 3.042    2.2200
 3.043    2.0700
 3.045    2.1000
 3.047    2.2300
 3.049    2.2100
 3.051    2.1600
 3.052    2.1700
 3.054    2.2200
 3.056    2.2200
 3.058    2.1600
 3.060    2.1500
 3.061    2.2200
 3.063    2.1500
 3.065    2.0900
 3.067    2.1200
 3.069    2.1900
 3.070    2.1700
 3.072    2.1800
 3.074    2.2000
 3.076    2.2200
 3.078    2.2800
 3.079    2.2400
 3.081    2.0800
 3.083    2.0300
 3.085    2.0900
 3.087    2.1900
 3.089    2.2100
 3.091    2.1400
 3.092    2.1100
 3.094    2.1600
 3.096    2.2400
 3.098    2.3200
 3.100    2.2900
 3.102    2.2600
 3.103    2.2900
 3.105    2.2700
 3.107    2.2000
 3.109    2.2200
 3.111    2.1700
 3.113    2.1400
 3.115    2.2400
 3.116    2.3700
 3.118    2.4100
 3.120    2.3200
 3.122    2.2200
 3.124    2.2500
 3.126    2.2100
 3.128    2.2100
 3.130    2.2800
 3.132    2.3300
 3.133    2.3100
 3.135    2.2900
 3.137    2.2600
 3.139    2.3200
 3.141    2.3300
 3.143    2.2300
 3.145    2.2500
 3.147    2.3400
 3.149    2.3600
 3.151    2.3400
 3.152    2.3300
 3.154    2.3800
 3.156    2.3100
 3.158    2.2800
 3.160    2.3700
 3.162    2.4300
 3.164    2.4900
 3.166    2.4400
 3.168    2.3300
 3.170    2.3200
 3.172    2.3300
 3.174    2.4400
 3.176    2.4700
 3.178    2.4100
 3.180    2.3800
 3.182    2.3400
 3.183    2.3300
 3.185    2.4600
 3.187    2.5500
 3.189    2.6200
 3.191    2.5800
 3.193    2.4900
 3.195    2.4800
 3.197    2.5000
 3.199    2.4700
 3.201    2.4900
 3.203    2.4800
 3.205    2.4900
 3.207    2.4900
 3.209    2.4900
 3.211    2.5100
 3.213    2.5400
 3.215    2.5000
 3.217    2.4900
 3.219    2.4800
 3.221    2.4700
 3.223    2.4800
 3.225    2.5400
 3.227    2.6100
 3.229    2.6100
 3.231    2.5300
 3.233    2.5700
 3.235    2.6100
 3.237    2.6300
 3.239    2.5600
 3.241    2.5800
 3.243    2.6900
 3.245    2.7600
 3.247    2.7000
 3.249    2.6700
 3.251    2.6400
 3.253    2.6300
 3.255    2.6300
 3.257    2.7700
 3.259    2.7900
 3.262    2.7000
 3.264    2.6800
 3.266    2.7600
 3.268    2.7900
 3.270    2.7800
 3.272    2.7400
 3.274    2.7400
 3.276    2.7100
 3.278    2.7800
 3.280    2.8000
 3.282    2.8000
 3.284    2.7500
 3.286    2.7400
 3.288    2.8000
 3.291    2.8200
 3.293    2.7900
 3.295    2.8400
 3.297    2.8800
 3.299    2.8600
 3.301    2.8200
 3.303    2.8700
 3.305    2.8600
 3.307    2.8400
 3.309    2.8000
 3.312    2.8400
 3.314    2.8500
 3.316    2.8700
 3.318    2.9200
 3.320    2.9400
 3.322    2.9200
 3.324    2.8700
 3.326    2.8300
 3.329    2.8700
 3.331    2.9000
 3.333    2.8500
 3.335    2.8100
 3.337    2.8300
 3.339    2.7900
 3.341    2.7100
 3.344    2.7100
 3.346    2.7100
 3.348    2.7200
 3.350    2.7900
 3.352    2.7900
 3.354    2.7500
 3.357    2.6900
 3.359    2.7800
 3.361    2.8700
 3.363    2.8700
 3.365    2.8500
 3.367    2.8100
 3.370    2.8200
 3.372    2.8000
 3.374    2.8000
 3.376    2.9700
 3.378    3.0100
 3.381    2.9800
 3.383    2.9400
 3.385    2.9600
 3.387    2.9300
 3.389    2.8600
 3.392    2.8400
 3.394    2.9300
 3.396    3.0600
 3.398    3.0700
 3.401    3.0400
 3.403    3.0600
 3.405    3.0500
 3.407    3.0700
 3.409    3.1200
 3.412    3.1000
 3.414    3.0600
 3.416    3.1300
 3.418    3.1300
 3.421    3.1200
 3.423    3.1300
 3.425    3.1400
 3.428    3.1000
 3.430    3.1900
 3.432    3.2400
 3.434    3.1700
 3.437    3.1100
 3.439    3.1100
 3.441    3.1700
 3.443    3.2000
 3.446    3.1900
 3.448    3.1300
 3.450    3.0700
 3.453    3.1200
 3.455    3.1200
 3.457    3.1200
 3.460    3.1300
 3.462    3.1500
 3.464    3.0700
 3.466    3.0000
 3.469    2.9500
 3.471    2.9200
 3.473    2.9400
 3.476    3.0000
 3.478    3.0400
 3.480    3.0500
 3.483    3.0700
 3.485    3.1400
 3.487    3.1300
 3.490    3.0700
 3.492    3.0700
 3.494    3.1400
 3.497    3.1700
 3.499    3.2500
 3.502    3.2900
 3.504    3.2500
 3.506    3.3000
 3.509    3.3800
 3.511    3.3300
 3.513    3.3700
 3.516    3.4500
 3.518    3.4600
 3.521    3.4700
 3.523    3.5100
 3.525    3.5300
 3.528    3.5600
 3.530    3.6400
 3.533    3.6600
 3.535    3.6700
 3.537    3.6800
 3.540    3.7000
 3.542    3.7900
 3.545    3.8200
 3.547    3.8100
 3.550    3.8100
 3.552    3.8400
 3.554    3.8500
 3.557    3.8700
 3.559    3.8800
 3.562    3.9200
 3.564    3.9400
 3.567    3.8900
 3.569    3.9100
 3.571    3.9300
 3.574    3.8700
 3.576    3.9100
 3.579    3.9600
 3.581    3.9500
 3.584    3.9600
 3.586    3.9600
 3.589    4.0300
 3.591    4.1100
 3.594    4.1400
 3.596    4.1200
 3.599    4.1000
 3.601    4.1000
 3.604    4.1300
 3.606    4.1800
 3.609    4.1400
 3.611    4.1300
 3.614    4.1200
 3.616    4.1600
 3.619    4.1700
 3.621    4.1700
 3.624    4.1700
 3.626    4.2200
 3.629    4.2500
 3.632    4.2700
 3.634    4.2200
 3.637    4.2400
 3.639    4.3100
 3.642    4.3200
 3.644    4.2100
 3.647    4.1800
 3.649    4.2900
 3.652    4.3400
 3.655    4.2800
 3.657    4.2300
 3.660    4.2700
 3.662    4.3000
 3.665    4.3000
 3.667    4.3100
 3.670    4.3100
 3.673    4.3200
 3.675    4.3100
 3.678    4.3000
 3.680    4.3200
 3.683    4.3900
 3.686    4.4000
 3.688    4.4000
 3.691    4.3800
 3.694    4.4200
 3.696    4.4600
 3.699    4.4300
 3.701    4.4000
 3.704    4.4200
 3.707    4.4000
 3.709    4.3800
 3.712    4.3700
 3.715    4.4500
 3.717    4.5000
 3.720    4.4400
 3.723    4.4000
 3.725    4.4300
 3.728    4.4500
 3.731    4.4200
 3.733    4.4700
 3.736    4.5500
 3.739    4.4700
 3.742    4.4200
 3.744    4.4400
 3.747    4.4700
 3.750    4.5400
 3.752    4.5600
 3.755    4.5300
 3.758    4.5100
 3.761    4.5100
 3.763    4.5200
 3.766    4.4800
 3.769    4.4800
 3.771    4.4800
 3.774    4.5000
 3.777    4.5000
 3.780    4.4900
 3.782    4.4900
 3.785    4.4700
 3.788    4.4900
 3.791    4.4800
 3.794    4.4300
 3.796    4.3900
 3.799    4.3500
 3.802    4.2500
 3.805    4.2300
 3.807    4.2700
 3.810    4.2600
 3.813    4.2100
 3.816    4.1300
 3.819    4.0600
 3.822    4.0000
 3.824    4.0000
 3.827    3.9700
 3.830    4.0000
 3.833    4.0100
 3.836    3.9300
 3.838    3.8800
 3.841    3.8900
 3.844    3.8600
 3.847    3.8200
 3.850    3.8100
 3.853    3.8200
 3.856    3.8000
 3.858    3.7800
 3.861    3.7600
 3.864    3.8100
 3.867    3.8600
 3.870    3.7900
 3.873    3.7600
 3.876    3.7400
 3.879    3.7200
 3.882    3.8000
 3.884    3.8100
 3.887    3.7600
 3.890    3.7300
 3.893    3.7300
 3.896    3.7500
 3.899    3.7700
 3.902    3.7900
 3.905    3.7800
 3.908    3.7000
 3.911    3.6600
 3.914    3.6400
 3.917    3.6400
 3.920    3.6300
 3.923    3.6600
 3.926    3.6300
 3.929    3.5800
 3.932    3.5500
 3.935    3.4900
 3.938    3.4000
 3.941    3.3600
 3.944    3.2800
 3.947    3.1700
 3.950    3.1400
 3.953    3.1000
 3.956    3.0000
 3.959    2.9700
 3.962    2.9400
 3.965    2.9100
 3.968    2.8600
 3.971    2.9000
 3.974    2.9900
 3.977    2.9700
 3.980    2.9000
 3.983    2.9600
 3.986    3.0200
 3.989    3.0300
 3.992    3.0700
 3.995    3.2100
 3.998    3.2700
 4.001    3.3300
 4.004    3.4100
 4.008    3.4600
 4.011    3.5500
 4.014    3.6700
 4.017    3.7200
 4.020    3.7700
 4.023    3.8700
 4.026    4.0000
 4.029    4.0400
 4.032    4.1500
 4.036    4.2100
 4.039    4.2400
 4.042    4.3600
 4.045    4.4400
 4.048    4.4000
 4.051    4.4200
 4.055    4.5100
 4.058    4.5600
 4.061    4.4900
 4.064    4.4800
 4.067    4.5400
 4.070    4.6100
 4.074    4.6200
 4.077    4.6000
 4.080    4.6700
 4.083    4.7600
 4.087    4.7900
 4.090    4.7800
 4.093    4.7100
 4.096    4.7300
 4.099    4.7700
 4.103    4.7800
 4.106    4.7200
 4.109    4.7000
 4.112    4.7400
 4.116    4.7400
 4.119    4.7500
 4.122    4.8000
 4.126    4.8400
 4.129    4.8300
 4.132    4.7700
 4.135    4.8100
 4.139    4.8300
 4.142    4.8200
 4.145    4.8200
 4.149    4.8100
 4.152    4.7400
 4.155    4.7200
 4.159    4.7500
 4.162    4.7900
 4.165    4.7800
 4.169    4.8000
 4.172    4.8500
 4.175    4.8600
 4.179    4.8600
 4.182    4.8300
 4.185    4.8100
 4.189    4.8200
 4.192    4.8300
 4.196    4.9000
 4.199    4.9000
 4.202    4.8200
 4.206    4.8100
 4.209    4.7800
 4.213    4.7800
 4.216    4.8400
 4.219    4.8500
 4.223    4.8500
 4.226    4.8200
 4.230    4.8300
 4.233    4.8200
 4.237    4.8300
 4.240    4.8200
 4.244    4.8000
 4.247    4.8000
 4.251    4.8200
 4.254    4.8200
 4.258    4.8400
 4.261    4.8200
 4.265    4.8000
 4.268    4.8200
 4.272    4.8000
 4.275    4.8000
 4.279    4.7900
 4.282    4.8100
 4.286    4.8300
 4.289    4.7900
 4.293    4.7700
 4.296    4.7400
 4.300    4.7600
 4.304    4.7800
 4.307    4.7500
 4.311    4.7700
 4.314    4.7900
 4.318    4.7900
 4.321    4.7900
 4.325    4.8000
 4.329    4.8300
 4.332    4.8200
 4.336    4.8000
 4.340    4.7700
 4.343    4.7800
 4.347    4.7900
 4.350    4.7600
 4.354    4.7500
 4.358    4.7700
 4.361    4.7900
 4.365    4.8000
 4.369    4.7900
 4.372    4.8200
 4.376    4.8600
 4.380    4.8300
 4.384    4.7800
 4.387    4.7300
 4.391    4.7400
 4.395    4.8200
 4.398    4.8500
 4.402    4.7900
 4.406    4.7400
 4.410    4.7500
 4.413    4.7400
 4.417    4.7100
 4.421    4.7500
 4.425    4.7900
 4.428    4.7800
 4.432    4.7900
 4.436    4.7700
 4.440    4.7500
 4.444    4.7200
 4.447    4.6700
 4.451    4.6900
 4.455    4.7100
 4.459    4.7000
 4.463    4.7100
 4.467    4.7100
 4.470    4.7000
 4.474    4.6800
 4.478    4.7100
 4.482    4.7300
 4.486    4.6800
 4.490    4.6600
 4.494    4.7300
 4.498    4.7100
 4.502    4.6300
 4.505    4.6000
 4.509    4.6400
 4.513    4.6400
 4.517    4.6300
 4.521    4.6300
 4.525    4.6300
 4.529    4.6400
 4.533    4.6400
 4.537    4.6100
 4.541    4.5900
 4.545    4.6300
 4.549    4.6200
 4.553    4.5800
 4.557    4.6100
 4.561    4.6000
 4.565    4.5600
 4.569    4.5200
 4.573    4.5600
 4.577    4.5800
 4.581    4.5800
 4.585    4.5700
 4.589    4.5800
 4.593    4.5500
 4.597    4.5000
 4.601    4.5500
 4.605    4.5700
 4.610    4.5200
 4.614    4.4800
 4.618    4.4500
 4.622    4.4800
 4.626    4.5300
 4.630    4.4800
 4.634    4.4200
 4.638    4.4000
 4.643    4.4100
 4.647    4.4600
 4.651    4.4500
 4.655    4.3800
 4.659    4.3400
 4.663    4.3300
 4.668    4.3300
 4.672    4.3200
 4.676    4.3200
 4.680    4.3500
 4.684    4.3500
 4.689    4.3900
 4.693    4.4400
 4.697    4.4000
 4.701    4.3500
 4.706    4.3700
 4.710    4.4000
 4.714    4.4100
 4.719    4.4000
 4.723    4.4200
 4.727    4.4300
 4.731    4.4400
 4.736    4.4400
 4.740    4.4500
 4.744    4.4400
 4.749    4.4200
 4.753    4.4200
 4.758    4.4500
 4.762    4.4600
 4.766    4.4100
 4.771    4.3900
 4.775    4.4300
 4.779    4.4500
 4.784    4.3900
 4.788    4.4100
 4.793    4.4400
 4.797    4.4500
 4.802    4.4300
 4.806    4.3900
 4.810    4.3900
 4.815    4.4300
 4.819    4.4300
 4.824    4.4000
 4.828    4.3600
 4.833    4.3600
 4.837    4.3800
 4.842    4.3900
 4.846    4.4200
 4.851    4.4100
 4.856    4.3600
 4.860    4.3400
 4.865    4.3400
 4.869    4.3300
 4.874    4.3200
 4.878    4.3300
 4.883    4.3000
 4.888    4.2700
 4.892    4.3000
 4.897    4.3100
 4.901    4.3300
 4.906    4.3100
 4.911    4.3100
 4.915    4.3200
 4.920    4.3200
 4.925    4.2700
 4.929    4.2300
 4.934    4.2300
 4.939    4.2500
 4.943    4.2600
 4.948    4.2500
 4.953    4.1800
 4.958    4.1900
 4.962    4.2500
 4.967    4.2400
 4.972    4.2000
 4.977    4.1900
 4.981    4.1800
 4.986    4.1600
 4.991    4.1700
 4.996    4.1700
 5.001    4.1300
 5.005    4.1400
 5.010    4.1800
 5.015    4.2100
 5.020    4.1800
 5.025    4.1400
 5.030    4.1400
 5.035    4.1300
 5.040    4.1100
 5.044    4.1500
 5.049    4.1600
 5.054    4.1300
 5.059    4.1200
 5.064    4.1400
 5.069    4.1500
 5.074    4.1000
 5.079    4.0700
 5.084    4.0600
 5.089    4.0300
 5.094    4.0300
 5.099    4.0600
 5.104    4.0600
 5.109    4.0600
 5.114    4.0400
 5.119    4.0100
 5.124    4.0100
 5.129    4.0100
 5.134    4.0100
 5.139    3.9900
 5.145    4.0200
 5.150    4.0400
 5.155    4.0200
 5.160    3.9900
 5.165    3.9800
 5.170    4.0000
 5.175    3.9700
 5.180    3.9500
 5.186    3.9700
 5.191    3.9700
 5.196    3.9300
 5.201    3.9400
 5.206    3.9500
 5.212    3.9700
 5.217    3.9800
 5.222    3.9300
 5.227    3.9100
 5.233    3.9100
 5.238    3.9100
 5.243    3.9000
 5.249    3.9000
 5.254    3.8800
 5.259    3.8300
 5.265    3.8500
 5.270    3.8800
 5.275    3.8600
 5.281    3.8100
 5.286    3.7600
 5.291    3.7300
 5.297    3.7600
 5.302    3.7600
 5.308    3.7300
 5.313    3.7500
 5.319    3.7600
 5.324    3.7300
 5.330    3.7200
 5.335    3.6900
 5.341    3.6400
 5.346    3.6100
 5.352    3.6300
 5.357    3.6300
 5.363    3.6100
 5.368    3.6100
 5.374    3.6200
 5.379    3.6200
 5.385    3.5700
 5.390    3.5300
 5.396    3.5300
 5.402    3.5600
 5.407    3.5500
 5.413    3.5200
 5.419    3.5100
 5.424    3.4600
 5.430    3.4400
 5.436    3.4400
 5.441    3.4500
 5.447    3.4400
 5.453    3.3700
 5.459    3.3200
 5.464    3.3500
 5.470    3.3400
 5.476    3.2900
 5.482    3.2400
 5.487    3.2200
 5.493    3.1900
 5.499    3.1400
 5.505    3.0600
 5.511    2.9700
 5.517    2.8700
 5.523    2.7100
 5.528    2.5800
 5.534    2.4700
 5.540    2.3000
 5.546    2.1500
 5.552    2.0400
 5.558    2.0000
 5.564    1.9700
 5.570    1.9900
 5.576    2.0700
 5.582    2.1600
 5.588    2.2700
 5.594    2.3700
 5.600    2.4600
 5.606    2.5600
 5.612    2.6300
 5.618    2.7000
 5.624    2.7200
 5.630    2.7300
 5.637    2.7900
 5.643    2.8000
 5.649    2.7900
 5.655    2.8000
 5.661    2.7900
 5.667    2.8000
 5.674    2.7900
 5.680    2.7700
 5.686    2.7400
 5.692    2.7400
 5.698    2.7200
 5.705    2.7300
 5.711    2.7100
 5.717    2.7000
 5.724    2.6600
 5.730    2.6500
 5.736    2.6700
 5.743    2.6700
 5.749    2.6500
 5.755    2.6800
 5.762    2.7000
 5.768    2.6500
 5.775    2.6200
 5.781    2.6300
 5.788    2.6100
 5.794    2.6000
 5.800    2.5800
 5.807    2.5700
 5.813    2.5600
 5.820    2.5500
 5.827    2.5300
 5.833    2.5000
 5.840    2.4500
 5.846    2.4300
 5.853    2.4400
 5.859    2.4200
 5.866    2.3800
 5.873    2.3500
 5.879    2.2800
 5.886    2.2300
 5.893    2.2000
 5.899    2.2300
 5.906    2.2200
 5.913    2.1800
 5.920    2.1400
 5.926    2.1100
 5.933    2.0500
 5.940    2.0200
 5.947    2.0000
 5.954    1.9800
 5.960    1.9600
 5.967    1.9200
 5.974    1.8700
 5.981    1.8600
 5.988    1.8500
 5.995    1.8600
 6.002    1.8100
 6.009    1.7600
 6.016    1.7400
 6.023    1.7500
 6.030    1.7200
 6.037    1.7600
 6.044    1.7600
 6.051    1.7300
 6.058    1.7300
 6.065    1.7800
 6.072    1.8100
 6.079    1.8100
 6.086    1.7600
 6.094    1.7700
 6.101    1.8300
 6.108    1.8600
 6.115    1.8300
 6.122    1.8500
 6.130    1.8600
 6.137    1.9500
 6.144    2.0000
 6.151    2.0700
 6.159    2.1200
 6.166    2.1700
 6.173    2.2800
 6.181    2.3600
 6.188    2.4000
 6.195    2.4600
 6.203    2.5200
 6.210    2.5800
 6.218    2.6900
 6.225    2.8100
 6.233    2.9300
 6.240    3.0100
 6.248    3.1300
 6.255    3.2600
 6.263    3.3600
 6.270    3.3900
 6.278    3.4400
 6.286    3.5700
 6.293    3.7200
 6.301    3.8400
 6.308    4.0000
 6.316    4.2200
 6.324    4.4700
 6.332    4.7200
 6.339    5.0600
 6.347    5.4200
 6.355    5.7300
 6.363    6.1400
 6.370    6.5800
 6.378    7.0200
 6.386    7.4500
 6.394    7.8800
 6.402    8.3700
 6.410    8.9900
 6.418    9.4700
 6.426    9.8600
 6.434   10.2000
 6.442   10.3500
 6.450   10.4300
 6.458   10.5100
 6.466   10.5900
 6.474   10.6400
 6.482   10.6400
 6.490   10.7000
 6.498   10.6500
 6.506   10.5700
 6.515   10.4800
 6.523   10.3400
 6.531   10.2000
 6.539   10.0500
 6.547    9.9400
 6.556    9.7800
 6.564    9.5900
 6.572    9.4200
 6.581    9.2500
 6.589    9.0800
 6.597    8.8600
 6.606    8.7000
 6.614    8.5500
 6.623    8.4900
 6.631    8.4100
 6.640    8.2800
 6.648    8.1500
 6.657    8.0800
 6.665    8.0600
 6.674    8.0600
 6.682    7.9500
 6.691    7.8500
 6.700    7.8100
 6.708    7.7400
 6.717    7.7200
 6.726    7.7300
 6.734    7.6800
 6.743    7.6700
 6.752    7.6800
 6.761    7.6500
 6.770    7.6500
 6.778    7.7000
 6.787    7.6800
 6.796    7.6900
 6.805    7.6400
 6.814    7.6100
 6.823    7.6200
 6.832    7.6300
 6.841    7.6000
 6.850    7.6400
 6.859    7.6300
 6.868    7.5800
 6.877    7.5500
 6.886    7.4900
 6.896    7.4200
 6.905    7.4200
 6.914    7.3200
 6.923    7.2600
 6.932    7.3100
 6.942    7.3900
 6.951    7.3400
 6.960    7.3300
 6.970    7.3900
 6.979    7.4700
 6.989    7.5200
 6.998    7.6000
 7.007    7.6000
 7.017    7.6300
 7.026    7.6700
 7.036    7.6900
 7.046    7.7100
 7.055    7.7300
 7.065    7.7100
 7.074    7.6700
 7.084    7.5700
 7.094    7.4200
 7.103    7.1700
 7.113    6.8600
 7.123    6.4900
 7.133    6.2500
 7.143    6.0600
 7.152    5.8600
 7.162    5.6200
 7.172    5.4300
 7.182    5.2300
 7.192    5.0400
 7.202    4.8700
 7.212    4.7900
 7.222    4.6900
 7.232    4.6100
 7.242    4.5300
 7.252    4.5100
 7.263    4.4800
 7.273    4.4200
 7.283    4.3500
 7.293    4.3800
 7.303    4.3800
 7.314    4.3900
 7.324    4.3900
 7.334    4.4500
 7.345    4.4700
 7.355    4.5300
 7.366    4.5500
 7.376    4.5800
 7.387    4.5900
 7.397    4.6000
 7.408    4.6000
 7.418    4.6300
 7.429    4.6500
 7.440    4.6900
 7.450    4.7200
 7.461    4.8200
 7.472    4.8500
 7.483    4.8200
 7.493    4.8100
 7.504    4.8800
 7.515    4.8900
 7.526    4.9200
 7.537    4.9800
 7.548    4.9700
 7.559    4.9400
 7.570    4.9600
 7.581    5.0100
 7.592    5.0500
 7.603    5.0700
 7.614    5.1300
 7.626    5.1900
 7.637    5.2000
 7.648    5.2600
 7.659    5.3500
 7.671    5.3400
 7.682    5.3500
 7.694    5.3900
 7.705    5.4600
 7.716    5.4400
 7.728    5.4700
 7.739    5.5200
 7.751    5.5400
 7.763    5.4900
 7.774    5.4900
 7.786    5.4100
 7.798    5.3900
 7.809    5.3800
 7.821    5.4200
 7.833    5.3600
 7.845    5.3100
 7.857    5.3600
 7.869    5.3300
 7.881    5.1900
 7.893    5.1200
 7.905    5.1300
 7.917    5.1500
 7.929    5.1100
 7.941    4.9900
 7.953    4.8900
 7.965    4.9100
 7.978    4.8700
 7.990    4.7800
 8.002    4.6600
 8.015    4.5900
 8.027    4.5100
 8.039    4.4800
 8.052    4.4000
 8.064    4.3300
 8.077    4.2100
 8.090    4.1300
 8.102    4.0900
 8.115    4.0800
 8.128    4.0100
 8.140    4.0200
 8.153    4.0400
 8.166    3.9800
 8.179    3.8800
 8.192    3.8300
 8.205    3.7200
 8.218    3.6600
 8.231    3.6200
 8.244    3.5700
 8.257    3.5400
 8.270    3.5400
 8.283    3.4500
 8.297    3.4000
 8.310    3.2800
 8.323    3.2500
 8.337    3.2000
 8.350    3.1700
 8.364    3.1100
 8.377    3.0500
 8.391    2.9900
 8.404    2.9900
 8.418    2.9600
 8.431    2.9300
 8.445    2.8300
 8.459    2.8300
 8.473    2.8200
 8.487    2.8100
 8.501    2.7800
 8.515    2.7400
 8.529    2.7200
 8.543    2.7900
 8.557    2.7500
 8.571    2.6800
 8.585    2.7100
 8.599    2.7800
 8.614    2.7100
 8.628    2.6700
 8.642    2.6900
 8.657    2.8000
 8.671    2.8300
 8.686    2.8400
 8.700    2.8100
 8.715    2.8100
 8.730    2.8300
 8.744    2.8800
 8.759    2.9500
 8.774    3.0300
 8.789    2.9400
 8.804    2.9400
 8.819    2.9500
 8.834    3.0200
 8.849    3.0500
 8.864    3.1100
 8.879    3.1700
 8.894    3.2000
 8.909    3.2400
 8.925    3.3100
 8.940    3.3000
 8.956    3.3400
 8.971    3.2600
 8.987    3.3200
 9.002    3.3700
 9.018    3.3900
 9.034    3.3600
 9.049    3.3900
 9.065    3.3800
 9.081    3.3700
 9.097    3.3800
 9.113    3.3400
 9.129    3.2700
 9.145    3.3100
 9.161    3.2900
 9.178    3.2900
 9.194    3.2500
 9.210    3.3300
 9.226    3.3300
 9.243    3.3000
 9.259    3.3200
 9.276    3.4000
 9.293    3.4500
 9.309    3.4500
 9.326    3.4100
 9.343    3.4600
 9.360    3.4800
 9.377    3.5600
 9.394    3.5600
 9.411    3.5800
 9.428    3.5000
 9.445    3.4900
 9.462    3.5300
 9.479    3.6100
 9.497    3.5800
 9.514    3.6300
 9.532    3.6500
 9.549    3.6600
 9.567    3.6300
 9.585    3.6100
 9.602    3.5100
 9.620    3.5200
 9.638    3.5700
 9.656    3.5700
 9.674    3.5400
 9.692    3.6400
 9.710    3.6200
 9.728    3.5900
 9.747    3.5700
 9.765    3.5800
 9.783    3.5300
 9.802    3.4900
 9.821    3.4100
 9.839    3.4200
 9.858    3.4100
 9.877    3.4200
 9.895    3.3700
 9.914    3.4100
 9.933    3.4400
 9.952    3.4300
 9.972    3.3600
 9.991    3.3200
10.010    3.2600
10.029    3.2500
10.049    3.2200
10.068    3.2800
10.088    3.2700
10.108    3.2600
10.127    3.1500
10.147    3.1600
10.167    3.1800
10.187    3.2200
10.207    3.2000
10.227    3.2000
10.247    3.1700
10.268    3.2200
10.288    3.1600
10.309    3.1400
10.329    3.1400
10.350    3.1700
10.370    3.1300
10.391    3.1200
10.412    3.1200
10.433    3.1200
10.454    3.0300
10.475    3.0600
10.496    3.0900
10.518    3.1800
10.539    3.1800
10.560    3.2000
10.582    3.2000
10.604    3.2200
10.625    3.1700
10.647    3.1500
10.669    3.1100
10.691    3.1600
10.713    3.1700
10.735    3.2300
10.758    3.1900
10.780    3.1600
10.802    3.1600
10.825    3.2300
10.848    3.1900
10.870    3.2300
10.893    3.2800
10.916    3.3300
10.939    3.2900
10.962    3.2500
10.985    3.2100
11.009    3.2800
11.032    3.3500
11.056    3.3600
11.079    3.3200
11.103    3.4000
11.127    3.4200
11.151    3.5500
11.175    3.7700
11.199    4.1400
11.223    4.6200
11.248    5.2900
11.272    6.0200
11.297    6.7200
11.321    7.0700
11.346    7.0700
11.371    6.7700
11.396    6.3700
11.421    5.9700
11.446    5.4200
11.471    4.5100
11.497    3.9700
11.522    3.6300
11.548    3.4300
11.574    3.2700
11.600    3.1000
11.626    2.8900
11.652    2.8400
11.678    2.7600
11.704    2.7200
11.731    2.6400
11.757    2.6200
11.784    2.5600
11.811    2.5200
11.838    2.4500
11.865    2.5000
11.892    2.5000
11.920    2.4600
11.947    2.4000
11.975    2.4200
12.002    2.3400
12.030    2.3500
12.058    2.3000
12.086    2.2800
12.115    2.2600
12.143    2.3200
12.171    2.2200
12.200    2.2400
12.229    2.3200
12.258    2.2700
12.287    2.1000
12.316    2.0600
12.345    2.0200
12.375    1.9900
12.404    1.9300
12.434    2.0300
12.464    2.1000
12.494    2.0800
12.524    2.0200
12.554    2.0500
12.585    2.0000
12.616    1.9700
12.646    1.8800
12.677    1.9000
12.708    1.8600
12.739    1.9400
12.771    1.9500
12.802    1.9100
12.834    1.8800
12.866    1.8800
12.898    1.8200
12.930    1.8700
12.962    1.8300
12.995    1.9100
13.027    1.8900
13.060    1.9000
13.093    1.8900
13.126    1.9100
13.160    1.7900
13.193    1.7700
13.227    1.7700
13.261    1.8800
13.295    1.9100
13.329    1.8600
13.363    1.7700
13.398    1.7700
13.432    1.7500
13.467    1.7900
13.502    1.7400
13.538    1.8100
13.573    1.7100
13.609    1.6900
13.644    1.6900
13.680    1.7000
13.717    1.5200
13.753    1.5700
13.790    1.5700
13.826    1.5500
13.863    1.4100
13.900    1.3800
13.938    1.5300
13.975    1.8900
14.013    2.0200
