Name:  Basalt
Type:  Rock
Class: Igneous   
Subclass: Mafic 
Particle Size:  Whole rock chips
Sample No.:  ba9c2f
Owner:  Larry Rowan, USGS
Wavelength range:  VNIR SWIR IR
Origin:  Wadi Salima, Jordan

Description:  dark gray vesicular basalt 





Measurement:  Reflectance
First Column:  X
Second Column:  Y
X Units:  Wavelength (micrometers)
Y Units:  Reflectance (percent)
First X Value:  0.4
Last X Value:  14.01309
Number of X Values:  2826
Additional Information:  ba9c2fa.txt
 0.400   12.2000
 0.401   12.0000
 0.402   12.2000
 0.403   12.3000
 0.404   12.0000
 0.405   12.0000
 0.406   12.0000
 0.407   12.2000
 0.408   12.2000
 0.409   12.0000
 0.410   12.0000
 0.411   12.2000
 0.412   12.0000
 0.413   12.0000
 0.414   12.0000
 0.415   12.0000
 0.416   12.2000
 0.417   11.9000
 0.418   11.9000
 0.419   11.9000
 0.420   11.6000
 0.421   11.6000
 0.422   11.8000
 0.423   11.8000
 0.424   11.8000
 0.425   11.8000
 0.426   11.6000
 0.427   11.6000
 0.428   11.8000
 0.429   11.6000
 0.430   11.5000
 0.431   11.6000
 0.432   11.5000
 0.433   11.2000
 0.434   11.3000
 0.435   11.3000
 0.436   11.3000
 0.437   11.3000
 0.438   11.3000
 0.439   11.2000
 0.440   11.2000
 0.441   11.2000
 0.442   11.2000
 0.443   11.2000
 0.444   11.2000
 0.445   11.1000
 0.446   11.1000
 0.447   11.1000
 0.448   11.1000
 0.449   10.9000
 0.450   10.7000
 0.451   10.9000
 0.452   10.8000
 0.453   10.7000
 0.454   10.8000
 0.455   10.5000
 0.456   10.4000
 0.457   10.4000
 0.458   10.7000
 0.459   10.5000
 0.460   10.2000
 0.461   10.2000
 0.462   10.2000
 0.463   10.2000
 0.464   10.2000
 0.465   10.2000
 0.466   10.1000
 0.467   10.1000
 0.468   10.1000
 0.469   10.2000
 0.470   10.1000
 0.471   10.0000
 0.472   10.1000
 0.473   10.0000
 0.474   10.1000
 0.475   10.1000
 0.476   10.1000
 0.477   10.1000
 0.478   10.1000
 0.479    9.8000
 0.480    9.8000
 0.481   10.1000
 0.482   10.1000
 0.483   10.1000
 0.484   10.0000
 0.485    9.7000
 0.486    9.8000
 0.487    9.8000
 0.488   10.0000
 0.489    9.7000
 0.490    9.7000
 0.491    9.8000
 0.492    9.8000
 0.493    9.8000
 0.494    9.8000
 0.495    9.8000
 0.496    9.7000
 0.497    9.7000
 0.498    9.7000
 0.499    9.7000
 0.500    9.6000
 0.501    9.6000
 0.502    9.4000
 0.503    9.7000
 0.504    9.8000
 0.505    9.6000
 0.506    9.8000
 0.507    9.6000
 0.508    9.4000
 0.509    9.6000
 0.510    9.6000
 0.511    9.7000
 0.512    9.8000
 0.513    9.8000
 0.514    9.4000
 0.515    9.4000
 0.516    9.4000
 0.517    9.4000
 0.518    9.6000
 0.519    9.6000
 0.520    9.3000
 0.521    9.6000
 0.522    9.4000
 0.523    9.6000
 0.524    9.4000
 0.525    9.4000
 0.526    9.7000
 0.527    9.6000
 0.528    9.7000
 0.529    9.4000
 0.530    9.4000
 0.531    9.7000
 0.532    9.7000
 0.533    9.7000
 0.534    9.7000
 0.535    9.4000
 0.536    9.6000
 0.537    9.3000
 0.538    9.3000
 0.539    9.7000
 0.540    9.4000
 0.541    9.6000
 0.542    9.7000
 0.543    9.4000
 0.544    9.4000
 0.545    9.4000
 0.546    9.6000
 0.547    9.4000
 0.548    9.4000
 0.549    9.6000
 0.550    9.6000
 0.551    9.4000
 0.552    9.6000
 0.553    9.4000
 0.554    9.6000
 0.555    9.8000
 0.556   10.0000
 0.557    9.8000
 0.558   10.0000
 0.559    9.7000
 0.560    9.7000
 0.561    9.6000
 0.562    9.4000
 0.563    9.4000
 0.564    9.4000
 0.565    9.6000
 0.566    9.4000
 0.567    9.4000
 0.568    9.6000
 0.569    9.6000
 0.570    9.8000
 0.571    9.8000
 0.572    9.8000
 0.573    9.6000
 0.574    9.6000
 0.575    9.6000
 0.576    9.7000
 0.577    9.6000
 0.578    9.6000
 0.579    9.6000
 0.580    9.6000
 0.581    9.6000
 0.582    9.4000
 0.583    9.6000
 0.584    9.6000
 0.585    9.6000
 0.586    9.6000
 0.587    9.6000
 0.588    9.7000
 0.589    9.7000
 0.590    9.6000
 0.591    9.6000
 0.592    9.7000
 0.593    9.7000
 0.594    9.7000
 0.595    9.6000
 0.596    9.6000
 0.597    9.6000
 0.598    9.7000
 0.599    9.6000
 0.600    9.6000
 0.601    9.4000
 0.602    9.6000
 0.603    9.6000
 0.604    9.7000
 0.605    9.7000
 0.606    9.7000
 0.607    9.6000
 0.608    9.7000
 0.609    9.7000
 0.610    9.6000
 0.611    9.7000
 0.612    9.7000
 0.613    9.8000
 0.614    9.8000
 0.615    9.7000
 0.616    9.7000
 0.617    9.7000
 0.618    9.4000
 0.619    9.4000
 0.620    9.6000
 0.621    9.6000
 0.622    9.6000
 0.623    9.7000
 0.624    9.7000
 0.625    9.6000
 0.626    9.6000
 0.627    9.7000
 0.628    9.8000
 0.629    9.7000
 0.630    9.7000
 0.631    9.6000
 0.632    9.7000
 0.633    9.7000
 0.634    9.8000
 0.635    9.7000
 0.636    9.8000
 0.637    9.7000
 0.638   10.0000
 0.639    9.8000
 0.640    9.8000
 0.641    9.8000
 0.642    9.7000
 0.643    9.6000
 0.644    9.7000
 0.645    9.7000
 0.646    9.7000
 0.647    9.6000
 0.648    9.6000
 0.649    9.7000
 0.650    9.8000
 0.651    9.8000
 0.652    9.8000
 0.653    9.8000
 0.654    9.7000
 0.655    9.7000
 0.656    9.8000
 0.657    9.8000
 0.658    9.8000
 0.659    9.7000
 0.660    9.8000
 0.661    9.7000
 0.662    9.7000
 0.663    9.8000
 0.664    9.8000
 0.665    9.8000
 0.666    9.8000
 0.667    9.6000
 0.668    9.6000
 0.669    9.8000
 0.670    9.7000
 0.671    9.7000
 0.672    9.8000
 0.673    9.7000
 0.674    9.8000
 0.675    9.7000
 0.676    9.7000
 0.677    9.8000
 0.678    9.7000
 0.679    9.6000
 0.680    9.7000
 0.681    9.8000
 0.682    9.7000
 0.683    9.8000
 0.684    9.7000
 0.685    9.8000
 0.686    9.7000
 0.687    9.8000
 0.688    9.7000
 0.689    9.7000
 0.690    9.7000
 0.691   10.0000
 0.692   10.1000
 0.693    9.7000
 0.694   10.0000
 0.695   10.0000
 0.696    9.7000
 0.697    9.7000
 0.698    9.6000
 0.699    9.7000
 0.700    9.7000
 0.701    9.7000
 0.702    9.6000
 0.703    9.7000
 0.704    9.7000
 0.705   10.0000
 0.706    9.8000
 0.707   10.0000
 0.708    9.8000
 0.709    9.8000
 0.710    9.8000
 0.711    9.8000
 0.712    9.8000
 0.713   10.0000
 0.714   10.0000
 0.715    9.8000
 0.716    9.8000
 0.717    9.8000
 0.718    9.7000
 0.719    9.7000
 0.720   10.0000
 0.721   10.0000
 0.722    9.8000
 0.723   10.1000
 0.724   10.1000
 0.725   10.0000
 0.726   10.0000
 0.727    9.8000
 0.728   10.0000
 0.729    9.8000
 0.730    9.8000
 0.731    9.7000
 0.732    9.6000
 0.733    9.8000
 0.734    9.8000
 0.735    9.8000
 0.736    9.8000
 0.737    9.8000
 0.738   10.0000
 0.739   10.0000
 0.740   10.0000
 0.741   10.1000
 0.742   10.0000
 0.743   10.0000
 0.744   10.0000
 0.745   10.0000
 0.746    9.8000
 0.747    9.7000
 0.748    9.8000
 0.749    9.8000
 0.750    9.8000
 0.751   10.1000
 0.752   10.0000
 0.753    9.7000
 0.754   10.1000
 0.755   10.0000
 0.756   10.0000
 0.757    9.7000
 0.758    9.8000
 0.759    9.8000
 0.760   10.0000
 0.761    9.8000
 0.762    9.8000
 0.763    9.8000
 0.764    9.8000
 0.765    9.8000
 0.766    9.8000
 0.767   10.0000
 0.768   10.1000
 0.769   10.1000
 0.770   10.1000
 0.771   10.1000
 0.772    9.8000
 0.773   10.0000
 0.774   10.0000
 0.775   10.0000
 0.776   10.0000
 0.777   10.1000
 0.778    9.8000
 0.779   10.0000
 0.780    9.8000
 0.781    9.8000
 0.782   10.0000
 0.783   10.0000
 0.784   10.0000
 0.785   10.0000
 0.786   10.1000
 0.787   10.0000
 0.788   10.0000
 0.789   10.0000
 0.790   10.0000
 0.791   10.1000
 0.792   10.1000
 0.793   10.1000
 0.794   10.0000
 0.795   10.1000
 0.796   10.0000
 0.797   10.1000
 0.798    9.3000
 0.799    8.5000
 0.800    9.6000
 0.804    9.6000
 0.808    9.6000
 0.812    9.6000
 0.816    9.8000
 0.820    9.5000
 0.824    9.5000
 0.828    9.6000
 0.832    9.6000
 0.836    9.6000
 0.840    9.6000
 0.844    9.6000
 0.848    9.8000
 0.852    9.8000
 0.856    9.8000
 0.860    9.6000
 0.864    9.8000
 0.868    9.6000
 0.872    9.8000
 0.876    9.9000
 0.880    9.9000
 0.884    9.8000
 0.888   10.0000
 0.892    9.9000
 0.896    9.9000
 0.900    9.9000
 0.904    9.9000
 0.908    9.9000
 0.912   10.0000
 0.916    9.9000
 0.920   10.0000
 0.924   10.0000
 0.928   10.0000
 0.932   10.0000
 0.936   10.0000
 0.940    9.9000
 0.944   10.0000
 0.948   10.0000
 0.952   10.0000
 0.956   10.0000
 0.960    9.9000
 0.964   10.0000
 0.968   10.0000
 0.972   10.0000
 0.976   10.0000
 0.980    9.9000
 0.984    9.9000
 0.988    9.9000
 0.992    9.9000
 0.996    9.9000
 1.000    9.9000
 1.004    9.9000
 1.008    9.9000
 1.012    9.9000
 1.016    9.9000
 1.020   10.0000
 1.024   10.0000
 1.028    9.9000
 1.032    9.9000
 1.036   10.0000
 1.040   10.0000
 1.044   10.1000
 1.048   10.0000
 1.052    9.9000
 1.056    9.9000
 1.060    9.9000
 1.064    9.9000
 1.068    9.9000
 1.072    9.9000
 1.076    9.8000
 1.080    9.9000
 1.084    9.9000
 1.088    9.9000
 1.092    9.9000
 1.096   10.0000
 1.100    9.8000
 1.104    9.9000
 1.108    9.8000
 1.112    9.8000
 1.116    9.9000
 1.120    9.9000
 1.124    9.9000
 1.128    9.6000
 1.132    9.6000
 1.136    9.6000
 1.140    9.6000
 1.144    9.9000
 1.148    9.8000
 1.152    9.8000
 1.156    9.8000
 1.160    9.8000
 1.164    9.8000
 1.168    9.8000
 1.172    9.8000
 1.176    9.8000
 1.180    9.8000
 1.184    9.8000
 1.188    9.6000
 1.192    9.6000
 1.196    9.8000
 1.200    9.8000
 1.204    9.8000
 1.208    9.6000
 1.212    9.6000
 1.216    9.5000
 1.220    9.5000
 1.224    9.5000
 1.228    9.5000
 1.232    9.5000
 1.236    9.5000
 1.240    9.5000
 1.244    9.5000
 1.248    9.4000
 1.252    9.4000
 1.256    9.4000
 1.260    9.4000
 1.264    9.4000
 1.268    9.5000
 1.272    9.4000
 1.276    9.4000
 1.280    9.3000
 1.284    9.4000
 1.288    9.4000
 1.292    9.4000
 1.296    9.3000
 1.300    9.3000
 1.304    9.3000
 1.308    9.3000
 1.312    9.3000
 1.316    9.3000
 1.320    9.4000
 1.324    9.4000
 1.328    9.4000
 1.332    9.4000
 1.336    9.4000
 1.340    9.4000
 1.344    9.4000
 1.348    9.3000
 1.352    9.0000
 1.356    9.2000
 1.360    9.2000
 1.364    9.0000
 1.368    9.0000
 1.372    9.2000
 1.376    9.0000
 1.380    9.3000
 1.384    9.3000
 1.388    9.2000
 1.392    9.0000
 1.396    8.9000
 1.400    8.9000
 1.404    8.9000
 1.408    9.0000
 1.412    9.0000
 1.416    9.0000
 1.420    9.0000
 1.424    9.0000
 1.428    9.0000
 1.432    8.9000
 1.436    9.0000
 1.440    9.0000
 1.444    9.0000
 1.448    9.0000
 1.452    9.0000
 1.456    9.0000
 1.460    9.0000
 1.464    9.0000
 1.468    8.8000
 1.472    8.8000
 1.476    8.8000
 1.480    8.9000
 1.484    8.9000
 1.488    8.9000
 1.492    8.9000
 1.496    8.9000
 1.500    8.9000
 1.504    8.9000
 1.508    8.9000
 1.512    8.9000
 1.516    8.9000
 1.520    8.9000
 1.524    8.9000
 1.528    8.9000
 1.532    9.0000
 1.536    8.9000
 1.540    8.9000
 1.544    9.0000
 1.548    8.9000
 1.552    8.9000
 1.556    8.9000
 1.560    8.9000
 1.564    8.9000
 1.568    8.9000
 1.572    8.9000
 1.576    8.8000
 1.580    8.8000
 1.584    8.8000
 1.588    8.8000
 1.592    8.8000
 1.596    8.8000
 1.600    8.8000
 1.604    8.9000
 1.608    8.8000
 1.612    8.8000
 1.616    8.8000
 1.620    8.8000
 1.624    8.8000
 1.628    8.8000
 1.632    8.8000
 1.636    8.8000
 1.640    8.8000
 1.644    8.9000
 1.648    8.9000
 1.652    8.8000
 1.656    8.8000
 1.660    8.8000
 1.664    8.8000
 1.668    8.8000
 1.672    8.8000
 1.676    8.8000
 1.680    8.8000
 1.684    8.8000
 1.688    8.8000
 1.692    8.8000
 1.696    8.8000
 1.700    8.8000
 1.704    8.5000
 1.708    8.7000
 1.712    8.7000
 1.716    8.7000
 1.720    8.7000
 1.724    8.7000
 1.728    8.7000
 1.732    8.7000
 1.736    8.7000
 1.740    8.7000
 1.744    8.5000
 1.748    8.5000
 1.752    8.4000
 1.756    8.5000
 1.760    8.4000
 1.764    8.4000
 1.768    8.4000
 1.772    8.4000
 1.776    8.4000
 1.780    8.4000
 1.784    8.4000
 1.788    8.4000
 1.792    8.4000
 1.796    8.4000
 1.800    8.4000
 1.804    8.4000
 1.808    8.4000
 1.812    8.4000
 1.816    8.4000
 1.820    8.4000
 1.824    8.4000
 1.828    8.4000
 1.832    8.3000
 1.836    8.3000
 1.840    8.3000
 1.844    8.3000
 1.848    8.3000
 1.852    8.4000
 1.856    8.2000
 1.860    8.3000
 1.864    8.3000
 1.868    8.3000
 1.872    8.3000
 1.876    8.3000
 1.880    8.1000
 1.884    8.1000
 1.888    7.9000
 1.892    7.8000
 1.896    7.7000
 1.900    7.7000
 1.904    7.7000
 1.908    7.7000
 1.912    7.6000
 1.916    7.6000
 1.920    7.7000
 1.924    7.6000
 1.928    7.6000
 1.932    7.6000
 1.936    7.7000
 1.940    7.7000
 1.944    7.7000
 1.948    7.6000
 1.952    7.6000
 1.956    7.7000
 1.960    7.7000
 1.964    7.8000
 1.968    7.7000
 1.972    7.8000
 1.976    7.8000
 1.980    7.8000
 1.984    7.8000
 1.988    7.8000
 1.992    7.8000
 1.996    7.9000
 2.000    7.9000
 2.004    7.9000
 2.008    7.9000
 2.012    7.9000
 2.016    7.9000
 2.020    7.9000
 2.024    7.9000
 2.028    8.1000
 2.032    8.1000
 2.036    8.1000
 2.040    7.9000
 2.044    8.1000
 2.048    8.1000
 2.052    8.1000
 2.056    8.1000
 2.060    8.1000
 2.064    8.1000
 2.068    8.1000
 2.072    7.9000
 2.076    7.9000
 2.080    8.1000
 2.084    8.1000
 2.088    8.1000
 2.092    8.1000
 2.096    8.1000
 2.100    8.1000
 2.100    8.2600
 2.101    8.2800
 2.102    8.3600
 2.103    8.3500
 2.104    8.0700
 2.105    7.9500
 2.106    8.1000
 2.106    8.1600
 2.107    8.1500
 2.108    8.3500
 2.109    8.3100
 2.110    8.1400
 2.111    8.0900
 2.112    8.1700
 2.112    8.2900
 2.113    8.1800
 2.114    7.9400
 2.115    8.0300
 2.116    8.1700
 2.117    8.0800
 2.118    8.0600
 2.118    8.1800
 2.119    8.0900
 2.120    8.0000
 2.121    8.1800
 2.122    8.4500
 2.123    8.3300
 2.124    8.2600
 2.125    8.4300
 2.125    8.4000
 2.126    8.1500
 2.127    8.0700
 2.128    8.0100
 2.129    8.0500
 2.130    8.1500
 2.131    8.0700
 2.132    8.0200
 2.132    8.0900
 2.133    8.0200
 2.134    7.9000
 2.135    7.9400
 2.136    8.1400
 2.137    8.2500
 2.138    8.1400
 2.139    8.1400
 2.139    8.2000
 2.140    8.1500
 2.141    8.1600
 2.142    8.1800
 2.143    8.1900
 2.144    8.0900
 2.145    8.0500
 2.146    8.0500
 2.147    8.0200
 2.147    8.0100
 2.148    8.1700
 2.149    8.3000
 2.150    8.1000
 2.151    7.9500
 2.152    8.1200
 2.153    8.0900
 2.154    8.0900
 2.155    8.2900
 2.155    8.2900
 2.156    8.1800
 2.157    8.0700
 2.158    8.1300
 2.159    8.2100
 2.160    8.1700
 2.161    8.1700
 2.162    7.9200
 2.163    7.8200
 2.164    7.8400
 2.164    8.0200
 2.165    8.1800
 2.166    8.1200
 2.167    8.0200
 2.168    8.1200
 2.169    8.0700
 2.170    7.9000
 2.171    7.8200
 2.172    8.0900
 2.173    8.2000
 2.173    8.0400
 2.174    8.0000
 2.175    7.9500
 2.176    7.9900
 2.177    8.1400
 2.178    8.1500
 2.179    8.1700
 2.180    8.0800
 2.181    7.8600
 2.182    7.8600
 2.183    7.9300
 2.184    7.7500
 2.184    7.6000
 2.185    7.8100
 2.186    8.0700
 2.187    8.2000
 2.188    8.1800
 2.189    7.8300
 2.190    7.7800
 2.191    7.8500
 2.192    7.9300
 2.193    7.8600
 2.194    7.8700
 2.195    8.0300
 2.196    8.1000
 2.196    7.9100
 2.197    7.8600
 2.198    7.9200
 2.199    7.8600
 2.200    7.8600
 2.201    7.8700
 2.202    7.8000
 2.203    7.7800
 2.204    7.7000
 2.205    7.7600
 2.206    7.9400
 2.207    8.0500
 2.208    8.0800
 2.209    7.8700
 2.210    7.8100
 2.211    7.9500
 2.211    7.9700
 2.212    7.9000
 2.213    7.8300
 2.214    7.9200
 2.215    7.8700
 2.216    7.7900
 2.217    7.6800
 2.218    7.7600
 2.219    7.7800
 2.220    7.8500
 2.221    7.8600
 2.222    8.0000
 2.223    7.9700
 2.224    7.8300
 2.225    7.8200
 2.226    7.7900
 2.227    7.8500
 2.228    7.9500
 2.229    7.9900
 2.230    7.9900
 2.231    7.7700
 2.231    7.5900
 2.232    7.8200
 2.233    8.0400
 2.234    8.0600
 2.235    8.0300
 2.236    7.9500
 2.237    8.0500
 2.238    8.0200
 2.239    7.8100
 2.240    7.7800
 2.241    7.8500
 2.242    7.8200
 2.243    7.8300
 2.244    7.7600
 2.245    7.7900
 2.246    7.9200
 2.247    8.0500
 2.248    7.9000
 2.249    7.9300
 2.250    7.9300
 2.251    7.8700
 2.252    7.7600
 2.253    7.8500
 2.254    7.9500
 2.255    8.0200
 2.256    8.0600
 2.257    8.0600
 2.258    7.9100
 2.259    7.7800
 2.260    7.7000
 2.261    7.6000
 2.262    7.6600
 2.263    7.6900
 2.264    7.8100
 2.265    7.7900
 2.266    7.7400
 2.267    7.9200
 2.268    8.0000
 2.269    7.9600
 2.270    7.9500
 2.271    7.9800
 2.272    8.0400
 2.273    7.9600
 2.274    7.6500
 2.275    7.6000
 2.276    7.7000
 2.277    7.8300
 2.278    7.9400
 2.279    7.9700
 2.280    7.9500
 2.281    8.0800
 2.282    7.9200
 2.283    7.7100
 2.284    7.8000
 2.285    7.8700
 2.286    7.9400
 2.287    8.0600
 2.288    7.8100
 2.289    7.5600
 2.290    7.6100
 2.291    7.8200
 2.292    7.8600
 2.293    7.7900
 2.294    7.8200
 2.295    7.9100
 2.296    7.8500
 2.297    7.8600
 2.298    7.8300
 2.299    7.7100
 2.300    7.6500
 2.301    7.6700
 2.302    7.6700
 2.303    7.7000
 2.304    7.6100
 2.305    7.6200
 2.306    7.8100
 2.307    7.9500
 2.308    7.8700
 2.309    7.8400
 2.310    7.9000
 2.311    7.8900
 2.312    7.8600
 2.313    7.8300
 2.314    7.7800
 2.315    7.7800
 2.316    7.8100
 2.317    7.7500
 2.318    7.7700
 2.319    7.8100
 2.320    7.8900
 2.321    7.8500
 2.322    7.7000
 2.323    7.7100
 2.324    7.6100
 2.326    7.6300
 2.327    7.6300
 2.328    7.7100
 2.329    7.7800
 2.330    7.7200
 2.331    7.6900
 2.332    7.7800
 2.333    7.7200
 2.334    7.6400
 2.335    7.6500
 2.336    7.8000
 2.337    7.7500
 2.338    7.7400
 2.339    7.8200
 2.340    7.8500
 2.341    7.8200
 2.342    7.7100
 2.343    7.6500
 2.344    7.6000
 2.346    7.5600
 2.347    7.5500
 2.348    7.6900
 2.349    7.8600
 2.350    7.6400
 2.351    7.5500
 2.352    7.6000
 2.353    7.6400
 2.354    7.6800
 2.355    7.6000
 2.356    7.5900
 2.357    7.7000
 2.358    7.6500
 2.359    7.6200
 2.360    7.6500
 2.362    7.7100
 2.363    7.6600
 2.364    7.6300
 2.365    7.6600
 2.366    7.6100
 2.367    7.5400
 2.368    7.6200
 2.369    7.7100
 2.370    7.7300
 2.371    7.6400
 2.372    7.6100
 2.373    7.4800
 2.375    7.5400
 2.376    7.6700
 2.377    7.7000
 2.378    7.6500
 2.379    7.7400
 2.380    7.7300
 2.381    7.6600
 2.382    7.7100
 2.383    7.6300
 2.384    7.4100
 2.385    7.5700
 2.387    7.7500
 2.388    7.7900
 2.389    7.8200
 2.390    7.7600
 2.391    7.5900
 2.392    7.6000
 2.393    7.6700
 2.394    7.5700
 2.395    7.4500
 2.396    7.4600
 2.398    7.4900
 2.399    7.6400
 2.400    7.5900
 2.401    7.4900
 2.402    7.3600
 2.403    7.4200
 2.404    7.6100
 2.405    7.6500
 2.406    7.5600
 2.408    7.5300
 2.409    7.5600
 2.410    7.6200
 2.411    7.5100
 2.412    7.4400
 2.413    7.4800
 2.414    7.4900
 2.415    7.5800
 2.417    7.5300
 2.418    7.3100
 2.419    7.2900
 2.420    7.3500
 2.421    7.4200
 2.422    7.4300
 2.423    7.4200
 2.424    7.5300
 2.426    7.5400
 2.427    7.4000
 2.428    7.2800
 2.429    7.1500
 2.430    7.3100
 2.431    7.4400
 2.432    7.4800
 2.434    7.3700
 2.435    7.2900
 2.436    7.2000
 2.437    7.1200
 2.438    7.1800
 2.439    7.2300
 2.440    7.2700
 2.442    7.2600
 2.443    7.3100
 2.444    7.4800
 2.445    7.4400
 2.446    7.3100
 2.447    7.2900
 2.449    7.3100
 2.450    7.3000
 2.451    7.3400
 2.452    7.2900
 2.453    7.3200
 2.454    7.2400
 2.455    7.1700
 2.457    7.2700
 2.458    7.3500
 2.459    7.3700
 2.460    7.3700
 2.461    7.3100
 2.462    7.3200
 2.464    7.2500
 2.465    7.2700
 2.466    7.2400
 2.467    7.2700
 2.468    7.2700
 2.469    7.3300
 2.471    7.2300
 2.472    7.1100
 2.473    7.0100
 2.474    7.0800
 2.475    7.2800
 2.477    7.2700
 2.478    7.0900
 2.479    7.1000
 2.480    7.2100
 2.481    7.2200
 2.482    7.1400
 2.484    7.1400
 2.485    7.1800
 2.486    7.2100
 2.487    7.0800
 2.488    7.0700
 2.490    7.1100
 2.491    7.0500
 2.492    7.0500
 2.493    7.1200
 2.494    7.1000
 2.496    7.0500
 2.497    7.0700
 2.498    7.0400
 2.499    7.1400
 2.500    7.2600
 2.502    7.1900
 2.503    7.0300
 2.504    7.0300
 2.505    7.0400
 2.506    6.9700
 2.508    6.9200
 2.509    6.9600
 2.510    7.0000
 2.511    6.8100
 2.513    6.8000
 2.514    7.0100
 2.515    7.1300
 2.516    7.1400
 2.517    7.0500
 2.519    7.0000
 2.520    7.0100
 2.521    6.8700
 2.522    6.7600
 2.524    6.7500
 2.525    6.8100
 2.526    6.8900
 2.527    6.9100
 2.528    6.8900
 2.530    6.8200
 2.531    6.7000
 2.532    6.7600
 2.533    6.8500
 2.535    6.7800
 2.536    6.6600
 2.537    6.6600
 2.538    6.8100
 2.540    6.8100
 2.541    6.6600
 2.542    6.6300
 2.543    6.7200
 2.545    6.8900
 2.546    6.8600
 2.547    6.6700
 2.548    6.6800
 2.550    6.6500
 2.551    6.5400
 2.552    6.5500
 2.553    6.7000
 2.555    6.8400
 2.556    6.8500
 2.557    6.9100
 2.558    6.7500
 2.560    6.4500
 2.561    6.3100
 2.562    6.4000
 2.563    6.4900
 2.565    6.6100
 2.566    6.6200
 2.567    6.6700
 2.569    6.6700
 2.570    6.6600
 2.571    6.7100
 2.572    6.5600
 2.574    6.6400
 2.575    6.6900
 2.576    6.3700
 2.577    6.6000
 2.579    6.8600
 2.580    6.6000
 2.581    6.5200
 2.583    6.4700
 2.584    6.2400
 2.585    6.4400
 2.586    6.3500
 2.588    6.3900
 2.589    6.4700
 2.590    6.6500
 2.592    6.7100
 2.593    6.1300
 2.594    5.3600
 2.596    5.7900
 2.597    6.3900
 2.598    6.5700
 2.599    6.6500
 2.601    6.5700
 2.602    6.4500
 2.603    6.2600
 2.605    6.0900
 2.606    6.2400
 2.607    6.3300
 2.609    6.3900
 2.610    6.5000
 2.611    6.6900
 2.613    6.5400
 2.614    6.5500
 2.615    6.4300
 2.616    6.0200
 2.618    6.2000
 2.619    6.2600
 2.620    6.1100
 2.622    6.3600
 2.623    6.5400
 2.624    6.6500
 2.626    6.3300
 2.627    6.3000
 2.628    6.2900
 2.630    6.0600
 2.631    6.2000
 2.632    6.3000
 2.634    6.4100
 2.635    6.6800
 2.636    6.6500
 2.638    6.7100
 2.639    6.6800
 2.640    6.6000
 2.642    6.4500
 2.643    6.4000
 2.645    6.3000
 2.646    6.3200
 2.647    6.5000
 2.649    6.6200
 2.650    6.5100
 2.651    6.2000
 2.653    6.0400
 2.654    6.0300
 2.655    6.0900
 2.657    6.3300
 2.658    6.3200
 2.659    6.0600
 2.661    5.9700
 2.662    5.9300
 2.664    5.6800
 2.665    5.2300
 2.666    5.0200
 2.668    5.2900
 2.669    5.0300
 2.670    5.0500
 2.672    5.5200
 2.673    5.7000
 2.675    5.4900
 2.676    5.0600
 2.677    4.9900
 2.679    5.2500
 2.680    5.4000
 2.681    5.3200
 2.683    5.0700
 2.684    4.9200
 2.686    4.7700
 2.687    4.6100
 2.688    4.6400
 2.690    4.8500
 2.691    4.7200
 2.693    4.2200
 2.694    4.0500
 2.695    4.2100
 2.697    4.2800
 2.698    4.1400
 2.700    3.8500
 2.701    3.6000
 2.702    3.6500
 2.704    3.7500
 2.705    3.7700
 2.707    3.8100
 2.708    3.4700
 2.709    3.2000
 2.711    3.2900
 2.712    3.6200
 2.714    3.6800
 2.715    3.6400
 2.717    3.4800
 2.718    3.3000
 2.719    3.1500
 2.721    3.1100
 2.722    3.0500
 2.724    2.9900
 2.725    3.1200
 2.727    3.4300
 2.728    3.3900
 2.729    3.1300
 2.731    3.1800
 2.732    3.1700
 2.734    3.0600
 2.735    3.1500
 2.737    3.1400
 2.738    2.7800
 2.740    2.6200
 2.741    2.8200
 2.742    3.0500
 2.744    3.2000
 2.745    3.1300
 2.747    3.0800
 2.748    3.1600
 2.750    3.0700
 2.751    2.9200
 2.753    2.7900
 2.754    2.5000
 2.756    2.4800
 2.757    2.8800
 2.758    3.1000
 2.760    2.9400
 2.761    2.7100
 2.763    2.7700
 2.764    3.0600
 2.766    3.0500
 2.767    2.9600
 2.769    2.8900
 2.770    2.8400
 2.772    2.9300
 2.773    3.1000
 2.775    3.0700
 2.776    2.9600
 2.778    2.8700
 2.779    2.9700
 2.781    3.1300
 2.782    3.1300
 2.784    3.2000
 2.785    3.2000
 2.787    3.0500
 2.788    2.9600
 2.790    2.8800
 2.791    2.9200
 2.793    3.0000
 2.794    3.0400
 2.796    3.1800
 2.797    3.3400
 2.799    3.2400
 2.800    3.0900
 2.802    3.0000
 2.803    2.9600
 2.805    3.0100
 2.806    3.1800
 2.808    3.1500
 2.809    3.0900
 2.811    3.1200
 2.812    3.1300
 2.814    3.1300
 2.815    3.1500
 2.817    3.0300
 2.818    2.8900
 2.820    3.0000
 2.821    3.2000
 2.823    3.2600
 2.825    3.2000
 2.826    3.1500
 2.828    3.1300
 2.829    3.1300
 2.831    3.1100
 2.832    3.0400
 2.834    3.0500
 2.835    3.1000
 2.837    3.1600
 2.838    3.1500
 2.840    3.2800
 2.842    3.3200
 2.843    3.2800
 2.845    3.2200
 2.846    3.1900
 2.848    3.2100
 2.849    3.2000
 2.851    3.2600
 2.853    3.3500
 2.854    3.2900
 2.856    3.1900
 2.857    3.1300
 2.859    3.1400
 2.860    3.2000
 2.862    3.2500
 2.864    3.1900
 2.865    3.2600
 2.867    3.2800
 2.868    3.2000
 2.870    3.1300
 2.871    3.1900
 2.873    3.2200
 2.875    3.2000
 2.876    3.3200
 2.878    3.3300
 2.879    3.2200
 2.881    3.1800
 2.883    3.1800
 2.884    3.1600
 2.886    3.1800
 2.887    3.2700
 2.889    3.2500
 2.891    3.2500
 2.892    3.1200
 2.894    3.0400
 2.896    3.2000
 2.897    3.2700
 2.899    3.2100
 2.900    3.2400
 2.902    3.2300
 2.904    3.2000
 2.905    3.3200
 2.907    3.4200
 2.909    3.3400
 2.910    3.2900
 2.912    3.2600
 2.913    3.3200
 2.915    3.3600
 2.917    3.3600
 2.918    3.3500
 2.920    3.3400
 2.922    3.3300
 2.923    3.2600
 2.925    3.1400
 2.927    3.1700
 2.928    3.2100
 2.930    3.2500
 2.932    3.3000
 2.933    3.2900
 2.935    3.2500
 2.937    3.2400
 2.938    3.2100
 2.940    3.2000
 2.942    3.2100
 2.943    3.2100
 2.945    3.2400
 2.947    3.2700
 2.948    3.3900
 2.950    3.4700
 2.952    3.3600
 2.953    3.3300
 2.955    3.3800
 2.957    3.4300
 2.958    3.2900
 2.960    3.2900
 2.962    3.3800
 2.963    3.4100
 2.965    3.4400
 2.967    3.4900
 2.968    3.3900
 2.970    3.3700
 2.972    3.4300
 2.974    3.5300
 2.975    3.5000
 2.977    3.3900
 2.979    3.3500
 2.980    3.4300
 2.982    3.4400
 2.984    3.4700
 2.986    3.4600
 2.987    3.4500
 2.989    3.4400
 2.991    3.4300
 2.992    3.2900
 2.994    3.1600
 2.996    3.2600
 2.998    3.4800
 2.999    3.4800
 3.001    3.3600
 3.003    3.2900
 3.005    3.4000
 3.006    3.5100
 3.008    3.5900
 3.010    3.6600
 3.012    3.5900
 3.013    3.4600
 3.015    3.3900
 3.017    3.4200
 3.019    3.4800
 3.020    3.5300
 3.022    3.5400
 3.024    3.5000
 3.026    3.5300
 3.027    3.4800
 3.029    3.4000
 3.031    3.3100
 3.033    3.4000
 3.034    3.5200
 3.036    3.5900
 3.038    3.5100
 3.040    3.4600
 3.042    3.3900
 3.043    3.4200
 3.045    3.4700
 3.047    3.4600
 3.049    3.4300
 3.051    3.4800
 3.052    3.4700
 3.054    3.4500
 3.056    3.4800
 3.058    3.4400
 3.060    3.4400
 3.061    3.5300
 3.063    3.4500
 3.065    3.3800
 3.067    3.4300
 3.069    3.4600
 3.070    3.4200
 3.072    3.4100
 3.074    3.4400
 3.076    3.5600
 3.078    3.5400
 3.079    3.5400
 3.081    3.5900
 3.083    3.6000
 3.085    3.5800
 3.087    3.5700
 3.089    3.5700
 3.091    3.5200
 3.092    3.4800
 3.094    3.5800
 3.096    3.5800
 3.098    3.5000
 3.100    3.5100
 3.102    3.6500
 3.103    3.5600
 3.105    3.4500
 3.107    3.4700
 3.109    3.5600
 3.111    3.5700
 3.113    3.6000
 3.115    3.6000
 3.116    3.6000
 3.118    3.6800
 3.120    3.7300
 3.122    3.6500
 3.124    3.5800
 3.126    3.5500
 3.128    3.5800
 3.130    3.6600
 3.132    3.7600
 3.133    3.7400
 3.135    3.7300
 3.137    3.6200
 3.139    3.5700
 3.141    3.5700
 3.143    3.6900
 3.145    3.7400
 3.147    3.7200
 3.149    3.6700
 3.151    3.7300
 3.152    3.7700
 3.154    3.8200
 3.156    3.7400
 3.158    3.6400
 3.160    3.6900
 3.162    3.7600
 3.164    3.7000
 3.166    3.7200
 3.168    3.7900
 3.170    3.8100
 3.172    3.7500
 3.174    3.7600
 3.176    3.7800
 3.178    3.8200
 3.180    3.8300
 3.182    3.8200
 3.183    3.8300
 3.185    3.8100
 3.187    3.8000
 3.189    3.8000
 3.191    3.8400
 3.193    3.8800
 3.195    3.8400
 3.197    3.8500
 3.199    3.8900
 3.201    3.9200
 3.203    3.9200
 3.205    3.9300
 3.207    3.9300
 3.209    3.9600
 3.211    3.9300
 3.213    3.9300
 3.215    3.9700
 3.217    3.9800
 3.219    3.9900
 3.221    3.9600
 3.223    3.9100
 3.225    3.9200
 3.227    3.9500
 3.229    4.0200
 3.231    4.0200
 3.233    3.9900
 3.235    4.0100
 3.237    4.0600
 3.239    4.0800
 3.241    4.1600
 3.243    4.1400
 3.245    4.1300
 3.247    4.0700
 3.249    4.0800
 3.251    4.1300
 3.253    4.0700
 3.255    4.0400
 3.257    4.1200
 3.259    4.1200
 3.262    4.0500
 3.264    4.0400
 3.266    4.1000
 3.268    4.0900
 3.270    4.1200
 3.272    4.1600
 3.274    4.2000
 3.276    4.2200
 3.278    4.1600
 3.280    4.1200
 3.282    4.1900
 3.284    4.2300
 3.286    4.2400
 3.288    4.2300
 3.291    4.2900
 3.293    4.2300
 3.295    4.1700
 3.297    4.2000
 3.299    4.2400
 3.301    4.2100
 3.303    4.2600
 3.305    4.3100
 3.307    4.3300
 3.309    4.3000
 3.312    4.3100
 3.314    4.3300
 3.316    4.3500
 3.318    4.3400
 3.320    4.3400
 3.322    4.4000
 3.324    4.4300
 3.326    4.3500
 3.329    4.3400
 3.331    4.3400
 3.333    4.3300
 3.335    4.3500
 3.337    4.3600
 3.339    4.2800
 3.341    4.3000
 3.344    4.3500
 3.346    4.4000
 3.348    4.4200
 3.350    4.3500
 3.352    4.2700
 3.354    4.3400
 3.357    4.3600
 3.359    4.3300
 3.361    4.4000
 3.363    4.4200
 3.365    4.3900
 3.367    4.4300
 3.370    4.4200
 3.372    4.4200
 3.374    4.4900
 3.376    4.5400
 3.378    4.5700
 3.381    4.5700
 3.383    4.5300
 3.385    4.5300
 3.387    4.5500
 3.389    4.5700
 3.392    4.5900
 3.394    4.5700
 3.396    4.5300
 3.398    4.5800
 3.401    4.6500
 3.403    4.7200
 3.405    4.6800
 3.407    4.6500
 3.409    4.6300
 3.412    4.6600
 3.414    4.6900
 3.416    4.7500
 3.418    4.7900
 3.421    4.7800
 3.423    4.8000
 3.425    4.8000
 3.428    4.8200
 3.430    4.8300
 3.432    4.9000
 3.434    4.9300
 3.437    4.9300
 3.439    4.8700
 3.441    4.7900
 3.443    4.8000
 3.446    4.8300
 3.448    4.8300
 3.450    4.8200
 3.453    4.7500
 3.455    4.7700
 3.457    4.8400
 3.460    4.8500
 3.462    4.8500
 3.464    4.7800
 3.466    4.6800
 3.469    4.6800
 3.471    4.7600
 3.473    4.8400
 3.476    4.8600
 3.478    4.8200
 3.480    4.7500
 3.483    4.6800
 3.485    4.7400
 3.487    4.8000
 3.490    4.8000
 3.492    4.8200
 3.494    4.8700
 3.497    4.9000
 3.499    4.9200
 3.502    4.9000
 3.504    4.9700
 3.506    4.9900
 3.509    5.0300
 3.511    5.0400
 3.513    5.0400
 3.516    5.0300
 3.518    5.0700
 3.521    5.1500
 3.523    5.2100
 3.525    5.1500
 3.528    5.0400
 3.530    5.0600
 3.533    5.2300
 3.535    5.2400
 3.537    5.2600
 3.540    5.3400
 3.542    5.3400
 3.545    5.3000
 3.547    5.2600
 3.550    5.2300
 3.552    5.2700
 3.554    5.3600
 3.557    5.3400
 3.559    5.3300
 3.562    5.3900
 3.564    5.3800
 3.567    5.3500
 3.569    5.3300
 3.571    5.3600
 3.574    5.4300
 3.576    5.4500
 3.579    5.4000
 3.581    5.3900
 3.584    5.3900
 3.586    5.3800
 3.589    5.4300
 3.591    5.5100
 3.594    5.5000
 3.596    5.4900
 3.599    5.4700
 3.601    5.5400
 3.604    5.5700
 3.606    5.5200
 3.609    5.5200
 3.611    5.5600
 3.614    5.5900
 3.616    5.6200
 3.619    5.5900
 3.621    5.5100
 3.624    5.4800
 3.626    5.5300
 3.629    5.5300
 3.632    5.5400
 3.634    5.5700
 3.637    5.6200
 3.639    5.6400
 3.642    5.6500
 3.644    5.6700
 3.647    5.6800
 3.649    5.6500
 3.652    5.6200
 3.655    5.5900
 3.657    5.6000
 3.660    5.6600
 3.662    5.6800
 3.665    5.6900
 3.667    5.6400
 3.670    5.6000
 3.673    5.7200
 3.675    5.7500
 3.678    5.6500
 3.680    5.6800
 3.683    5.7400
 3.686    5.7000
 3.688    5.7100
 3.691    5.7200
 3.694    5.7600
 3.696    5.7500
 3.699    5.6900
 3.701    5.6900
 3.704    5.7100
 3.707    5.6700
 3.709    5.6600
 3.712    5.6900
 3.715    5.7000
 3.717    5.7600
 3.720    5.7100
 3.723    5.6500
 3.725    5.7100
 3.728    5.7900
 3.731    5.7600
 3.733    5.7600
 3.736    5.8000
 3.739    5.7800
 3.742    5.7400
 3.744    5.7100
 3.747    5.7300
 3.750    5.7600
 3.752    5.8100
 3.755    5.8300
 3.758    5.7900
 3.761    5.7500
 3.763    5.7200
 3.766    5.7200
 3.769    5.7500
 3.771    5.7700
 3.774    5.7800
 3.777    5.7800
 3.780    5.7800
 3.782    5.7400
 3.785    5.7400
 3.788    5.7100
 3.791    5.6900
 3.794    5.6900
 3.796    5.7400
 3.799    5.7400
 3.802    5.7100
 3.805    5.6400
 3.807    5.5700
 3.810    5.5200
 3.813    5.5600
 3.816    5.5400
 3.819    5.5300
 3.822    5.5500
 3.824    5.5400
 3.827    5.5200
 3.830    5.5400
 3.833    5.5000
 3.836    5.4800
 3.838    5.4500
 3.841    5.4500
 3.844    5.3900
 3.847    5.3600
 3.850    5.4400
 3.853    5.4800
 3.856    5.4600
 3.858    5.4800
 3.861    5.4600
 3.864    5.4100
 3.867    5.3900
 3.870    5.3800
 3.873    5.4100
 3.876    5.4500
 3.879    5.4100
 3.882    5.3600
 3.884    5.3700
 3.887    5.4100
 3.890    5.4100
 3.893    5.4400
 3.896    5.3800
 3.899    5.3100
 3.902    5.3200
 3.905    5.3800
 3.908    5.4100
 3.911    5.4200
 3.914    5.4200
 3.917    5.4100
 3.920    5.3500
 3.923    5.2900
 3.926    5.2500
 3.929    5.3200
 3.932    5.3800
 3.935    5.3600
 3.938    5.3300
 3.941    5.2600
 3.944    5.1700
 3.947    5.1900
 3.950    5.1900
 3.953    5.1600
 3.956    5.1500
 3.959    5.1600
 3.962    5.1600
 3.965    5.1000
 3.968    5.0700
 3.971    5.0800
 3.974    5.0900
 3.977    5.1200
 3.980    5.0700
 3.983    5.0500
 3.986    5.0500
 3.989    5.1200
 3.992    5.1300
 3.995    5.1000
 3.998    5.1300
 4.001    5.2000
 4.004    5.2100
 4.008    5.2700
 4.011    5.3300
 4.014    5.3600
 4.017    5.4200
 4.020    5.4700
 4.023    5.4200
 4.026    5.4300
 4.029    5.5100
 4.032    5.5600
 4.036    5.5600
 4.039    5.5700
 4.042    5.6400
 4.045    5.6600
 4.048    5.6400
 4.051    5.6500
 4.055    5.6300
 4.058    5.6200
 4.061    5.6400
 4.064    5.7000
 4.067    5.7300
 4.070    5.7100
 4.074    5.6400
 4.077    5.6800
 4.080    5.7000
 4.083    5.6700
 4.087    5.6700
 4.090    5.7000
 4.093    5.7200
 4.096    5.7300
 4.099    5.7000
 4.103    5.6400
 4.106    5.6000
 4.109    5.6000
 4.112    5.6900
 4.116    5.7900
 4.119    5.8000
 4.122    5.7200
 4.126    5.6800
 4.129    5.6700
 4.132    5.6500
 4.135    5.6600
 4.139    5.7200
 4.142    5.7600
 4.145    5.7500
 4.149    5.7600
 4.152    5.7600
 4.155    5.7500
 4.159    5.7000
 4.162    5.6900
 4.165    5.7100
 4.169    5.7100
 4.172    5.7100
 4.175    5.7200
 4.179    5.7400
 4.182    5.7200
 4.185    5.6800
 4.189    5.6900
 4.192    5.6600
 4.196    5.6400
 4.199    5.6200
 4.202    5.5700
 4.206    5.5200
 4.209    5.4000
 4.213    5.2700
 4.216    5.1700
 4.219    5.1200
 4.223    5.1200
 4.226    5.0800
 4.230    4.9800
 4.233    4.9800
 4.237    5.0200
 4.240    5.0600
 4.244    5.1500
 4.247    5.2300
 4.251    5.3200
 4.254    5.4300
 4.258    5.4200
 4.261    5.3000
 4.265    5.1800
 4.268    5.2000
 4.272    5.2100
 4.275    5.1500
 4.279    5.1200
 4.282    5.1200
 4.286    5.2000
 4.289    5.2100
 4.293    5.1800
 4.296    5.2000
 4.300    5.3000
 4.304    5.3100
 4.307    5.3200
 4.311    5.3400
 4.314    5.3300
 4.318    5.3600
 4.321    5.3700
 4.325    5.3700
 4.329    5.4500
 4.332    5.5000
 4.336    5.4400
 4.340    5.4100
 4.343    5.4700
 4.347    5.5400
 4.350    5.4600
 4.354    5.3800
 4.358    5.4200
 4.361    5.4900
 4.365    5.5000
 4.369    5.5000
 4.372    5.5000
 4.376    5.4800
 4.380    5.4800
 4.384    5.4500
 4.387    5.4400
 4.391    5.4700
 4.395    5.4500
 4.398    5.4200
 4.402    5.5000
 4.406    5.5200
 4.410    5.4600
 4.413    5.4200
 4.417    5.4400
 4.421    5.4500
 4.425    5.4500
 4.428    5.4400
 4.432    5.4500
 4.436    5.3800
 4.440    5.3500
 4.444    5.3600
 4.447    5.3800
 4.451    5.4100
 4.455    5.4000
 4.459    5.3700
 4.463    5.3400
 4.467    5.3300
 4.470    5.3300
 4.474    5.2800
 4.478    5.2800
 4.482    5.3300
 4.486    5.3400
 4.490    5.3200
 4.494    5.3000
 4.498    5.2900
 4.502    5.3200
 4.505    5.3300
 4.509    5.2900
 4.513    5.2600
 4.517    5.2300
 4.521    5.2200
 4.525    5.2700
 4.529    5.3200
 4.533    5.3200
 4.537    5.2700
 4.541    5.1800
 4.545    5.1800
 4.549    5.2100
 4.553    5.1900
 4.557    5.2400
 4.561    5.2600
 4.565    5.2100
 4.569    5.1600
 4.573    5.1500
 4.577    5.1500
 4.581    5.1600
 4.585    5.1500
 4.589    5.1300
 4.593    5.1400
 4.597    5.1200
 4.601    5.1000
 4.605    5.1100
 4.610    5.1000
 4.614    5.0700
 4.618    5.0700
 4.622    5.0600
 4.626    5.0300
 4.630    5.0000
 4.634    5.0100
 4.638    5.0400
 4.643    4.9900
 4.647    4.9600
 4.651    4.9700
 4.655    4.9800
 4.659    4.9400
 4.663    4.9000
 4.668    4.8900
 4.672    4.9000
 4.676    4.8700
 4.680    4.8700
 4.684    4.9000
 4.689    4.9000
 4.693    4.9100
 4.697    4.9100
 4.701    4.9000
 4.706    4.8900
 4.710    4.9100
 4.714    4.9700
 4.719    4.9700
 4.723    4.9400
 4.727    4.9200
 4.731    4.8900
 4.736    4.8800
 4.740    4.8800
 4.744    4.9000
 4.749    4.9200
 4.753    4.9200
 4.758    4.8800
 4.762    4.8500
 4.766    4.8600
 4.771    4.8900
 4.775    4.8800
 4.779    4.8600
 4.784    4.8600
 4.788    4.8600
 4.793    4.8500
 4.797    4.8600
 4.802    4.8400
 4.806    4.7900
 4.810    4.7800
 4.815    4.8000
 4.819    4.7800
 4.824    4.7600
 4.828    4.7700
 4.833    4.7600
 4.837    4.7600
 4.842    4.7800
 4.846    4.7700
 4.851    4.7500
 4.856    4.7600
 4.860    4.7500
 4.865    4.7000
 4.869    4.6700
 4.874    4.7000
 4.878    4.7300
 4.883    4.7600
 4.888    4.7500
 4.892    4.6700
 4.897    4.6700
 4.901    4.7500
 4.906    4.7400
 4.911    4.6900
 4.915    4.6700
 4.920    4.6800
 4.925    4.6900
 4.929    4.7100
 4.934    4.7100
 4.939    4.6900
 4.943    4.7000
 4.948    4.6900
 4.953    4.6300
 4.958    4.6500
 4.962    4.7000
 4.967    4.6800
 4.972    4.6400
 4.977    4.6100
 4.981    4.6200
 4.986    4.6400
 4.991    4.6400
 4.996    4.6300
 5.001    4.6400
 5.005    4.6600
 5.010    4.6300
 5.015    4.5400
 5.020    4.5100
 5.025    4.5600
 5.030    4.5600
 5.035    4.5800
 5.040    4.6000
 5.044    4.5800
 5.049    4.5500
 5.054    4.5400
 5.059    4.5600
 5.064    4.6000
 5.069    4.5700
 5.074    4.5100
 5.079    4.4800
 5.084    4.4800
 5.089    4.5000
 5.094    4.5100
 5.099    4.5200
 5.104    4.5000
 5.109    4.5300
 5.114    4.5200
 5.119    4.5200
 5.124    4.5500
 5.129    4.5400
 5.134    4.5200
 5.139    4.4700
 5.145    4.4300
 5.150    4.5100
 5.155    4.5100
 5.160    4.5000
 5.165    4.4900
 5.170    4.4900
 5.175    4.5200
 5.180    4.5600
 5.186    4.5600
 5.191    4.5000
 5.196    4.4200
 5.201    4.4400
 5.206    4.4200
 5.212    4.4200
 5.217    4.5300
 5.222    4.5700
 5.227    4.5100
 5.233    4.4500
 5.238    4.4600
 5.243    4.4800
 5.249    4.5100
 5.254    4.5500
 5.259    4.5400
 5.265    4.4900
 5.270    4.4700
 5.275    4.5000
 5.281    4.4800
 5.286    4.4200
 5.291    4.4700
 5.297    4.5100
 5.302    4.4800
 5.308    4.4500
 5.313    4.4400
 5.319    4.4800
 5.324    4.4800
 5.330    4.4400
 5.335    4.4700
 5.341    4.3500
 5.346    4.1800
 5.352    4.2400
 5.357    4.3300
 5.363    4.3900
 5.368    4.4100
 5.374    4.3900
 5.379    4.3500
 5.385    4.3400
 5.390    4.3200
 5.396    4.3000
 5.402    4.2900
 5.407    4.2700
 5.413    4.1300
 5.419    3.9900
 5.424    4.1600
 5.430    4.2600
 5.436    4.2300
 5.441    4.1900
 5.447    4.1800
 5.453    4.1300
 5.459    3.9300
 5.464    3.9700
 5.470    4.0300
 5.476    4.0100
 5.482    4.1200
 5.487    4.1800
 5.493    4.1400
 5.499    4.0700
 5.505    4.0800
 5.511    4.0400
 5.517    3.9500
 5.523    3.9400
 5.528    3.9600
 5.534    3.9300
 5.540    3.8100
 5.546    3.6500
 5.552    3.6200
 5.558    3.6500
 5.564    3.6300
 5.570    3.5300
 5.576    3.5000
 5.582    3.6800
 5.588    3.8400
 5.594    3.8300
 5.600    3.8200
 5.606    3.8100
 5.612    3.7700
 5.618    3.8600
 5.624    3.8900
 5.630    3.7900
 5.637    3.5400
 5.643    3.6100
 5.649    3.7500
 5.655    3.8100
 5.661    3.8600
 5.667    3.7100
 5.674    3.6400
 5.680    3.7300
 5.686    3.7100
 5.692    3.7400
 5.698    3.7000
 5.705    3.4600
 5.711    3.4200
 5.717    3.5100
 5.724    3.5900
 5.730    3.6200
 5.736    3.5900
 5.743    3.5000
 5.749    3.5700
 5.755    3.4300
 5.762    3.1100
 5.768    3.3200
 5.775    3.5000
 5.781    3.5700
 5.788    3.5900
 5.794    3.5200
 5.800    3.5000
 5.807    3.4000
 5.813    3.0700
 5.820    2.9700
 5.827    3.1400
 5.833    3.2800
 5.840    3.3400
 5.846    3.2300
 5.853    3.0900
 5.859    3.0600
 5.866    3.0600
 5.873    2.7100
 5.879    2.6300
 5.886    2.7300
 5.893    2.6700
 5.899    2.8900
 5.906    2.9300
 5.913    2.8700
 5.920    2.8200
 5.926    2.6300
 5.933    2.4000
 5.940    2.5900
 5.947    2.7300
 5.954    2.7200
 5.960    2.4900
 5.967    2.4300
 5.974    2.4600
 5.981    2.3200
 5.988    2.3400
 5.995    2.4900
 6.002    2.4800
 6.009    2.3600
 6.016    2.4000
 6.023    2.4200
 6.030    2.3200
 6.037    2.0400
 6.044    1.8300
 6.051    2.1100
 6.058    2.2000
 6.065    2.0500
 6.072    2.1300
 6.079    2.3000
 6.086    2.3500
 6.094    2.3100
 6.101    2.1700
 6.108    2.0500
 6.115    2.2400
 6.122    2.4200
 6.130    2.4400
 6.137    2.3900
 6.144    2.4300
 6.151    2.4000
 6.159    2.4600
 6.166    2.6000
 6.173    2.5300
 6.181    2.4800
 6.188    2.7100
 6.195    2.8700
 6.203    2.9100
 6.210    2.9100
 6.218    2.9800
 6.225    3.1000
 6.233    3.1800
 6.240    3.1800
 6.248    3.2100
 6.255    3.2600
 6.263    3.3600
 6.270    3.4600
 6.278    3.5000
 6.286    3.5700
 6.293    3.6700
 6.301    3.7600
 6.308    3.8600
 6.316    3.9300
 6.324    3.9700
 6.332    3.8700
 6.339    3.9400
 6.347    4.3800
 6.355    4.5500
 6.363    4.4500
 6.370    4.7400
 6.378    5.1400
 6.386    5.4000
 6.394    5.4800
 6.402    4.9000
 6.410    4.8000
 6.418    5.8100
 6.426    6.3900
 6.434    7.0200
 6.442    7.3800
 6.450    7.6400
 6.458    7.7500
 6.466    7.3300
 6.474    6.9300
 6.482    6.3600
 6.490    6.4600
 6.498    7.3900
 6.506    7.5200
 6.515    7.1800
 6.523    7.5300
 6.531    7.6100
 6.539    7.3000
 6.547    7.0700
 6.556    6.9000
 6.564    6.4400
 6.572    6.6400
 6.581    6.7500
 6.589    6.7700
 6.597    7.0700
 6.606    7.0300
 6.614    6.7200
 6.623    6.0200
 6.631    5.6200
 6.640    6.4500
 6.648    6.9900
 6.657    6.8400
 6.665    6.5200
 6.674    6.3900
 6.682    6.6600
 6.691    6.7400
 6.700    6.3000
 6.708    6.2000
 6.717    6.4300
 6.726    6.6900
 6.734    6.7400
 6.743    6.6800
 6.752    6.7000
 6.761    6.4800
 6.770    6.1500
 6.778    5.8000
 6.787    5.8400
 6.796    6.3400
 6.805    6.4800
 6.814    6.2500
 6.823    6.2200
 6.832    6.4700
 6.841    6.1600
 6.850    5.5500
 6.859    5.5200
 6.868    6.0900
 6.877    6.2800
 6.886    6.3100
 6.896    6.2000
 6.905    6.2000
 6.914    6.2800
 6.923    6.3500
 6.932    6.3400
 6.942    6.0700
 6.951    5.6800
 6.960    5.9400
 6.970    6.1900
 6.979    6.1700
 6.989    6.1800
 6.998    6.2900
 7.007    6.2000
 7.017    6.1500
 7.026    6.0900
 7.036    5.7500
 7.046    5.8600
 7.055    6.2100
 7.065    6.3100
 7.074    6.2700
 7.084    6.1200
 7.094    5.9800
 7.103    5.7200
 7.113    5.4800
 7.123    5.3700
 7.133    5.1200
 7.143    4.9900
 7.152    4.9200
 7.162    4.7400
 7.172    4.8300
 7.182    4.8200
 7.192    4.5900
 7.202    4.4800
 7.212    4.5100
 7.222    4.4100
 7.232    4.3500
 7.242    4.2700
 7.252    4.2300
 7.263    4.1200
 7.273    4.0700
 7.283    4.0800
 7.293    4.0400
 7.303    4.0400
 7.314    4.0300
 7.324    3.8800
 7.334    3.8700
 7.345    3.9700
 7.355    3.9700
 7.366    3.9200
 7.376    4.0000
 7.387    4.0300
 7.397    4.0000
 7.408    3.9000
 7.418    3.8900
 7.429    3.8600
 7.440    3.8500
 7.450    3.7500
 7.461    3.7100
 7.472    3.7300
 7.483    3.7900
 7.493    3.7600
 7.504    3.7300
 7.515    3.7600
 7.526    3.8100
 7.537    3.7800
 7.548    3.7600
 7.559    3.7800
 7.570    3.7400
 7.581    3.6900
 7.592    3.6600
 7.603    3.7100
 7.614    3.7400
 7.626    3.7200
 7.637    3.7700
 7.648    3.7600
 7.659    3.7300
 7.671    3.7600
 7.682    3.7900
 7.694    3.7700
 7.705    3.7700
 7.716    3.6900
 7.728    3.6800
 7.739    3.7300
 7.751    3.7600
 7.763    3.7300
 7.774    3.7600
 7.786    3.7100
 7.798    3.6800
 7.809    3.6700
 7.821    3.6900
 7.833    3.6900
 7.845    3.6400
 7.857    3.6200
 7.869    3.6500
 7.881    3.5900
 7.893    3.5500
 7.905    3.5800
 7.917    3.6300
 7.929    3.5500
 7.941    3.5700
 7.953    3.5400
 7.965    3.5200
 7.978    3.5500
 7.990    3.5700
 8.002    3.5100
 8.015    3.5000
 8.027    3.4300
 8.039    3.4200
 8.052    3.4200
 8.064    3.4100
 8.077    3.4000
 8.090    3.4400
 8.102    3.4100
 8.115    3.4100
 8.128    3.4000
 8.140    3.4400
 8.153    3.4300
 8.166    3.4300
 8.179    3.3900
 8.192    3.3500
 8.205    3.3100
 8.218    3.3200
 8.231    3.3400
 8.244    3.3500
 8.257    3.3100
 8.270    3.2900
 8.283    3.2800
 8.297    3.2700
 8.310    3.2400
 8.323    3.2500
 8.337    3.2600
 8.350    3.3100
 8.364    3.2600
 8.377    3.3000
 8.391    3.3000
 8.404    3.2800
 8.418    3.3300
 8.431    3.4200
 8.445    3.4500
 8.459    3.4300
 8.473    3.4600
 8.487    3.5000
 8.501    3.5300
 8.515    3.6400
 8.529    3.7200
 8.543    3.7500
 8.557    3.8000
 8.571    3.9000
 8.585    3.9700
 8.599    4.1000
 8.614    4.2500
 8.628    4.3400
 8.642    4.4900
 8.657    4.6600
 8.671    4.7500
 8.686    4.9400
 8.700    5.1100
 8.715    5.2600
 8.730    5.3300
 8.744    5.4800
 8.759    5.6400
 8.774    5.7900
 8.789    5.9500
 8.804    6.1700
 8.819    6.3200
 8.834    6.5400
 8.849    6.7000
 8.864    6.8100
 8.879    7.0000
 8.894    7.1800
 8.909    7.2900
 8.925    7.5400
 8.940    7.7700
 8.956    7.9200
 8.971    8.0400
 8.987    8.2500
 9.002    8.4400
 9.018    8.6700
 9.034    8.9200
 9.049    9.2000
 9.065    9.3700
 9.081    9.4900
 9.097    9.6300
 9.113    9.7800
 9.129    9.8800
 9.145    9.9400
 9.161   10.0300
 9.178   10.1200
 9.194   10.1800
 9.210   10.3600
 9.226   10.5200
 9.243   10.7200
 9.259   10.9200
 9.276   11.1500
 9.293   11.4100
 9.309   11.6100
 9.326   11.7400
 9.343   11.9200
 9.360   12.1200
 9.377   12.3100
 9.394   12.4400
 9.411   12.5400
 9.428   12.6400
 9.445   12.7400
 9.462   12.8000
 9.479   12.8800
 9.497   12.8500
 9.514   12.8000
 9.532   12.7200
 9.549   12.6100
 9.567   12.4400
 9.585   12.3200
 9.602   12.0900
 9.620   11.8600
 9.638   11.5700
 9.656   11.3000
 9.674   11.0900
 9.692   10.9400
 9.710   10.7200
 9.728   10.5100
 9.747   10.3000
 9.765   10.1800
 9.783   10.0500
 9.802    9.8300
 9.821    9.7000
 9.839    9.6700
 9.858    9.5100
 9.877    9.2900
 9.895    9.1000
 9.914    8.9800
 9.933    8.8500
 9.952    8.8300
 9.972    8.7000
 9.991    8.5500
10.010    8.4400
10.029    8.2800
10.049    8.0500
10.068    7.9300
10.088    7.8300
10.108    7.7700
10.127    7.6500
10.147    7.5600
10.167    7.4600
10.187    7.4200
10.207    7.3500
10.227    7.3000
10.247    7.1800
10.268    7.1300
10.288    7.0700
10.309    7.0000
10.329    6.8300
10.350    6.7600
10.370    6.7400
10.391    6.6600
10.412    6.4900
10.433    6.4100
10.454    6.2900
10.475    6.2200
10.496    6.1500
10.518    6.1200
10.539    6.0700
10.560    5.9900
10.582    5.9500
10.604    5.8900
10.625    5.8500
10.647    5.8800
10.669    5.8000
10.691    5.8300
10.713    5.8200
10.735    5.8700
10.758    5.9000
10.780    5.9200
10.802    6.0000
10.825    6.0300
10.848    6.0100
10.870    6.0700
10.893    6.1100
10.916    6.2000
10.939    6.1900
10.962    6.1300
10.985    6.1200
11.009    6.1600
11.032    6.1700
11.056    6.1500
11.079    6.1000
11.103    6.1100
11.127    6.1300
11.151    6.1300
11.175    6.2400
11.199    6.5700
11.223    7.0900
11.248    7.6800
11.272    7.9800
11.297    8.1100
11.321    8.0600
11.346    7.8800
11.371    7.5500
11.396    7.2400
11.421    6.8900
11.446    6.5400
11.471    6.0700
11.497    5.8100
11.522    5.6300
11.548    5.5300
11.574    5.4000
11.600    5.3600
11.626    5.2100
11.652    5.0800
11.678    4.9900
11.704    4.8900
11.731    4.7300
11.757    4.6400
11.784    4.6100
11.811    4.5800
11.838    4.3700
11.865    4.2600
11.892    4.2700
11.920    4.2700
11.947    4.1500
11.975    4.0600
12.002    3.9900
12.030    3.9900
12.058    3.9700
12.086    4.0200
12.115    3.9900
12.143    3.9500
12.171    3.8700
12.200    3.7500
12.229    3.6600
12.258    3.7300
12.287    3.6700
12.316    3.5400
12.345    3.4900
12.375    3.5100
12.404    3.4800
12.434    3.4600
12.464    3.3700
12.494    3.4100
12.524    3.3400
12.554    3.2600
12.585    3.2100
12.616    3.2800
12.646    3.2400
12.677    3.2000
12.708    3.0700
12.739    3.0500
12.771    3.0400
12.802    3.1000
12.834    3.0400
12.866    2.9900
12.898    2.9800
12.930    3.0400
12.962    3.0300
12.995    3.0400
13.027    3.0000
13.060    3.0900
13.093    3.0900
13.126    2.9800
13.160    2.8500
13.193    2.9200
13.227    2.9800
13.261    3.0300
13.295    2.9400
13.329    2.9200
13.363    2.9200
13.398    2.9600
13.432    2.9400
13.467    2.9000
13.502    2.8900
13.538    2.8900
13.573    2.7300
13.609    2.7700
13.644    2.8000
13.680    2.8400
13.717    2.8100
13.753    2.7700
13.790    2.6800
13.826    2.7000
13.863    2.5400
13.900    2.5400
13.938    2.7300
13.975    3.0900
14.013    3.2200
