Name: Altered volcanic tuff
Type: Rock
Class: Igneous
Subclass: Felsic
Particle Size: Whole rock chips
Sample No.: Cup8
Owner: USGS
Wavelength range: 0.40 - 14.05 um
Origin: Cuprite, Nevada

Description: Altered volcanic tuff, white to light grey





Measurement: Directional Hemispherical Reflectance
First Column: X
Second Column: Y
X Units: Wavelength (micrometers)
Y Units: Reflectance (percent)
First X Value: 14.05105
Last X Value: 0.40000
Number of X Values: 2756
Additional Information: None
 0.400   30.1662
 0.404   30.6093
 0.408   31.0433
 0.412   31.4310
 0.416   31.8384
 0.420   32.2317
 0.424   32.6015
 0.428   32.9660
 0.432   33.3759
 0.436   33.7701
 0.440   34.1353
 0.444   34.4845
 0.448   34.8362
 0.452   35.1500
 0.456   35.4286
 0.460   35.6473
 0.464   35.8186
 0.468   36.0036
 0.472   36.2003
 0.476   36.3583
 0.480   36.5293
 0.484   36.7192
 0.488   36.9211
 0.492   37.1619
 0.496   37.3824
 0.500   37.6201
 0.504   37.8363
 0.508   38.0380
 0.512   38.2817
 0.516   38.4924
 0.520   38.7081
 0.524   38.9120
 0.528   39.1138
 0.532   39.3175
 0.536   39.5369
 0.540   39.7537
 0.544   39.9430
 0.548   40.1399
 0.552   40.3290
 0.556   40.5025
 0.560   40.6578
 0.564   40.8277
 0.568   40.9886
 0.572   41.1465
 0.576   41.3059
 0.580   41.4518
 0.584   41.5486
 0.588   41.6397
 0.592   41.7458
 0.596   41.8442
 0.600   41.9137
 0.604   41.9500
 0.608   42.0251
 0.612   42.1360
 0.616   42.2018
 0.620   42.2352
 0.624   42.3002
 0.628   42.3542
 0.632   42.4163
 0.636   42.4530
 0.640   42.5213
 0.644   42.5785
 0.648   42.6332
 0.652   42.6789
 0.656   42.7459
 0.660   42.7687
 0.664   42.8344
 0.668   42.9108
 0.672   42.9781
 0.676   42.9890
 0.680   43.0631
 0.684   43.0979
 0.688   43.1025
 0.692   43.1750
 0.696   43.1964
 0.700   43.2584
 0.704   43.2778
 0.708   43.3213
 0.712   43.3558
 0.716   43.3808
 0.720   43.3716
 0.724   43.4072
 0.728   43.4687
 0.732   43.5443
 0.736   43.5605
 0.740   43.5834
 0.744   43.6037
 0.748   43.6507
 0.752   43.6704
 0.756   43.6630
 0.760   43.6091
 0.764   43.6020
 0.768   43.6593
 0.772   43.7065
 0.776   43.7602
 0.780   43.7678
 0.784   43.7658
 0.788   43.7820
 0.792   43.7575
 0.796   43.8176
 0.800   43.8378
 0.804   43.7848
 0.808   43.7936
 0.812   43.7838
 0.816   43.8654
 0.820   43.7675
 0.824   43.8247
 0.828   43.8376
 0.832   43.8271
 0.836   43.8039
 0.840   43.8013
 0.844   44.0201
 0.848   43.9894
 0.852   43.8847
 0.856   43.1802
 0.860   42.6585
 0.864   42.6380
 0.868   42.5981
 0.872   42.6508
 0.876   42.6408
 0.880   42.6653
 0.884   42.6632
 0.888   42.6538
 0.892   42.6077
 0.896   42.5781
 0.900   42.5862
 0.904   42.5851
 0.908   42.5668
 0.912   42.5265
 0.916   42.4205
 0.920   42.3162
 0.924   42.3096
 0.928   42.3331
 0.932   42.3739
 0.936   42.4065
 0.940   42.4038
 0.944   42.4156
 0.948   42.4036
 0.952   42.3963
 0.956   42.3978
 0.960   42.4034
 0.964   42.3805
 0.968   42.4101
 0.972   42.4010
 0.976   42.4036
 0.980   42.4104
 0.984   42.4579
 0.988   42.4534
 0.992   42.4826
 0.996   42.5062
 1.000   42.5249
 1.004   42.5186
 1.008   42.5244
 1.012   42.4897
 1.016   42.5102
 1.020   42.5488
 1.024   42.5376
 1.028   42.5061
 1.032   42.5275
 1.036   42.5464
 1.040   42.5437
 1.044   42.4920
 1.048   42.4616
 1.052   42.4988
 1.056   42.5103
 1.060   42.4635
 1.064   42.4560
 1.068   42.4395
 1.072   42.4248
 1.076   42.4062
 1.080   42.4151
 1.084   42.4052
 1.088   42.3770
 1.092   42.3476
 1.096   42.3514
 1.100   42.3364
 1.104   42.3042
 1.108   42.3153
 1.112   42.2741
 1.116   42.2378
 1.120   42.2394
 1.124   42.2054
 1.128   42.1939
 1.132   42.1702
 1.136   42.1116
 1.140   42.0717
 1.144   42.0087
 1.148   42.0076
 1.152   42.0099
 1.156   41.9927
 1.160   41.9504
 1.164   41.9450
 1.168   41.9291
 1.172   41.9273
 1.176   41.9035
 1.180   41.8915
 1.184   41.8798
 1.188   41.8658
 1.192   41.8662
 1.196   41.8621
 1.200   41.8241
 1.204   41.8214
 1.208   41.8096
 1.212   41.8473
 1.216   41.8342
 1.220   41.8290
 1.224   41.7559
 1.228   41.7561
 1.232   41.7386
 1.236   41.7245
 1.240   41.6971
 1.244   41.7576
 1.248   41.6756
 1.252   41.6290
 1.256   41.6836
 1.260   41.6278
 1.264   41.6009
 1.268   41.6152
 1.272   41.6141
 1.276   41.5327
 1.280   41.5710
 1.284   41.5760
 1.288   41.5036
 1.292   41.4821
 1.296   41.4635
 1.300   41.5028
 1.304   41.4947
 1.308   41.4219
 1.312   41.3659
 1.316   41.3622
 1.320   41.3477
 1.324   41.3030
 1.328   41.2627
 1.332   41.2108
 1.336   41.2178
 1.340   41.1672
 1.344   41.0580
 1.348   40.9766
 1.352   40.8276
 1.356   40.7812
 1.360   40.7575
 1.364   40.7481
 1.368   40.6234
 1.372   40.5008
 1.376   40.3115
 1.380   40.1095
 1.384   39.8268
 1.388   39.5927
 1.392   39.2537
 1.396   39.0188
 1.400   38.6898
 1.404   38.4085
 1.408   38.1538
 1.412   37.9199
 1.416   37.7950
 1.420   37.7733
 1.424   37.8089
 1.428   37.7905
 1.432   37.8601
 1.436   37.9071
 1.440   37.9364
 1.444   37.9646
 1.448   37.9873
 1.452   37.9944
 1.456   37.9877
 1.460   37.9893
 1.464   38.0126
 1.468   38.0346
 1.472   38.1160
 1.476   38.1961
 1.480   38.2872
 1.484   38.3124
 1.488   38.3707
 1.492   38.4660
 1.496   38.5107
 1.500   38.5557
 1.504   38.6044
 1.508   38.6718
 1.512   38.6388
 1.516   38.6425
 1.520   38.6706
 1.524   38.7483
 1.528   38.7989
 1.532   38.8143
 1.536   38.8973
 1.540   38.9203
 1.544   38.9087
 1.548   38.9493
 1.552   39.0192
 1.556   39.0529
 1.560   39.0519
 1.564   39.0338
 1.568   39.0835
 1.572   39.0502
 1.576   39.0976
 1.580   39.0959
 1.584   39.0626
 1.588   39.0709
 1.592   39.1074
 1.596   39.1214
 1.600   39.0794
 1.604   39.0495
 1.608   39.0444
 1.612   39.0673
 1.616   39.0675
 1.620   39.0274
 1.624   39.0147
 1.628   39.0004
 1.632   38.9975
 1.636   39.0077
 1.640   38.9985
 1.644   38.9932
 1.648   38.9826
 1.652   38.9500
 1.656   38.9366
 1.660   38.9298
 1.664   38.9267
 1.668   38.9236
 1.672   38.9333
 1.676   38.8840
 1.680   38.8638
 1.684   38.8300
 1.688   38.8268
 1.692   38.8097
 1.696   38.7680
 1.700   38.7294
 1.704   38.7101
 1.708   38.6728
 1.712   38.6723
 1.716   38.6383
 1.720   38.5970
 1.724   38.5800
 1.728   38.5284
 1.732   38.4515
 1.736   38.4129
 1.740   38.3844
 1.744   38.3459
 1.748   38.2905
 1.752   38.2282
 1.756   38.1845
 1.760   38.1615
 1.764   38.1139
 1.768   38.0923
 1.772   38.1034
 1.776   38.1030
 1.780   38.0841
 1.784   38.0489
 1.788   38.0042
 1.792   37.9869
 1.796   37.9748
 1.800   37.9401
 1.804   37.8986
 1.808   37.8867
 1.812   37.8810
 1.816   37.8949
 1.820   37.8870
 1.824   37.8600
 1.828   37.8650
 1.832   37.8601
 1.836   37.8299
 1.840   37.7921
 1.844   37.7743
 1.848   37.7611
 1.852   37.6625
 1.856   37.5141
 1.860   37.3826
 1.864   37.2185
 1.868   36.9108
 1.872   36.4083
 1.876   35.7542
 1.880   35.0586
 1.884   34.3502
 1.888   33.6239
 1.892   32.9159
 1.896   32.1365
 1.900   31.2557
 1.904   30.4391
 1.908   29.8280
 1.912   29.4701
 1.916   29.2917
 1.920   29.2833
 1.924   29.4014
 1.928   29.5187
 1.932   29.6329
 1.936   29.8207
 1.940   29.9277
 1.944   30.0101
 1.948   30.0816
 1.952   30.1503
 1.956   30.2641
 1.960   30.4299
 1.964   30.6016
 1.968   30.7811
 1.972   31.0002
 1.976   31.2305
 1.980   31.4192
 1.984   31.5965
 1.988   31.7741
 1.992   31.8922
 1.996   31.9811
 2.000   32.0809
 2.004   32.2142
 2.008   32.3665
 2.012   32.5294
 2.016   32.7242
 2.020   32.9402
 2.024   33.1150
 2.028   33.2849
 2.032   33.4661
 2.036   33.6081
 2.040   33.7251
 2.044   33.8163
 2.048   33.8900
 2.052   33.9460
 2.056   34.0102
 2.060   34.0157
 2.064   34.0184
 2.068   34.0517
 2.072   34.0830
 2.076   34.0707
 2.080   34.1218
 2.084   34.1987
 2.088   34.2214
 2.092   34.2176
 2.096   34.2248
 2.100   34.2580
 2.104   34.2657
 2.108   34.3167
 2.112   34.4002
 2.116   34.4651
 2.120   34.5322
 2.124   34.5902
 2.128   34.6224
 2.132   34.6489
 2.136   34.6210
 2.140   34.5458
 2.144   34.5826
 2.148   34.5701
 2.152   34.5002
 2.156   34.3348
 2.160   34.2228
 2.164   34.0898
 2.168   33.9888
 2.172   33.9027
 2.176   33.6873
 2.180   33.5633
 2.184   33.3282
 2.188   33.1649
 2.192   33.0207
 2.196   32.8892
 2.200   32.6875
 2.204   32.4248
 2.208   32.4140
 2.212   32.3059
 2.216   32.2083
 2.220   32.1560
 2.224   32.1398
 2.228   32.0789
 2.232   32.0225
 2.236   32.0310
 2.240   31.9536
 2.244   31.9678
 2.248   31.8690
 2.252   31.7908
 2.256   31.7615
 2.260   31.8022
 2.264   31.7661
 2.268   31.8072
 2.272   31.8795
 2.276   31.7246
 2.280   31.7404
 2.284   31.6294
 2.288   31.6542
 2.292   31.7618
 2.296   31.7844
 2.300   31.7939
 2.304   31.6726
 2.308   31.5638
 2.312   31.7094
 2.316   31.6349
 2.320   31.6525
 2.324   31.8767
 2.328   31.8369
 2.332   31.7958
 2.336   31.7098
 2.340   31.8365
 2.344   31.8008
 2.348   31.7528
 2.352   31.6981
 2.356   31.5881
 2.360   31.5403
 2.364   31.2632
 2.368   31.2182
 2.372   30.7922
 2.376   30.7607
 2.380   30.7883
 2.384   30.6801
 2.388   30.3183
 2.392   30.2443
 2.396   30.1312
 2.400   29.9076
 2.404   29.3853
 2.408   29.4135
 2.412   29.1149
 2.416   28.9447
 2.420   28.9126
 2.424   28.4643
 2.428   28.1390
 2.432   28.0818
 2.436   27.8673
 2.440   27.8385
 2.444   27.3812
 2.448   27.2219
 2.452   27.1946
 2.456   26.8953
 2.460   26.7121
 2.464   26.7268
 2.468   26.5565
 2.472   26.3005
 2.476   25.9385
 2.480   25.7036
 2.484   25.7042
 2.488   25.7778
 2.492   25.0643
 2.496   25.5400
 2.500   25.0702
 2.502   25.2762
 2.503   25.3792
 2.504   24.9157
 2.505   24.7097
 2.506   24.9569
 2.508   24.9569
 2.509   24.8230
 2.510   24.9054
 2.511   25.1114
 2.513   25.2762
 2.514   24.9569
 2.515   24.5449
 2.516   24.6067
 2.517   24.5449
 2.519   24.6685
 2.520   24.6479
 2.521   24.3389
 2.522   24.0917
 2.524   24.0917
 2.525   24.4934
 2.526   24.5655
 2.527   24.0402
 2.528   24.0402
 2.530   24.2668
 2.531   24.1741
 2.532   24.1432
 2.533   23.9166
 2.535   23.7930
 2.536   24.0711
 2.537   24.1432
 2.538   23.9887
 2.540   24.1226
 2.541   24.1741
 2.542   24.2050
 2.543   24.2359
 2.545   24.2256
 2.546   23.9990
 2.547   23.8754
 2.548   23.7209
 2.550   23.7312
 2.551   23.8136
 2.552   24.2153
 2.553   24.2565
 2.555   24.0299
 2.556   23.8033
 2.557   23.5767
 2.558   23.5046
 2.560   23.5046
 2.561   23.8548
 2.562   24.3904
 2.563   24.1020
 2.565   23.6385
 2.566   23.4531
 2.567   23.6694
 2.569   23.8136
 2.570   23.6694
 2.571   23.4428
 2.572   23.1956
 2.574   23.1647
 2.575   23.5458
 2.576   23.7518
 2.577   23.7930
 2.579   23.5458
 2.580   23.0617
 2.581   22.9793
 2.583   23.4325
 2.584   23.5458
 2.585   23.4119
 2.586   23.5149
 2.588   23.4119
 2.589   23.1750
 2.590   23.1441
 2.592   23.0205
 2.593   23.1441
 2.594   23.2574
 2.596   23.3089
 2.597   23.4325
 2.598   23.2471
 2.599   22.7836
 2.601   22.3716
 2.602   22.2068
 2.603   22.4231
 2.605   22.6291
 2.606   22.6909
 2.607   22.7218
 2.609   22.7115
 2.610   22.5673
 2.611   22.4128
 2.613   22.5364
 2.614   22.5673
 2.615   22.4231
 2.617   22.4643
 2.618   22.2377
 2.619   22.1038
 2.620   22.1038
 2.622   21.7639
 2.623   21.7639
 2.624   21.9081
 2.626   21.8566
 2.627   21.7948
 2.628   21.7536
 2.630   21.8566
 2.631   21.6609
 2.632   21.3931
 2.634   21.3622
 2.635   21.2695
 2.636   20.8884
 2.638   20.7442
 2.639   20.7545
 2.640   20.6618
 2.642   20.5279
 2.643   20.2395
 2.645   20.2395
 2.646   20.3631
 2.647   20.1880
 2.649   20.1056
 2.650   19.6215
 2.651   19.2713
 2.653   19.3743
 2.654   19.3846
 2.655   19.1065
 2.657   19.1580
 2.658   19.0962
 2.659   18.9932
 2.661   18.6636
 2.662   18.5194
 2.664   18.5091
 2.665   18.1795
 2.666   17.7057
 2.668   17.4276
 2.669   17.1289
 2.670   16.8405
 2.672   16.3461
 2.673   15.9135
 2.675   15.6457
 2.676   15.5427
 2.677   15.1616
 2.679   14.8835
 2.680   14.3891
 2.681   13.8741
 2.683   13.3797
 2.684   13.1531
 2.686   13.0192
 2.687   12.5351
 2.688   11.8759
 2.690   11.5566
 2.691   11.2785
 2.693   10.8047
 2.694   10.1558
 2.695    9.8571
 2.697    9.7335
 2.698    9.5069
 2.700    9.2082
 2.701    8.6829
 2.702    8.1782
 2.704    7.8383
 2.705    7.2718
 2.707    7.1173
 2.708    6.8804
 2.709    6.5920
 2.711    6.3860
 2.712    6.0873
 2.714    5.9328
 2.715    5.9019
 2.717    5.6650
 2.718    5.2324
 2.719    4.8719
 2.721    4.9131
 2.722    4.9131
 2.724    4.9955
 2.725    5.0367
 2.727    4.8616
 2.728    4.6247
 2.729    4.4496
 2.731    4.2539
 2.732    4.2642
 2.734    4.1715
 2.735    4.1303
 2.737    4.0685
 2.738    3.8934
 2.740    3.7183
 2.741    3.6977
 2.742    3.6153
 2.744    3.6462
 2.745    3.6668
 2.747    3.5947
 2.748    3.5844
 2.750    3.5638
 2.751    3.3990
 2.753    3.4917
 2.754    3.5020
 2.756    3.4093
 2.757    3.2445
 2.758    3.2239
 2.760    3.2960
 2.761    3.4299
 2.763    3.4711
 2.764    3.2136
 2.766    3.0076
 2.767    3.0385
 2.769    3.1930
 2.770    3.3475
 2.772    3.1827
 2.773    3.1312
 2.775    3.2239
 2.776    3.2651
 2.778    2.9870
 2.779    2.9767
 2.781    3.1003
 2.782    3.0900
 2.784    3.0900
 2.785    3.0900
 2.787    3.0076
 2.788    2.9870
 2.790    3.1209
 2.791    3.1827
 2.793    2.9458
 2.794    2.9458
 2.796    2.8840
 2.797    2.9458
 2.799    2.9870
 2.800    3.1415
 2.802    3.0900
 2.803    3.1003
 2.805    3.1415
 2.806    3.0591
 2.808    2.9149
 2.809    2.9664
 2.811    2.8531
 2.812    2.8531
 2.814    2.8634
 2.815    3.0591
 2.817    3.0385
 2.818    2.9870
 2.820    2.8840
 2.821    2.6986
 2.823    2.6471
 2.825    2.8634
 2.826    3.0076
 2.828    2.9458
 2.829    2.8840
 2.831    2.9458
 2.832    2.9149
 2.834    2.7810
 2.835    2.5544
 2.837    2.6986
 2.838    2.9046
 2.840    2.9664
 2.842    2.7707
 2.843    2.7604
 2.845    2.8325
 2.846    2.6162
 2.848    2.6368
 2.849    2.8531
 2.851    2.8119
 2.853    2.6677
 2.854    2.5750
 2.856    2.5853
 2.857    2.6780
 2.859    2.7913
 2.860    2.7501
 2.862    2.6471
 2.864    2.6265
 2.865    2.7501
 2.867    2.6780
 2.868    2.6265
 2.870    2.7192
 2.871    2.7398
 2.873    2.5647
 2.875    2.5441
 2.876    2.4205
 2.878    2.3896
 2.879    2.4308
 2.881    2.3793
 2.883    2.5235
 2.884    2.4926
 2.886    2.5853
 2.887    2.7501
 2.889    2.6471
 2.891    2.7604
 2.892    2.9664
 2.894    2.9767
 2.896    2.7192
 2.897    2.6368
 2.899    2.7295
 2.900    2.7604
 2.902    2.6883
 2.904    2.6471
 2.905    2.6780
 2.907    2.7707
 2.909    2.6162
 2.910    2.5647
 2.912    2.5029
 2.913    2.6162
 2.915    2.5853
 2.917    2.4926
 2.918    2.6265
 2.920    2.7501
 2.922    2.8119
 2.923    2.8428
 2.925    2.6677
 2.927    2.6059
 2.928    2.6780
 2.930    2.5750
 2.932    2.3484
 2.933    2.3690
 2.935    2.6265
 2.937    2.7707
 2.938    2.6059
 2.940    2.5544
 2.942    2.5956
 2.943    2.6059
 2.945    2.6265
 2.947    2.6471
 2.948    2.6677
 2.950    2.6677
 2.952    2.5853
 2.953    2.5647
 2.955    2.4823
 2.957    2.5132
 2.958    2.5544
 2.960    2.5750
 2.962    2.6471
 2.963    2.6677
 2.965    2.5853
 2.967    2.5338
 2.968    2.6059
 2.970    2.7810
 2.972    2.7398
 2.974    2.7192
 2.975    2.6780
 2.977    2.7089
 2.979    2.7707
 2.980    2.7398
 2.982    2.4926
 2.984    2.5338
 2.986    2.6265
 2.987    2.7192
 2.989    2.7501
 2.991    2.7707
 2.992    2.7295
 2.994    2.6986
 2.996    2.5132
 2.998    2.5956
 2.999    2.7707
 3.001    2.8634
 3.003    2.8943
 3.005    2.7192
 3.006    2.6883
 3.008    2.8119
 3.010    2.7501
 3.012    2.6574
 3.013    2.6780
 3.015    2.6883
 3.017    2.5647
 3.019    2.6059
 3.020    2.6574
 3.022    2.6677
 3.024    2.7089
 3.026    2.7089
 3.027    2.8325
 3.029    2.9458
 3.031    2.8016
 3.033    2.6780
 3.034    2.5235
 3.036    2.6471
 3.038    2.8428
 3.040    2.9149
 3.042    2.7398
 3.043    2.8222
 3.045    2.8737
 3.047    2.8016
 3.049    2.8016
 3.051    2.8222
 3.052    2.9870
 3.054    2.9458
 3.056    2.8222
 3.058    2.7089
 3.060    2.5750
 3.061    2.7192
 3.063    2.7192
 3.065    2.8840
 3.067    2.9561
 3.069    2.8531
 3.070    2.8119
 3.072    2.7913
 3.074    2.6883
 3.076    2.7810
 3.078    2.9355
 3.079    3.1209
 3.081    2.9561
 3.083    2.8428
 3.085    2.7604
 3.087    2.7604
 3.089    2.8531
 3.091    2.8840
 3.092    2.7810
 3.094    2.8840
 3.096    2.9149
 3.098    3.0179
 3.100    2.9767
 3.102    2.8016
 3.103    2.7913
 3.105    2.9561
 3.107    2.9252
 3.109    2.9046
 3.111    2.9252
 3.113    2.9664
 3.115    3.0076
 3.117    2.9355
 3.118    2.8428
 3.120    2.9664
 3.122    3.0179
 3.124    2.9664
 3.126    2.9870
 3.128    3.0282
 3.130    2.9870
 3.132    3.0488
 3.133    3.1106
 3.135    3.1312
 3.137    3.0488
 3.139    3.0282
 3.141    3.1209
 3.143    3.1930
 3.145    3.2342
 3.147    3.2754
 3.149    3.1415
 3.151    3.0488
 3.152    3.0694
 3.154    3.0797
 3.156    3.0488
 3.158    3.1003
 3.160    3.1518
 3.162    3.1827
 3.164    3.2033
 3.166    3.1621
 3.168    3.1312
 3.170    3.2136
 3.172    3.1724
 3.174    3.1930
 3.176    3.2857
 3.178    3.3269
 3.180    3.2445
 3.182    3.2342
 3.183    3.2136
 3.185    3.3063
 3.187    3.3372
 3.189    3.2754
 3.191    3.2960
 3.193    3.4299
 3.195    3.4608
 3.197    3.5020
 3.199    3.5020
 3.201    3.4505
 3.203    3.3681
 3.205    3.3990
 3.207    3.4196
 3.209    3.4814
 3.211    3.4608
 3.213    3.3784
 3.215    3.3784
 3.217    3.5226
 3.219    3.4814
 3.221    3.5020
 3.223    3.5226
 3.225    3.4608
 3.227    3.4814
 3.229    3.5741
 3.231    3.5741
 3.233    3.5741
 3.235    3.4814
 3.237    3.4608
 3.239    3.5123
 3.241    3.6359
 3.243    3.6153
 3.245    3.5020
 3.247    3.5020
 3.249    3.5226
 3.251    3.5947
 3.253    3.6050
 3.255    3.5741
 3.257    3.6977
 3.259    3.7183
 3.262    3.7080
 3.264    3.6771
 3.266    3.6874
 3.268    3.6977
 3.270    3.6153
 3.272    3.5844
 3.274    3.6256
 3.276    3.6462
 3.278    3.6977
 3.280    3.6668
 3.282    3.7080
 3.284    3.8316
 3.286    3.9140
 3.288    3.8625
 3.291    3.8213
 3.293    3.7080
 3.295    3.7389
 3.297    3.8728
 3.299    3.8728
 3.301    3.8522
 3.303    3.8728
 3.305    3.8728
 3.307    3.9758
 3.309    3.9964
 3.312    3.9449
 3.314    3.8728
 3.316    3.8522
 3.318    3.9243
 3.320    4.0170
 3.322    4.0685
 3.324    4.1509
 3.326    4.0685
 3.329    4.0891
 3.331    4.1509
 3.333    4.1715
 3.335    4.2127
 3.337    4.2127
 3.339    4.2127
 3.341    4.2436
 3.344    4.2127
 3.346    4.1509
 3.348    4.1921
 3.350    4.2333
 3.352    4.1818
 3.354    4.2539
 3.357    4.3466
 3.359    4.3157
 3.361    4.3363
 3.363    4.3569
 3.365    4.3672
 3.367    4.4290
 3.370    4.3775
 3.372    4.4187
 3.374    4.5011
 3.376    4.4805
 3.378    4.4084
 3.381    4.3981
 3.383    4.4599
 3.385    4.4805
 3.387    4.4496
 3.389    4.4599
 3.392    4.6041
 3.394    4.7586
 3.396    4.6556
 3.398    4.5732
 3.401    4.6556
 3.403    4.6865
 3.405    4.6453
 3.407    4.6350
 3.409    4.6762
 3.412    4.7998
 3.414    4.7483
 3.416    4.6968
 3.418    4.7380
 3.421    4.7792
 3.423    4.8101
 3.425    4.7483
 3.428    4.7483
 3.430    4.8719
 3.432    4.9028
 3.434    4.9131
 3.437    4.9749
 3.439    5.0882
 3.441    5.0573
 3.443    5.1603
 3.446    5.2839
 3.448    5.3148
 3.450    5.2839
 3.453    5.2839
 3.455    5.2736
 3.457    5.2427
 3.460    5.2324
 3.462    5.3457
 3.464    5.3663
 3.466    5.4384
 3.469    5.4178
 3.471    5.4178
 3.473    5.5517
 3.476    5.5929
 3.478    5.5105
 3.480    5.5311
 3.483    5.6238
 3.485    5.6650
 3.487    5.6444
 3.490    5.6856
 3.492    5.6959
 3.494    5.7062
 3.497    5.7062
 3.499    5.6856
 3.502    5.7165
 3.504    5.7989
 3.506    5.8710
 3.509    5.9637
 3.511    5.9328
 3.513    5.9019
 3.516    5.9328
 3.518    5.9328
 3.521    5.9431
 3.523    5.9946
 3.525    5.9843
 3.528    6.0461
 3.530    6.1182
 3.533    6.2315
 3.535    6.2830
 3.537    6.2933
 3.540    6.3448
 3.542    6.3448
 3.545    6.3448
 3.547    6.3757
 3.549    6.3757
 3.552    6.4478
 3.554    6.4684
 3.557    6.4581
 3.559    6.4272
 3.562    6.4787
 3.564    6.5405
 3.567    6.6229
 3.569    6.6023
 3.571    6.6847
 3.574    6.7465
 3.576    6.8701
 3.579    6.9628
 3.581    6.9731
 3.584    6.9525
 3.586    6.9731
 3.589    7.0349
 3.591    7.1173
 3.594    7.1173
 3.596    7.0967
 3.599    7.0658
 3.601    7.0246
 3.604    7.0658
 3.606    7.0967
 3.609    7.0246
 3.611    7.0658
 3.614    7.1997
 3.616    7.2306
 3.619    7.2718
 3.621    7.3954
 3.624    7.4160
 3.626    7.5293
 3.629    7.6426
 3.632    7.7147
 3.634    7.8177
 3.637    7.8795
 3.639    7.8486
 3.642    7.9207
 3.644    7.9516
 3.647    7.9104
 3.649    7.9619
 3.652    8.0443
 3.655    8.0958
 3.657    8.1885
 3.660    8.1679
 3.662    8.1370
 3.665    8.2091
 3.667    8.2812
 3.670    8.3739
 3.673    8.3739
 3.675    8.3533
 3.678    8.3636
 3.680    8.3945
 3.683    8.4769
 3.686    8.4872
 3.688    8.5593
 3.691    8.6005
 3.694    8.6417
 3.696    8.6211
 3.699    8.6211
 3.702    8.6108
 3.704    8.6932
 3.707    8.7344
 3.709    8.7653
 3.712    8.8065
 3.715    8.8374
 3.717    8.8477
 3.720    8.8374
 3.723    8.9301
 3.725    9.0537
 3.728    9.0846
 3.731    9.0331
 3.733    8.9610
 3.736    9.0125
 3.739    9.1464
 3.742    9.2185
 3.744    9.1464
 3.747    9.1670
 3.750    9.2906
 3.752    9.3936
 3.755    9.3730
 3.758    9.3730
 3.761    9.3833
 3.763    9.4039
 3.766    9.4554
 3.769    9.5790
 3.771    9.5275
 3.774    9.4966
 3.777    9.5378
 3.780    9.5481
 3.782    9.6099
 3.785    9.6408
 3.788    9.6408
 3.791    9.7026
 3.794    9.7232
 3.796    9.7438
 3.799    9.7438
 3.802    9.8571
 3.805    9.8468
 3.807    9.8983
 3.810    9.8468
 3.813    9.7747
 3.816    9.7644
 3.819    9.7438
 3.822    9.7644
 3.824    9.8262
 3.827    9.8674
 3.830    9.8880
 3.833    9.9189
 3.836    9.9601
 3.838    9.9807
 3.841   10.0631
 3.844    9.9910
 3.847    9.8777
 3.850    9.8468
 3.853    9.9601
 3.856   10.0528
 3.858    9.9910
 3.861    9.9498
 3.864    9.9395
 3.867    9.9086
 3.870    9.9704
 3.873   10.0013
 3.876    9.9807
 3.879    9.9395
 3.882    9.8880
 3.884    9.8468
 3.887    9.9498
 3.890   10.0425
 3.893   10.0528
 3.896    9.9292
 3.899    9.8365
 3.902    9.8983
 3.905    9.8983
 3.908    9.8674
 3.911    9.9189
 3.914    9.9189
 3.917    9.9498
 3.920    9.9807
 3.923    9.9704
 3.926   10.0322
 3.929   10.0219
 3.932    9.8983
 3.935    9.9086
 3.938   10.0013
 3.941   10.1043
 3.944   10.1455
 3.947   10.1146
 3.950   10.0734
 3.953   10.0940
 3.956   10.0219
 3.959   10.0322
 3.962   10.0631
 3.965    9.9910
 3.968    9.9601
 3.971   10.0322
 3.974   10.0631
 3.977   10.0013
 3.980   10.0013
 3.983   10.0322
 3.986    9.9910
 3.989    9.9395
 3.992    9.8880
 3.995    9.9292
 3.998    9.9395
 4.001    9.8983
 4.004    9.9498
 4.008   10.0425
 4.011   10.1146
 4.014   10.1558
 4.017   10.1764
 4.020   10.1558
 4.023   10.0631
 4.026   10.0837
 4.029   10.1146
 4.032   10.1558
 4.036   10.1043
 4.039   10.0528
 4.042   10.0631
 4.045   10.0219
 4.048    9.9498
 4.051    9.9292
 4.055    9.9189
 4.058    9.9395
 4.061    9.8880
 4.064    9.8674
 4.067    9.8674
 4.070    9.7644
 4.074    9.7129
 4.077    9.7335
 4.080    9.7438
 4.083    9.6820
 4.086    9.6408
 4.090    9.6408
 4.093    9.5378
 4.096    9.5584
 4.099    9.5687
 4.103    9.5172
 4.106    9.4760
 4.109    9.4142
 4.112    9.3627
 4.116    9.4142
 4.119    9.4760
 4.122    9.4451
 4.126    9.3833
 4.129    9.3215
 4.132    9.3009
 4.135    9.2803
 4.139    9.2391
 4.142    9.2082
 4.145    9.1876
 4.149    9.1773
 4.152    9.1155
 4.155    9.0846
 4.159    9.0846
 4.162    9.1464
 4.165    9.0743
 4.169    8.9919
 4.172    9.0022
 4.175    8.9404
 4.179    8.8477
 4.182    8.7962
 4.185    8.7859
 4.189    8.8374
 4.192    8.7756
 4.196    8.7241
 4.199    8.7138
 4.202    8.7035
 4.206    8.7344
 4.209    8.7653
 4.213    8.7035
 4.216    8.7035
 4.219    8.6726
 4.223    8.6005
 4.226    8.5593
 4.230    8.5593
 4.233    8.5181
 4.237    8.4563
 4.240    8.4151
 4.244    8.3224
 4.247    8.1370
 4.251    8.0340
 4.254    7.9207
 4.258    7.8383
 4.261    7.8177
 4.265    7.7559
 4.268    7.6426
 4.272    7.6529
 4.275    7.6838
 4.279    7.7456
 4.282    7.6529
 4.286    7.6220
 4.289    7.5190
 4.293    7.4366
 4.296    7.3954
 4.300    7.3542
 4.304    7.2821
 4.307    7.2203
 4.311    7.1173
 4.314    7.0143
 4.318    7.0452
 4.321    7.0246
 4.325    6.9422
 4.329    6.9010
 4.332    6.7980
 4.336    6.6950
 4.340    6.6950
 4.343    6.6641
 4.347    6.5817
 4.350    6.4890
 4.354    6.4581
 4.358    6.4375
 4.361    6.3963
 4.365    6.3757
 4.369    6.3139
 4.372    6.2624
 4.376    6.1800
 4.380    6.1182
 4.384    6.1800
 4.387    6.2521
 4.391    6.2521
 4.395    6.1903
 4.398    6.0976
 4.402    6.1285
 4.406    6.1594
 4.410    6.1388
 4.413    6.1285
 4.417    6.1388
 4.421    6.1594
 4.425    6.1903
 4.428    6.2315
 4.432    6.3448
 4.436    6.3654
 4.440    6.3242
 4.444    6.3345
 4.447    6.3654
 4.451    6.3860
 4.455    6.4375
 4.459    6.4581
 4.463    6.4169
 4.467    6.4684
 4.470    6.5199
 4.474    6.4993
 4.478    6.5096
 4.482    6.5920
 4.486    6.6641
 4.490    6.6435
 4.494    6.5405
 4.498    6.5302
 4.502    6.6023
 4.505    6.6847
 4.509    6.6950
 4.513    6.7259
 4.517    6.7362
 4.521    6.7053
 4.525    6.7568
 4.529    6.7980
 4.533    6.7362
 4.537    6.6950
 4.541    6.6950
 4.545    6.7671
 4.549    6.8083
 4.553    6.7774
 4.557    6.7980
 4.561    6.8083
 4.565    6.7774
 4.569    6.7053
 4.573    6.6641
 4.577    6.6538
 4.581    6.5817
 4.585    6.5508
 4.589    6.5199
 4.593    6.4993
 4.597    6.4787
 4.601    6.4787
 4.605    6.4272
 4.610    6.3654
 4.614    6.3654
 4.618    6.3654
 4.622    6.2933
 4.626    6.2212
 4.630    6.1903
 4.634    6.1388
 4.638    6.0976
 4.643    6.0358
 4.647    6.0255
 4.651    6.0461
 4.655    6.0358
 4.659    6.0770
 4.663    6.0667
 4.668    5.9843
 4.672    5.9637
 4.676    5.9740
 4.680    5.9740
 4.684    5.9534
 4.689    5.9740
 4.693    6.0770
 4.697    6.0667
 4.701    5.9637
 4.706    5.9534
 4.710    5.9534
 4.714    5.9225
 4.719    5.8916
 4.723    5.9225
 4.727    5.9019
 4.731    5.8195
 4.736    5.7783
 4.740    5.7268
 4.744    5.7783
 4.749    5.8504
 4.753    5.8401
 4.758    5.7783
 4.762    5.6856
 4.766    5.6032
 4.771    5.5723
 4.775    5.5311
 4.779    5.5002
 4.784    5.4487
 4.788    5.3354
 4.793    5.2736
 4.797    5.2427
 4.802    5.1706
 4.806    5.0779
 4.810    5.0264
 4.815    4.9852
 4.819    4.8925
 4.824    4.8101
 4.828    4.7071
 4.833    4.5732
 4.837    4.4393
 4.842    4.3775
 4.846    4.3054
 4.851    4.1818
 4.856    4.0376
 4.860    3.9552
 4.865    3.8625
 4.869    3.7801
 4.874    3.6771
 4.878    3.5844
 4.883    3.4814
 4.888    3.3681
 4.892    3.2857
 4.897    3.1724
 4.901    3.0797
 4.906    2.9664
 4.911    2.8737
 4.915    2.8222
 4.920    2.7913
 4.925    2.7398
 4.929    2.7089
 4.934    2.6986
 4.939    2.6265
 4.943    2.5647
 4.948    2.5235
 4.953    2.4720
 4.958    2.4823
 4.962    2.5132
 4.967    2.5132
 4.972    2.4617
 4.977    2.4205
 4.981    2.4308
 4.986    2.4411
 4.991    2.4102
 4.996    2.3999
 5.001    2.4308
 5.005    2.4308
 5.010    2.4308
 5.015    2.4308
 5.020    2.4308
 5.025    2.4617
 5.030    2.4926
 5.035    2.4514
 5.040    2.4308
 5.044    2.3999
 5.049    2.4411
 5.054    2.4720
 5.059    2.4720
 5.064    2.4823
 5.069    2.4720
 5.074    2.5132
 5.079    2.5853
 5.084    2.5956
 5.089    2.5441
 5.094    2.5441
 5.099    2.5647
 5.104    2.5750
 5.109    2.5956
 5.114    2.6059
 5.119    2.6059
 5.124    2.5956
 5.129    2.6368
 5.134    2.6883
 5.139    2.6677
 5.145    2.6162
 5.150    2.5750
 5.155    2.5853
 5.160    2.6265
 5.165    2.6059
 5.170    2.5956
 5.175    2.5956
 5.180    2.5750
 5.186    2.4926
 5.191    2.4514
 5.196    2.4308
 5.201    2.3896
 5.206    2.3484
 5.212    2.3072
 5.217    2.2866
 5.222    2.2660
 5.227    2.2042
 5.233    2.1733
 5.238    2.1630
 5.243    2.1115
 5.249    2.0909
 5.254    2.0703
 5.259    1.9879
 5.265    1.9467
 5.270    1.9673
 5.275    1.9570
 5.281    1.9261
 5.286    1.9364
 5.291    1.9364
 5.297    1.8849
 5.302    1.8643
 5.308    1.9364
 5.313    1.9570
 5.319    1.9261
 5.324    1.8849
 5.330    1.8540
 5.335    1.8334
 5.341    1.8128
 5.346    1.8231
 5.352    1.8746
 5.357    1.9261
 5.363    1.9261
 5.368    1.8952
 5.374    1.9879
 5.379    2.0703
 5.385    2.0806
 5.390    2.0909
 5.396    2.1424
 5.402    2.1424
 5.407    2.1424
 5.413    2.1733
 5.419    2.1321
 5.424    2.1424
 5.430    2.2454
 5.436    2.2454
 5.441    2.2145
 5.447    2.2351
 5.453    2.2763
 5.459    2.2866
 5.464    2.2866
 5.470    2.2763
 5.476    2.2454
 5.482    2.2351
 5.487    2.2248
 5.493    2.2145
 5.499    2.1836
 5.505    2.1733
 5.511    2.1836
 5.517    2.1939
 5.523    2.1527
 5.528    2.1012
 5.534    2.1321
 5.540    2.1424
 5.546    2.1321
 5.552    2.1012
 5.558    2.1012
 5.564    2.0806
 5.570    2.0600
 5.576    2.0806
 5.582    2.0600
 5.588    2.0188
 5.594    2.0188
 5.600    2.0703
 5.606    2.1012
 5.612    2.1115
 5.618    2.1115
 5.624    2.1115
 5.630    2.0703
 5.637    2.0188
 5.643    2.0085
 5.649    1.9879
 5.655    1.9776
 5.661    1.9364
 5.667    1.9673
 5.674    1.9982
 5.680    1.9982
 5.686    1.9776
 5.692    1.9776
 5.698    1.9879
 5.705    1.9982
 5.711    2.0291
 5.717    2.0188
 5.724    1.9570
 5.730    1.9261
 5.736    1.9364
 5.743    1.9673
 5.749    1.9673
 5.755    1.9879
 5.762    2.0085
 5.768    1.9467
 5.775    1.8849
 5.781    1.9467
 5.788    1.9570
 5.794    1.9467
 5.800    1.9261
 5.807    1.9467
 5.813    1.9570
 5.820    1.9776
 5.827    1.9364
 5.833    1.8849
 5.840    1.8952
 5.846    1.9055
 5.853    1.8849
 5.859    1.8952
 5.866    1.8746
 5.873    1.9158
 5.879    1.9364
 5.886    1.8643
 5.893    1.8231
 5.899    1.8025
 5.906    1.7819
 5.913    1.7407
 5.920    1.7098
 5.926    1.6892
 5.933    1.6686
 5.940    1.6068
 5.947    1.5759
 5.954    1.6377
 5.960    1.5965
 5.967    1.5347
 5.974    1.5347
 5.981    1.5450
 5.988    1.5141
 5.995    1.5347
 6.002    1.4832
 6.009    1.4008
 6.016    1.3802
 6.023    1.4420
 6.030    1.4111
 6.037    1.4420
 6.044    1.4008
 6.051    1.3493
 6.058    1.3287
 6.065    1.3287
 6.072    1.3802
 6.079    1.4111
 6.086    1.3699
 6.094    1.3493
 6.101    1.3699
 6.108    1.4008
 6.115    1.3802
 6.122    1.4008
 6.130    1.3802
 6.137    1.3905
 6.144    1.3699
 6.151    1.3905
 6.159    1.3802
 6.166    1.3905
 6.173    1.3802
 6.181    1.3699
 6.188    1.3699
 6.195    1.4008
 6.203    1.4008
 6.210    1.4626
 6.218    1.5347
 6.225    1.5244
 6.233    1.4729
 6.240    1.5244
 6.248    1.6068
 6.255    1.6274
 6.263    1.5656
 6.270    1.5553
 6.278    1.5553
 6.286    1.5759
 6.293    1.5862
 6.301    1.6377
 6.308    1.6274
 6.316    1.6274
 6.324    1.6377
 6.332    1.6377
 6.339    1.6480
 6.347    1.6995
 6.355    1.7304
 6.363    1.7819
 6.370    1.7819
 6.378    1.8025
 6.386    1.7819
 6.394    1.7922
 6.402    1.8025
 6.410    1.8128
 6.418    1.7922
 6.426    1.8128
 6.434    1.7407
 6.442    1.7510
 6.450    1.7304
 6.458    1.6892
 6.466    1.6789
 6.474    1.6892
 6.482    1.7098
 6.490    1.7201
 6.498    1.6274
 6.506    1.6068
 6.514    1.5965
 6.523    1.5553
 6.531    1.4420
 6.539    1.3802
 6.547    1.4111
 6.556    1.4935
 6.564    1.4729
 6.572    1.4420
 6.581    1.4317
 6.589    1.3802
 6.597    1.3081
 6.606    1.3081
 6.614    1.3596
 6.623    1.4008
 6.631    1.3493
 6.640    1.2978
 6.648    1.2463
 6.657    1.1948
 6.665    1.1742
 6.674    1.2566
 6.682    1.2772
 6.691    1.2257
 6.700    1.1742
 6.708    1.1536
 6.717    1.1124
 6.726    1.1124
 6.734    1.1021
 6.743    1.0918
 6.752    1.0712
 6.761    1.0815
 6.770    1.0815
 6.778    1.0609
 6.787    1.0197
 6.796    1.0300
 6.805    1.0403
 6.814    1.0609
 6.823    1.0300
 6.832    1.0197
 6.841    0.9991
 6.850    0.9991
 6.859    0.9785
 6.868    0.9888
 6.877    0.9785
 6.886    0.9682
 6.896    0.9167
 6.905    0.8961
 6.914    0.9064
 6.923    0.9270
 6.932    0.9476
 6.942    0.9476
 6.951    0.9064
 6.960    0.8755
 6.970    0.8549
 6.979    0.9064
 6.989    0.9167
 6.998    0.8652
 7.007    0.8549
 7.017    0.8858
 7.026    0.7931
 7.036    0.8034
 7.046    0.8240
 7.055    0.8446
 7.065    0.8137
 7.074    0.7931
 7.084    0.7725
 7.094    0.7931
 7.103    0.7828
 7.113    0.7519
 7.123    0.7931
 7.133    0.8343
 7.143    0.7931
 7.152    0.7313
 7.162    0.5974
 7.172    0.5768
 7.182    0.6180
 7.192    0.7004
 7.202    0.6695
 7.212    0.6592
 7.222    0.7004
 7.232    0.6901
 7.242    0.6489
 7.252    0.6283
 7.263    0.6077
 7.273    0.6386
 7.283    0.6283
 7.293    0.6489
 7.303    0.6386
 7.314    0.6386
 7.324    0.6592
 7.334    0.7004
 7.345    0.6077
 7.355    0.5459
 7.366    0.5768
 7.376    0.6386
 7.387    0.5768
 7.397    0.5562
 7.408    0.5974
 7.418    0.6592
 7.429    0.6077
 7.440    0.6180
 7.450    0.5768
 7.461    0.5562
 7.472    0.5665
 7.483    0.6386
 7.493    0.6901
 7.504    0.6695
 7.515    0.6489
 7.526    0.7622
 7.537    0.8343
 7.548    0.8343
 7.559    0.7828
 7.570    0.7725
 7.581    0.7828
 7.592    0.8858
 7.603    0.9167
 7.614    0.9579
 7.626    1.0506
 7.637    1.1639
 7.648    1.1948
 7.659    1.2257
 7.671    1.2669
 7.682    1.3493
 7.694    1.3905
 7.705    1.4935
 7.716    1.5759
 7.728    1.7201
 7.739    1.8334
 7.751    1.9673
 7.763    2.0909
 7.774    2.2351
 7.786    2.3175
 7.798    2.5029
 7.809    2.7398
 7.821    2.9767
 7.833    3.1312
 7.845    3.4505
 7.857    3.7801
 7.869    4.0891
 7.881    4.3672
 7.893    4.6453
 7.905    4.9749
 7.917    5.3045
 7.929    5.5208
 7.941    5.8813
 7.953    6.2212
 7.965    6.5302
 7.978    6.8598
 7.990    7.2203
 8.002    7.5602
 8.015    7.9619
 8.027    8.3533
 8.039    8.7653
 8.052    9.1979
 8.064    9.6923
 8.077   10.1352
 8.090   10.6605
 8.102   11.1549
 8.115   11.6905
 8.128   12.1952
 8.140   12.6896
 8.153   13.0501
 8.166   13.4003
 8.179   13.7814
 8.192   14.0698
 8.205   14.2037
 8.218   14.4200
 8.231   14.5848
 8.244   14.7393
 8.257   14.7805
 8.270   14.8835
 8.283   14.9144
 8.297   14.8423
 8.310   14.7599
 8.323   14.7496
 8.337   14.5642
 8.350   14.3170
 8.363   14.2140
 8.377   14.2861
 8.391   14.4509
 8.404   14.8423
 8.418   15.3264
 8.431   15.7693
 8.445   16.1092
 8.459   16.4594
 8.473   16.7169
 8.487   16.9023
 8.501   17.0362
 8.515   17.2113
 8.529   17.2319
 8.543   17.2113
 8.557   17.2010
 8.571   17.1186
 8.585   16.9229
 8.599   16.6757
 8.614   16.5315
 8.628   16.7169
 8.642   16.9847
 8.657   17.3761
 8.671   17.8293
 8.686   18.2413
 8.700   18.4679
 8.715   18.7563
 8.730   19.0859
 8.744   19.4670
 8.759   19.8069
 8.774   20.0850
 8.789   20.3322
 8.804   20.5588
 8.819   20.7545
 8.834   21.0944
 8.849   21.4034
 8.864   21.7124
 8.879   22.0626
 8.894   22.3819
 8.909   22.6291
 8.925   22.9484
 8.940   23.2780
 8.956   23.5767
 8.971   23.8136
 8.987   24.0711
 9.002   24.2874
 9.018   24.5243
 9.034   24.7406
 9.049   24.9054
 9.065   25.0702
 9.081   25.2144
 9.097   25.2968
 9.113   25.3071
 9.129   25.1938
 9.145   25.1629
 9.161   25.1732
 9.178   24.9878
 9.194   24.6685
 9.210   24.3389
 9.226   23.8960
 9.243   23.4222
 9.259   22.8866
 9.276   22.3819
 9.293   21.7330
 9.309   21.1562
 9.326   20.4764
 9.343   19.6730
 9.360   18.9108
 9.377   18.2619
 9.394   17.6439
 9.411   17.1289
 9.428   16.5315
 9.445   16.0371
 9.462   15.5633
 9.479   15.1410
 9.497   14.7393
 9.514   14.5230
 9.532   14.3891
 9.549   14.1522
 9.567   13.8123
 9.585   13.5857
 9.602   13.4106
 9.620   13.2664
 9.638   13.0913
 9.656   12.9986
 9.674   12.7926
 9.692   12.6896
 9.710   12.4836
 9.728   12.2570
 9.747   12.0613
 9.765   11.8450
 9.783   11.6081
 9.802   11.5051
 9.821   11.3609
 9.839   11.1755
 9.858   10.9077
 9.877   10.8253
 9.895   10.7223
 9.914   10.5266
 9.933   10.2691
 9.952   10.1661
 9.972    9.9704
 9.991    9.7541
10.010    9.5687
10.029    9.4039
10.049    9.1773
10.068    9.0743
10.088    8.8374
10.108    8.6211
10.127    8.4460
10.147    8.3739
10.167    8.1988
10.187    8.0443
10.207    7.8898
10.227    7.7559
10.247    7.5087
10.268    7.3851
10.288    7.2409
10.309    7.0452
10.329    6.8804
10.350    6.7671
10.370    6.6023
10.391    6.5405
10.412    6.4787
10.433    6.3551
10.454    6.1800
10.475    6.1800
10.496    6.1285
10.518    6.0358
10.539    5.9019
10.560    5.8813
10.582    5.8607
10.604    5.7989
10.625    5.6444
10.647    5.5826
10.669    5.4590
10.691    5.4075
10.713    5.4281
10.735    5.4384
10.758    5.3663
10.780    5.3560
10.802    5.3457
10.825    5.3663
10.848    5.2839
10.870    5.2839
10.893    5.2221
10.916    5.1603
10.939    5.0882
10.962    5.1294
10.985    5.0985
11.009    5.1088
11.032    4.9543
11.056    4.9028
11.079    4.8616
11.103    4.8513
11.127    4.7792
11.151    4.7380
11.175    4.6762
11.199    4.6556
11.223    4.6144
11.248    4.5835
11.272    4.4805
11.297    4.5423
11.321    4.4805
11.346    4.4084
11.371    4.2951
11.396    4.2642
11.421    4.1818
11.446    4.1921
11.471    4.1509
11.497    4.0788
11.522    4.0273
11.548    4.0273
11.574    3.8728
11.600    3.8213
11.626    3.8110
11.652    3.8316
11.678    3.7389
11.704    3.6668
11.731    3.5535
11.757    3.5020
11.784    3.4196
11.811    3.3166
11.838    3.2136
11.865    3.2651
11.892    3.2548
11.920    3.2445
11.947    3.1621
11.975    3.0385
12.002    2.8428
12.030    2.8016
12.058    2.6883
12.086    2.5956
12.115    2.5132
12.143    2.5132
12.171    2.3793
12.200    2.2557
12.229    2.1527
12.258    2.0909
12.287    2.0394
12.316    2.1630
12.345    2.3072
12.375    2.5853
12.404    2.9458
12.434    3.4196
12.464    3.7595
12.494    4.0685
12.524    4.2539
12.554    4.4084
12.585    4.4084
12.616    4.5011
12.646    4.5938
12.677    4.8513
12.708    4.9955
12.739    5.1088
12.771    5.1603
12.802    5.2324
12.834    5.0161
12.866    4.8513
12.898    4.6762
12.930    4.6144
12.962    4.5011
12.995    4.4187
13.027    4.2436
13.060    4.1406
13.093    4.0273
13.126    3.9964
13.160    3.8831
13.193    3.7801
13.227    3.6565
13.261    3.7698
13.295    3.8007
13.329    3.7389
13.363    3.6256
13.398    3.5844
13.432    3.4505
13.467    3.4711
13.502    3.3578
13.538    3.2651
13.573    3.1827
13.609    3.2445
13.644    3.2136
13.680    3.2754
13.717    3.2548
13.753    3.2960
13.790    3.1724
13.826    3.2445
13.863    3.1415
13.900    3.1827
13.938    2.9355
13.975    2.9046
14.013    2.8634
14.051    2.8222
