Name:  Basalt
Type:  Rock
Class:  Igneous  
Subclass: Mafic 
Particle Size:  Whole rock chips
Sample No.:  ba14c2f
Owner:  Larry Rowan, USGS
Wavelength range:  VNIR SWIR IR
Origin:  Kerak/DAT RAS, Jordan

Description:  medium grained, dark gray basalt 





Measurement:  Reflectance
First Column:  X
Second Column:  Y
X Units:  Wavelength (micrometers)
Y Units:  Reflectance (percent)
First X Value:  0.4
Last X Value:  14.01309
Number of X Values:  2826
Additional Information:  ba14c2fa.txt
 0.400   11.6000
 0.401   11.6000
 0.402   11.5000
 0.403   11.6000
 0.404   11.6000
 0.405   11.6000
 0.406   11.6000
 0.407   11.6000
 0.408   11.5000
 0.409   11.6000
 0.410   11.5000
 0.411   11.8000
 0.412   11.5000
 0.413   11.5000
 0.414   11.4000
 0.415   11.6000
 0.416   11.8000
 0.417   11.8000
 0.418   11.6000
 0.419   11.5000
 0.420   11.4000
 0.421   11.3000
 0.422   11.1000
 0.423   11.4000
 0.424   11.3000
 0.425   11.4000
 0.426   11.3000
 0.427   11.1000
 0.428   11.3000
 0.429   11.3000
 0.430   11.3000
 0.431   11.3000
 0.432   11.3000
 0.433   11.0000
 0.434   10.9000
 0.435   10.8000
 0.436   10.9000
 0.437   11.0000
 0.438   11.0000
 0.439   10.7000
 0.440   10.7000
 0.441   10.8000
 0.442   10.8000
 0.443   10.8000
 0.444   10.9000
 0.445   10.8000
 0.446   10.7000
 0.447   10.7000
 0.448   10.7000
 0.449   10.5000
 0.450   10.3000
 0.451   10.4000
 0.452   10.3000
 0.453   10.2000
 0.454   10.2000
 0.455   10.0000
 0.456   10.2000
 0.457   10.0000
 0.458   10.3000
 0.459   10.5000
 0.460    9.9000
 0.461    9.8000
 0.462    9.8000
 0.463    9.9000
 0.464    9.8000
 0.465    9.8000
 0.466    9.8000
 0.467    9.8000
 0.468    9.8000
 0.469    9.6000
 0.470    9.7000
 0.471    9.7000
 0.472    9.7000
 0.473    9.7000
 0.474    9.7000
 0.475    9.6000
 0.476    9.6000
 0.477    9.6000
 0.478    9.7000
 0.479    9.7000
 0.480    9.7000
 0.481    9.7000
 0.482    9.4000
 0.483    9.4000
 0.484    9.4000
 0.485    9.2000
 0.486    9.4000
 0.487    9.4000
 0.488    9.4000
 0.489    9.4000
 0.490    9.2000
 0.491    9.2000
 0.492    9.3000
 0.493    9.4000
 0.494    9.3000
 0.495    9.4000
 0.496    9.4000
 0.497    9.6000
 0.498    9.4000
 0.499    9.3000
 0.500    9.2000
 0.501    9.3000
 0.502    9.3000
 0.503    9.3000
 0.504    9.3000
 0.505    9.3000
 0.506    9.4000
 0.507    9.3000
 0.508    9.2000
 0.509    9.4000
 0.510    9.2000
 0.511    9.2000
 0.512    9.3000
 0.513    9.4000
 0.514    9.4000
 0.515    9.3000
 0.516    9.3000
 0.517    9.4000
 0.518    9.4000
 0.519    9.4000
 0.520    9.4000
 0.521    9.2000
 0.522    9.3000
 0.523    9.2000
 0.524    9.3000
 0.525    9.3000
 0.526    9.4000
 0.527    9.4000
 0.528    9.4000
 0.529    9.6000
 0.530    9.4000
 0.531    9.4000
 0.532    9.6000
 0.533    9.6000
 0.534    9.3000
 0.535    9.3000
 0.536    9.3000
 0.537    9.3000
 0.538    9.2000
 0.539    9.3000
 0.540    9.3000
 0.541    9.4000
 0.542    9.4000
 0.543    9.3000
 0.544    9.3000
 0.545    9.3000
 0.546    9.4000
 0.547    9.4000
 0.548    9.4000
 0.549    9.4000
 0.550    9.3000
 0.551    9.3000
 0.552    9.3000
 0.553    9.6000
 0.554    9.6000
 0.555    9.6000
 0.556    9.8000
 0.557   10.2000
 0.558    9.9000
 0.559    9.9000
 0.560    9.9000
 0.561    9.8000
 0.562    9.9000
 0.563    9.8000
 0.564    9.9000
 0.565    9.8000
 0.566    9.8000
 0.567    9.7000
 0.568    9.9000
 0.569    9.9000
 0.570   10.0000
 0.571   10.2000
 0.572   10.0000
 0.573   10.0000
 0.574    9.9000
 0.575   10.0000
 0.576    9.9000
 0.577    9.9000
 0.578    9.9000
 0.579    9.8000
 0.580   10.0000
 0.581    9.9000
 0.582   10.0000
 0.583   10.0000
 0.584   10.0000
 0.585   10.0000
 0.586    9.9000
 0.587    9.9000
 0.588   10.0000
 0.589   10.0000
 0.590   10.0000
 0.591    9.9000
 0.592    9.9000
 0.593    9.8000
 0.594   10.0000
 0.595   10.0000
 0.596   10.2000
 0.597   10.0000
 0.598    9.8000
 0.599    9.9000
 0.600    9.9000
 0.601   10.0000
 0.602    9.9000
 0.603   10.0000
 0.604   10.2000
 0.605   10.0000
 0.606   10.2000
 0.607   10.2000
 0.608   10.0000
 0.609   10.2000
 0.610   10.2000
 0.611   10.2000
 0.612   10.2000
 0.613    9.9000
 0.614    9.9000
 0.615   10.2000
 0.616   10.3000
 0.617   10.2000
 0.618   10.2000
 0.619   10.3000
 0.620   10.3000
 0.621   10.2000
 0.622   10.2000
 0.623   10.2000
 0.624   10.3000
 0.625   10.3000
 0.626   10.3000
 0.627   10.2000
 0.628   10.2000
 0.629   10.4000
 0.630   10.4000
 0.631   10.4000
 0.632   10.4000
 0.633   10.3000
 0.634   10.3000
 0.635   10.2000
 0.636   10.3000
 0.637   10.3000
 0.638   10.2000
 0.639   10.3000
 0.640   10.3000
 0.641   10.2000
 0.642   10.2000
 0.643   10.0000
 0.644   10.3000
 0.645   10.4000
 0.646   10.4000
 0.647   10.4000
 0.648   10.2000
 0.649   10.2000
 0.650   10.2000
 0.651   10.3000
 0.652   10.3000
 0.653   10.4000
 0.654   10.4000
 0.655   10.4000
 0.656   10.4000
 0.657   10.4000
 0.658   10.5000
 0.659   10.5000
 0.660   10.5000
 0.661   10.4000
 0.662   10.5000
 0.663   10.5000
 0.664   10.4000
 0.665   10.5000
 0.666   10.4000
 0.667   10.4000
 0.668   10.3000
 0.669   10.5000
 0.670   10.5000
 0.671   10.5000
 0.672   10.5000
 0.673   10.4000
 0.674   10.7000
 0.675   10.7000
 0.676   10.7000
 0.677   10.7000
 0.678   10.4000
 0.679   10.4000
 0.680   10.5000
 0.681   10.4000
 0.682   10.5000
 0.683   10.7000
 0.684   10.8000
 0.685   10.7000
 0.686   10.7000
 0.687   10.8000
 0.688   10.5000
 0.689   10.5000
 0.690   10.5000
 0.691   10.7000
 0.692   10.5000
 0.693   10.5000
 0.694   10.5000
 0.695   10.7000
 0.696   10.3000
 0.697   10.4000
 0.698   10.3000
 0.699   10.5000
 0.700   10.5000
 0.701   10.4000
 0.702   10.5000
 0.703   10.7000
 0.704   10.7000
 0.705   10.5000
 0.706   10.5000
 0.707   10.5000
 0.708   10.4000
 0.709   10.7000
 0.710   10.7000
 0.711   10.7000
 0.712   10.7000
 0.713   10.8000
 0.714   10.7000
 0.715   10.8000
 0.716   10.7000
 0.717   10.7000
 0.718   10.8000
 0.719   10.9000
 0.720   10.9000
 0.721   10.9000
 0.722   10.7000
 0.723   10.5000
 0.724   10.5000
 0.725   10.7000
 0.726   10.8000
 0.727   10.8000
 0.728   11.0000
 0.729   10.8000
 0.730   10.8000
 0.731   10.8000
 0.732   10.8000
 0.733   10.9000
 0.734   10.8000
 0.735   10.9000
 0.736   10.8000
 0.737   10.9000
 0.738   11.0000
 0.739   10.9000
 0.740   10.9000
 0.741   10.9000
 0.742   11.0000
 0.743   10.7000
 0.744   10.7000
 0.745   10.8000
 0.746   10.8000
 0.747   10.8000
 0.748   10.8000
 0.749   10.8000
 0.750   10.8000
 0.751   10.9000
 0.752   11.0000
 0.753   10.8000
 0.754   10.8000
 0.755   11.0000
 0.756   11.0000
 0.757   10.9000
 0.758   10.8000
 0.759   10.9000
 0.760   10.8000
 0.761   10.9000
 0.762   10.9000
 0.763   10.9000
 0.764   11.0000
 0.765   11.0000
 0.766   11.1000
 0.767   10.9000
 0.768   10.8000
 0.769   10.9000
 0.770   11.1000
 0.771   11.0000
 0.772   10.9000
 0.773   10.8000
 0.774   10.8000
 0.775   10.8000
 0.776   10.8000
 0.777   10.9000
 0.778   10.9000
 0.779   11.0000
 0.780   11.1000
 0.781   11.0000
 0.782   10.9000
 0.783   10.9000
 0.784   11.0000
 0.785   10.9000
 0.786   11.0000
 0.787   11.1000
 0.788   11.0000
 0.789   11.0000
 0.790   10.9000
 0.791   10.9000
 0.792   10.9000
 0.793   10.9000
 0.794   11.0000
 0.795   11.1000
 0.796   10.9000
 0.797   10.9000
 0.798   10.2000
 0.799    9.8000
 0.800   11.4000
 0.804   11.2000
 0.808   11.1000
 0.812   11.1000
 0.816   11.2000
 0.820   11.1000
 0.824   11.2000
 0.828   11.2000
 0.832   11.2000
 0.836   11.2000
 0.840   11.2000
 0.844   11.2000
 0.848   11.2000
 0.852   11.2000
 0.856   11.2000
 0.860   11.2000
 0.864   11.4000
 0.868   11.2000
 0.872   11.2000
 0.876   11.2000
 0.880   11.2000
 0.884   11.2000
 0.888   11.2000
 0.892   11.1000
 0.896   11.1000
 0.900   11.1000
 0.904   11.1000
 0.908   11.1000
 0.912   11.1000
 0.916   11.1000
 0.920   11.0000
 0.924   11.0000
 0.928   11.1000
 0.932   11.0000
 0.936   11.0000
 0.940   11.0000
 0.944   10.9000
 0.948   11.0000
 0.952   10.7000
 0.956   10.7000
 0.960   10.7000
 0.964   10.7000
 0.968   10.7000
 0.972   10.7000
 0.976   10.6000
 0.980   10.5000
 0.984   10.7000
 0.988   10.9000
 0.992   11.0000
 0.996   10.6000
 1.000   10.5000
 1.004   10.6000
 1.008   10.6000
 1.012   10.4000
 1.016   10.4000
 1.020   10.4000
 1.024   10.4000
 1.028   10.4000
 1.032   10.4000
 1.036   10.4000
 1.040   10.5000
 1.044   10.6000
 1.048   10.4000
 1.052   10.3000
 1.056   10.4000
 1.060   10.5000
 1.064   10.5000
 1.068   10.4000
 1.072   10.4000
 1.076   10.4000
 1.080   10.4000
 1.084   10.6000
 1.088   10.5000
 1.092   10.6000
 1.096   10.7000
 1.100   10.7000
 1.104   10.6000
 1.108   10.7000
 1.112   10.7000
 1.116   10.7000
 1.120   10.7000
 1.124   10.6000
 1.128   10.6000
 1.132   10.6000
 1.136   10.7000
 1.140   10.7000
 1.144   10.7000
 1.148   10.9000
 1.152   10.7000
 1.156   10.9000
 1.160   10.9000
 1.164   10.9000
 1.168   10.7000
 1.172   10.7000
 1.176   11.0000
 1.180   10.9000
 1.184   10.9000
 1.188   10.9000
 1.192   10.9000
 1.196   10.9000
 1.200   10.9000
 1.204   10.9000
 1.208   10.9000
 1.212   11.0000
 1.216   11.0000
 1.220   10.9000
 1.224   10.7000
 1.228   10.7000
 1.232   11.0000
 1.236   11.0000
 1.240   11.0000
 1.244   11.0000
 1.248   11.0000
 1.252   11.0000
 1.256   11.0000
 1.260   11.0000
 1.264   10.9000
 1.268   10.9000
 1.272   10.9000
 1.276   10.9000
 1.280   10.9000
 1.284   10.9000
 1.288   10.9000
 1.292   10.9000
 1.296   10.9000
 1.300   11.0000
 1.304   11.0000
 1.308   11.0000
 1.312   11.0000
 1.316   11.1000
 1.320   11.0000
 1.324   11.1000
 1.328   11.1000
 1.332   11.1000
 1.336   11.2000
 1.340   11.2000
 1.344   11.2000
 1.348   11.2000
 1.352   11.2000
 1.356   11.2000
 1.360   11.2000
 1.364   11.2000
 1.368   11.4000
 1.372   11.4000
 1.376   11.4000
 1.380   11.5000
 1.384   11.6000
 1.388   11.7000
 1.392   11.6000
 1.396   11.5000
 1.400   11.6000
 1.404   11.6000
 1.408   11.6000
 1.412   11.7000
 1.416   11.7000
 1.420   11.8000
 1.424   11.8000
 1.428   12.0000
 1.432   12.0000
 1.436   11.8000
 1.440   12.0000
 1.444   12.1000
 1.448   12.1000
 1.452   12.2000
 1.456   12.1000
 1.460   12.1000
 1.464   12.1000
 1.468   12.0000
 1.472   12.1000
 1.476   12.1000
 1.480   12.1000
 1.484   12.3000
 1.488   12.3000
 1.492   12.3000
 1.496   12.2000
 1.500   12.2000
 1.504   12.2000
 1.508   12.3000
 1.512   12.5000
 1.516   12.7000
 1.520   12.7000
 1.524   12.7000
 1.528   12.7000
 1.532   12.7000
 1.536   12.7000
 1.540   12.7000
 1.544   12.7000
 1.548   12.6000
 1.552   12.7000
 1.556   12.8000
 1.560   12.9000
 1.564   12.9000
 1.568   12.8000
 1.572   12.9000
 1.576   13.1000
 1.580   13.1000
 1.584   13.1000
 1.588   13.1000
 1.592   13.1000
 1.596   13.1000
 1.600   13.1000
 1.604   13.2000
 1.608   13.1000
 1.612   13.1000
 1.616   13.2000
 1.620   13.2000
 1.624   13.2000
 1.628   13.2000
 1.632   13.3000
 1.636   13.3000
 1.640   13.3000
 1.644   13.4000
 1.648   13.3000
 1.652   13.4000
 1.656   13.3000
 1.660   13.2000
 1.664   13.7000
 1.668   13.7000
 1.672   13.7000
 1.676   13.6000
 1.680   13.6000
 1.684   13.4000
 1.688   13.4000
 1.692   13.6000
 1.696   13.6000
 1.700   13.6000
 1.704   13.6000
 1.708   13.6000
 1.712   13.6000
 1.716   13.7000
 1.720   13.7000
 1.724   13.7000
 1.728   13.7000
 1.732   13.7000
 1.736   13.7000
 1.740   13.6000
 1.744   13.4000
 1.748   13.4000
 1.752   13.4000
 1.756   13.3000
 1.760   13.4000
 1.764   13.4000
 1.768   13.4000
 1.772   13.4000
 1.776   13.6000
 1.780   13.6000
 1.784   13.6000
 1.788   13.4000
 1.792   13.6000
 1.796   13.4000
 1.800   13.4000
 1.804   13.6000
 1.808   13.7000
 1.812   13.6000
 1.816   13.3000
 1.820   13.6000
 1.824   13.4000
 1.828   13.4000
 1.832   13.3000
 1.836   13.3000
 1.840   13.3000
 1.844   13.4000
 1.848   13.4000
 1.852   13.4000
 1.856   13.3000
 1.860   13.3000
 1.864   13.3000
 1.868   13.4000
 1.872   13.4000
 1.876   13.3000
 1.880   13.1000
 1.884   12.9000
 1.888   12.8000
 1.892   12.7000
 1.896   12.6000
 1.900   12.7000
 1.904   12.6000
 1.908   12.6000
 1.912   12.5000
 1.916   12.6000
 1.920   12.7000
 1.924   12.7000
 1.928   12.6000
 1.932   12.7000
 1.936   12.8000
 1.940   12.8000
 1.944   12.7000
 1.948   12.6000
 1.952   12.7000
 1.956   12.7000
 1.960   12.6000
 1.964   12.8000
 1.968   12.7000
 1.972   12.7000
 1.976   12.8000
 1.980   12.8000
 1.984   12.8000
 1.988   12.8000
 1.992   12.9000
 1.996   12.9000
 2.000   12.9000
 2.004   12.9000
 2.008   12.8000
 2.012   13.1000
 2.016   13.1000
 2.020   13.1000
 2.024   13.1000
 2.028   13.1000
 2.032   13.1000
 2.036   13.1000
 2.040   13.1000
 2.044   13.1000
 2.048   13.1000
 2.052   12.9000
 2.056   13.1000
 2.060   13.1000
 2.064   13.1000
 2.068   13.1000
 2.072   13.1000
 2.076   13.2000
 2.080   13.1000
 2.084   13.1000
 2.088   13.1000
 2.092   13.1000
 2.096   13.2000
 2.100   13.2000
 2.100   12.4400
 2.101   12.3000
 2.102   12.3100
 2.103   12.3000
 2.104   12.3600
 2.105   12.2800
 2.106   12.1300
 2.106   12.1700
 2.107   12.3900
 2.108   12.7200
 2.109   12.5600
 2.110   12.2200
 2.111   12.1900
 2.112   12.3000
 2.112   12.4300
 2.113   12.4200
 2.114   12.3900
 2.115   12.3300
 2.116   12.3400
 2.117   12.4200
 2.118   12.3600
 2.118   12.2500
 2.119   12.0800
 2.120   11.8600
 2.121   12.1500
 2.122   12.4300
 2.123   12.3500
 2.124   12.4000
 2.125   12.2800
 2.125   12.2400
 2.126   12.6700
 2.127   12.6600
 2.128   12.4700
 2.129   12.3700
 2.130   12.3400
 2.131   12.2700
 2.132   12.1100
 2.132   11.9800
 2.133   12.3100
 2.134   12.5400
 2.135   12.2900
 2.136   12.3300
 2.137   12.4900
 2.138   12.4000
 2.139   12.4800
 2.139   12.4200
 2.140   12.2100
 2.141   12.0400
 2.142   11.9200
 2.143   12.1400
 2.144   12.3500
 2.145   12.4000
 2.146   12.4800
 2.147   12.3900
 2.147   12.3400
 2.148   12.3000
 2.149   12.0800
 2.150   12.0900
 2.151   12.3500
 2.152   12.3400
 2.153   12.1800
 2.154   12.0700
 2.155   12.0900
 2.155   12.3200
 2.156   12.4700
 2.157   12.3600
 2.158   12.3000
 2.159   12.2400
 2.160   12.1200
 2.161   12.1600
 2.162   12.2600
 2.163   12.0900
 2.164   12.0800
 2.164   12.1400
 2.165   12.1100
 2.166   12.2100
 2.167   12.3500
 2.168   12.2900
 2.169   12.0800
 2.170   12.0500
 2.171   12.2000
 2.172   12.1200
 2.173   12.1000
 2.173   12.2000
 2.174   12.2800
 2.175   12.3100
 2.176   12.3700
 2.177   12.2200
 2.178   12.1500
 2.179   12.2300
 2.180   12.1900
 2.181   12.1700
 2.182   12.2700
 2.183   12.2500
 2.184   12.3000
 2.184   12.3900
 2.185   12.2800
 2.186   12.1800
 2.187   12.1600
 2.188   12.2300
 2.189   12.2100
 2.190   12.1900
 2.191   12.2900
 2.192   12.2700
 2.193   12.0300
 2.194   12.0500
 2.195   12.0700
 2.196   11.9700
 2.196   11.9700
 2.197   12.0000
 2.198   12.1600
 2.199   12.2600
 2.200   12.2600
 2.201   12.1200
 2.202   12.0000
 2.203   12.0200
 2.204   12.3200
 2.205   12.2400
 2.206   12.2000
 2.207   12.1800
 2.208   11.9900
 2.209   12.0300
 2.210   12.0300
 2.211   11.9600
 2.211   12.1100
 2.212   12.1600
 2.213   12.1100
 2.214   12.2200
 2.215   12.2200
 2.216   12.0000
 2.217   11.8000
 2.218   11.7600
 2.219   12.0700
 2.220   12.3500
 2.221   12.2600
 2.222   12.1200
 2.223   12.1800
 2.224   12.1700
 2.225   11.9800
 2.226   11.9900
 2.227   12.2200
 2.228   12.2400
 2.229   12.0700
 2.230   11.9000
 2.231   11.9800
 2.231   11.9500
 2.232   11.8800
 2.233   11.9100
 2.234   12.0500
 2.235   11.9600
 2.236   12.0500
 2.237   12.1600
 2.238   12.1600
 2.239   12.1100
 2.240   12.0900
 2.241   11.9200
 2.242   11.9500
 2.243   12.1100
 2.244   12.0500
 2.245   12.0200
 2.246   12.0000
 2.247   12.0500
 2.248   12.1600
 2.249   12.0900
 2.250   12.0200
 2.251   11.9800
 2.252   11.9700
 2.253   12.2100
 2.254   12.2900
 2.255   12.1000
 2.256   12.0100
 2.257   11.9600
 2.258   12.0200
 2.259   12.1000
 2.260   11.9800
 2.261   11.9700
 2.262   12.0900
 2.263   12.0700
 2.264   12.1300
 2.265   12.1000
 2.266   12.1000
 2.267   12.0200
 2.268   12.0700
 2.269   12.1600
 2.270   12.1100
 2.271   11.9900
 2.272   12.1200
 2.273   12.1200
 2.274   11.8800
 2.275   11.8600
 2.276   12.0200
 2.277   12.1000
 2.278   12.0000
 2.279   11.8500
 2.280   11.9500
 2.281   11.9500
 2.282   11.9900
 2.283   12.0900
 2.284   12.1000
 2.285   12.0900
 2.286   11.8900
 2.287   11.7400
 2.288   11.8500
 2.289   11.9300
 2.290   12.0400
 2.291   12.2000
 2.292   12.0600
 2.293   11.9600
 2.294   11.9700
 2.295   11.8600
 2.296   11.7700
 2.297   11.8100
 2.298   11.9200
 2.299   12.0500
 2.300   12.0000
 2.301   11.8400
 2.302   11.9000
 2.303   11.9700
 2.304   12.0000
 2.305   11.8800
 2.306   11.7300
 2.307   11.9200
 2.308   12.1300
 2.309   11.9900
 2.310   11.9500
 2.311   12.0500
 2.312   12.0200
 2.313   11.9900
 2.314   11.9900
 2.315   11.9200
 2.316   11.9300
 2.317   11.9600
 2.318   11.9200
 2.319   11.8500
 2.320   11.8700
 2.321   11.8800
 2.322   12.0000
 2.323   12.0900
 2.324   12.0600
 2.326   12.0300
 2.327   12.0600
 2.328   11.9900
 2.329   11.9000
 2.330   11.9400
 2.331   11.8400
 2.332   11.7700
 2.333   11.7900
 2.334   11.7100
 2.335   11.8000
 2.336   11.9200
 2.337   11.8700
 2.338   11.7400
 2.339   11.7500
 2.340   11.8500
 2.341   11.9500
 2.342   11.7500
 2.343   11.6900
 2.344   11.7500
 2.346   11.9100
 2.347   12.0600
 2.348   12.0800
 2.349   11.9700
 2.350   11.9400
 2.351   11.7600
 2.352   11.7700
 2.353   11.8400
 2.354   11.8500
 2.355   11.7600
 2.356   11.8700
 2.357   11.9200
 2.358   11.8700
 2.359   11.8200
 2.360   11.9700
 2.362   12.0400
 2.363   12.0000
 2.364   12.0300
 2.365   11.9400
 2.366   11.8500
 2.367   11.9100
 2.368   11.9600
 2.369   11.8300
 2.370   11.8300
 2.371   11.8900
 2.372   11.7700
 2.373   11.7600
 2.375   11.8100
 2.376   11.9700
 2.377   11.9400
 2.378   11.7800
 2.379   11.7400
 2.380   11.8800
 2.381   11.9600
 2.382   11.9000
 2.383   11.8600
 2.384   11.9000
 2.385   11.8400
 2.387   11.8400
 2.388   11.8800
 2.389   11.9100
 2.390   11.8800
 2.391   11.9200
 2.392   11.9700
 2.393   11.9200
 2.394   11.8100
 2.395   11.7700
 2.396   11.7800
 2.398   11.8800
 2.399   11.9200
 2.400   11.8500
 2.401   11.8100
 2.402   11.9100
 2.403   11.8800
 2.404   11.7800
 2.405   11.7600
 2.406   11.8600
 2.408   11.7900
 2.409   11.6500
 2.410   11.7600
 2.411   11.8800
 2.412   11.9400
 2.413   11.9800
 2.414   11.8900
 2.415   11.6600
 2.417   11.6400
 2.418   11.8400
 2.419   11.8500
 2.420   11.8100
 2.421   11.7400
 2.422   11.4900
 2.423   11.5900
 2.424   11.8000
 2.426   11.7000
 2.427   11.7500
 2.428   11.9000
 2.429   11.8900
 2.430   11.6800
 2.431   11.7300
 2.432   11.7900
 2.434   11.7900
 2.435   11.7200
 2.436   11.6400
 2.437   11.6300
 2.438   11.7600
 2.439   11.8500
 2.440   11.8100
 2.442   11.6300
 2.443   11.4700
 2.444   11.6400
 2.445   11.7700
 2.446   11.7400
 2.447   11.6400
 2.449   11.6600
 2.450   11.7500
 2.451   11.7400
 2.452   11.7100
 2.453   11.6600
 2.454   11.7200
 2.455   11.7100
 2.457   11.7500
 2.458   11.8200
 2.459   11.7200
 2.460   11.6800
 2.461   11.7200
 2.462   11.6400
 2.464   11.6900
 2.465   11.7400
 2.466   11.7200
 2.467   11.6300
 2.468   11.5000
 2.469   11.5800
 2.471   11.7600
 2.472   11.6900
 2.473   11.7600
 2.474   11.7200
 2.475   11.5900
 2.477   11.4800
 2.478   11.5100
 2.479   11.6300
 2.480   11.6700
 2.481   11.5600
 2.482   11.5600
 2.484   11.5700
 2.485   11.5000
 2.486   11.4600
 2.487   11.5000
 2.488   11.5700
 2.490   11.6400
 2.491   11.5900
 2.492   11.6000
 2.493   11.6300
 2.494   11.4600
 2.496   11.4400
 2.497   11.5100
 2.498   11.6300
 2.499   11.6000
 2.500   11.3600
 2.502   11.3900
 2.503   11.3900
 2.504   11.4200
 2.505   11.4600
 2.506   11.4100
 2.508   11.4000
 2.509   11.5400
 2.510   11.6700
 2.511   11.5700
 2.513   11.3600
 2.514   11.3300
 2.515   11.4600
 2.516   11.5500
 2.517   11.5500
 2.519   11.4900
 2.520   11.3900
 2.521   11.4700
 2.522   11.4300
 2.524   11.5000
 2.525   11.5600
 2.526   11.5200
 2.527   11.5600
 2.528   11.4700
 2.530   11.2100
 2.531   11.2200
 2.532   11.2700
 2.533   11.2700
 2.535   11.2400
 2.536   11.3100
 2.537   11.4000
 2.538   11.4300
 2.540   11.3600
 2.541   11.3400
 2.542   11.2200
 2.543   11.1600
 2.545   11.3100
 2.546   11.3900
 2.547   11.2000
 2.548   11.2600
 2.550   11.2100
 2.551   11.0600
 2.552   11.0100
 2.553   11.2900
 2.555   11.5600
 2.556   11.7200
 2.557   11.6500
 2.558   11.4000
 2.560   10.9700
 2.561   10.7700
 2.562   10.8100
 2.563   10.8400
 2.565   11.1400
 2.566   11.5400
 2.567   11.2700
 2.569   10.9000
 2.570   11.0500
 2.571   11.3100
 2.572   11.0900
 2.574   11.1500
 2.575   11.1800
 2.576   10.8800
 2.577   11.1400
 2.579   11.4900
 2.580   11.2700
 2.581   11.0900
 2.583   10.8500
 2.584   10.7700
 2.585   11.0200
 2.586   10.7800
 2.588   10.8000
 2.589   11.1900
 2.590   11.3000
 2.592   11.1800
 2.593   10.6500
 2.594   10.0200
 2.596   10.5000
 2.597   11.1100
 2.598   11.3600
 2.599   11.3500
 2.601   11.0900
 2.602   10.9700
 2.603   10.6200
 2.605   10.4000
 2.606   10.6200
 2.607   10.8400
 2.609   10.9500
 2.610   11.1500
 2.611   11.2300
 2.613   11.1900
 2.614   11.2700
 2.615   10.9900
 2.616   10.4500
 2.618   10.8300
 2.619   10.7600
 2.620   10.7200
 2.622   11.2600
 2.623   11.4100
 2.624   11.0900
 2.626   10.8000
 2.627   11.0600
 2.628   10.9600
 2.630   10.4700
 2.631   10.8900
 2.632   11.1200
 2.634   11.0900
 2.635   11.4300
 2.636   11.6500
 2.638   11.5600
 2.639   11.3400
 2.640   11.2900
 2.642   11.2600
 2.643   11.2700
 2.645   11.1100
 2.646   11.0700
 2.647   11.1900
 2.649   11.2900
 2.650   11.3400
 2.651   11.0800
 2.653   11.0200
 2.654   11.1100
 2.655   11.0900
 2.657   11.1200
 2.658   10.9600
 2.659   10.8400
 2.661   10.8400
 2.662   10.7700
 2.664   10.3000
 2.665    9.7800
 2.666    9.7700
 2.668   10.1200
 2.669    9.7700
 2.670    9.5700
 2.672   10.2800
 2.673   10.4800
 2.675   10.0800
 2.676    9.5800
 2.677    9.7500
 2.679    9.8500
 2.680   10.1200
 2.681   10.2000
 2.683    9.9800
 2.684    9.9100
 2.686    9.8400
 2.687    9.7600
 2.688    9.7000
 2.690    9.6700
 2.691    9.5000
 2.693    8.9900
 2.694    8.6600
 2.695    8.6900
 2.697    8.9100
 2.698    8.8900
 2.700    8.5600
 2.701    8.3200
 2.702    8.3700
 2.704    8.2300
 2.705    8.1200
 2.707    7.8800
 2.708    7.6300
 2.709    7.5400
 2.711    7.5500
 2.712    7.8000
 2.714    7.9800
 2.715    7.8900
 2.717    7.6900
 2.718    7.3800
 2.719    6.9400
 2.721    6.9100
 2.722    7.1300
 2.724    6.9100
 2.725    6.8300
 2.727    7.1600
 2.728    7.3500
 2.729    7.2600
 2.731    7.3100
 2.732    7.2700
 2.734    6.8900
 2.735    6.6800
 2.737    6.6600
 2.738    6.3600
 2.740    6.0700
 2.741    6.0500
 2.742    6.4400
 2.744    6.6700
 2.745    6.6400
 2.747    6.5200
 2.748    6.4500
 2.750    6.4100
 2.751    6.3200
 2.753    6.1500
 2.754    5.7000
 2.756    5.6300
 2.757    6.0200
 2.758    6.1900
 2.760    6.0700
 2.761    5.8200
 2.763    5.7600
 2.764    5.8600
 2.766    5.9600
 2.767    5.9500
 2.769    6.0200
 2.770    6.0200
 2.772    6.1200
 2.773    6.1900
 2.775    6.2100
 2.776    6.1800
 2.778    6.2400
 2.779    6.1000
 2.781    6.0100
 2.782    6.1200
 2.784    6.2300
 2.785    6.0200
 2.787    5.8600
 2.788    5.9300
 2.790    6.1200
 2.791    6.1800
 2.793    6.2700
 2.794    6.3400
 2.796    6.3400
 2.797    6.2700
 2.799    6.2800
 2.800    6.2000
 2.802    6.0200
 2.803    6.0500
 2.805    6.2400
 2.806    6.3600
 2.808    6.4300
 2.809    6.1800
 2.811    6.0500
 2.812    6.1300
 2.814    6.2300
 2.815    6.3100
 2.817    6.3300
 2.818    6.1400
 2.820    6.2200
 2.821    6.3100
 2.823    6.3000
 2.825    6.4000
 2.826    6.4400
 2.828    6.2700
 2.829    6.1600
 2.831    6.1900
 2.832    6.1900
 2.834    6.1300
 2.835    6.0700
 2.837    5.9800
 2.838    6.0600
 2.840    6.1600
 2.842    6.2700
 2.843    6.3100
 2.845    6.2700
 2.846    6.2600
 2.848    6.2700
 2.849    6.2600
 2.851    6.1600
 2.853    6.0500
 2.854    6.1800
 2.856    6.2500
 2.857    6.2700
 2.859    6.2900
 2.860    6.2500
 2.862    6.2000
 2.864    6.2600
 2.865    6.1700
 2.867    6.1900
 2.868    6.2300
 2.870    6.2100
 2.871    6.1700
 2.873    6.2500
 2.875    6.3300
 2.876    6.2000
 2.878    6.1500
 2.879    6.2700
 2.881    6.3200
 2.883    6.1600
 2.884    6.0200
 2.886    6.0900
 2.887    6.0800
 2.889    6.1400
 2.891    6.2600
 2.892    6.3700
 2.894    6.2800
 2.896    6.1700
 2.897    6.0900
 2.899    6.1300
 2.900    6.0800
 2.902    6.0400
 2.904    6.0100
 2.905    6.0200
 2.907    6.1200
 2.909    6.1600
 2.910    6.1200
 2.912    6.0600
 2.913    6.0500
 2.915    6.1700
 2.917    6.1200
 2.918    6.1400
 2.920    6.1000
 2.922    6.0600
 2.923    6.0300
 2.925    6.0600
 2.927    6.1000
 2.928    6.1600
 2.930    6.0500
 2.932    6.0700
 2.933    6.2400
 2.935    6.2800
 2.937    6.1700
 2.938    6.1300
 2.940    6.0200
 2.942    6.0100
 2.943    6.0900
 2.945    6.0600
 2.947    6.0100
 2.948    6.0900
 2.950    6.1800
 2.952    6.1000
 2.953    5.9800
 2.955    6.0300
 2.957    6.0000
 2.958    6.0700
 2.960    6.1800
 2.962    6.1300
 2.963    6.1400
 2.965    6.1400
 2.967    5.9800
 2.968    5.9500
 2.970    5.9900
 2.972    6.1000
 2.974    6.1400
 2.975    6.1600
 2.977    6.1500
 2.979    6.1800
 2.980    6.1800
 2.982    6.1900
 2.984    6.1000
 2.986    6.1000
 2.987    6.1700
 2.989    6.2800
 2.991    6.2600
 2.992    6.2300
 2.994    6.1700
 2.996    6.1400
 2.998    6.1100
 2.999    6.1300
 3.001    6.1300
 3.003    6.1800
 3.005    6.2700
 3.006    6.2400
 3.008    6.1300
 3.010    6.2500
 3.012    6.3700
 3.013    6.3200
 3.015    6.2800
 3.017    6.2100
 3.019    6.2600
 3.020    6.3200
 3.022    6.2300
 3.024    6.3000
 3.026    6.3700
 3.027    6.3600
 3.029    6.3100
 3.031    6.3000
 3.033    6.2500
 3.034    6.3800
 3.036    6.4000
 3.038    6.3500
 3.040    6.2800
 3.042    6.3000
 3.043    6.2900
 3.045    6.3000
 3.047    6.3400
 3.049    6.3500
 3.051    6.3100
 3.052    6.3900
 3.054    6.4000
 3.056    6.4000
 3.058    6.3900
 3.060    6.3700
 3.061    6.3600
 3.063    6.4100
 3.065    6.4000
 3.067    6.3600
 3.069    6.3700
 3.070    6.3400
 3.072    6.2800
 3.074    6.4200
 3.076    6.5300
 3.078    6.4700
 3.079    6.4000
 3.081    6.4200
 3.083    6.4000
 3.085    6.3700
 3.087    6.3100
 3.089    6.2600
 3.091    6.2600
 3.092    6.3200
 3.094    6.3100
 3.096    6.3600
 3.098    6.4300
 3.100    6.4100
 3.102    6.3700
 3.103    6.3800
 3.105    6.3700
 3.107    6.4600
 3.109    6.4900
 3.111    6.4300
 3.113    6.3800
 3.115    6.4500
 3.116    6.5300
 3.118    6.5400
 3.120    6.5400
 3.122    6.5900
 3.124    6.4800
 3.126    6.4500
 3.128    6.5400
 3.130    6.5000
 3.132    6.4900
 3.133    6.5700
 3.135    6.5800
 3.137    6.6000
 3.139    6.6600
 3.141    6.6600
 3.143    6.5800
 3.145    6.5500
 3.147    6.6200
 3.149    6.7000
 3.151    6.6700
 3.152    6.7000
 3.154    6.8000
 3.156    6.7600
 3.158    6.6900
 3.160    6.7000
 3.162    6.7000
 3.164    6.7200
 3.166    6.7400
 3.168    6.7600
 3.170    6.7800
 3.172    6.8000
 3.174    6.7500
 3.176    6.8300
 3.178    6.8600
 3.180    6.8500
 3.182    6.8600
 3.183    6.9000
 3.185    6.9300
 3.187    6.9600
 3.189    6.9600
 3.191    6.9700
 3.193    6.9400
 3.195    6.9600
 3.197    6.9700
 3.199    7.0400
 3.201    7.0100
 3.203    7.0000
 3.205    7.0400
 3.207    7.0500
 3.209    7.0200
 3.211    7.0900
 3.213    7.1400
 3.215    7.1200
 3.217    7.0800
 3.219    7.0600
 3.221    7.0500
 3.223    7.0900
 3.225    7.0800
 3.227    7.1300
 3.229    7.1800
 3.231    7.2500
 3.233    7.2400
 3.235    7.2100
 3.237    7.2200
 3.239    7.2400
 3.241    7.2300
 3.243    7.2000
 3.245    7.2300
 3.247    7.2700
 3.249    7.3700
 3.251    7.4400
 3.253    7.3500
 3.255    7.3300
 3.257    7.3500
 3.259    7.3500
 3.262    7.4000
 3.264    7.4200
 3.266    7.4200
 3.268    7.4300
 3.270    7.4000
 3.272    7.4500
 3.274    7.4400
 3.276    7.4600
 3.278    7.4800
 3.280    7.4700
 3.282    7.4400
 3.284    7.4900
 3.286    7.5500
 3.288    7.5400
 3.291    7.5000
 3.293    7.5100
 3.295    7.5100
 3.297    7.4800
 3.299    7.5600
 3.301    7.6300
 3.303    7.5500
 3.305    7.6000
 3.307    7.6400
 3.309    7.6900
 3.312    7.6900
 3.314    7.6600
 3.316    7.7000
 3.318    7.7100
 3.320    7.6600
 3.322    7.6700
 3.324    7.6800
 3.326    7.6900
 3.329    7.6700
 3.331    7.6800
 3.333    7.6900
 3.335    7.6300
 3.337    7.5900
 3.339    7.6200
 3.341    7.5600
 3.344    7.4600
 3.346    7.4100
 3.348    7.4300
 3.350    7.4100
 3.352    7.4500
 3.354    7.4900
 3.357    7.5500
 3.359    7.5400
 3.361    7.4900
 3.363    7.5000
 3.365    7.6100
 3.367    7.6700
 3.370    7.6900
 3.372    7.6500
 3.374    7.6800
 3.376    7.7300
 3.378    7.8100
 3.381    7.8300
 3.383    7.8400
 3.385    7.8400
 3.387    7.7900
 3.389    7.7800
 3.392    7.8500
 3.394    7.8600
 3.396    7.8100
 3.398    7.7700
 3.401    7.8200
 3.403    7.9300
 3.405    7.9600
 3.407    8.0100
 3.409    8.0300
 3.412    7.9600
 3.414    7.9700
 3.416    7.9800
 3.418    8.0100
 3.421    8.0600
 3.423    8.1000
 3.425    8.0800
 3.428    8.1000
 3.430    8.1500
 3.432    8.1600
 3.434    8.1000
 3.437    8.0900
 3.439    8.0800
 3.441    8.0500
 3.443    8.0300
 3.446    8.0900
 3.448    8.1000
 3.450    8.1500
 3.453    8.1900
 3.455    8.1500
 3.457    8.0800
 3.460    8.0200
 3.462    7.9900
 3.464    8.0000
 3.466    8.0100
 3.469    7.9900
 3.471    7.9000
 3.473    7.9200
 3.476    8.0300
 3.478    8.0700
 3.480    8.0100
 3.483    7.9700
 3.485    7.9900
 3.487    8.0100
 3.490    8.0100
 3.492    8.0900
 3.494    8.1200
 3.497    8.0700
 3.499    8.1300
 3.502    8.2100
 3.504    8.2200
 3.506    8.2600
 3.509    8.2900
 3.511    8.2700
 3.513    8.2000
 3.516    8.2100
 3.518    8.2400
 3.521    8.3400
 3.523    8.4600
 3.525    8.4800
 3.528    8.4100
 3.530    8.4300
 3.533    8.4700
 3.535    8.5000
 3.537    8.5300
 3.540    8.5300
 3.542    8.5400
 3.545    8.6300
 3.547    8.6400
 3.550    8.6600
 3.552    8.7100
 3.554    8.7100
 3.557    8.6900
 3.559    8.7100
 3.562    8.7400
 3.564    8.7400
 3.567    8.7100
 3.569    8.7000
 3.571    8.6900
 3.574    8.7100
 3.576    8.7300
 3.579    8.8100
 3.581    8.8500
 3.584    8.8800
 3.586    8.9200
 3.589    8.9100
 3.591    8.8300
 3.594    8.9200
 3.596    8.9700
 3.599    8.9600
 3.601    9.0200
 3.604    9.0700
 3.606    8.9900
 3.609    8.9500
 3.611    8.9200
 3.614    8.9600
 3.616    9.0200
 3.619    9.0200
 3.621    9.0400
 3.624    9.0300
 3.626    9.0000
 3.629    8.9800
 3.632    9.0000
 3.634    9.0300
 3.637    9.0400
 3.639    9.0600
 3.642    9.0500
 3.644    9.0400
 3.647    9.0700
 3.649    9.0900
 3.652    9.0400
 3.655    9.0500
 3.657    9.0700
 3.660    9.1500
 3.662    9.1300
 3.665    9.1100
 3.667    9.1300
 3.670    9.1200
 3.673    9.1000
 3.675    9.1200
 3.678    9.0900
 3.680    9.1200
 3.683    9.1100
 3.686    9.0700
 3.688    9.0200
 3.691    9.0600
 3.694    9.1100
 3.696    9.1500
 3.699    9.2100
 3.701    9.2400
 3.704    9.1800
 3.707    9.1800
 3.709    9.1900
 3.712    9.2000
 3.715    9.1700
 3.717    9.1800
 3.720    9.1700
 3.723    9.1800
 3.725    9.2000
 3.728    9.2100
 3.731    9.1700
 3.733    9.1800
 3.736    9.1500
 3.739    9.1300
 3.742    9.1200
 3.744    9.1400
 3.747    9.1500
 3.750    9.1500
 3.752    9.1600
 3.755    9.1600
 3.758    9.1200
 3.761    9.1400
 3.763    9.1300
 3.766    9.1100
 3.769    9.0700
 3.771    9.1000
 3.774    9.1100
 3.777    9.1000
 3.780    9.0400
 3.782    9.0100
 3.785    9.0000
 3.788    8.9600
 3.791    8.9000
 3.794    8.9000
 3.796    8.9200
 3.799    8.8900
 3.802    8.7400
 3.805    8.7200
 3.807    8.7300
 3.810    8.6800
 3.813    8.6100
 3.816    8.6100
 3.819    8.6200
 3.822    8.6100
 3.824    8.5600
 3.827    8.5500
 3.830    8.5100
 3.833    8.4800
 3.836    8.4800
 3.838    8.4600
 3.841    8.3800
 3.844    8.4500
 3.847    8.4600
 3.850    8.4300
 3.853    8.4400
 3.856    8.4400
 3.858    8.4100
 3.861    8.3900
 3.864    8.4100
 3.867    8.3900
 3.870    8.3600
 3.873    8.3800
 3.876    8.4000
 3.879    8.4200
 3.882    8.3700
 3.884    8.3400
 3.887    8.3000
 3.890    8.2900
 3.893    8.2900
 3.896    8.3700
 3.899    8.4100
 3.902    8.4100
 3.905    8.3600
 3.908    8.3600
 3.911    8.3400
 3.914    8.3400
 3.917    8.2800
 3.920    8.2700
 3.923    8.2400
 3.926    8.2300
 3.929    8.2100
 3.932    8.2400
 3.935    8.2300
 3.938    8.2100
 3.941    8.1900
 3.944    8.1600
 3.947    8.1100
 3.950    8.0800
 3.953    8.0300
 3.956    8.0300
 3.959    7.9800
 3.962    7.9300
 3.965    7.9300
 3.968    7.9500
 3.971    7.9400
 3.974    7.9200
 3.977    7.8700
 3.980    7.8700
 3.983    7.8800
 3.986    7.9500
 3.989    7.9900
 3.992    8.0000
 3.995    7.9700
 3.998    7.9600
 4.001    7.9900
 4.004    8.0800
 4.008    8.1200
 4.011    8.1400
 4.014    8.1400
 4.017    8.1300
 4.020    8.1100
 4.023    8.2200
 4.026    8.2600
 4.029    8.2700
 4.032    8.3200
 4.036    8.3600
 4.039    8.2900
 4.042    8.3000
 4.045    8.4100
 4.048    8.4600
 4.051    8.4700
 4.055    8.5400
 4.058    8.5300
 4.061    8.4800
 4.064    8.4800
 4.067    8.4500
 4.070    8.4600
 4.074    8.5000
 4.077    8.5300
 4.080    8.6200
 4.083    8.6400
 4.087    8.5800
 4.090    8.5400
 4.093    8.5600
 4.096    8.5700
 4.099    8.5300
 4.103    8.4700
 4.106    8.5000
 4.109    8.5600
 4.112    8.5100
 4.116    8.4600
 4.119    8.5200
 4.122    8.5700
 4.126    8.5600
 4.129    8.5300
 4.132    8.5200
 4.135    8.4900
 4.139    8.4900
 4.142    8.4800
 4.145    8.4800
 4.149    8.4700
 4.152    8.4600
 4.155    8.4800
 4.159    8.4900
 4.162    8.4500
 4.165    8.4400
 4.169    8.4700
 4.172    8.4900
 4.175    8.4500
 4.179    8.4400
 4.182    8.4400
 4.185    8.4400
 4.189    8.4500
 4.192    8.3800
 4.196    8.2600
 4.199    8.2500
 4.202    8.2300
 4.206    8.1600
 4.209    8.0400
 4.213    7.9200
 4.216    7.7700
 4.219    7.6900
 4.223    7.5500
 4.226    7.3900
 4.230    7.4100
 4.233    7.4600
 4.237    7.4200
 4.240    7.5000
 4.244    7.6200
 4.247    7.7300
 4.251    7.8500
 4.254    7.9300
 4.258    7.8300
 4.261    7.7200
 4.265    7.6200
 4.268    7.5800
 4.272    7.5200
 4.275    7.5100
 4.279    7.4700
 4.282    7.4900
 4.286    7.4900
 4.289    7.4700
 4.293    7.5100
 4.296    7.5200
 4.300    7.4800
 4.304    7.5400
 4.307    7.6300
 4.311    7.7000
 4.314    7.6700
 4.318    7.7100
 4.321    7.7500
 4.325    7.7600
 4.329    7.7700
 4.332    7.8100
 4.336    7.8300
 4.340    7.8100
 4.343    7.7500
 4.347    7.7700
 4.350    7.7800
 4.354    7.7500
 4.358    7.7600
 4.361    7.7400
 4.365    7.7200
 4.369    7.7200
 4.372    7.7000
 4.376    7.7100
 4.380    7.6400
 4.384    7.5900
 4.387    7.6100
 4.391    7.6300
 4.395    7.6200
 4.398    7.5900
 4.402    7.5400
 4.406    7.5500
 4.410    7.5200
 4.413    7.4900
 4.417    7.4800
 4.421    7.4500
 4.425    7.4300
 4.428    7.4700
 4.432    7.4300
 4.436    7.3800
 4.440    7.3000
 4.444    7.2900
 4.447    7.2800
 4.451    7.2800
 4.455    7.2800
 4.459    7.3200
 4.463    7.3000
 4.467    7.2800
 4.470    7.2200
 4.474    7.1600
 4.478    7.1400
 4.482    7.1200
 4.486    7.0900
 4.490    7.1400
 4.494    7.0900
 4.498    7.0300
 4.502    7.0000
 4.505    7.0400
 4.509    7.0400
 4.513    7.0400
 4.517    7.0000
 4.521    6.9500
 4.525    6.8800
 4.529    6.9000
 4.533    6.9300
 4.537    6.9100
 4.541    6.8400
 4.545    6.8200
 4.549    6.7900
 4.553    6.7700
 4.557    6.7200
 4.561    6.7200
 4.565    6.7100
 4.569    6.7000
 4.573    6.6400
 4.577    6.6000
 4.581    6.5900
 4.585    6.5700
 4.589    6.5700
 4.593    6.6100
 4.597    6.5500
 4.601    6.4900
 4.605    6.4500
 4.610    6.4400
 4.614    6.4000
 4.618    6.3300
 4.622    6.3100
 4.626    6.3300
 4.630    6.2900
 4.634    6.2600
 4.638    6.1900
 4.643    6.2000
 4.647    6.1900
 4.651    6.1600
 4.655    6.1100
 4.659    6.1200
 4.663    6.0700
 4.668    6.0500
 4.672    6.0300
 4.676    5.9900
 4.680    5.9700
 4.684    5.9900
 4.689    5.9700
 4.693    5.9600
 4.697    5.9800
 4.701    5.9700
 4.706    5.9400
 4.710    5.9300
 4.714    5.9100
 4.719    5.9100
 4.723    5.8900
 4.727    5.9000
 4.731    5.9100
 4.736    5.8800
 4.740    5.8500
 4.744    5.8700
 4.749    5.8400
 4.753    5.8000
 4.758    5.7800
 4.762    5.7300
 4.766    5.7100
 4.771    5.7400
 4.775    5.7300
 4.779    5.7200
 4.784    5.7000
 4.788    5.6900
 4.793    5.6700
 4.797    5.6600
 4.802    5.6400
 4.806    5.6500
 4.810    5.6400
 4.815    5.6000
 4.819    5.6000
 4.824    5.6000
 4.828    5.5600
 4.833    5.5400
 4.837    5.4900
 4.842    5.5000
 4.846    5.5000
 4.851    5.4900
 4.856    5.4800
 4.860    5.5100
 4.865    5.4500
 4.869    5.4100
 4.874    5.4400
 4.878    5.4600
 4.883    5.4600
 4.888    5.4300
 4.892    5.3900
 4.897    5.3800
 4.901    5.3700
 4.906    5.3400
 4.911    5.3100
 4.915    5.3000
 4.920    5.2800
 4.925    5.2800
 4.929    5.3000
 4.934    5.2700
 4.939    5.2300
 4.943    5.2400
 4.948    5.2000
 4.953    5.1600
 4.958    5.1700
 4.962    5.1600
 4.967    5.1100
 4.972    5.1200
 4.977    5.1100
 4.981    5.1000
 4.986    5.0800
 4.991    5.0600
 4.996    5.0400
 5.001    5.0400
 5.005    5.0200
 5.010    5.0100
 5.015    4.9400
 5.020    4.9400
 5.025    4.9500
 5.030    4.9600
 5.035    4.9700
 5.040    4.9500
 5.044    4.9300
 5.049    4.9200
 5.054    4.9100
 5.059    4.9000
 5.064    4.8800
 5.069    4.8600
 5.074    4.8300
 5.079    4.8200
 5.084    4.8100
 5.089    4.8000
 5.094    4.7800
 5.099    4.7700
 5.104    4.7300
 5.109    4.7300
 5.114    4.7400
 5.119    4.7500
 5.124    4.7500
 5.129    4.7200
 5.134    4.6700
 5.139    4.6300
 5.145    4.6000
 5.150    4.6600
 5.155    4.6500
 5.160    4.6400
 5.165    4.6200
 5.170    4.5900
 5.175    4.5800
 5.180    4.5800
 5.186    4.5800
 5.191    4.5800
 5.196    4.5500
 5.201    4.5900
 5.206    4.5200
 5.212    4.4600
 5.217    4.4900
 5.222    4.5000
 5.227    4.4800
 5.233    4.4700
 5.238    4.4400
 5.243    4.4400
 5.249    4.4500
 5.254    4.4400
 5.259    4.4200
 5.265    4.4200
 5.270    4.4100
 5.275    4.3800
 5.281    4.3100
 5.286    4.2600
 5.291    4.2600
 5.297    4.2700
 5.302    4.2500
 5.308    4.2900
 5.313    4.3100
 5.319    4.2700
 5.324    4.2400
 5.330    4.2400
 5.335    4.2300
 5.341    4.1500
 5.346    4.0200
 5.352    4.0800
 5.357    4.1500
 5.363    4.1500
 5.368    4.1400
 5.374    4.1400
 5.379    4.1100
 5.385    4.1000
 5.390    4.0800
 5.396    4.1000
 5.402    4.0800
 5.407    4.0200
 5.413    3.9200
 5.419    3.8200
 5.424    3.9000
 5.430    3.9900
 5.436    3.9800
 5.441    3.9400
 5.447    3.9400
 5.453    3.8800
 5.459    3.7300
 5.464    3.7600
 5.470    3.7900
 5.476    3.7900
 5.482    3.8200
 5.487    3.8400
 5.493    3.8700
 5.499    3.8500
 5.505    3.8200
 5.511    3.7600
 5.517    3.7000
 5.523    3.7000
 5.528    3.7000
 5.534    3.6300
 5.540    3.5400
 5.546    3.4900
 5.552    3.4800
 5.558    3.5100
 5.564    3.5100
 5.570    3.4300
 5.576    3.3600
 5.582    3.4700
 5.588    3.5300
 5.594    3.5300
 5.600    3.5500
 5.606    3.5800
 5.612    3.5300
 5.618    3.5200
 5.624    3.5100
 5.630    3.4400
 5.637    3.3200
 5.643    3.3800
 5.649    3.4000
 5.655    3.4300
 5.661    3.4700
 5.667    3.4100
 5.674    3.4100
 5.680    3.4600
 5.686    3.4300
 5.692    3.4800
 5.698    3.4000
 5.705    3.2700
 5.711    3.2600
 5.717    3.3100
 5.724    3.3800
 5.730    3.3800
 5.736    3.3500
 5.743    3.2800
 5.749    3.3800
 5.755    3.2900
 5.762    3.0800
 5.768    3.1900
 5.775    3.2900
 5.781    3.3700
 5.788    3.4200
 5.794    3.4100
 5.800    3.3300
 5.807    3.2200
 5.813    3.0100
 5.820    3.0000
 5.827    3.1400
 5.833    3.2700
 5.840    3.2700
 5.846    3.2400
 5.853    3.1700
 5.859    3.1300
 5.866    3.1100
 5.873    2.8500
 5.879    2.8100
 5.886    2.9400
 5.893    2.9000
 5.899    3.1100
 5.906    3.2100
 5.913    3.1700
 5.920    3.0800
 5.926    2.8500
 5.933    2.6900
 5.940    2.9200
 5.947    3.0400
 5.954    3.0700
 5.960    2.9400
 5.967    2.8800
 5.974    2.9300
 5.981    2.8700
 5.988    2.8600
 5.995    2.9800
 6.002    2.9800
 6.009    2.9400
 6.016    3.0000
 6.023    3.0200
 6.030    2.9400
 6.037    2.6800
 6.044    2.4500
 6.051    2.7600
 6.058    2.8400
 6.065    2.7000
 6.072    2.7800
 6.079    2.9600
 6.086    2.9600
 6.094    2.9200
 6.101    2.7800
 6.108    2.6200
 6.115    2.8300
 6.122    2.9900
 6.130    2.9700
 6.137    2.9600
 6.144    2.9400
 6.151    2.8900
 6.159    2.9100
 6.166    3.0100
 6.173    2.9400
 6.181    2.9300
 6.188    3.0500
 6.195    3.1300
 6.203    3.1700
 6.210    3.1700
 6.218    3.1700
 6.225    3.2000
 6.233    3.1800
 6.240    3.2300
 6.248    3.2700
 6.255    3.2300
 6.263    3.2200
 6.270    3.2800
 6.278    3.3100
 6.286    3.3400
 6.293    3.3900
 6.301    3.4000
 6.308    3.4200
 6.316    3.5100
 6.324    3.5800
 6.332    3.5000
 6.339    3.4200
 6.347    3.6400
 6.355    3.7600
 6.363    3.6700
 6.370    3.8200
 6.378    4.0600
 6.386    4.2000
 6.394    4.2500
 6.402    3.9900
 6.410    3.9800
 6.418    4.4900
 6.426    4.8500
 6.434    5.2800
 6.442    5.5900
 6.450    5.8000
 6.458    5.9300
 6.466    5.7300
 6.474    5.5000
 6.482    5.2100
 6.490    5.2900
 6.498    5.8400
 6.506    5.9700
 6.515    5.7800
 6.523    5.9800
 6.531    6.0100
 6.539    5.8700
 6.547    5.7200
 6.556    5.6200
 6.564    5.3300
 6.572    5.4700
 6.581    5.5500
 6.589    5.5300
 6.597    5.6300
 6.606    5.6500
 6.614    5.5500
 6.623    5.1500
 6.631    4.8900
 6.640    5.3700
 6.648    5.6500
 6.657    5.5300
 6.665    5.3400
 6.674    5.2700
 6.682    5.3800
 6.691    5.4500
 6.700    5.1600
 6.708    5.0200
 6.717    5.1300
 6.726    5.2900
 6.734    5.2900
 6.743    5.2600
 6.752    5.2800
 6.761    5.1100
 6.770    4.8800
 6.778    4.7200
 6.787    4.7400
 6.796    5.0300
 6.805    5.0700
 6.814    4.9000
 6.823    4.8100
 6.832    4.9500
 6.841    4.7800
 6.850    4.4300
 6.859    4.4200
 6.868    4.8000
 6.877    4.9100
 6.886    4.8700
 6.896    4.7100
 6.905    4.7100
 6.914    4.7600
 6.923    4.7500
 6.932    4.7300
 6.942    4.6300
 6.951    4.3800
 6.960    4.5600
 6.970    4.7100
 6.979    4.6300
 6.989    4.5600
 6.998    4.6500
 7.007    4.6200
 7.017    4.5700
 7.026    4.5300
 7.036    4.3500
 7.046    4.3900
 7.055    4.5700
 7.065    4.5700
 7.074    4.5300
 7.084    4.4600
 7.094    4.3400
 7.103    4.1200
 7.113    4.0000
 7.123    3.9500
 7.133    3.8500
 7.143    3.7100
 7.152    3.6300
 7.162    3.5800
 7.172    3.6200
 7.182    3.5500
 7.192    3.4400
 7.202    3.3500
 7.212    3.3800
 7.222    3.3400
 7.232    3.3100
 7.242    3.2400
 7.252    3.1500
 7.263    3.0200
 7.273    3.0400
 7.283    3.1000
 7.293    3.0800
 7.303    3.0600
 7.314    3.0400
 7.324    2.9400
 7.334    2.8900
 7.345    2.9100
 7.355    2.9300
 7.366    2.8800
 7.376    2.8500
 7.387    2.8300
 7.397    2.8000
 7.408    2.7600
 7.418    2.7700
 7.429    2.7100
 7.440    2.6800
 7.450    2.7000
 7.461    2.7000
 7.472    2.7000
 7.483    2.6900
 7.493    2.6600
 7.504    2.6900
 7.515    2.6300
 7.526    2.5600
 7.537    2.5400
 7.548    2.5500
 7.559    2.5000
 7.570    2.4700
 7.581    2.4900
 7.592    2.5300
 7.603    2.4800
 7.614    2.4500
 7.626    2.4300
 7.637    2.4400
 7.648    2.4100
 7.659    2.4000
 7.671    2.3500
 7.682    2.3400
 7.694    2.3500
 7.705    2.4100
 7.716    2.3900
 7.728    2.3500
 7.739    2.2900
 7.751    2.3100
 7.763    2.2700
 7.774    2.2500
 7.786    2.2700
 7.798    2.2900
 7.809    2.2700
 7.821    2.2800
 7.833    2.2800
 7.845    2.2600
 7.857    2.2200
 7.869    2.2600
 7.881    2.3000
 7.893    2.3200
 7.905    2.2600
 7.917    2.2100
 7.929    2.1500
 7.941    2.1800
 7.953    2.1900
 7.965    2.2200
 7.978    2.2300
 7.990    2.3000
 8.002    2.3300
 8.015    2.3100
 8.027    2.2800
 8.039    2.3300
 8.052    2.3400
 8.064    2.3600
 8.077    2.3700
 8.090    2.4900
 8.102    2.5900
 8.115    2.6500
 8.128    2.6800
 8.140    2.6900
 8.153    2.7200
 8.166    2.8700
 8.179    3.0200
 8.192    3.1900
 8.205    3.3100
 8.218    3.4600
 8.231    3.6600
 8.244    3.9500
 8.257    4.1400
 8.270    4.3400
 8.283    4.5000
 8.297    4.7100
 8.310    4.9400
 8.323    5.1000
 8.337    5.2200
 8.350    5.3100
 8.364    5.4000
 8.377    5.5500
 8.391    5.6500
 8.404    5.7700
 8.418    5.8500
 8.431    6.0000
 8.445    6.0400
 8.459    6.0500
 8.473    6.1000
 8.487    6.2200
 8.501    6.2800
 8.515    6.3700
 8.529    6.4500
 8.543    6.5100
 8.557    6.6100
 8.571    6.7400
 8.585    6.8300
 8.599    6.9300
 8.614    7.0400
 8.628    7.1900
 8.642    7.2000
 8.657    7.3100
 8.671    7.4300
 8.686    7.5100
 8.700    7.5600
 8.715    7.6400
 8.730    7.7700
 8.744    7.9500
 8.759    8.0300
 8.774    8.1100
 8.789    8.2300
 8.804    8.3300
 8.819    8.4300
 8.834    8.5800
 8.849    8.6900
 8.864    8.8000
 8.879    8.8700
 8.894    9.0100
 8.909    9.1800
 8.925    9.3200
 8.940    9.3500
 8.956    9.3500
 8.971    9.3700
 8.987    9.3800
 9.002    9.3600
 9.018    9.4000
 9.034    9.3800
 9.049    9.3700
 9.065    9.2800
 9.081    9.2200
 9.097    9.1900
 9.113    9.1800
 9.129    9.0800
 9.145    8.9200
 9.161    8.8300
 9.178    8.8400
 9.194    8.8200
 9.210    8.9300
 9.226    9.0300
 9.243    9.0300
 9.259    9.0700
 9.276    9.2300
 9.293    9.3500
 9.309    9.5100
 9.326    9.6500
 9.343    9.7700
 9.360    9.9200
 9.377   10.0300
 9.394   10.1200
 9.411   10.3300
 9.428   10.5300
 9.445   10.7100
 9.462   10.8400
 9.479   10.9000
 9.497   11.0000
 9.514   11.1800
 9.532   11.3300
 9.549   11.4600
 9.567   11.4900
 9.585   11.4800
 9.602   11.5200
 9.620   11.6200
 9.638   11.6400
 9.656   11.5900
 9.674   11.5800
 9.692   11.6100
 9.710   11.6100
 9.728   11.6500
 9.747   11.6900
 9.765   11.6800
 9.783   11.6400
 9.802   11.7000
 9.821   11.7000
 9.839   11.6700
 9.858   11.6600
 9.877   11.6900
 9.895   11.6600
 9.914   11.5900
 9.933   11.5800
 9.952   11.6100
 9.972   11.5200
 9.991   11.5400
10.010   11.4100
10.029   11.2300
10.049   11.2300
10.068   11.2200
10.088   11.1300
10.108   11.0800
10.127   11.0000
10.147   10.9800
10.167   11.0300
10.187   11.1300
10.207   11.2000
10.227   11.3200
10.247   11.3900
10.268   11.4600
10.288   11.4700
10.309   11.5700
10.329   11.6500
10.350   11.6600
10.370   11.5900
10.391   11.5500
10.412   11.4700
10.433   11.4100
10.454   11.3100
10.475   11.2200
10.496   11.1200
10.518   11.1700
10.539   11.2000
10.560   11.2400
10.582   11.3100
10.604   11.4400
10.625   11.5800
10.647   11.7500
10.669   11.7900
10.691   11.8600
10.713   11.9200
10.735   12.0300
10.758   12.0200
10.780   12.0300
10.802   11.9900
10.825   11.9500
10.848   11.9200
10.870   11.9000
10.893   11.7600
10.916   11.6600
10.939   11.6200
10.962   11.5800
10.985   11.4300
11.009   11.2600
11.032   11.2000
11.056   11.2200
11.079   11.1200
11.103   11.0300
11.127   10.9200
11.151   10.8500
11.175   10.8000
11.199   10.9900
11.223   11.3400
11.248   11.6700
11.272   11.6600
11.297   11.4300
11.321   11.2100
11.346   10.9900
11.371   10.6500
11.396   10.3300
11.421    9.9300
11.446    9.6100
11.471    9.3400
11.497    9.0200
11.522    8.7300
11.548    8.5100
11.574    8.3000
11.600    8.1100
11.626    7.9300
11.652    7.8100
11.678    7.5700
11.704    7.4000
11.731    7.1800
11.757    6.9900
11.784    6.8700
11.811    6.8100
11.838    6.6400
11.865    6.4700
11.892    6.4000
11.920    6.5500
11.947    6.5300
11.975    6.3900
12.002    6.3200
12.030    6.3100
12.058    6.1300
12.086    6.0100
12.115    5.9400
12.143    5.8600
12.171    5.7700
12.200    5.7100
12.229    5.5100
12.258    5.3900
12.287    5.2700
12.316    5.1300
12.345    5.0400
12.375    4.9900
12.404    4.8800
12.434    4.8600
12.464    4.7300
12.494    4.6200
12.524    4.5900
12.554    4.5700
12.585    4.4800
12.616    4.4400
12.646    4.3800
12.677    4.3100
12.708    4.2200
12.739    4.2000
12.771    4.2200
12.802    4.2200
12.834    4.1600
12.866    4.1600
12.898    4.1400
12.930    4.1800
12.962    4.1500
12.995    4.1200
13.027    4.0900
13.060    4.1200
13.093    4.0700
13.126    4.0200
13.160    4.0100
13.193    4.0900
13.227    4.0100
13.261    4.0100
13.295    4.0700
13.329    4.0400
13.363    3.9900
13.398    3.9800
13.432    3.9400
13.467    3.9500
13.502    3.9400
13.538    3.9300
13.573    3.8100
13.609    3.8800
13.644    3.9400
13.680    3.9700
13.717    3.8400
13.753    3.8600
13.790    3.8400
13.826    3.7800
13.863    3.7200
13.900    3.7800
13.938    3.7500
13.975    3.7900
14.013    3.7400
