Name:  Basalt
Type:  Rock
Class: Igneous   
Subclass: Mafic 
Particle Size:  Whole rock chips
Sample No.:  ba14d2f
Owner:  Larry Rowan, USGS
Wavelength range:  VNIR SWIR IR
Origin:  Kerak (near Samra), Jordan

Description:  dark gray vesicular basalt 





Measurement:  Reflectance
First Column:  X
Second Column:  Y
X Units:  Wavelength (micrometers)
Y Units:  Reflectance (percent)
First X Value:  0.4
Last X Value:  14.01309
Number of X Values:  2826
Additional Information:  ba14d2fa.txt
 0.400    8.9700
 0.401    8.9700
 0.402    8.9700
 0.403    8.9700
 0.404    9.1700
 0.405    9.2700
 0.406    8.9700
 0.407    8.9700
 0.408    8.9700
 0.409    8.8700
 0.410    8.8700
 0.411    8.8700
 0.412    8.8700
 0.413    8.8700
 0.414    8.8700
 0.415    8.9700
 0.416    8.9700
 0.417    8.8700
 0.418    8.7700
 0.419    8.9700
 0.420    8.7700
 0.421    8.4700
 0.422    8.6700
 0.423    8.6700
 0.424    8.4700
 0.425    8.6700
 0.426    8.6700
 0.427    8.7700
 0.428    8.6700
 0.429    8.6700
 0.430    8.3700
 0.431    8.3700
 0.432    8.4700
 0.433    8.3700
 0.434    8.3700
 0.435    8.2700
 0.436    8.4700
 0.437    8.2700
 0.438    8.2700
 0.439    8.3700
 0.440    8.2700
 0.441    8.1700
 0.442    8.1700
 0.443    8.0700
 0.444    8.1700
 0.445    8.0700
 0.446    8.1700
 0.447    7.8700
 0.448    8.0700
 0.449    8.0700
 0.450    7.8700
 0.451    7.7700
 0.452    7.8700
 0.453    7.6700
 0.454    7.6700
 0.455    7.5700
 0.456    7.6700
 0.457    7.5700
 0.458    7.6700
 0.459    7.7700
 0.460    7.2700
 0.461    7.1700
 0.462    7.1700
 0.463    7.1700
 0.464    7.1700
 0.465    7.1700
 0.466    7.0700
 0.467    7.1700
 0.468    7.0700
 0.469    7.0700
 0.470    7.0700
 0.471    7.1700
 0.472    7.1700
 0.473    7.1700
 0.474    7.0700
 0.475    6.9700
 0.476    6.9700
 0.477    6.9700
 0.478    6.9700
 0.479    6.6700
 0.480    6.6700
 0.481    6.9700
 0.482    7.0700
 0.483    6.9700
 0.484    6.9700
 0.485    6.7700
 0.486    6.9700
 0.487    6.7700
 0.488    6.7700
 0.489    6.9700
 0.490    6.6700
 0.491    6.5700
 0.492    6.5700
 0.493    6.7700
 0.494    6.7700
 0.495    6.7700
 0.496    6.7700
 0.497    6.9700
 0.498    6.9700
 0.499    6.9700
 0.500    6.7700
 0.501    6.6700
 0.502    6.5700
 0.503    6.5700
 0.504    6.6700
 0.505    6.6700
 0.506    6.7700
 0.507    6.6700
 0.508    6.5700
 0.509    6.9700
 0.510    6.9700
 0.511    6.9700
 0.512    6.6700
 0.513    6.7700
 0.514    6.7700
 0.515    6.5700
 0.516    6.6700
 0.517    6.7700
 0.518    6.6700
 0.519    6.6700
 0.520    6.5700
 0.521    6.6700
 0.522    6.7700
 0.523    6.7700
 0.524    6.5700
 0.525    6.5700
 0.526    6.6700
 0.527    6.6700
 0.528    6.7700
 0.529    6.7700
 0.530    6.7700
 0.531    6.7700
 0.532    6.6700
 0.533    6.7700
 0.534    6.7700
 0.535    6.7700
 0.536    6.7700
 0.537    6.7700
 0.538    6.9700
 0.539    6.9700
 0.540    6.9700
 0.541    6.9700
 0.542    6.9700
 0.543    6.9700
 0.544    6.7700
 0.545    6.7700
 0.546    6.7700
 0.547    6.7700
 0.548    6.7700
 0.549    6.9700
 0.550    6.9700
 0.551    6.9700
 0.552    6.7700
 0.553    6.9700
 0.554    7.1700
 0.555    7.0700
 0.556    7.2700
 0.557    7.2700
 0.558    7.1700
 0.559    6.9700
 0.560    6.9700
 0.561    6.9700
 0.562    7.0700
 0.563    6.7700
 0.564    7.0700
 0.565    6.7700
 0.566    6.9700
 0.567    6.9700
 0.568    6.9700
 0.569    7.1700
 0.570    7.1700
 0.571    7.2700
 0.572    7.2700
 0.573    7.3700
 0.574    7.1700
 0.575    7.0700
 0.576    7.1700
 0.577    7.1700
 0.578    7.0700
 0.579    7.0700
 0.580    7.1700
 0.581    7.1700
 0.582    7.2700
 0.583    7.2700
 0.584    7.2700
 0.585    7.2700
 0.586    7.1700
 0.587    7.1700
 0.588    7.1700
 0.589    7.1700
 0.590    7.1700
 0.591    7.0700
 0.592    6.9700
 0.593    6.9700
 0.594    7.0700
 0.595    7.2700
 0.596    7.3700
 0.597    7.3700
 0.598    7.0700
 0.599    7.0700
 0.600    7.0700
 0.601    7.0700
 0.602    7.1700
 0.603    7.1700
 0.604    7.2700
 0.605    7.2700
 0.606    7.2700
 0.607    7.2700
 0.608    7.2700
 0.609    7.2700
 0.610    7.2700
 0.611    7.2700
 0.612    7.2700
 0.613    7.2700
 0.614    7.2700
 0.615    7.2700
 0.616    7.2700
 0.617    7.3700
 0.618    7.3700
 0.619    7.2700
 0.620    7.1700
 0.621    7.3700
 0.622    7.3700
 0.623    7.2700
 0.624    7.3700
 0.625    7.3700
 0.626    7.2700
 0.627    7.3700
 0.628    7.3700
 0.629    7.5700
 0.630    7.5700
 0.631    7.5700
 0.632    7.3700
 0.633    7.5700
 0.634    7.2700
 0.635    7.3700
 0.636    7.5700
 0.637    7.3700
 0.638    7.3700
 0.639    7.3700
 0.640    7.3700
 0.641    7.3700
 0.642    7.1700
 0.643    7.2700
 0.644    7.2700
 0.645    7.3700
 0.646    7.3700
 0.647    7.3700
 0.648    7.3700
 0.649    7.3700
 0.650    7.5700
 0.651    7.3700
 0.652    7.5700
 0.653    7.5700
 0.654    7.1700
 0.655    7.3700
 0.656    7.1700
 0.657    7.1700
 0.658    7.5700
 0.659    7.5700
 0.660    7.3700
 0.661    7.3700
 0.662    7.5700
 0.663    7.5700
 0.664    7.6700
 0.665    7.3700
 0.666    7.3700
 0.667    7.5700
 0.668    7.6700
 0.669    7.6700
 0.670    7.6700
 0.671    7.7700
 0.672    7.7700
 0.673    7.5700
 0.674    7.6700
 0.675    7.6700
 0.676    7.7700
 0.677    7.5700
 0.678    7.6700
 0.679    7.6700
 0.680    7.6700
 0.681    7.6700
 0.682    7.6700
 0.683    7.6700
 0.684    7.3700
 0.685    7.5700
 0.686    7.7700
 0.687    7.6700
 0.688    7.3700
 0.689    7.6700
 0.690    7.6700
 0.691    7.7700
 0.692    7.5700
 0.693    7.6700
 0.694    7.7700
 0.695    7.7700
 0.696    7.3700
 0.697    7.3700
 0.698    7.3700
 0.699    7.5700
 0.700    7.7700
 0.701    7.6700
 0.702    7.6700
 0.703    7.6700
 0.704    7.6700
 0.705    7.6700
 0.706    7.6700
 0.707    7.6700
 0.708    7.6700
 0.709    7.6700
 0.710    7.7700
 0.711    7.7700
 0.712    7.7700
 0.713    7.7700
 0.714    7.7700
 0.715    7.6700
 0.716    7.6700
 0.717    7.7700
 0.718    7.6700
 0.719    7.6700
 0.720    7.7700
 0.721    7.7700
 0.722    7.5700
 0.723    7.6700
 0.724    7.5700
 0.725    7.7700
 0.726    7.8700
 0.727    7.8700
 0.728    8.0700
 0.729    8.0700
 0.730    7.7700
 0.731    8.0700
 0.732    7.7700
 0.733    7.7700
 0.734    8.1700
 0.735    8.2700
 0.736    8.1700
 0.737    8.0700
 0.738    8.0700
 0.739    8.0700
 0.740    8.0700
 0.741    8.0700
 0.742    7.8700
 0.743    8.0700
 0.744    8.0700
 0.745    7.8700
 0.746    8.0700
 0.747    7.8700
 0.748    8.0700
 0.749    7.8700
 0.750    7.8700
 0.751    8.0700
 0.752    8.1700
 0.753    8.2700
 0.754    8.0700
 0.755    8.0700
 0.756    8.0700
 0.757    8.0700
 0.758    7.8700
 0.759    7.8700
 0.760    7.8700
 0.761    7.8700
 0.762    8.0700
 0.763    8.1700
 0.764    8.2700
 0.765    8.2700
 0.766    8.0700
 0.767    8.1700
 0.768    8.1700
 0.769    8.2700
 0.770    8.3700
 0.771    8.3700
 0.772    8.2700
 0.773    8.1700
 0.774    8.0700
 0.775    8.2700
 0.776    8.1700
 0.777    8.2700
 0.778    8.2700
 0.779    8.1700
 0.780    8.1700
 0.781    8.1700
 0.782    8.1700
 0.783    7.8700
 0.784    8.0700
 0.785    8.0700
 0.786    8.1700
 0.787    8.1700
 0.788    8.1700
 0.789    8.2700
 0.790    8.1700
 0.791    8.1700
 0.792    8.3700
 0.793    8.2700
 0.794    8.3700
 0.795    8.2700
 0.796    8.3700
 0.797    8.3700
 0.798    7.5700
 0.799    7.1700
 0.800    8.5700
 0.804    8.5700
 0.808    8.5700
 0.812    8.4700
 0.816    8.5700
 0.820    8.5700
 0.824    8.5700
 0.828    8.5700
 0.832    8.5700
 0.836    8.5700
 0.840    8.7700
 0.844    8.7700
 0.848    8.7700
 0.852    8.5700
 0.856    8.7700
 0.860    8.7700
 0.864    8.8700
 0.868    8.8700
 0.872    8.7700
 0.876    8.7700
 0.880    8.7700
 0.884    8.8700
 0.888    8.7700
 0.892    8.8700
 0.896    8.8700
 0.900    8.7700
 0.904    8.8700
 0.908    8.7700
 0.912    8.8700
 0.916    8.5700
 0.920    8.5700
 0.924    8.5700
 0.928    8.5700
 0.932    8.5700
 0.936    8.4700
 0.940    8.5700
 0.944    8.5700
 0.948    8.4700
 0.952    8.4700
 0.956    8.4700
 0.960    8.4700
 0.964    8.4700
 0.968    8.3700
 0.972    8.4700
 0.976    8.4700
 0.980    8.3700
 0.984    8.2700
 0.988    8.3700
 0.992    8.3700
 0.996    8.2700
 1.000    8.2700
 1.004    8.2700
 1.008    8.2700
 1.012    8.2700
 1.016    8.3700
 1.020    8.3700
 1.024    8.3700
 1.028    8.3700
 1.032    8.0700
 1.036    8.0700
 1.040    8.2700
 1.044    8.2700
 1.048    8.2700
 1.052    8.2700
 1.056    8.2700
 1.060    8.2700
 1.064    8.3700
 1.068    8.3700
 1.072    8.4700
 1.076    8.0700
 1.080    8.2700
 1.084    8.3700
 1.088    8.3700
 1.092    8.4700
 1.096    8.5700
 1.100    8.4700
 1.104    8.4700
 1.108    8.5700
 1.112    8.5700
 1.116    8.5700
 1.120    8.5700
 1.124    8.5700
 1.128    8.5700
 1.132    8.5700
 1.136    8.4700
 1.140    8.7700
 1.144    8.7700
 1.148    8.5700
 1.152    8.5700
 1.156    8.5700
 1.160    8.7700
 1.164    8.5700
 1.168    8.5700
 1.172    8.5700
 1.176    8.5700
 1.180    8.5700
 1.184    8.7700
 1.188    8.7700
 1.192    8.7700
 1.196    8.7700
 1.200    8.7700
 1.204    8.7700
 1.208    8.7700
 1.212    8.7700
 1.216    8.7700
 1.220    8.7700
 1.224    8.7700
 1.228    8.7700
 1.232    8.7700
 1.236    8.8700
 1.240    8.8700
 1.244    8.7700
 1.248    8.5700
 1.252    8.7700
 1.256    8.8700
 1.260    8.7700
 1.264    8.7700
 1.268    8.8700
 1.272    8.8700
 1.276    8.7700
 1.280    8.8700
 1.284    8.7700
 1.288    8.8700
 1.292    8.8700
 1.296    8.8700
 1.300    8.9700
 1.304    8.9700
 1.308    8.9700
 1.312    8.8700
 1.316    8.9700
 1.320    8.8700
 1.324    8.9700
 1.328    8.9700
 1.332    8.9700
 1.336    8.9700
 1.340    9.0700
 1.344    9.0700
 1.348    8.9700
 1.352    8.9700
 1.356    8.9700
 1.360    8.9700
 1.364    8.9700
 1.368    8.9700
 1.372    9.0700
 1.376    8.9700
 1.380    9.1700
 1.384    9.0700
 1.388    9.1700
 1.392    9.1700
 1.396    9.0700
 1.400    9.1700
 1.404    9.1700
 1.408    9.1700
 1.412    9.0700
 1.416    9.1700
 1.420    9.3700
 1.424    9.3700
 1.428    9.3700
 1.432    9.3700
 1.436    9.3700
 1.440    9.3700
 1.444    9.3700
 1.448    9.4700
 1.452    9.4700
 1.456    9.3700
 1.460    9.5700
 1.464    9.3700
 1.468    9.3700
 1.472    9.3700
 1.476    9.3700
 1.480    9.4700
 1.484    9.4700
 1.488    9.5700
 1.492    9.5700
 1.496    9.5700
 1.498    9.5700
 1.500    9.8700
 1.504    9.8700
 1.508    9.6700
 1.512    9.8700
 1.516    9.8700
 1.520    9.8700
 1.524    9.6700
 1.528    9.6700
 1.532    9.8700
 1.536    9.8700
 1.540    9.8700
 1.544    9.9700
 1.548   10.1700
 1.552    9.9700
 1.556   10.0700
 1.560   10.0700
 1.564   10.0700
 1.568   10.0700
 1.572   10.0700
 1.576    9.9700
 1.580   10.0700
 1.584   10.0700
 1.588   10.0700
 1.592   10.0700
 1.596   10.1700
 1.600   10.0700
 1.604   10.0700
 1.608   10.0700
 1.612   10.1700
 1.616   10.1700
 1.620   10.1700
 1.624   10.1700
 1.628   10.1700
 1.632   10.1700
 1.636   10.1700
 1.640   10.1700
 1.644   10.2700
 1.648   10.2700
 1.652   10.4700
 1.656   10.4700
 1.660   10.1700
 1.664   10.1700
 1.668   10.2700
 1.672   10.2700
 1.676   10.2700
 1.680   10.1700
 1.684   10.1700
 1.688   10.2700
 1.692   10.4700
 1.696   10.2700
 1.700   10.2700
 1.704   10.4700
 1.708   10.2700
 1.712   10.2700
 1.716   10.2700
 1.720   10.2700
 1.724   10.2700
 1.728   10.2700
 1.732   10.4700
 1.736   10.4700
 1.740   10.4700
 1.744   10.2700
 1.748   10.2700
 1.752   10.2700
 1.756   10.1700
 1.760   10.1700
 1.764   10.2700
 1.768   10.2700
 1.772   10.2700
 1.776   10.2700
 1.780   10.2700
 1.784   10.2700
 1.788   10.2700
 1.792   10.2700
 1.796   10.2700
 1.800   10.0700
 1.804   10.1700
 1.808   10.2700
 1.812   10.2700
 1.816   10.0700
 1.820   10.0700
 1.824   10.1700
 1.828   10.1700
 1.832   10.0700
 1.836   10.0700
 1.840   10.0700
 1.844   10.0700
 1.848   10.1700
 1.852   10.0700
 1.856   10.0700
 1.860   10.0700
 1.864   10.0700
 1.868   10.0700
 1.872    9.9700
 1.876    9.9700
 1.880    9.6700
 1.884    9.4700
 1.888    9.3700
 1.892    9.1700
 1.896    9.0700
 1.900    9.0700
 1.904    8.9700
 1.908    8.9700
 1.912    8.9700
 1.916    8.8700
 1.920    9.0700
 1.924    9.0700
 1.928    8.9700
 1.932    8.9700
 1.936    9.0700
 1.940    8.9700
 1.944    9.0700
 1.948    9.0700
 1.952    9.0700
 1.956    9.0700
 1.960    9.0700
 1.964    9.1700
 1.968    9.1700
 1.972    9.1700
 1.976    9.1700
 1.980    9.1700
 1.984    9.1700
 1.988    9.1700
 1.992    9.3700
 1.996    9.3700
 2.000    9.3700
 2.004    9.4700
 2.008    9.3700
 2.012    9.3700
 2.016    9.4700
 2.020    9.4700
 2.024    9.4700
 2.028    9.4700
 2.032    9.4700
 2.036    9.5700
 2.040    9.5700
 2.044    9.4700
 2.048    9.4700
 2.052    9.4700
 2.056    9.4700
 2.060    9.4700
 2.064    9.4700
 2.068    9.4700
 2.072    9.6700
 2.076    9.6700
 2.080    9.5700
 2.084    9.6700
 2.088    9.6700
 2.092    9.6700
 2.096    9.6700
 2.100    9.6700
 2.100    9.6700
 2.101    9.3400
 2.102    9.3100
 2.103    9.5700
 2.104    9.7400
 2.105    9.7900
 2.106    9.8000
 2.106    9.7600
 2.107    9.5400
 2.108    9.4400
 2.109    9.5400
 2.110    9.6200
 2.111    9.7300
 2.112    9.8000
 2.112    9.5700
 2.113    9.5000
 2.114    9.4800
 2.115    9.5400
 2.116    9.6200
 2.117    9.6900
 2.118    9.8300
 2.118    9.9400
 2.119    9.7600
 2.120    9.7700
 2.121    9.8600
 2.122    9.7000
 2.123    9.6200
 2.124    9.5500
 2.125    9.4100
 2.125    9.4400
 2.126    9.5400
 2.127    9.7700
 2.128    9.8200
 2.129    9.8700
 2.130    9.7500
 2.131    9.6400
 2.132    9.6100
 2.132    9.5800
 2.133    9.6600
 2.134    9.8600
 2.135    9.4800
 2.136    9.2500
 2.137    9.2800
 2.138    9.3700
 2.139    9.4400
 2.139    9.6900
 2.140    9.7100
 2.141    9.6700
 2.142    9.5700
 2.143    9.4000
 2.144    9.4500
 2.145    9.6400
 2.146    9.7200
 2.147    9.7300
 2.147    9.6600
 2.148    9.6400
 2.149    9.5300
 2.150    9.5900
 2.151    9.6100
 2.152    9.4700
 2.153    9.5000
 2.154    9.6100
 2.155    9.4900
 2.155    9.5200
 2.156    9.6400
 2.157    9.6000
 2.158    9.4800
 2.159    9.3100
 2.160    9.2900
 2.161    9.5600
 2.162    9.6000
 2.163    9.6500
 2.164    9.4400
 2.164    9.3800
 2.165    9.5700
 2.166    9.7000
 2.167    9.6000
 2.168    9.6200
 2.169    9.6800
 2.170    9.7000
 2.171    9.5000
 2.172    9.4900
 2.173    9.4700
 2.173    9.5400
 2.174    9.6300
 2.175    9.7000
 2.176    9.6100
 2.177    9.5700
 2.178    9.4300
 2.179    9.4400
 2.180    9.5600
 2.181    9.5400
 2.182    9.4600
 2.183    9.6200
 2.184    9.4300
 2.184    9.2400
 2.185    9.3200
 2.186    9.4400
 2.187    9.5700
 2.188    9.6000
 2.189    9.3400
 2.190    9.3500
 2.191    9.4700
 2.192    9.4900
 2.193    9.4100
 2.194    9.3300
 2.195    9.2300
 2.196    9.3000
 2.196    9.4700
 2.197    9.4900
 2.198    9.2800
 2.199    9.2300
 2.200    9.2800
 2.201    9.3600
 2.202    9.2200
 2.203    9.2100
 2.204    9.4300
 2.205    9.5100
 2.206    9.6900
 2.207    9.6400
 2.208    9.3300
 2.209    9.2900
 2.210    9.2300
 2.211    9.3300
 2.211    9.4500
 2.212    9.4600
 2.213    9.4300
 2.214    9.4100
 2.215    9.3900
 2.216    9.4300
 2.217    9.5000
 2.218    9.5800
 2.219    9.4700
 2.220    9.3200
 2.221    9.1800
 2.222    9.2600
 2.223    9.3200
 2.224    9.4100
 2.225    9.4400
 2.226    9.3900
 2.227    9.1900
 2.228    9.2500
 2.229    9.3500
 2.230    9.4800
 2.231    9.2600
 2.231    9.2100
 2.232    9.3200
 2.233    9.3400
 2.234    9.3800
 2.235    9.3900
 2.236    9.3200
 2.237    9.3600
 2.238    9.4200
 2.239    9.4400
 2.240    9.5200
 2.241    9.4900
 2.242    9.3300
 2.243    9.3600
 2.244    9.4100
 2.245    9.3300
 2.246    9.2300
 2.247    9.2100
 2.248    9.2300
 2.249    9.4200
 2.250    9.4700
 2.251    9.4200
 2.252    9.2800
 2.253    9.2300
 2.254    9.2900
 2.255    9.3500
 2.256    9.4300
 2.257    9.4200
 2.258    9.2600
 2.259    9.3100
 2.260    9.4200
 2.261    9.2900
 2.262    9.0400
 2.263    9.0500
 2.264    9.1600
 2.265    9.2900
 2.266    9.2300
 2.267    9.4200
 2.268    9.4800
 2.269    9.5000
 2.270    9.4500
 2.271    9.2900
 2.272    9.0200
 2.273    9.0600
 2.274    9.1800
 2.275    9.2300
 2.276    9.2300
 2.277    9.2500
 2.278    9.1000
 2.279    9.2400
 2.280    9.4000
 2.281    9.4700
 2.282    9.3400
 2.283    9.3200
 2.284    9.2300
 2.285    9.1800
 2.286    9.1300
 2.287    9.1800
 2.288    9.2300
 2.289    9.2800
 2.290    9.2700
 2.291    9.3700
 2.292    9.3100
 2.293    9.2900
 2.294    9.3600
 2.295    9.4100
 2.296    9.4300
 2.297    9.4700
 2.298    9.3500
 2.299    9.1000
 2.300    9.0500
 2.301    9.1200
 2.302    9.1300
 2.303    9.3100
 2.304    9.3700
 2.305    9.3900
 2.306    9.3500
 2.307    9.4600
 2.308    9.5000
 2.309    9.4400
 2.310    9.2800
 2.311    9.1800
 2.312    9.1200
 2.313    9.1500
 2.314    9.2500
 2.315    9.4100
 2.316    9.2800
 2.317    9.1000
 2.318    9.0700
 2.319    9.0900
 2.320    9.0700
 2.321    9.0600
 2.322    9.2700
 2.323    9.4000
 2.324    9.1900
 2.326    9.0000
 2.327    9.1100
 2.328    9.3700
 2.329    9.4700
 2.330    9.4700
 2.331    9.3700
 2.332    9.3300
 2.333    9.1400
 2.334    9.1100
 2.335    9.1200
 2.336    8.9400
 2.337    8.9600
 2.338    9.2600
 2.339    9.2900
 2.340    9.3800
 2.341    9.2700
 2.342    9.1800
 2.343    9.2900
 2.344    9.3700
 2.346    9.2500
 2.347    9.3600
 2.348    9.2800
 2.349    9.2900
 2.350    9.1600
 2.351    9.1000
 2.352    9.0900
 2.353    9.0900
 2.354    9.0800
 2.355    9.1700
 2.356    9.1500
 2.357    9.1700
 2.358    9.1200
 2.359    9.0900
 2.360    9.1100
 2.362    9.1800
 2.363    9.2100
 2.364    9.1500
 2.365    9.0700
 2.366    9.1100
 2.367    9.0600
 2.368    9.1500
 2.369    9.3400
 2.370    9.3700
 2.371    9.2600
 2.372    9.2300
 2.373    9.1400
 2.375    9.1100
 2.376    9.0000
 2.377    9.0700
 2.378    9.2100
 2.379    9.3300
 2.380    9.2500
 2.381    9.1300
 2.382    9.1200
 2.383    9.1600
 2.384    9.0600
 2.385    9.0800
 2.387    9.1300
 2.388    9.0800
 2.389    9.1200
 2.390    9.2200
 2.391    9.1300
 2.392    9.0100
 2.393    9.0900
 2.394    9.0700
 2.395    8.9500
 2.396    9.0200
 2.398    9.1200
 2.399    9.1400
 2.400    9.0200
 2.401    9.1100
 2.402    9.2600
 2.403    9.3400
 2.404    9.1900
 2.405    9.2300
 2.406    9.2300
 2.408    9.1200
 2.409    8.9300
 2.410    8.8900
 2.411    9.0200
 2.412    9.1900
 2.413    9.2400
 2.414    9.2000
 2.415    9.2300
 2.417    9.2000
 2.418    9.0700
 2.419    9.1500
 2.420    9.1700
 2.421    9.3200
 2.422    9.2800
 2.423    8.9700
 2.424    8.8900
 2.426    9.0400
 2.427    8.9900
 2.428    8.8400
 2.429    8.8800
 2.430    9.0300
 2.431    9.0400
 2.432    9.0900
 2.434    9.2000
 2.435    9.2300
 2.436    9.0200
 2.437    9.0300
 2.438    9.0600
 2.439    9.1200
 2.440    9.1100
 2.442    9.0900
 2.443    9.0700
 2.444    9.0100
 2.445    8.9800
 2.446    8.9700
 2.447    8.9800
 2.449    9.1400
 2.450    9.1300
 2.451    9.1500
 2.452    9.2000
 2.453    9.2200
 2.454    9.0100
 2.455    8.9500
 2.457    9.0500
 2.458    9.0500
 2.459    8.8400
 2.460    8.8200
 2.461    9.0400
 2.462    9.1800
 2.464    9.1100
 2.465    9.0100
 2.466    8.9900
 2.467    9.0100
 2.468    8.9700
 2.469    9.0300
 2.471    9.0600
 2.472    8.9600
 2.473    9.0000
 2.474    9.1500
 2.475    9.0800
 2.477    9.0700
 2.478    9.0100
 2.479    8.9700
 2.480    9.0200
 2.481    9.0100
 2.482    8.8900
 2.484    8.8500
 2.485    8.8200
 2.486    8.9600
 2.487    9.1600
 2.488    9.2000
 2.490    9.0500
 2.491    8.8900
 2.492    8.8900
 2.493    8.8800
 2.494    8.9700
 2.496    9.0500
 2.497    9.1100
 2.498    9.1800
 2.499    9.0700
 2.500    9.0700
 2.502    9.1200
 2.503    9.1200
 2.504    8.9600
 2.505    8.9000
 2.506    9.0200
 2.508    9.0800
 2.509    9.0300
 2.510    8.8900
 2.511    8.8000
 2.513    8.9300
 2.514    8.9700
 2.515    9.0300
 2.516    9.0400
 2.517    9.0900
 2.519    8.9900
 2.520    8.9300
 2.521    8.9400
 2.522    8.9300
 2.524    8.7300
 2.525    8.7500
 2.526    8.9000
 2.527    8.9600
 2.528    8.8300
 2.530    8.8200
 2.531    8.9700
 2.532    9.0400
 2.533    8.9500
 2.535    8.8700
 2.536    8.8200
 2.537    8.9700
 2.538    9.0600
 2.540    9.0600
 2.541    8.9600
 2.542    8.9800
 2.543    9.0400
 2.545    9.1000
 2.546    8.9400
 2.547    8.8700
 2.548    8.9700
 2.550    9.0000
 2.551    8.9700
 2.552    9.0200
 2.553    8.9300
 2.555    8.8300
 2.556    8.9000
 2.557    9.0600
 2.558    8.9900
 2.560    9.0100
 2.561    8.9000
 2.562    8.7900
 2.563    8.8300
 2.565    8.9800
 2.566    9.0500
 2.567    9.0700
 2.569    9.0300
 2.570    8.9700
 2.571    9.0400
 2.572    9.0700
 2.574    8.9200
 2.575    8.9800
 2.576    9.1200
 2.577    9.0700
 2.579    8.9200
 2.580    8.7900
 2.581    8.8400
 2.583    8.8400
 2.584    8.7500
 2.585    8.8900
 2.586    9.0500
 2.588    9.0400
 2.589    9.0100
 2.590    8.9500
 2.592    8.8100
 2.593    8.7800
 2.594    8.9400
 2.596    9.0100
 2.597    8.8700
 2.598    8.9300
 2.599    8.9700
 2.601    9.0400
 2.602    9.0400
 2.603    8.9900
 2.605    8.9200
 2.606    8.9400
 2.607    9.0000
 2.609    9.1400
 2.610    9.0700
 2.611    8.8700
 2.613    8.7800
 2.614    8.9600
 2.615    9.0500
 2.616    8.9200
 2.618    8.8900
 2.619    8.9700
 2.620    8.9800
 2.622    8.8400
 2.623    8.7700
 2.624    8.9300
 2.626    9.0500
 2.627    8.9800
 2.628    8.8600
 2.630    8.8700
 2.631    8.8500
 2.632    8.8700
 2.634    8.8600
 2.635    8.9800
 2.636    8.9500
 2.638    8.9900
 2.639    8.9700
 2.640    8.9100
 2.642    8.8200
 2.643    8.8500
 2.645    8.7300
 2.646    8.7000
 2.647    8.7900
 2.649    8.8600
 2.650    8.8800
 2.651    8.9000
 2.653    8.8600
 2.654    8.7800
 2.655    8.6500
 2.657    8.6900
 2.658    8.6600
 2.659    8.7500
 2.661    8.8300
 2.662    8.7900
 2.664    8.7400
 2.665    8.7000
 2.666    8.4800
 2.668    8.4300
 2.669    8.3900
 2.670    8.5200
 2.672    8.6000
 2.673    8.5100
 2.675    8.4200
 2.676    8.3300
 2.677    8.2100
 2.679    8.2500
 2.680    8.2400
 2.681    8.2400
 2.683    8.3500
 2.684    8.2600
 2.686    8.0800
 2.687    8.0000
 2.688    7.7800
 2.690    7.6600
 2.691    7.6200
 2.693    7.4700
 2.694    7.1800
 2.695    7.1200
 2.697    7.0700
 2.698    6.9400
 2.700    6.6400
 2.701    6.5500
 2.702    6.5600
 2.704    6.4800
 2.705    6.2900
 2.707    6.2600
 2.708    6.3500
 2.709    6.3600
 2.711    6.3600
 2.712    6.3900
 2.714    6.3800
 2.715    6.3300
 2.717    6.1800
 2.718    6.3700
 2.719    6.3800
 2.721    6.2900
 2.722    6.1900
 2.724    6.0800
 2.725    6.0700
 2.727    6.0900
 2.728    6.0600
 2.729    5.9100
 2.731    5.8200
 2.732    5.8100
 2.734    5.8200
 2.735    5.7700
 2.737    5.6900
 2.738    5.6500
 2.740    5.5400
 2.741    5.4400
 2.742    5.5100
 2.744    5.6100
 2.745    5.5200
 2.747    5.3700
 2.748    5.3000
 2.750    5.3300
 2.751    5.3100
 2.753    5.2700
 2.754    5.1500
 2.756    5.0900
 2.757    5.2600
 2.758    5.2900
 2.760    5.2200
 2.761    5.2300
 2.763    5.2000
 2.764    5.2000
 2.766    5.1600
 2.767    5.1600
 2.769    5.2000
 2.770    5.1900
 2.772    5.2000
 2.773    5.2600
 2.775    5.2700
 2.776    5.2600
 2.778    5.3100
 2.779    5.3700
 2.781    5.2800
 2.782    5.2300
 2.784    5.1300
 2.785    5.1600
 2.787    5.1000
 2.788    5.2100
 2.790    5.2900
 2.791    5.2500
 2.793    5.2800
 2.794    5.3500
 2.796    5.2300
 2.797    5.2400
 2.799    5.3000
 2.800    5.2800
 2.802    5.1800
 2.803    5.2700
 2.805    5.3500
 2.806    5.3500
 2.808    5.2200
 2.809    5.2100
 2.811    5.2500
 2.812    5.3200
 2.814    5.2700
 2.815    5.3400
 2.817    5.3500
 2.818    5.3500
 2.820    5.3800
 2.821    5.3300
 2.823    5.3000
 2.825    5.3100
 2.826    5.2000
 2.828    5.1500
 2.829    5.1600
 2.831    5.2900
 2.832    5.3300
 2.834    5.3200
 2.835    5.2200
 2.837    5.3200
 2.838    5.3600
 2.840    5.2700
 2.842    5.3100
 2.843    5.3700
 2.845    5.2200
 2.846    5.1800
 2.848    5.2900
 2.849    5.3900
 2.851    5.3500
 2.853    5.3500
 2.854    5.3700
 2.856    5.3200
 2.857    5.3200
 2.859    5.3200
 2.860    5.2700
 2.862    5.2400
 2.864    5.2000
 2.865    5.2100
 2.867    5.1300
 2.868    5.2100
 2.870    5.3000
 2.871    5.3800
 2.873    5.2300
 2.875    5.1200
 2.876    5.1500
 2.878    5.2800
 2.879    5.4300
 2.881    5.4800
 2.883    5.3300
 2.884    5.2600
 2.886    5.2100
 2.887    5.2000
 2.889    5.2900
 2.891    5.2600
 2.892    5.0900
 2.894    5.1500
 2.896    5.2600
 2.897    5.3100
 2.899    5.3800
 2.900    5.4600
 2.902    5.3700
 2.904    5.3200
 2.905    5.2300
 2.907    5.2400
 2.909    5.1500
 2.910    5.2000
 2.912    5.1200
 2.913    5.1000
 2.915    5.2200
 2.917    5.3200
 2.918    5.4100
 2.920    5.3700
 2.922    5.2900
 2.923    5.2800
 2.925    5.1600
 2.927    5.1500
 2.928    5.2800
 2.930    5.3400
 2.932    5.3000
 2.933    5.2200
 2.935    5.2600
 2.937    5.3600
 2.938    5.3500
 2.940    5.3200
 2.942    5.3300
 2.943    5.3500
 2.945    5.2700
 2.947    5.3100
 2.948    5.3200
 2.950    5.3000
 2.952    5.2700
 2.953    5.3200
 2.955    5.3000
 2.957    5.3500
 2.958    5.3000
 2.960    5.2600
 2.962    5.1800
 2.963    5.1900
 2.965    5.2000
 2.967    5.2200
 2.968    5.2600
 2.970    5.3200
 2.972    5.3300
 2.974    5.3700
 2.975    5.3600
 2.977    5.3100
 2.979    5.2700
 2.980    5.3100
 2.982    5.3100
 2.984    5.3100
 2.986    5.3000
 2.987    5.4300
 2.989    5.4600
 2.991    5.3900
 2.992    5.2900
 2.994    5.3500
 2.996    5.3900
 2.998    5.4000
 2.999    5.3600
 3.001    5.3100
 3.003    5.3900
 3.005    5.4200
 3.006    5.3700
 3.008    5.4800
 3.010    5.4700
 3.012    5.3700
 3.013    5.2900
 3.015    5.3200
 3.017    5.4100
 3.019    5.4400
 3.020    5.4600
 3.022    5.5500
 3.024    5.5000
 3.026    5.4900
 3.027    5.5200
 3.029    5.4500
 3.031    5.3100
 3.033    5.3500
 3.034    5.4900
 3.036    5.5800
 3.038    5.5500
 3.040    5.5000
 3.042    5.4300
 3.043    5.3500
 3.045    5.3800
 3.047    5.5000
 3.049    5.5700
 3.051    5.5600
 3.052    5.4800
 3.054    5.4600
 3.056    5.4600
 3.058    5.4900
 3.060    5.4200
 3.061    5.4100
 3.063    5.4800
 3.065    5.5000
 3.067    5.4700
 3.069    5.4300
 3.070    5.4900
 3.072    5.5500
 3.074    5.5300
 3.076    5.5800
 3.078    5.5100
 3.079    5.4700
 3.081    5.5200
 3.083    5.5500
 3.085    5.4700
 3.087    5.4300
 3.089    5.4100
 3.091    5.4700
 3.092    5.5300
 3.094    5.5300
 3.096    5.5500
 3.098    5.6300
 3.100    5.6200
 3.102    5.6300
 3.103    5.6400
 3.105    5.6100
 3.107    5.6100
 3.109    5.6700
 3.111    5.6900
 3.113    5.6500
 3.115    5.5900
 3.116    5.6000
 3.118    5.5700
 3.120    5.6700
 3.122    5.6900
 3.124    5.6000
 3.126    5.6300
 3.128    5.7400
 3.130    5.7200
 3.132    5.7700
 3.133    5.7800
 3.135    5.7500
 3.137    5.6800
 3.139    5.7600
 3.141    5.8200
 3.143    5.8400
 3.145    5.8100
 3.147    5.7900
 3.149    5.7500
 3.151    5.7900
 3.152    5.7600
 3.154    5.8000
 3.156    5.9000
 3.158    5.8800
 3.160    5.8300
 3.162    5.9100
 3.164    5.9000
 3.166    5.8200
 3.168    5.8300
 3.170    5.9300
 3.172    5.9800
 3.174    5.9700
 3.176    5.9400
 3.178    5.9000
 3.180    5.8500
 3.182    5.9600
 3.183    6.0300
 3.185    6.0500
 3.187    6.0400
 3.189    6.0200
 3.191    5.9800
 3.193    5.9900
 3.195    5.9200
 3.197    5.9200
 3.199    5.9800
 3.201    6.0600
 3.203    6.1000
 3.205    6.1400
 3.207    6.1600
 3.209    6.1500
 3.211    6.1200
 3.213    6.1200
 3.215    6.1000
 3.217    6.0700
 3.219    6.0600
 3.221    6.1500
 3.223    6.2400
 3.225    6.2400
 3.227    6.2200
 3.229    6.3000
 3.231    6.3100
 3.233    6.3100
 3.235    6.2600
 3.237    6.2300
 3.239    6.2700
 3.241    6.3100
 3.243    6.3200
 3.245    6.3700
 3.247    6.3800
 3.249    6.3400
 3.251    6.3300
 3.253    6.3500
 3.255    6.3600
 3.257    6.3400
 3.259    6.3600
 3.262    6.3900
 3.264    6.3600
 3.266    6.3600
 3.268    6.4400
 3.270    6.5100
 3.272    6.4000
 3.274    6.3200
 3.276    6.3900
 3.278    6.4800
 3.280    6.4900
 3.282    6.5200
 3.284    6.5200
 3.286    6.5300
 3.288    6.5600
 3.291    6.5100
 3.293    6.4300
 3.295    6.5200
 3.297    6.5300
 3.299    6.5700
 3.301    6.5900
 3.303    6.5900
 3.305    6.5600
 3.307    6.6100
 3.309    6.6300
 3.312    6.5900
 3.314    6.5700
 3.316    6.6100
 3.318    6.6300
 3.320    6.6300
 3.322    6.6500
 3.324    6.6800
 3.326    6.6500
 3.329    6.6100
 3.331    6.5700
 3.333    6.6300
 3.335    6.6900
 3.337    6.6400
 3.339    6.6000
 3.341    6.6300
 3.344    6.5900
 3.346    6.5800
 3.348    6.5900
 3.350    6.6400
 3.352    6.6200
 3.354    6.6600
 3.357    6.6800
 3.359    6.7400
 3.361    6.7200
 3.363    6.6100
 3.365    6.6200
 3.367    6.7900
 3.370    6.8800
 3.372    6.7800
 3.374    6.7600
 3.376    6.8900
 3.378    6.9300
 3.381    6.8600
 3.383    6.8200
 3.385    6.8900
 3.387    6.9200
 3.389    6.9100
 3.392    6.9000
 3.394    6.9400
 3.396    6.9600
 3.398    6.9700
 3.401    6.9600
 3.403    6.9400
 3.405    6.8900
 3.407    6.9100
 3.409    7.0200
 3.412    7.1300
 3.414    7.0700
 3.416    7.0900
 3.418    7.1100
 3.421    7.0800
 3.423    7.0800
 3.425    7.0800
 3.428    7.0300
 3.430    7.0300
 3.432    7.0700
 3.434    7.0800
 3.437    7.0700
 3.439    7.0500
 3.441    7.0700
 3.443    7.1400
 3.446    7.1600
 3.448    7.1800
 3.450    7.1800
 3.453    7.1500
 3.455    7.0600
 3.457    7.0300
 3.460    7.0200
 3.462    7.0400
 3.464    7.0500
 3.466    7.0500
 3.469    7.0700
 3.471    7.0800
 3.473    7.0700
 3.476    7.0100
 3.478    6.9800
 3.480    6.9600
 3.483    7.0400
 3.485    7.1400
 3.487    7.0900
 3.490    7.0600
 3.492    7.1500
 3.494    7.2000
 3.497    7.1700
 3.499    7.1600
 3.502    7.1900
 3.504    7.2300
 3.506    7.2200
 3.509    7.2300
 3.511    7.2100
 3.513    7.2400
 3.516    7.2700
 3.518    7.2800
 3.521    7.2700
 3.523    7.2800
 3.525    7.3200
 3.528    7.3000
 3.530    7.2700
 3.533    7.3000
 3.535    7.3700
 3.537    7.4300
 3.540    7.4300
 3.542    7.4200
 3.545    7.4200
 3.547    7.4600
 3.550    7.4200
 3.552    7.4100
 3.554    7.4200
 3.557    7.5100
 3.559    7.5400
 3.562    7.4600
 3.564    7.4100
 3.567    7.4400
 3.569    7.4700
 3.571    7.5000
 3.574    7.5100
 3.576    7.5300
 3.579    7.4800
 3.581    7.4800
 3.584    7.4400
 3.586    7.4600
 3.589    7.4700
 3.591    7.5100
 3.594    7.5600
 3.596    7.5000
 3.599    7.4700
 3.601    7.5100
 3.604    7.5100
 3.606    7.5900
 3.609    7.6200
 3.611    7.6000
 3.614    7.5700
 3.616    7.6100
 3.619    7.6300
 3.621    7.6200
 3.624    7.6300
 3.626    7.6200
 3.629    7.5500
 3.632    7.5900
 3.634    7.6300
 3.637    7.6200
 3.639    7.6000
 3.642    7.6200
 3.644    7.6200
 3.647    7.6500
 3.649    7.7100
 3.652    7.7300
 3.655    7.7100
 3.657    7.6400
 3.660    7.5500
 3.662    7.5600
 3.665    7.6700
 3.667    7.7600
 3.670    7.7700
 3.673    7.7500
 3.675    7.7100
 3.678    7.6600
 3.680    7.6200
 3.683    7.7100
 3.686    7.7500
 3.688    7.7400
 3.691    7.6900
 3.694    7.7200
 3.696    7.7600
 3.699    7.7900
 3.701    7.7700
 3.704    7.7100
 3.707    7.7100
 3.709    7.7300
 3.712    7.7100
 3.715    7.7000
 3.717    7.7000
 3.720    7.7200
 3.723    7.7200
 3.725    7.7300
 3.728    7.7500
 3.731    7.7100
 3.733    7.6700
 3.736    7.7000
 3.739    7.7300
 3.742    7.7500
 3.744    7.8200
 3.747    7.8500
 3.750    7.7900
 3.752    7.7700
 3.755    7.7700
 3.758    7.7800
 3.761    7.8100
 3.763    7.8000
 3.766    7.7600
 3.769    7.7300
 3.771    7.7600
 3.774    7.8000
 3.777    7.7900
 3.780    7.7800
 3.782    7.8000
 3.785    7.8300
 3.788    7.8000
 3.791    7.7400
 3.794    7.7000
 3.796    7.6900
 3.799    7.7300
 3.802    7.7600
 3.805    7.6900
 3.807    7.6100
 3.810    7.6400
 3.813    7.7300
 3.816    7.6600
 3.819    7.5900
 3.822    7.5800
 3.824    7.5900
 3.827    7.5600
 3.830    7.5500
 3.833    7.5100
 3.836    7.4900
 3.838    7.5000
 3.841    7.5300
 3.844    7.5400
 3.847    7.5400
 3.850    7.5000
 3.853    7.4600
 3.856    7.4800
 3.858    7.5100
 3.861    7.5600
 3.864    7.5900
 3.867    7.5300
 3.870    7.4700
 3.873    7.4900
 3.876    7.5100
 3.879    7.5100
 3.882    7.5200
 3.884    7.5000
 3.887    7.5100
 3.890    7.5500
 3.893    7.5600
 3.896    7.5300
 3.899    7.6000
 3.902    7.5400
 3.905    7.4500
 3.908    7.4400
 3.911    7.4800
 3.914    7.4900
 3.917    7.4900
 3.920    7.4800
 3.923    7.4300
 3.926    7.4600
 3.929    7.4500
 3.932    7.4500
 3.935    7.5300
 3.938    7.5000
 3.941    7.4400
 3.944    7.4200
 3.947    7.4200
 3.950    7.4300
 3.953    7.3800
 3.956    7.3600
 3.959    7.3300
 3.962    7.2900
 3.965    7.3100
 3.968    7.3400
 3.971    7.3400
 3.974    7.2800
 3.977    7.2600
 3.980    7.3100
 3.983    7.3600
 3.986    7.3400
 3.989    7.3300
 3.992    7.3200
 3.995    7.3200
 3.998    7.3500
 4.001    7.3700
 4.004    7.4000
 4.008    7.4500
 4.011    7.4700
 4.014    7.5400
 4.017    7.5400
 4.020    7.5000
 4.023    7.4800
 4.026    7.5000
 4.029    7.5100
 4.032    7.4800
 4.036    7.5400
 4.039    7.6300
 4.042    7.6400
 4.045    7.6800
 4.048    7.6500
 4.051    7.6500
 4.055    7.6900
 4.058    7.7200
 4.061    7.7400
 4.064    7.7000
 4.067    7.6300
 4.070    7.6100
 4.074    7.6300
 4.077    7.6800
 4.080    7.7500
 4.083    7.7800
 4.087    7.6900
 4.090    7.6700
 4.093    7.7100
 4.096    7.7100
 4.099    7.6900
 4.103    7.6900
 4.106    7.7300
 4.109    7.8100
 4.112    7.7400
 4.116    7.6800
 4.119    7.7200
 4.122    7.7300
 4.126    7.7400
 4.129    7.7600
 4.132    7.7100
 4.135    7.6800
 4.139    7.6700
 4.142    7.6900
 4.145    7.6700
 4.149    7.6500
 4.152    7.5900
 4.155    7.6200
 4.159    7.6400
 4.162    7.6200
 4.165    7.6600
 4.169    7.6800
 4.172    7.6400
 4.175    7.6700
 4.179    7.6900
 4.182    7.6400
 4.185    7.6000
 4.189    7.6000
 4.192    7.6000
 4.196    7.6100
 4.199    7.6200
 4.202    7.6900
 4.206    7.7100
 4.209    7.6600
 4.213    7.5800
 4.216    7.6000
 4.219    7.5900
 4.223    7.6200
 4.226    7.6300
 4.230    7.5700
 4.233    7.5700
 4.237    7.6200
 4.240    7.6200
 4.244    7.5900
 4.247    7.5500
 4.251    7.5100
 4.254    7.5300
 4.258    7.5000
 4.261    7.4600
 4.265    7.4900
 4.268    7.5200
 4.272    7.4700
 4.275    7.4500
 4.279    7.5100
 4.282    7.5600
 4.286    7.5400
 4.289    7.4600
 4.293    7.4200
 4.296    7.4300
 4.300    7.4100
 4.304    7.3800
 4.307    7.4200
 4.311    7.4400
 4.314    7.3900
 4.318    7.3500
 4.321    7.3500
 4.325    7.3500
 4.329    7.3700
 4.332    7.3700
 4.336    7.3300
 4.340    7.2900
 4.343    7.2800
 4.347    7.2700
 4.350    7.2900
 4.354    7.3100
 4.358    7.2600
 4.361    7.2100
 4.365    7.1700
 4.369    7.1900
 4.372    7.2300
 4.376    7.2000
 4.380    7.2200
 4.384    7.2200
 4.387    7.1700
 4.391    7.1400
 4.395    7.1700
 4.398    7.1600
 4.402    7.1500
 4.406    7.1900
 4.410    7.1600
 4.413    7.1200
 4.417    7.1300
 4.421    7.1500
 4.425    7.1200
 4.428    7.1000
 4.432    7.0700
 4.436    7.0300
 4.440    7.0300
 4.444    6.9700
 4.447    6.9900
 4.451    7.0300
 4.455    7.0100
 4.459    6.9800
 4.463    6.9600
 4.467    6.9400
 4.470    6.9400
 4.474    6.9300
 4.478    6.8800
 4.482    6.9000
 4.486    6.8900
 4.490    6.8600
 4.494    6.8400
 4.498    6.8000
 4.502    6.7800
 4.505    6.7600
 4.509    6.7400
 4.513    6.7300
 4.517    6.7600
 4.521    6.7500
 4.525    6.7300
 4.529    6.7400
 4.533    6.7100
 4.537    6.6400
 4.541    6.6300
 4.545    6.6100
 4.549    6.5800
 4.553    6.5600
 4.557    6.5500
 4.561    6.5700
 4.565    6.5600
 4.569    6.4900
 4.573    6.4300
 4.577    6.4100
 4.581    6.4300
 4.585    6.4500
 4.589    6.4400
 4.593    6.4300
 4.597    6.4100
 4.601    6.3700
 4.605    6.3500
 4.610    6.3300
 4.614    6.2800
 4.618    6.2500
 4.622    6.2400
 4.626    6.2100
 4.630    6.1900
 4.634    6.1500
 4.638    6.1300
 4.643    6.1600
 4.647    6.1400
 4.651    6.0900
 4.655    6.0700
 4.659    6.0700
 4.663    6.0400
 4.668    6.0300
 4.672    6.0100
 4.676    5.9800
 4.680    5.9600
 4.684    5.9200
 4.689    5.9100
 4.693    5.8800
 4.697    5.8700
 4.701    5.8800
 4.706    5.8700
 4.710    5.8900
 4.714    5.9100
 4.719    5.9000
 4.723    5.8900
 4.727    5.8800
 4.731    5.8500
 4.736    5.8000
 4.740    5.7800
 4.744    5.7900
 4.749    5.7600
 4.753    5.7300
 4.758    5.7300
 4.762    5.7300
 4.766    5.6900
 4.771    5.6700
 4.775    5.6700
 4.779    5.6500
 4.784    5.6300
 4.788    5.6100
 4.793    5.6000
 4.797    5.5700
 4.802    5.5100
 4.806    5.4800
 4.810    5.4900
 4.815    5.4800
 4.819    5.5200
 4.824    5.5400
 4.828    5.5200
 4.833    5.5200
 4.837    5.4700
 4.842    5.4400
 4.846    5.4300
 4.851    5.4000
 4.856    5.4000
 4.860    5.4000
 4.865    5.4000
 4.869    5.4200
 4.874    5.4200
 4.878    5.4100
 4.883    5.3600
 4.888    5.3200
 4.892    5.3400
 4.897    5.3600
 4.901    5.3100
 4.906    5.2800
 4.911    5.3000
 4.915    5.3000
 4.920    5.2800
 4.925    5.2600
 4.929    5.1900
 4.934    5.1400
 4.939    5.1600
 4.943    5.1900
 4.948    5.2100
 4.953    5.2000
 4.958    5.1500
 4.962    5.1500
 4.967    5.1600
 4.972    5.1300
 4.977    5.1300
 4.981    5.1200
 4.986    5.1000
 4.991    5.0400
 4.996    5.0100
 5.001    4.9900
 5.005    4.9900
 5.010    5.0000
 5.015    4.9800
 5.020    4.9700
 5.025    4.9500
 5.030    4.9400
 5.035    4.9700
 5.040    4.9400
 5.044    4.9100
 5.049    4.8800
 5.054    4.8300
 5.059    4.8300
 5.064    4.8700
 5.069    4.8400
 5.074    4.8000
 5.079    4.7800
 5.084    4.7400
 5.089    4.7300
 5.094    4.7400
 5.099    4.7300
 5.104    4.7100
 5.109    4.7100
 5.114    4.7000
 5.119    4.6700
 5.124    4.6800
 5.129    4.6700
 5.134    4.6400
 5.139    4.6400
 5.145    4.6400
 5.150    4.6200
 5.155    4.6500
 5.160    4.6500
 5.165    4.6300
 5.170    4.6200
 5.175    4.6100
 5.180    4.6100
 5.186    4.5700
 5.191    4.5500
 5.196    4.5700
 5.201    4.5300
 5.206    4.4900
 5.212    4.5200
 5.217    4.5400
 5.222    4.5300
 5.227    4.5100
 5.233    4.4900
 5.238    4.4400
 5.243    4.4300
 5.249    4.4500
 5.254    4.4400
 5.259    4.4300
 5.265    4.4100
 5.270    4.3900
 5.275    4.3900
 5.281    4.3600
 5.286    4.3600
 5.291    4.3400
 5.297    4.3300
 5.302    4.3500
 5.308    4.3400
 5.313    4.3100
 5.319    4.2800
 5.324    4.2500
 5.330    4.2600
 5.335    4.2800
 5.341    4.2700
 5.346    4.2500
 5.352    4.2100
 5.357    4.1800
 5.363    4.1700
 5.368    4.1500
 5.374    4.1700
 5.379    4.2000
 5.385    4.2000
 5.390    4.1900
 5.396    4.1700
 5.402    4.1300
 5.407    4.1000
 5.413    4.0900
 5.419    4.0800
 5.424    4.0800
 5.430    4.0700
 5.436    4.0600
 5.441    4.0900
 5.447    4.0800
 5.453    4.0600
 5.459    4.0300
 5.464    4.0100
 5.470    3.9900
 5.476    3.9700
 5.482    3.9700
 5.487    3.9800
 5.493    3.9800
 5.499    3.9500
 5.505    3.9400
 5.511    3.9500
 5.517    3.9200
 5.523    3.8800
 5.528    3.8400
 5.534    3.8100
 5.540    3.7600
 5.546    3.7400
 5.552    3.7700
 5.558    3.7700
 5.564    3.7400
 5.570    3.7500
 5.576    3.7300
 5.582    3.7200
 5.588    3.7300
 5.594    3.7700
 5.600    3.7600
 5.606    3.7500
 5.612    3.7300
 5.618    3.7100
 5.624    3.7100
 5.630    3.7500
 5.637    3.7700
 5.643    3.7200
 5.649    3.7100
 5.655    3.7100
 5.661    3.6900
 5.667    3.7000
 5.674    3.6900
 5.680    3.6500
 5.686    3.6300
 5.692    3.6500
 5.698    3.6400
 5.705    3.6400
 5.711    3.6400
 5.717    3.6300
 5.724    3.6600
 5.730    3.6900
 5.736    3.6700
 5.743    3.6200
 5.749    3.5800
 5.755    3.5800
 5.762    3.5700
 5.768    3.5600
 5.775    3.5600
 5.781    3.5700
 5.788    3.5600
 5.794    3.5500
 5.800    3.5500
 5.807    3.5400
 5.813    3.5000
 5.820    3.5000
 5.827    3.5100
 5.833    3.5000
 5.840    3.4700
 5.846    3.4400
 5.853    3.4000
 5.859    3.3800
 5.866    3.3600
 5.873    3.3900
 5.879    3.4200
 5.886    3.3900
 5.893    3.3600
 5.899    3.3500
 5.906    3.3400
 5.913    3.3700
 5.920    3.3700
 5.926    3.3400
 5.933    3.2400
 5.940    3.2300
 5.947    3.2600
 5.954    3.2300
 5.960    3.2100
 5.967    3.2200
 5.974    3.1900
 5.981    3.1400
 5.988    3.0900
 5.995    3.1500
 6.002    3.1600
 6.009    3.1000
 6.016    3.1100
 6.023    3.1100
 6.030    3.0800
 6.037    3.1000
 6.044    3.1300
 6.051    3.0700
 6.058    3.0100
 6.065    3.0300
 6.072    3.0500
 6.079    3.0400
 6.086    3.0400
 6.094    3.0300
 6.101    3.0500
 6.108    3.0700
 6.115    3.0400
 6.122    3.0500
 6.130    3.0400
 6.137    3.0900
 6.144    3.1000
 6.151    3.0900
 6.159    3.1100
 6.166    3.1300
 6.173    3.1000
 6.181    3.1100
 6.188    3.1500
 6.195    3.1900
 6.203    3.2000
 6.210    3.1900
 6.218    3.1700
 6.225    3.2000
 6.233    3.2500
 6.240    3.2800
 6.248    3.2500
 6.255    3.2500
 6.263    3.2800
 6.270    3.3300
 6.278    3.3300
 6.286    3.3500
 6.293    3.3500
 6.301    3.3700
 6.308    3.3800
 6.316    3.4300
 6.324    3.4500
 6.332    3.4600
 6.339    3.5100
 6.347    3.5500
 6.355    3.5800
 6.363    3.6300
 6.370    3.6800
 6.378    3.7300
 6.386    3.7600
 6.394    3.8200
 6.402    3.8900
 6.410    3.9600
 6.418    4.0100
 6.426    4.1500
 6.434    4.2600
 6.442    4.3700
 6.450    4.4300
 6.458    4.4800
 6.466    4.5200
 6.474    4.4900
 6.482    4.4500
 6.490    4.5400
 6.498    4.5300
 6.506    4.4500
 6.515    4.4300
 6.523    4.4600
 6.531    4.4500
 6.539    4.4600
 6.547    4.4300
 6.556    4.4400
 6.564    4.4300
 6.572    4.4400
 6.581    4.4000
 6.589    4.3800
 6.597    4.3100
 6.606    4.3000
 6.614    4.2900
 6.623    4.2500
 6.631    4.2500
 6.640    4.2300
 6.648    4.1800
 6.657    4.2200
 6.665    4.2300
 6.674    4.2200
 6.682    4.2000
 6.691    4.1300
 6.700    4.0300
 6.708    4.0100
 6.717    4.0500
 6.726    4.0900
 6.734    4.0800
 6.743    4.0300
 6.752    3.9600
 6.761    3.9400
 6.770    3.9900
 6.778    4.0300
 6.787    4.0000
 6.796    4.0200
 6.805    4.0000
 6.814    4.0000
 6.823    3.9700
 6.832    3.9800
 6.841    3.9300
 6.850    3.9000
 6.859    3.8700
 6.868    3.8900
 6.877    3.8800
 6.886    3.8400
 6.896    3.8100
 6.905    3.8100
 6.914    3.8100
 6.923    3.8400
 6.932    3.8100
 6.942    3.7600
 6.951    3.7600
 6.960    3.8000
 6.970    3.7600
 6.979    3.7600
 6.989    3.7800
 6.998    3.7700
 7.007    3.7700
 7.017    3.8100
 7.026    3.7900
 7.036    3.7600
 7.046    3.6700
 7.055    3.6300
 7.065    3.5900
 7.074    3.5900
 7.084    3.5700
 7.094    3.5700
 7.103    3.5100
 7.113    3.4300
 7.123    3.3300
 7.133    3.3000
 7.143    3.2500
 7.152    3.2300
 7.162    3.1500
 7.172    3.1300
 7.182    3.1000
 7.192    3.0700
 7.202    2.9600
 7.212    2.9400
 7.222    2.9600
 7.232    2.9400
 7.242    2.8500
 7.252    2.8800
 7.263    2.8800
 7.273    2.8000
 7.283    2.7200
 7.293    2.7000
 7.303    2.6900
 7.314    2.7800
 7.324    2.7300
 7.334    2.7100
 7.345    2.6800
 7.355    2.6600
 7.366    2.6400
 7.376    2.6600
 7.387    2.6200
 7.397    2.6000
 7.408    2.5600
 7.418    2.5300
 7.429    2.5200
 7.440    2.5800
 7.450    2.5800
 7.461    2.5500
 7.472    2.5100
 7.483    2.4600
 7.493    2.4300
 7.504    2.4500
 7.515    2.4400
 7.526    2.4200
 7.537    2.4200
 7.548    2.4200
 7.559    2.3800
 7.570    2.3900
 7.581    2.3800
 7.592    2.3700
 7.603    2.3400
 7.614    2.3100
 7.626    2.2600
 7.637    2.2600
 7.648    2.3100
 7.659    2.3500
 7.671    2.2700
 7.682    2.2700
 7.694    2.2600
 7.705    2.2100
 7.716    2.1500
 7.728    2.1800
 7.739    2.1800
 7.751    2.1800
 7.763    2.1600
 7.774    2.1900
 7.786    2.2200
 7.798    2.2000
 7.809    2.1400
 7.821    2.1600
 7.833    2.1500
 7.845    2.1500
 7.857    2.1500
 7.869    2.1800
 7.881    2.1600
 7.893    2.1200
 7.905    2.0500
 7.917    2.0700
 7.929    2.0900
 7.941    2.1500
 7.953    2.1600
 7.965    2.2100
 7.978    2.1900
 7.990    2.1800
 8.002    2.1900
 8.015    2.2300
 8.027    2.2300
 8.039    2.3100
 8.052    2.3800
 8.064    2.4500
 8.077    2.4100
 8.090    2.4500
 8.102    2.5400
 8.115    2.6400
 8.128    2.6800
 8.140    2.7500
 8.153    2.8900
 8.166    3.0200
 8.179    3.1700
 8.192    3.4000
 8.205    3.6100
 8.218    3.8400
 8.231    4.0600
 8.244    4.3400
 8.257    4.6000
 8.270    4.8300
 8.283    5.0900
 8.297    5.3800
 8.310    5.5900
 8.323    5.8100
 8.337    5.9600
 8.350    6.1400
 8.364    6.2800
 8.377    6.3600
 8.391    6.4200
 8.404    6.6100
 8.418    6.7100
 8.431    6.7200
 8.445    6.7800
 8.459    6.9100
 8.473    6.9700
 8.487    7.0200
 8.501    7.1000
 8.515    7.2400
 8.529    7.3600
 8.543    7.3800
 8.557    7.4100
 8.571    7.4800
 8.585    7.5600
 8.599    7.6900
 8.614    7.7600
 8.628    7.8300
 8.642    7.8800
 8.657    7.9500
 8.671    7.9700
 8.686    8.0700
 8.700    8.1600
 8.715    8.2800
 8.730    8.3400
 8.744    8.4100
 8.759    8.4600
 8.774    8.5400
 8.789    8.6100
 8.804    8.7700
 8.819    8.8800
 8.834    8.9300
 8.849    8.9500
 8.864    9.0800
 8.879    9.1800
 8.894    9.3300
 8.909    9.3800
 8.925    9.4400
 8.940    9.5100
 8.956    9.5800
 8.971    9.6000
 8.987    9.6800
 9.002    9.7100
 9.018    9.6700
 9.034    9.6400
 9.049    9.6800
 9.065    9.6400
 9.081    9.6700
 9.097    9.6500
 9.113    9.5800
 9.129    9.4600
 9.145    9.5000
 9.161    9.4900
 9.178    9.4100
 9.194    9.4000
 9.210    9.4900
 9.226    9.5300
 9.243    9.6300
 9.259    9.7500
 9.276    9.8700
 9.293    9.9600
 9.309   10.2100
 9.326   10.3200
 9.343   10.4700
 9.360   10.7000
 9.377   10.8800
 9.394   10.9600
 9.411   11.0800
 9.428   11.2100
 9.445   11.3800
 9.462   11.4000
 9.479   11.4800
 9.497   11.5900
 9.514   11.7500
 9.532   11.7900
 9.549   11.7900
 9.567   11.8600
 9.585   12.0000
 9.602   12.0800
 9.620   12.0600
 9.638   11.9500
 9.656   11.9600
 9.674   12.0000
 9.692   12.0400
 9.710   12.0000
 9.728   12.0400
 9.747   12.0500
 9.765   12.0700
 9.783   12.0500
 9.802   12.1100
 9.821   12.0700
 9.839   11.9700
 9.858   11.9300
 9.877   12.0000
 9.895   11.9200
 9.914   11.8900
 9.933   11.8200
 9.952   11.8100
 9.972   11.7800
 9.991   11.7400
10.010   11.6700
10.029   11.6200
10.049   11.4200
10.068   11.3400
10.088   11.2500
10.108   11.1900
10.127   11.1000
10.147   11.0500
10.167   11.0300
10.187   11.0900
10.207   11.1600
10.227   11.2500
10.247   11.2700
10.268   11.3400
10.288   11.2700
10.309   11.2300
10.329   11.2500
10.350   11.2800
10.370   11.2700
10.391   11.2700
10.412   11.1500
10.433   11.1400
10.454   11.0900
10.475   11.0600
10.496   11.0300
10.518   11.0500
10.539   11.0700
10.560   11.1500
10.582   11.1600
10.604   11.1400
10.625   11.0200
10.647   11.0400
10.669   11.0900
10.691   11.1700
10.713   11.1800
10.735   11.2000
10.758   11.1600
10.780   11.1900
10.802   11.2100
10.825   11.2000
10.848   11.1100
10.870   11.0700
10.893   11.0000
10.916   10.9700
10.939   10.8800
10.962   10.8400
10.985   10.7400
11.009   10.6800
11.032   10.5200
11.056   10.4200
11.079   10.3500
11.103   10.3100
11.127   10.2200
11.151   10.1700
11.175   10.0900
11.199   10.0700
11.223   10.0300
11.248   10.1700
11.272   10.1600
11.297   10.0300
11.321    9.9200
11.346    9.7600
11.371    9.5600
11.396    9.3100
11.421    9.0200
11.446    8.9100
11.471    8.6500
11.497    8.4400
11.522    8.1800
11.548    7.9800
11.574    7.8500
11.600    7.7100
11.626    7.5300
11.652    7.4200
11.678    7.2800
11.704    7.1300
11.731    6.9400
11.757    6.7900
11.784    6.5800
11.811    6.5200
11.838    6.4200
11.865    6.3500
11.892    6.2400
11.920    6.2300
11.947    6.1300
11.975    6.0200
12.002    5.9700
12.030    5.9200
12.058    5.8100
12.086    5.7500
12.115    5.5800
12.143    5.4600
12.171    5.3300
12.200    5.3400
12.229    5.2500
12.258    5.0800
12.287    4.9700
12.316    4.8900
12.345    4.6700
12.375    4.6000
12.404    4.5700
12.434    4.5800
12.464    4.4800
12.494    4.4400
12.524    4.4000
12.554    4.3700
12.585    4.2500
12.616    4.2900
12.646    4.2000
12.677    4.1800
12.708    4.1200
12.739    4.1900
12.771    4.1400
12.802    4.0900
12.834    4.0700
12.866    4.1000
12.898    4.0400
12.930    4.0000
12.962    3.9800
12.995    4.0600
13.027    4.0300
13.060    3.9900
13.093    3.9000
13.126    3.8800
13.160    3.8900
13.193    4.0000
13.227    3.9500
13.261    3.9100
13.295    3.8700
13.329    3.8600
13.363    3.8100
13.398    3.8500
13.432    3.7800
13.467    3.8800
13.502    3.8600
13.538    3.8600
13.573    3.8300
13.609    3.8200
13.644    3.7900
13.680    3.8500
13.717    3.7400
13.753    3.7400
13.790    3.7100
13.826    3.7500
13.863    3.6400
13.900    3.7200
13.938    3.8000
13.975    3.9200
14.013    3.7600
