Name:  Limestone CaCO3
Type:  Rock
Class: Sedimentary
Subclass: Limestone  
Particle Size:  Whole rock chips
Sample No.:  ro359
Owner:  Larry Rowan, USGS
Wavelength range:  VNIR SWIR IR
Origin:  Ronda, Spain

Description:  white limestone





Measurement:  Reflectance
First Column:  X
Second Column:  Y
X Units:  Wavelength (micrometers)
Y Units:  Reflectance (percent)
First X Value:  0.4
Last X Value:  14.01309
Number of X Values:  2826
Additional Information:  ls359a.txt
 0.400   54.1000
 0.401   54.1000
 0.402   54.2000
 0.403   54.3000
 0.404   54.7000
 0.405   54.6000
 0.406   54.9000
 0.407   55.1000
 0.408   54.7000
 0.409   54.9000
 0.410   55.3000
 0.411   55.8000
 0.412   55.3000
 0.413   55.4000
 0.414   55.4000
 0.415   55.8000
 0.416   55.9000
 0.417   56.0000
 0.418   55.7000
 0.419   56.2000
 0.420   56.3000
 0.421   56.4000
 0.422   56.4000
 0.423   56.5000
 0.424   56.8000
 0.425   57.0000
 0.426   57.1000
 0.427   57.0000
 0.428   56.8000
 0.429   57.1000
 0.430   57.4000
 0.431   57.3000
 0.432   57.8000
 0.433   57.5000
 0.434   57.9000
 0.435   58.0000
 0.436   58.4000
 0.437   58.1000
 0.438   58.0000
 0.439   58.6000
 0.440   58.4000
 0.441   58.2000
 0.442   58.6000
 0.443   58.1000
 0.444   58.2000
 0.445   58.6000
 0.446   58.4000
 0.447   58.1000
 0.448   58.7000
 0.449   59.2000
 0.450   59.5000
 0.451   58.5000
 0.452   58.7000
 0.453   59.0000
 0.454   59.1000
 0.455   59.1000
 0.456   59.2000
 0.457   59.1000
 0.458   59.2000
 0.459   59.5000
 0.460   59.0000
 0.461   58.9000
 0.462   58.9000
 0.463   59.3000
 0.464   59.6000
 0.465   59.2000
 0.466   59.5000
 0.467   59.5000
 0.468   60.0000
 0.469   60.0000
 0.470   59.6000
 0.471   59.7000
 0.472   59.2000
 0.473   59.5000
 0.474   59.8000
 0.475   60.2000
 0.476   60.1000
 0.477   60.1000
 0.478   60.1000
 0.479   60.1000
 0.480   60.0000
 0.481   60.4000
 0.482   60.6000
 0.483   60.4000
 0.484   60.6000
 0.485   60.9000
 0.486   60.7000
 0.487   60.6000
 0.488   60.3000
 0.489   60.3000
 0.490   60.8000
 0.491   60.9000
 0.492   60.9000
 0.493   60.9000
 0.494   60.9000
 0.495   60.8000
 0.496   61.2000
 0.497   61.4000
 0.498   61.8000
 0.499   61.9000
 0.500   61.8000
 0.501   61.4000
 0.502   62.0000
 0.503   61.8000
 0.504   61.7000
 0.505   61.5000
 0.506   61.9000
 0.507   62.3000
 0.508   62.3000
 0.509   61.5000
 0.510   61.9000
 0.511   62.0000
 0.512   62.4000
 0.513   63.2000
 0.514   62.5000
 0.515   62.1000
 0.516   62.4000
 0.517   62.9000
 0.518   63.2000
 0.519   62.3000
 0.520   61.7000
 0.521   62.5000
 0.522   62.8000
 0.523   63.1000
 0.524   62.6000
 0.525   61.9000
 0.526   62.5000
 0.527   63.1000
 0.528   63.0000
 0.529   63.5000
 0.530   64.1000
 0.531   64.1000
 0.532   64.0000
 0.533   63.9000
 0.534   63.5000
 0.535   62.8000
 0.536   63.0000
 0.537   63.5000
 0.538   63.7000
 0.539   63.4000
 0.540   63.1000
 0.541   63.5000
 0.542   64.0000
 0.543   63.6000
 0.544   63.7000
 0.545   63.5000
 0.546   63.1000
 0.547   63.6000
 0.548   63.9000
 0.549   63.9000
 0.550   63.9000
 0.551   64.2000
 0.552   64.1000
 0.553   64.2000
 0.554   64.2000
 0.555   64.1000
 0.556   64.2000
 0.557   64.5000
 0.558   64.3000
 0.559   64.1000
 0.560   64.0000
 0.561   64.0000
 0.562   64.1000
 0.563   63.9000
 0.564   64.0000
 0.565   64.1000
 0.566   64.3000
 0.567   64.5000
 0.568   64.6000
 0.569   65.0000
 0.570   66.1000
 0.571   65.7000
 0.572   65.6000
 0.573   65.6000
 0.574   65.7000
 0.575   65.8000
 0.576   66.1000
 0.577   66.2000
 0.578   65.2000
 0.579   65.4000
 0.580   65.7000
 0.581   65.2000
 0.582   65.1000
 0.583   65.2000
 0.584   65.3000
 0.585   65.7000
 0.586   65.3000
 0.587   65.4000
 0.588   65.3000
 0.589   65.8000
 0.590   65.8000
 0.591   65.7000
 0.592   65.4000
 0.593   65.8000
 0.594   65.6000
 0.595   65.7000
 0.596   65.7000
 0.597   65.7000
 0.598   65.7000
 0.599   66.3000
 0.600   66.2000
 0.601   65.2000
 0.602   65.2000
 0.603   65.2000
 0.604   65.1000
 0.605   65.2000
 0.606   65.7000
 0.607   65.4000
 0.608   65.4000
 0.609   65.6000
 0.610   65.3000
 0.611   65.2000
 0.612   65.3000
 0.613   65.8000
 0.614   65.7000
 0.615   66.1000
 0.616   65.6000
 0.617   65.6000
 0.618   66.2000
 0.619   65.8000
 0.620   65.6000
 0.621   65.9000
 0.622   66.4000
 0.623   66.4000
 0.624   65.9000
 0.625   65.6000
 0.626   66.1000
 0.627   66.2000
 0.628   65.8000
 0.629   65.8000
 0.630   65.9000
 0.631   66.4000
 0.632   66.8000
 0.633   66.9000
 0.634   66.4000
 0.635   66.4000
 0.636   66.3000
 0.637   66.5000
 0.638   66.3000
 0.639   66.3000
 0.640   66.1000
 0.641   66.5000
 0.642   66.5000
 0.643   66.5000
 0.644   66.3000
 0.645   65.9000
 0.646   66.7000
 0.647   66.7000
 0.648   66.4000
 0.649   66.3000
 0.650   66.3000
 0.651   66.2000
 0.652   66.4000
 0.653   66.4000
 0.654   66.4000
 0.655   66.8000
 0.656   66.3000
 0.657   66.7000
 0.658   67.3000
 0.659   67.6000
 0.660   67.9000
 0.661   67.5000
 0.662   67.0000
 0.663   66.5000
 0.664   66.7000
 0.665   67.2000
 0.666   67.3000
 0.667   66.9000
 0.668   67.2000
 0.669   67.4000
 0.670   67.3000
 0.671   66.9000
 0.672   67.0000
 0.673   67.4000
 0.674   67.4000
 0.675   66.8000
 0.676   67.0000
 0.677   67.6000
 0.678   67.5000
 0.679   67.4000
 0.680   67.4000
 0.681   67.6000
 0.682   67.8000
 0.683   67.5000
 0.684   67.4000
 0.685   67.8000
 0.686   67.4000
 0.687   67.4000
 0.688   67.2000
 0.689   67.3000
 0.690   68.0000
 0.691   67.5000
 0.692   67.5000
 0.693   67.6000
 0.694   67.9000
 0.695   67.9000
 0.696   67.9000
 0.697   68.1000
 0.698   68.0000
 0.699   68.0000
 0.700   67.9000
 0.701   68.0000
 0.702   67.9000
 0.703   68.0000
 0.704   68.4000
 0.705   68.4000
 0.706   67.9000
 0.707   68.1000
 0.708   68.0000
 0.709   67.9000
 0.710   68.3000
 0.711   68.5000
 0.712   68.3000
 0.713   68.1000
 0.714   68.1000
 0.715   68.1000
 0.716   67.9000
 0.717   67.9000
 0.718   68.1000
 0.719   68.1000
 0.720   68.4000
 0.721   68.7000
 0.722   68.3000
 0.723   68.1000
 0.724   68.5000
 0.725   68.3000
 0.726   68.7000
 0.727   68.7000
 0.728   69.2000
 0.729   68.7000
 0.730   68.5000
 0.731   68.3000
 0.732   67.9000
 0.733   68.1000
 0.734   68.9000
 0.735   69.0000
 0.736   68.9000
 0.737   69.0000
 0.738   69.1000
 0.739   69.1000
 0.740   69.1000
 0.741   69.5000
 0.742   69.2000
 0.743   68.9000
 0.744   68.9000
 0.745   69.1000
 0.746   68.7000
 0.747   68.6000
 0.748   68.7000
 0.749   69.0000
 0.750   69.4000
 0.751   69.5000
 0.752   69.6000
 0.753   69.5000
 0.754   69.0000
 0.755   68.9000
 0.756   69.1000
 0.757   68.7000
 0.758   69.1000
 0.759   69.4000
 0.760   69.4000
 0.761   69.0000
 0.762   69.1000
 0.763   69.5000
 0.764   69.6000
 0.765   69.2000
 0.766   69.1000
 0.767   68.7000
 0.768   69.4000
 0.769   69.5000
 0.770   69.5000
 0.771   69.4000
 0.772   69.1000
 0.773   69.7000
 0.774   69.7000
 0.775   69.8000
 0.776   69.5000
 0.777   69.7000
 0.778   70.2000
 0.779   69.7000
 0.780   70.0000
 0.781   69.6000
 0.782   69.5000
 0.783   69.1000
 0.784   69.6000
 0.785   69.0000
 0.786   69.7000
 0.787   70.1000
 0.788   70.0000
 0.789   69.7000
 0.790   69.8000
 0.791   69.4000
 0.792   69.8000
 0.793   70.0000
 0.794   69.6000
 0.795   69.8000
 0.796   69.5000
 0.797   69.5000
 0.798   69.7000
 0.799   69.7000
 0.800   70.2000
 0.804   70.6000
 0.808   70.9000
 0.812   70.8000
 0.816   70.6000
 0.820   70.1000
 0.824   70.6000
 0.828   70.7000
 0.832   70.8000
 0.836   70.8000
 0.840   70.3000
 0.844   70.8000
 0.848   70.7000
 0.852   70.8000
 0.856   70.9000
 0.860   70.7000
 0.864   71.2000
 0.868   71.1000
 0.872   70.9000
 0.876   71.3000
 0.880   70.9000
 0.884   70.7000
 0.888   71.1000
 0.892   70.9000
 0.896   71.2000
 0.900   71.2000
 0.904   70.9000
 0.908   71.1000
 0.912   70.7000
 0.916   70.5000
 0.920   70.1000
 0.924   70.5000
 0.928   70.8000
 0.932   70.7000
 0.936   70.6000
 0.940   70.6000
 0.944   70.5000
 0.948   70.3000
 0.952   70.8000
 0.956   70.3000
 0.960   70.3000
 0.964   70.2000
 0.968   70.1000
 0.972   70.5000
 0.976   70.5000
 0.980   70.0000
 0.984   70.1000
 0.988   70.5000
 0.992   70.1000
 0.996   70.0000
 1.000   70.2000
 1.004   70.3000
 1.008   70.3000
 1.012   69.8000
 1.016   69.7000
 1.020   70.0000
 1.024   69.7000
 1.028   70.0000
 1.032   69.8000
 1.036   70.1000
 1.040   69.8000
 1.044   69.7000
 1.048   69.8000
 1.052   70.0000
 1.056   70.0000
 1.060   70.2000
 1.064   69.7000
 1.068   69.6000
 1.072   69.6000
 1.076   69.6000
 1.080   69.8000
 1.084   70.0000
 1.088   69.7000
 1.092   69.7000
 1.096   69.4000
 1.100   69.5000
 1.104   69.4000
 1.108   69.6000
 1.112   69.4000
 1.116   69.6000
 1.120   69.6000
 1.124   69.5000
 1.128   69.5000
 1.132   69.8000
 1.136   69.4000
 1.140   69.6000
 1.144   69.2000
 1.148   69.6000
 1.152   69.8000
 1.156   69.7000
 1.160   69.8000
 1.164   70.0000
 1.168   70.0000
 1.172   69.7000
 1.176   69.8000
 1.180   69.6000
 1.184   69.7000
 1.188   69.6000
 1.192   69.5000
 1.196   69.6000
 1.200   69.7000
 1.204   69.8000
 1.208   70.0000
 1.212   70.2000
 1.216   70.0000
 1.220   69.5000
 1.224   69.7000
 1.228   69.8000
 1.232   69.7000
 1.236   69.7000
 1.240   69.6000
 1.244   69.8000
 1.248   70.0000
 1.252   70.3000
 1.256   70.5000
 1.260   70.6000
 1.264   70.0000
 1.268   69.5000
 1.272   69.6000
 1.276   69.7000
 1.280   69.8000
 1.284   69.6000
 1.288   69.7000
 1.292   69.6000
 1.296   69.5000
 1.300   69.5000
 1.304   69.6000
 1.308   69.5000
 1.312   69.4000
 1.316   69.4000
 1.320   69.2000
 1.324   69.1000
 1.328   69.5000
 1.332   69.2000
 1.336   69.1000
 1.340   69.0000
 1.344   68.7000
 1.348   68.4000
 1.352   67.9000
 1.356   68.0000
 1.360   68.0000
 1.364   67.5000
 1.368   67.5000
 1.372   66.5000
 1.376   66.2000
 1.380   65.6000
 1.384   64.8000
 1.388   64.0000
 1.392   62.9000
 1.396   62.4000
 1.400   61.9000
 1.404   61.5000
 1.408   60.7000
 1.412   60.6000
 1.416   60.3000
 1.420   60.1000
 1.424   59.7000
 1.428   59.6000
 1.432   59.5000
 1.436   59.3000
 1.440   59.3000
 1.444   59.5000
 1.448   59.6000
 1.452   59.7000
 1.456   59.6000
 1.460   59.3000
 1.464   59.5000
 1.468   60.0000
 1.472   60.1000
 1.476   60.4000
 1.480   60.7000
 1.484   61.2000
 1.488   61.4000
 1.492   61.8000
 1.496   62.1000
 1.500   62.8000
 1.504   63.0000
 1.508   63.0000
 1.512   63.2000
 1.516   63.9000
 1.520   64.1000
 1.524   64.3000
 1.528   64.2000
 1.532   64.3000
 1.536   64.5000
 1.540   64.5000
 1.544   64.7000
 1.548   64.6000
 1.552   64.5000
 1.556   64.5000
 1.560   64.6000
 1.564   65.1000
 1.568   65.9000
 1.572   65.9000
 1.576   66.2000
 1.580   66.3000
 1.584   66.4000
 1.588   66.3000
 1.592   66.2000
 1.596   66.5000
 1.600   66.8000
 1.604   66.5000
 1.608   66.8000
 1.612   66.7000
 1.616   66.7000
 1.620   66.9000
 1.624   66.8000
 1.628   66.7000
 1.632   66.4000
 1.636   66.3000
 1.640   66.5000
 1.644   66.5000
 1.648   66.4000
 1.652   66.5000
 1.656   66.5000
 1.660   66.7000
 1.664   66.9000
 1.668   66.8000
 1.672   66.7000
 1.676   66.5000
 1.680   66.4000
 1.684   66.1000
 1.688   65.8000
 1.692   65.9000
 1.696   65.8000
 1.700   65.7000
 1.704   65.1000
 1.708   65.0000
 1.712   64.6000
 1.716   64.0000
 1.720   63.5000
 1.724   63.6000
 1.728   63.6000
 1.732   63.5000
 1.736   64.0000
 1.740   63.9000
 1.744   63.2000
 1.748   63.5000
 1.752   63.9000
 1.756   64.1000
 1.760   64.3000
 1.764   64.8000
 1.768   65.0000
 1.772   64.7000
 1.776   64.6000
 1.780   64.6000
 1.784   64.3000
 1.788   64.3000
 1.792   64.5000
 1.796   64.5000
 1.800   64.0000
 1.804   63.5000
 1.808   62.9000
 1.812   63.0000
 1.816   62.6000
 1.820   61.5000
 1.824   61.3000
 1.828   60.4000
 1.832   59.5000
 1.836   59.1000
 1.840   58.1000
 1.844   57.9000
 1.848   57.3000
 1.852   55.9000
 1.856   54.3000
 1.860   52.6000
 1.864   51.3000
 1.868   50.8000
 1.872   50.8000
 1.876   51.0000
 1.880   50.7000
 1.884   49.6000
 1.888   48.6000
 1.892   47.4000
 1.896   46.5000
 1.900   45.7000
 1.904   45.2000
 1.908   44.8000
 1.912   44.2000
 1.916   44.1000
 1.920   44.0000
 1.924   43.7000
 1.928   43.8000
 1.932   43.5000
 1.936   43.3000
 1.940   43.5000
 1.944   43.7000
 1.948   43.8000
 1.952   44.1000
 1.956   44.2000
 1.960   44.3000
 1.964   44.4000
 1.968   44.6000
 1.972   44.3000
 1.976   44.4000
 1.980   44.2000
 1.984   44.2000
 1.988   44.7000
 1.992   45.1000
 1.996   46.0000
 2.000   47.4000
 2.004   48.4000
 2.008   49.3000
 2.012   50.1000
 2.016   50.7000
 2.020   51.4000
 2.024   51.9000
 2.028   52.1000
 2.032   52.6000
 2.036   53.1000
 2.040   53.8000
 2.044   54.8000
 2.048   54.6000
 2.052   54.8000
 2.056   54.8000
 2.060   54.9000
 2.064   55.2000
 2.068   55.2000
 2.072   55.4000
 2.076   55.6000
 2.080   55.3000
 2.084   55.7000
 2.088   55.6000
 2.092   55.3000
 2.096   55.2000
 2.100   55.1000
 2.100   57.1200
 2.101   56.8000
 2.102   56.9200
 2.103   56.9700
 2.104   56.9800
 2.105   57.4400
 2.106   57.1900
 2.106   56.6300
 2.107   56.6600
 2.108   56.8500
 2.109   56.6200
 2.110   56.5100
 2.111   56.7300
 2.112   56.6200
 2.112   56.3900
 2.113   56.8400
 2.114   56.8500
 2.115   56.8100
 2.116   56.9100
 2.117   56.4300
 2.118   56.4700
 2.118   56.3300
 2.119   56.1100
 2.120   56.0500
 2.121   56.1500
 2.122   56.5900
 2.123   56.8500
 2.124   56.4500
 2.125   55.9000
 2.125   55.8500
 2.126   55.8200
 2.127   55.4400
 2.128   55.5400
 2.129   55.9300
 2.130   55.7100
 2.131   55.6000
 2.132   55.3000
 2.132   55.3300
 2.133   55.8400
 2.134   55.7700
 2.135   55.1300
 2.136   55.4000
 2.137   55.5000
 2.138   55.2200
 2.139   55.0300
 2.139   54.4100
 2.140   53.8800
 2.141   53.7200
 2.142   53.5400
 2.143   53.3800
 2.144   53.2500
 2.145   53.1100
 2.146   52.7900
 2.147   52.4300
 2.147   52.3900
 2.148   52.3000
 2.149   51.8000
 2.150   51.7500
 2.151   51.7600
 2.152   51.8800
 2.153   52.0200
 2.154   51.8400
 2.155   51.3300
 2.155   51.4700
 2.156   51.9000
 2.157   52.0200
 2.158   51.8700
 2.159   51.5900
 2.160   51.8800
 2.161   52.4600
 2.162   52.2000
 2.163   52.0000
 2.164   51.9600
 2.164   52.1100
 2.165   52.4500
 2.166   52.6900
 2.167   52.8500
 2.168   52.9700
 2.169   53.1600
 2.170   53.4000
 2.171   53.3600
 2.172   53.6800
 2.173   53.8100
 2.173   54.0200
 2.174   53.9400
 2.175   53.7900
 2.176   53.9000
 2.177   54.2000
 2.178   54.3400
 2.179   54.6000
 2.180   54.5300
 2.181   54.3800
 2.182   54.4400
 2.183   54.6600
 2.184   54.9100
 2.184   55.3000
 2.185   55.2800
 2.186   55.2400
 2.187   54.9100
 2.188   54.8100
 2.189   54.8300
 2.190   54.8200
 2.191   54.8600
 2.192   55.1500
 2.193   55.3600
 2.194   55.0200
 2.195   54.7100
 2.196   54.6500
 2.196   55.1900
 2.197   55.5200
 2.198   55.0200
 2.199   54.5100
 2.200   54.3300
 2.201   54.2900
 2.202   54.1600
 2.203   54.1100
 2.204   53.9300
 2.205   53.9600
 2.206   54.0300
 2.207   54.0600
 2.208   53.5700
 2.209   53.0300
 2.210   53.0100
 2.211   52.9700
 2.211   52.5600
 2.212   52.7200
 2.213   52.9300
 2.214   52.8500
 2.215   52.4300
 2.216   52.3300
 2.217   52.3600
 2.218   52.4000
 2.219   52.2300
 2.220   52.0900
 2.221   51.8300
 2.222   51.6300
 2.223   51.1700
 2.224   50.8500
 2.225   50.9400
 2.226   50.9900
 2.227   50.7100
 2.228   50.5500
 2.229   50.0400
 2.230   49.8400
 2.231   49.7200
 2.231   49.3700
 2.232   48.8800
 2.233   48.7100
 2.234   48.6200
 2.235   48.2600
 2.236   47.9900
 2.237   47.7800
 2.238   47.7000
 2.239   47.6600
 2.240   47.1300
 2.241   46.7300
 2.242   46.5000
 2.243   46.2800
 2.244   46.1000
 2.245   45.8600
 2.246   45.7600
 2.247   45.4200
 2.248   45.0500
 2.249   44.8000
 2.250   44.4500
 2.251   44.2600
 2.252   44.1500
 2.253   43.9500
 2.254   43.5800
 2.255   43.3200
 2.256   42.8700
 2.257   42.6500
 2.258   42.6000
 2.259   42.2500
 2.260   41.8700
 2.261   41.8000
 2.262   41.5800
 2.263   41.3400
 2.264   40.9000
 2.265   40.4000
 2.266   40.1400
 2.267   40.2700
 2.268   39.9800
 2.269   39.3700
 2.270   38.8000
 2.271   38.8000
 2.272   38.6200
 2.273   38.2900
 2.274   37.8700
 2.275   37.6800
 2.276   37.3200
 2.277   36.8100
 2.278   36.4100
 2.279   36.2200
 2.280   35.8700
 2.281   35.3800
 2.282   34.8000
 2.283   34.6300
 2.284   34.3900
 2.285   34.2700
 2.286   34.0400
 2.287   33.6600
 2.288   33.3700
 2.289   33.2400
 2.290   32.8600
 2.291   32.5300
 2.292   32.3900
 2.293   32.3100
 2.294   32.2900
 2.295   32.0600
 2.296   31.5600
 2.297   31.5300
 2.298   31.5300
 2.299   31.6500
 2.300   31.7600
 2.301   31.6700
 2.302   31.1400
 2.303   31.0500
 2.304   31.2400
 2.305   31.1900
 2.306   30.7200
 2.307   30.2100
 2.308   30.1300
 2.309   29.9900
 2.310   29.7800
 2.311   29.7300
 2.312   29.6500
 2.313   29.7100
 2.314   29.6400
 2.315   29.7300
 2.316   29.7100
 2.317   29.5600
 2.318   29.2600
 2.319   28.8400
 2.320   28.8500
 2.321   28.7000
 2.322   28.1400
 2.323   28.0200
 2.324   27.9300
 2.326   27.6200
 2.327   27.3400
 2.328   27.0500
 2.329   26.6900
 2.330   26.7000
 2.331   26.7700
 2.332   26.7200
 2.333   26.3500
 2.334   26.0900
 2.335   26.0300
 2.336   25.6500
 2.337   25.3500
 2.338   25.5600
 2.339   25.6800
 2.340   25.6800
 2.341   25.8900
 2.342   26.1500
 2.343   25.9000
 2.344   26.1300
 2.346   26.4800
 2.347   26.7400
 2.348   26.8100
 2.349   27.0200
 2.350   27.3400
 2.351   27.7700
 2.352   28.3100
 2.353   29.0300
 2.354   29.5000
 2.355   29.9000
 2.356   30.5300
 2.357   31.3500
 2.358   31.7800
 2.359   32.4800
 2.360   33.1700
 2.362   33.7700
 2.363   34.5300
 2.364   35.2800
 2.365   35.9400
 2.366   36.6600
 2.367   37.0500
 2.368   37.5200
 2.369   37.9400
 2.370   38.2000
 2.371   38.4400
 2.372   38.9800
 2.373   39.3900
 2.375   39.9300
 2.376   40.5100
 2.377   40.9900
 2.378   41.2500
 2.379   41.5200
 2.380   41.5600
 2.381   41.7900
 2.382   42.0200
 2.383   42.3900
 2.384   42.5000
 2.385   42.4700
 2.387   42.5000
 2.388   42.7500
 2.389   42.9700
 2.390   43.0300
 2.391   42.8300
 2.392   42.7100
 2.393   42.5400
 2.394   42.5100
 2.395   42.4600
 2.396   42.3600
 2.398   42.2700
 2.399   41.9600
 2.400   41.7400
 2.401   41.8100
 2.402   42.0600
 2.403   41.9400
 2.404   41.7900
 2.405   41.9800
 2.406   41.9100
 2.408   41.9900
 2.409   41.9100
 2.410   41.6900
 2.411   41.8300
 2.412   41.8100
 2.413   41.6500
 2.414   41.5300
 2.415   41.1900
 2.417   41.0700
 2.418   40.7800
 2.419   40.4200
 2.420   40.0200
 2.421   39.7100
 2.422   39.4800
 2.423   39.3500
 2.424   38.8200
 2.426   38.5700
 2.427   38.5000
 2.428   38.3000
 2.429   37.8600
 2.430   37.5000
 2.431   37.2600
 2.432   37.2400
 2.434   37.0000
 2.435   36.6400
 2.436   36.2400
 2.437   36.0200
 2.438   35.7100
 2.439   35.3400
 2.440   35.0400
 2.442   34.9300
 2.443   34.6200
 2.444   34.2200
 2.445   33.7100
 2.446   33.4400
 2.447   33.4100
 2.449   33.5400
 2.450   33.1100
 2.451   32.6800
 2.452   32.3600
 2.453   31.9800
 2.454   31.5400
 2.455   31.2600
 2.457   31.0100
 2.458   30.6500
 2.459   30.1600
 2.460   29.6500
 2.461   29.2700
 2.462   29.0600
 2.464   28.7700
 2.465   28.4200
 2.466   28.1300
 2.467   27.7500
 2.468   27.3500
 2.469   26.9300
 2.471   26.6000
 2.472   26.4000
 2.473   25.9400
 2.474   25.6600
 2.475   25.3300
 2.477   25.1000
 2.478   24.7600
 2.479   24.3200
 2.480   24.2100
 2.481   24.2000
 2.482   23.9800
 2.484   23.8700
 2.485   23.6900
 2.486   23.5600
 2.487   23.3600
 2.488   23.2000
 2.490   23.1700
 2.491   23.1100
 2.492   22.8800
 2.493   22.8900
 2.494   22.8900
 2.496   22.7000
 2.497   22.6100
 2.498   22.3200
 2.499   22.0200
 2.500   22.2600
 2.502   22.3100
 2.503   22.2800
 2.504   22.1800
 2.505   21.9900
 2.506   22.0800
 2.508   22.1300
 2.509   21.7400
 2.510   21.7500
 2.511   21.7000
 2.513   21.6200
 2.514   21.5000
 2.515   21.5600
 2.516   21.3400
 2.517   21.1400
 2.519   21.0200
 2.520   20.7200
 2.521   20.4100
 2.522   20.0900
 2.524   19.7800
 2.525   19.5400
 2.526   19.1800
 2.527   18.9800
 2.528   18.8700
 2.530   18.8100
 2.531   18.7600
 2.532   18.5900
 2.533   18.4300
 2.535   18.5800
 2.536   18.5300
 2.537   18.5300
 2.538   18.5700
 2.540   18.7100
 2.541   18.9300
 2.542   19.2700
 2.543   19.4200
 2.545   19.7600
 2.546   20.1100
 2.547   20.6900
 2.548   21.2200
 2.550   21.8500
 2.551   22.4500
 2.552   22.9500
 2.553   23.3700
 2.555   24.0900
 2.556   24.7700
 2.557   25.3700
 2.558   25.8100
 2.560   26.2700
 2.561   27.0800
 2.562   27.7900
 2.563   28.2500
 2.565   28.8800
 2.566   29.2300
 2.567   29.4000
 2.569   29.9000
 2.570   30.4900
 2.571   30.7800
 2.572   31.1100
 2.574   31.4900
 2.575   31.7200
 2.576   31.6600
 2.577   31.9700
 2.579   32.3500
 2.580   32.4500
 2.581   32.6900
 2.583   33.0200
 2.584   33.1200
 2.585   33.3300
 2.586   33.6800
 2.588   33.9500
 2.589   34.2400
 2.590   34.5900
 2.592   34.6000
 2.593   34.8400
 2.594   35.2000
 2.596   35.4800
 2.597   35.6200
 2.598   35.8400
 2.599   36.0500
 2.601   36.1300
 2.602   36.1300
 2.603   36.2500
 2.605   36.3700
 2.606   36.5500
 2.607   36.5700
 2.609   36.6800
 2.610   36.6400
 2.611   36.5300
 2.613   36.5400
 2.614   36.7200
 2.615   36.7200
 2.616   36.6300
 2.618   36.3300
 2.619   36.4400
 2.620   36.6200
 2.622   36.5600
 2.623   36.4100
 2.624   36.3100
 2.626   36.2800
 2.627   36.4700
 2.628   36.5700
 2.630   36.4600
 2.631   36.4000
 2.632   36.4500
 2.634   36.2300
 2.635   36.0100
 2.636   36.0100
 2.638   36.0300
 2.639   35.7700
 2.640   35.6900
 2.642   35.5900
 2.643   35.4700
 2.645   35.3600
 2.646   35.3400
 2.647   35.0100
 2.649   34.8100
 2.650   34.7900
 2.651   34.7100
 2.653   34.4800
 2.654   34.4200
 2.655   34.2100
 2.657   33.9900
 2.658   33.8400
 2.659   33.5900
 2.661   33.3900
 2.662   33.3000
 2.664   33.2000
 2.665   33.0400
 2.666   32.5500
 2.668   32.2700
 2.669   31.8800
 2.670   31.7100
 2.672   31.7000
 2.673   31.4600
 2.675   31.0300
 2.676   30.7300
 2.677   30.4400
 2.679   30.2700
 2.680   30.1400
 2.681   29.6200
 2.683   29.0100
 2.684   28.4800
 2.686   27.9300
 2.687   27.5200
 2.688   26.9500
 2.690   26.3700
 2.691   25.9800
 2.693   25.6900
 2.694   25.1500
 2.695   24.6400
 2.697   24.0300
 2.698   23.6300
 2.700   23.2200
 2.701   22.7400
 2.702   22.3000
 2.704   21.9100
 2.705   21.5000
 2.707   21.0200
 2.708   20.5300
 2.709   20.3300
 2.711   19.9000
 2.712   19.3800
 2.714   18.7800
 2.715   18.2500
 2.717   17.7500
 2.718   16.8800
 2.719   16.0200
 2.721   15.8900
 2.722   16.0300
 2.724   16.2800
 2.725   16.2700
 2.727   16.0400
 2.728   15.8100
 2.729   15.5900
 2.731   15.1600
 2.732   15.0800
 2.734   15.0000
 2.735   14.8400
 2.737   14.5400
 2.738   14.2700
 2.740   13.9700
 2.741   13.9100
 2.742   13.8500
 2.744   13.8100
 2.745   13.6800
 2.747   13.5200
 2.748   13.3200
 2.750   13.1700
 2.751   13.2400
 2.753   13.2300
 2.754   12.9400
 2.756   12.8000
 2.757   12.5900
 2.758   12.3800
 2.760   12.3000
 2.761   12.1800
 2.763   12.0400
 2.764   12.0800
 2.766   12.0900
 2.767   11.9900
 2.769   11.7700
 2.770   11.5700
 2.772   11.4000
 2.773   11.5100
 2.775   11.4100
 2.776   11.3000
 2.778   11.1900
 2.779   11.1400
 2.781   11.1100
 2.782   10.9700
 2.784   10.7300
 2.785   10.5200
 2.787   10.4500
 2.788   10.6500
 2.790   10.5300
 2.791   10.4100
 2.793   10.4200
 2.794   10.5500
 2.796   10.6300
 2.797   10.5500
 2.799   10.4900
 2.800   10.5700
 2.802   10.5300
 2.803   10.5200
 2.805   10.4000
 2.806   10.3600
 2.808   10.2500
 2.809   10.2200
 2.811   10.2100
 2.812   10.1200
 2.814    9.9600
 2.815   10.0000
 2.817   10.0500
 2.818   10.0700
 2.820    9.9200
 2.821    9.9100
 2.823    9.9400
 2.825    9.9300
 2.826    9.7500
 2.828    9.6100
 2.829    9.6900
 2.831    9.7800
 2.832    9.7600
 2.834    9.6500
 2.835    9.4700
 2.837    9.6200
 2.838    9.5800
 2.840    9.6100
 2.842    9.5900
 2.843    9.5500
 2.845    9.6100
 2.846    9.4600
 2.848    9.1700
 2.849    9.2200
 2.851    9.2900
 2.853    9.3100
 2.854    9.3300
 2.856    9.3400
 2.857    9.1900
 2.859    9.0700
 2.860    9.1100
 2.862    9.1500
 2.864    9.0700
 2.865    9.0200
 2.867    8.9500
 2.868    8.9700
 2.870    9.0000
 2.871    8.9300
 2.873    8.9000
 2.875    8.9100
 2.876    8.9300
 2.878    8.9900
 2.879    8.8600
 2.881    8.8400
 2.883    8.7200
 2.884    8.6600
 2.886    8.8200
 2.887    8.8400
 2.889    8.6200
 2.891    8.5500
 2.892    8.5500
 2.894    8.6100
 2.896    8.5700
 2.897    8.5400
 2.899    8.4200
 2.900    8.4500
 2.902    8.5000
 2.904    8.4700
 2.905    8.4300
 2.907    8.5200
 2.909    8.4600
 2.910    8.5100
 2.912    8.5400
 2.913    8.5200
 2.915    8.4700
 2.917    8.3900
 2.918    8.2800
 2.920    8.4400
 2.922    8.4700
 2.923    8.3800
 2.925    8.3200
 2.927    8.3800
 2.928    8.3400
 2.930    8.4400
 2.932    8.4600
 2.933    8.4000
 2.935    8.2900
 2.937    8.3500
 2.938    8.3700
 2.940    8.2400
 2.942    8.2200
 2.943    8.3300
 2.945    8.3200
 2.947    8.2900
 2.948    8.1900
 2.950    8.2000
 2.952    8.2700
 2.953    8.4300
 2.955    8.3700
 2.957    8.2500
 2.958    8.1400
 2.960    8.1800
 2.962    8.2600
 2.963    8.3300
 2.965    8.3100
 2.967    8.3200
 2.968    8.3400
 2.970    8.3100
 2.972    8.2000
 2.974    8.3000
 2.975    8.3700
 2.977    8.4300
 2.979    8.3800
 2.980    8.3100
 2.982    8.3600
 2.984    8.4400
 2.986    8.4300
 2.987    8.3500
 2.989    8.2600
 2.991    8.3500
 2.992    8.4000
 2.994    8.3800
 2.996    8.3600
 2.998    8.3700
 2.999    8.3100
 3.001    8.4100
 3.003    8.4800
 3.005    8.4900
 3.006    8.4500
 3.008    8.4500
 3.010    8.4100
 3.012    8.4900
 3.013    8.4900
 3.015    8.4300
 3.017    8.3100
 3.019    8.4000
 3.020    8.4900
 3.022    8.4100
 3.024    8.3700
 3.026    8.5600
 3.027    8.5200
 3.029    8.4500
 3.031    8.4400
 3.033    8.5500
 3.034    8.5700
 3.036    8.5500
 3.038    8.5000
 3.040    8.4800
 3.042    8.4600
 3.043    8.5600
 3.045    8.5100
 3.047    8.4400
 3.049    8.3900
 3.051    8.4500
 3.052    8.5700
 3.054    8.6900
 3.056    8.6400
 3.058    8.5500
 3.060    8.5300
 3.061    8.6000
 3.063    8.5900
 3.065    8.5600
 3.067    8.5400
 3.069    8.7000
 3.070    8.6500
 3.072    8.5700
 3.074    8.7100
 3.076    8.7200
 3.078    8.6200
 3.079    8.6500
 3.081    8.7000
 3.083    8.7100
 3.085    8.6400
 3.087    8.6800
 3.089    8.7400
 3.091    8.7400
 3.092    8.6200
 3.094    8.5800
 3.096    8.6900
 3.098    8.7600
 3.100    8.6600
 3.102    8.6400
 3.103    8.7300
 3.105    8.7900
 3.107    8.7800
 3.109    8.8400
 3.111    8.8100
 3.113    8.8600
 3.115    8.8700
 3.116    8.9100
 3.118    8.9600
 3.120    8.9600
 3.122    8.9400
 3.124    9.0900
 3.126    9.1400
 3.128    9.1900
 3.130    9.1600
 3.132    9.1100
 3.133    9.1400
 3.135    9.2500
 3.137    9.2600
 3.139    9.2800
 3.141    9.2000
 3.143    9.2800
 3.145    9.3400
 3.147    9.3500
 3.149    9.2800
 3.151    9.3400
 3.152    9.3800
 3.154    9.4600
 3.156    9.5200
 3.158    9.5800
 3.160    9.5800
 3.162    9.6400
 3.164    9.6500
 3.166    9.7100
 3.168    9.8100
 3.170    9.9000
 3.172    9.8900
 3.174    9.8800
 3.176    9.9100
 3.178   10.0000
 3.180   10.0400
 3.182   10.1200
 3.183   10.1400
 3.185   10.2100
 3.187   10.1500
 3.189   10.1300
 3.191   10.1500
 3.193   10.1900
 3.195   10.2200
 3.197   10.2600
 3.199   10.3600
 3.201   10.4300
 3.203   10.4200
 3.205   10.4700
 3.207   10.4200
 3.209   10.4100
 3.211   10.3900
 3.213   10.3800
 3.215   10.3900
 3.217   10.4800
 3.219   10.5300
 3.221   10.5600
 3.223   10.6100
 3.225   10.6600
 3.227   10.5900
 3.229   10.5400
 3.231   10.5200
 3.233   10.5700
 3.235   10.6000
 3.237   10.6300
 3.239   10.6700
 3.241   10.6900
 3.243   10.6100
 3.245   10.6100
 3.247   10.5700
 3.249   10.6000
 3.251   10.6100
 3.253   10.6100
 3.255   10.6700
 3.257   10.6800
 3.259   10.6300
 3.262   10.5900
 3.264   10.5900
 3.266   10.6500
 3.268   10.6100
 3.270   10.5600
 3.272   10.5200
 3.274   10.6000
 3.276   10.6100
 3.278   10.5500
 3.280   10.5000
 3.282   10.4600
 3.284   10.4000
 3.286   10.4000
 3.288   10.3500
 3.291   10.3500
 3.293   10.2900
 3.295   10.2100
 3.297   10.1700
 3.299   10.1500
 3.301   10.0800
 3.303   10.1300
 3.305   10.0800
 3.307    9.9300
 3.309    9.7900
 3.312    9.7300
 3.314    9.6100
 3.316    9.5500
 3.318    9.4500
 3.320    9.3300
 3.322    9.1900
 3.324    9.0400
 3.326    8.8800
 3.329    8.7000
 3.331    8.4900
 3.333    8.3400
 3.335    8.0400
 3.337    7.6900
 3.339    7.3900
 3.341    7.1200
 3.344    6.8600
 3.346    6.7200
 3.348    6.6200
 3.350    6.5500
 3.352    6.5500
 3.354    6.6400
 3.357    6.7000
 3.359    6.7400
 3.361    6.7300
 3.363    6.7400
 3.365    6.7800
 3.367    6.8400
 3.370    6.8400
 3.372    6.8300
 3.374    6.8100
 3.376    6.7400
 3.378    6.6700
 3.381    6.7600
 3.383    6.7500
 3.385    6.6900
 3.387    6.7700
 3.389    6.8100
 3.392    6.6200
 3.394    6.5800
 3.396    6.6500
 3.398    6.6700
 3.401    6.6600
 3.403    6.7100
 3.405    6.6200
 3.407    6.5900
 3.409    6.5400
 3.412    6.5000
 3.414    6.5000
 3.416    6.4700
 3.418    6.5200
 3.421    6.6600
 3.423    6.6700
 3.425    6.6000
 3.428    6.4900
 3.430    6.5100
 3.432    6.5700
 3.434    6.6100
 3.437    6.6800
 3.439    6.7700
 3.441    6.7500
 3.443    6.7600
 3.446    6.7200
 3.448    6.7200
 3.450    6.7100
 3.453    6.7400
 3.455    6.6800
 3.457    6.5700
 3.460    6.4600
 3.462    6.4100
 3.464    6.3100
 3.466    6.1600
 3.469    6.0100
 3.471    5.9800
 3.473    5.9200
 3.476    5.9100
 3.478    5.9200
 3.480    6.0000
 3.483    6.0300
 3.485    6.0400
 3.487    6.0800
 3.490    6.1800
 3.492    6.1900
 3.494    6.3400
 3.497    6.4200
 3.499    6.4100
 3.502    6.4500
 3.504    6.5200
 3.506    6.5800
 3.509    6.6200
 3.511    6.7700
 3.513    7.0600
 3.516    7.2400
 3.518    7.4200
 3.521    7.6000
 3.523    7.8000
 3.525    7.9600
 3.528    8.2700
 3.530    8.5800
 3.533    8.7700
 3.535    8.9100
 3.537    9.1200
 3.540    9.2700
 3.542    9.3700
 3.545    9.4400
 3.547    9.5800
 3.550    9.7900
 3.552   10.0400
 3.554   10.1000
 3.557   10.1100
 3.559   10.1900
 3.562   10.3000
 3.564   10.3100
 3.567   10.3100
 3.569   10.2800
 3.571   10.3100
 3.574   10.4500
 3.576   10.7000
 3.579   11.0100
 3.581   11.2300
 3.584   11.3300
 3.586   11.5100
 3.589   11.7100
 3.591   11.9500
 3.594   12.0800
 3.596   12.2200
 3.599   12.3200
 3.601   12.3800
 3.604   12.4600
 3.606   12.6400
 3.609   12.8300
 3.611   12.9500
 3.614   12.9300
 3.616   12.9500
 3.619   13.0400
 3.621   13.1600
 3.624   13.2100
 3.626   13.3100
 3.629   13.3900
 3.632   13.3900
 3.634   13.4800
 3.637   13.6400
 3.639   13.6900
 3.642   13.6800
 3.644   13.6300
 3.647   13.6600
 3.649   13.7400
 3.652   13.8100
 3.655   13.8500
 3.657   13.9000
 3.660   13.9200
 3.662   13.9100
 3.665   13.8800
 3.667   13.9000
 3.670   13.9200
 3.673   13.9600
 3.675   13.9800
 3.678   14.0100
 3.680   14.0000
 3.683   14.0000
 3.686   13.9300
 3.688   13.9000
 3.691   13.9200
 3.694   13.9300
 3.696   13.9000
 3.699   13.8600
 3.701   13.7700
 3.704   13.7500
 3.707   13.7000
 3.709   13.6600
 3.712   13.5900
 3.715   13.5400
 3.717   13.5300
 3.720   13.4800
 3.723   13.3500
 3.725   13.2600
 3.728   13.1900
 3.731   13.1400
 3.733   13.0200
 3.736   12.8600
 3.739   12.7500
 3.742   12.6200
 3.744   12.4500
 3.747   12.4100
 3.750   12.4100
 3.752   12.2800
 3.755   12.1500
 3.758   12.0600
 3.761   11.9700
 3.763   11.8600
 3.766   11.7200
 3.769   11.5500
 3.771   11.3500
 3.774   11.2200
 3.777   11.0400
 3.780   10.8000
 3.782   10.5500
 3.785   10.3000
 3.788    9.9900
 3.791    9.6500
 3.794    9.3300
 3.796    9.0200
 3.799    8.7000
 3.802    8.4900
 3.805    8.3200
 3.807    8.1200
 3.810    7.9700
 3.813    7.8900
 3.816    7.7400
 3.819    7.6200
 3.822    7.4900
 3.824    7.4100
 3.827    7.2800
 3.830    7.1700
 3.833    7.0300
 3.836    6.9900
 3.838    6.9700
 3.841    6.9700
 3.844    6.9200
 3.847    6.8900
 3.850    6.8100
 3.853    6.7500
 3.856    6.7700
 3.858    6.7700
 3.861    6.6800
 3.864    6.6900
 3.867    6.6800
 3.870    6.6500
 3.873    6.6700
 3.876    6.7000
 3.879    6.6900
 3.882    6.6600
 3.884    6.6200
 3.887    6.6000
 3.890    6.5800
 3.893    6.5500
 3.896    6.5300
 3.899    6.5600
 3.902    6.5700
 3.905    6.5300
 3.908    6.4600
 3.911    6.4600
 3.914    6.4600
 3.917    6.4300
 3.920    6.3300
 3.923    6.2500
 3.926    6.2100
 3.929    6.1800
 3.932    6.1700
 3.935    6.1300
 3.938    5.9400
 3.941    5.7500
 3.944    5.6400
 3.947    5.5400
 3.950    5.3800
 3.953    5.2600
 3.956    5.2200
 3.959    5.1700
 3.962    5.0700
 3.965    5.0200
 3.968    5.0000
 3.971    4.9800
 3.974    5.0100
 3.977    4.9800
 3.980    4.9700
 3.983    5.0800
 3.986    5.1700
 3.989    5.2900
 3.992    5.4200
 3.995    5.5700
 3.998    5.7400
 4.001    5.9100
 4.004    6.1100
 4.008    6.3500
 4.011    6.5100
 4.014    6.6300
 4.017    6.6800
 4.020    6.8000
 4.023    6.9600
 4.026    7.0800
 4.029    7.2400
 4.032    7.4700
 4.036    7.6800
 4.039    7.8400
 4.042    8.0200
 4.045    8.1700
 4.048    8.2700
 4.051    8.4400
 4.055    8.5700
 4.058    8.6600
 4.061    8.8200
 4.064    8.9600
 4.067    9.0200
 4.070    9.0900
 4.074    9.2100
 4.077    9.3200
 4.080    9.3900
 4.083    9.5200
 4.087    9.6400
 4.090    9.7100
 4.093    9.7200
 4.096    9.8400
 4.099    9.9600
 4.103   10.0300
 4.106   10.0900
 4.109   10.1400
 4.112   10.2400
 4.116   10.3700
 4.119   10.4300
 4.122   10.5200
 4.126   10.6500
 4.129   10.7400
 4.132   10.7800
 4.135   10.8400
 4.139   10.9300
 4.142   11.0600
 4.145   11.1800
 4.149   11.2700
 4.152   11.3600
 4.155   11.4200
 4.159   11.4600
 4.162   11.5500
 4.165   11.6000
 4.169   11.6200
 4.172   11.6200
 4.175   11.6700
 4.179   11.7300
 4.182   11.7700
 4.185   11.8000
 4.189   11.8600
 4.192   11.9100
 4.196   11.9600
 4.199   11.9800
 4.202   12.0300
 4.206   12.0500
 4.209   12.1400
 4.213   12.1600
 4.216   12.0900
 4.219   12.1000
 4.223   12.1500
 4.226   12.1700
 4.230   12.1600
 4.233   12.1800
 4.237   12.2500
 4.240   12.2100
 4.244   12.2100
 4.247   12.2600
 4.251   12.2200
 4.254   12.1400
 4.258   12.1400
 4.261   12.0900
 4.265   12.0700
 4.268   12.0900
 4.272   12.1400
 4.275   12.1700
 4.279   12.1500
 4.282   12.1900
 4.286   12.2700
 4.289   12.2300
 4.293   12.1600
 4.296   12.1100
 4.300   12.0900
 4.304   12.0300
 4.307   12.0000
 4.311   12.0100
 4.314   11.9900
 4.318   11.9600
 4.321   11.9400
 4.325   11.9200
 4.329   11.8900
 4.332   11.8700
 4.336   11.8800
 4.340   11.8600
 4.343   11.8500
 4.347   11.9000
 4.350   12.0000
 4.354   12.0600
 4.358   12.1200
 4.361   12.2300
 4.365   12.3300
 4.369   12.3700
 4.372   12.3800
 4.376   12.3700
 4.380   12.3700
 4.384   12.3300
 4.387   12.2300
 4.391   12.2200
 4.395   12.2200
 4.398   12.1900
 4.402   12.1400
 4.406   12.0400
 4.410   11.9500
 4.413   11.9400
 4.417   11.9000
 4.421   11.7500
 4.425   11.6300
 4.428   11.5600
 4.432   11.4800
 4.436   11.3800
 4.440   11.2800
 4.444   11.1000
 4.447   10.9300
 4.451   10.8900
 4.455   10.8100
 4.459   10.7000
 4.463   10.6400
 4.467   10.5800
 4.470   10.4700
 4.474   10.3200
 4.478   10.2000
 4.482   10.1600
 4.486   10.0900
 4.490    9.9400
 4.494    9.7700
 4.498    9.6700
 4.502    9.6600
 4.505    9.7000
 4.509    9.7200
 4.513    9.6700
 4.517    9.6200
 4.521    9.6100
 4.525    9.6500
 4.529    9.6300
 4.533    9.5700
 4.537    9.5200
 4.541    9.5300
 4.545    9.5400
 4.549    9.5500
 4.553    9.5100
 4.557    9.4500
 4.561    9.4100
 4.565    9.4100
 4.569    9.3900
 4.573    9.3700
 4.577    9.3300
 4.581    9.3000
 4.585    9.2800
 4.589    9.2200
 4.593    9.1100
 4.597    9.0700
 4.601    9.0600
 4.605    8.9700
 4.610    8.8700
 4.614    8.7700
 4.618    8.6300
 4.622    8.5100
 4.626    8.4000
 4.630    8.3000
 4.634    8.1400
 4.638    7.9800
 4.643    7.7700
 4.647    7.6100
 4.651    7.5300
 4.655    7.5100
 4.659    7.4800
 4.663    7.4100
 4.668    7.3700
 4.672    7.3600
 4.676    7.3800
 4.680    7.4300
 4.684    7.5100
 4.689    7.5700
 4.693    7.6100
 4.697    7.7600
 4.701    7.9200
 4.706    8.0300
 4.710    8.2500
 4.714    8.5100
 4.719    8.7000
 4.723    8.9100
 4.727    9.1000
 4.731    9.2000
 4.736    9.3100
 4.740    9.4600
 4.744    9.5300
 4.749    9.6200
 4.753    9.7500
 4.758    9.8000
 4.762    9.8600
 4.766    9.9700
 4.771    9.9500
 4.775    9.8900
 4.779    9.9200
 4.784    9.9800
 4.788    9.9900
 4.793    9.9400
 4.797    9.9000
 4.802    9.9100
 4.806    9.9500
 4.810    9.9300
 4.815    9.9000
 4.819    9.8700
 4.824    9.8500
 4.828    9.8200
 4.833    9.8600
 4.837    9.8800
 4.842    9.8400
 4.846    9.7800
 4.851    9.7300
 4.856    9.7200
 4.860    9.6900
 4.865    9.6700
 4.869    9.6900
 4.874    9.7200
 4.878    9.6600
 4.883    9.6400
 4.888    9.6700
 4.892    9.6400
 4.897    9.5700
 4.901    9.5500
 4.906    9.5500
 4.911    9.5300
 4.915    9.5300
 4.920    9.5300
 4.925    9.4800
 4.929    9.4400
 4.934    9.4600
 4.939    9.4600
 4.943    9.4400
 4.948    9.3900
 4.953    9.3400
 4.958    9.3500
 4.962    9.3600
 4.967    9.3300
 4.972    9.3200
 4.977    9.3500
 4.981    9.3700
 4.986    9.3600
 4.991    9.3400
 4.996    9.3100
 5.001    9.2900
 5.005    9.3000
 5.010    9.3100
 5.015    9.2800
 5.020    9.2900
 5.025    9.3200
 5.030    9.3600
 5.035    9.3400
 5.040    9.3000
 5.044    9.2900
 5.049    9.2700
 5.054    9.2400
 5.059    9.2100
 5.064    9.1500
 5.069    9.0500
 5.074    8.8800
 5.079    8.6200
 5.084    8.2100
 5.089    7.6900
 5.094    7.3700
 5.099    7.5000
 5.104    7.8500
 5.109    8.2000
 5.114    8.4400
 5.119    8.5700
 5.124    8.6300
 5.129    8.6200
 5.134    8.6000
 5.139    8.5600
 5.145    8.5400
 5.150    8.5000
 5.155    8.4400
 5.160    8.4000
 5.165    8.3700
 5.170    8.3600
 5.175    8.3000
 5.180    8.2100
 5.186    8.1500
 5.191    8.0800
 5.196    8.0300
 5.201    7.9800
 5.206    7.9500
 5.212    7.9300
 5.217    7.8900
 5.222    7.8100
 5.227    7.7200
 5.233    7.6700
 5.238    7.6500
 5.243    7.6000
 5.249    7.5200
 5.254    7.4500
 5.259    7.3800
 5.265    7.3300
 5.270    7.2800
 5.275    7.2100
 5.281    7.1400
 5.286    7.1100
 5.291    7.0500
 5.297    6.9700
 5.302    6.8700
 5.308    6.7700
 5.313    6.7000
 5.319    6.6400
 5.324    6.5200
 5.330    6.4300
 5.335    6.3800
 5.341    6.3100
 5.346    6.2200
 5.352    6.1400
 5.357    6.0800
 5.363    5.9900
 5.368    5.9200
 5.374    5.8700
 5.379    5.8100
 5.385    5.7300
 5.390    5.6300
 5.396    5.5100
 5.402    5.4400
 5.407    5.3700
 5.413    5.3100
 5.419    5.2300
 5.424    5.1300
 5.430    5.0700
 5.436    5.0000
 5.441    4.9100
 5.447    4.8300
 5.453    4.7600
 5.459    4.6400
 5.464    4.4900
 5.470    4.4100
 5.476    4.3300
 5.482    4.2700
 5.487    4.2100
 5.493    4.1000
 5.499    4.0100
 5.505    3.9000
 5.511    3.7800
 5.517    3.6500
 5.523    3.4500
 5.528    3.2400
 5.534    3.0300
 5.540    2.7700
 5.546    2.5800
 5.552    2.5200
 5.558    2.5500
 5.564    2.6200
 5.570    2.7100
 5.576    2.8900
 5.582    3.0800
 5.588    3.2200
 5.594    3.4000
 5.600    3.5000
 5.606    3.5800
 5.612    3.6100
 5.618    3.6400
 5.624    3.6400
 5.630    3.6200
 5.637    3.6200
 5.643    3.6300
 5.649    3.5800
 5.655    3.4900
 5.661    3.4500
 5.667    3.4000
 5.674    3.3000
 5.680    3.2700
 5.686    3.2600
 5.692    3.1900
 5.698    3.1700
 5.705    3.1500
 5.711    3.0900
 5.717    3.0000
 5.724    2.9700
 5.730    2.9500
 5.736    2.9200
 5.743    2.8800
 5.749    2.8400
 5.755    2.8400
 5.762    2.8400
 5.768    2.8300
 5.775    2.8000
 5.781    2.7900
 5.788    2.7800
 5.794    2.7900
 5.800    2.8100
 5.807    2.7900
 5.813    2.7300
 5.820    2.7400
 5.827    2.7500
 5.833    2.7300
 5.840    2.7300
 5.846    2.6900
 5.853    2.6300
 5.859    2.6300
 5.866    2.6400
 5.873    2.6300
 5.879    2.6000
 5.886    2.5600
 5.893    2.5300
 5.899    2.4900
 5.906    2.4500
 5.913    2.4600
 5.920    2.4000
 5.926    2.3400
 5.933    2.3000
 5.940    2.2300
 5.947    2.2500
 5.954    2.2700
 5.960    2.2200
 5.967    2.1700
 5.974    2.1500
 5.981    2.1500
 5.988    2.1400
 5.995    2.1100
 6.002    2.0600
 6.009    2.0400
 6.016    1.9900
 6.023    1.9900
 6.030    1.9900
 6.037    2.0100
 6.044    1.9800
 6.051    1.9200
 6.058    1.8800
 6.065    1.9000
 6.072    1.9300
 6.079    1.9500
 6.086    1.9500
 6.094    1.9300
 6.101    1.9400
 6.108    2.0100
 6.115    2.0500
 6.122    2.0300
 6.130    2.0100
 6.137    2.0500
 6.144    2.0800
 6.151    2.1200
 6.159    2.2000
 6.166    2.2500
 6.173    2.2400
 6.181    2.3100
 6.188    2.4000
 6.195    2.4700
 6.203    2.5900
 6.210    2.7200
 6.218    2.8300
 6.225    3.0200
 6.233    3.1900
 6.240    3.4300
 6.248    3.6600
 6.255    3.9500
 6.263    4.2000
 6.270    4.4000
 6.278    4.6400
 6.286    4.9000
 6.293    5.2100
 6.301    5.6400
 6.308    6.1400
 6.316    6.7400
 6.324    7.4500
 6.332    8.2800
 6.339    9.3500
 6.347   10.4900
 6.355   11.6100
 6.363   12.8400
 6.370   14.1100
 6.378   15.5200
 6.386   17.0900
 6.394   18.7400
 6.402   20.5900
 6.410   22.6500
 6.418   24.8700
 6.426   27.3800
 6.434   29.9500
 6.442   32.2100
 6.450   33.9100
 6.458   34.9100
 6.466   35.4600
 6.474   35.7100
 6.482   35.7700
 6.490   35.6900
 6.498   35.5000
 6.506   35.2800
 6.515   35.0400
 6.523   34.7400
 6.531   34.4200
 6.539   34.0900
 6.547   33.7300
 6.556   33.3300
 6.564   32.8400
 6.572   32.3100
 6.581   31.7700
 6.589   31.2200
 6.597   30.6600
 6.606   30.2100
 6.614   29.7800
 6.623   29.4100
 6.631   28.9700
 6.640   28.5100
 6.648   28.1600
 6.657   27.7900
 6.665   27.3500
 6.674   26.9600
 6.682   26.5200
 6.691   26.1000
 6.700   25.6300
 6.708   25.1100
 6.717   24.6400
 6.726   24.1900
 6.734   23.7000
 6.743   23.3400
 6.752   22.9800
 6.761   22.6200
 6.770   22.2400
 6.778   21.9800
 6.787   21.6900
 6.796   21.4000
 6.805   21.1400
 6.814   20.9300
 6.823   20.7100
 6.832   20.4200
 6.841   20.1400
 6.850   19.9900
 6.859   19.7900
 6.868   19.5500
 6.877   19.3200
 6.886   19.1000
 6.896   18.9200
 6.905   18.7300
 6.914   18.4900
 6.923   18.3300
 6.932   18.2300
 6.942   18.2100
 6.951   18.1700
 6.960   18.1100
 6.970   18.0400
 6.979   18.0100
 6.989   18.0500
 6.998   18.0500
 7.007   17.9900
 7.017   18.0100
 7.026   17.9900
 7.036   17.9900
 7.046   17.9400
 7.055   17.9400
 7.065   17.8200
 7.074   17.6100
 7.084   17.3100
 7.094   16.8200
 7.103   16.1000
 7.113   15.2700
 7.123   14.5800
 7.133   14.1700
 7.143   13.8900
 7.152   13.5800
 7.162   13.1400
 7.172   12.7500
 7.182   12.4100
 7.192   12.1000
 7.202   11.7300
 7.212   11.5000
 7.222   11.3200
 7.232   11.1100
 7.242   10.9100
 7.252   10.8200
 7.263   10.7500
 7.273   10.6500
 7.283   10.5600
 7.293   10.5500
 7.303   10.5200
 7.314   10.5600
 7.324   10.5400
 7.334   10.4900
 7.345   10.4100
 7.355   10.4200
 7.366   10.4200
 7.376   10.3700
 7.387   10.3200
 7.397   10.2700
 7.408   10.2100
 7.418   10.1800
 7.429   10.1400
 7.440   10.1300
 7.450   10.0800
 7.461   10.0800
 7.472   10.0300
 7.483    9.9800
 7.493    9.9100
 7.504    9.8800
 7.515    9.8200
 7.526    9.7400
 7.537    9.7300
 7.548    9.7100
 7.559    9.5700
 7.570    9.5100
 7.581    9.5000
 7.592    9.5400
 7.603    9.5700
 7.614    9.6400
 7.626    9.6100
 7.637    9.6500
 7.648    9.6900
 7.659    9.7600
 7.671    9.7500
 7.682    9.7700
 7.694    9.7800
 7.705    9.7900
 7.716    9.8000
 7.728    9.8400
 7.739    9.7900
 7.751    9.7700
 7.763    9.7000
 7.774    9.6500
 7.786    9.5800
 7.798    9.6000
 7.809    9.6300
 7.821    9.6100
 7.833    9.5300
 7.845    9.5400
 7.857    9.4800
 7.869    9.5000
 7.881    9.4500
 7.893    9.3700
 7.905    9.3200
 7.917    9.3600
 7.929    9.3200
 7.941    9.3500
 7.953    9.3800
 7.965    9.3700
 7.978    9.3000
 7.990    9.2300
 8.002    9.1000
 8.015    9.0500
 8.027    8.9800
 8.039    8.9600
 8.052    8.9500
 8.064    8.9800
 8.077    8.9700
 8.090    8.9600
 8.102    8.9100
 8.115    8.9300
 8.128    8.9200
 8.140    8.9500
 8.153    8.9400
 8.166    8.9600
 8.179    8.9100
 8.192    8.9300
 8.205    8.9100
 8.218    8.8800
 8.231    8.8500
 8.244    8.8600
 8.257    8.7800
 8.270    8.7200
 8.283    8.6400
 8.297    8.5600
 8.310    8.4700
 8.323    8.4600
 8.337    8.4200
 8.350    8.3500
 8.364    8.2200
 8.377    8.1200
 8.391    8.0300
 8.404    8.0400
 8.418    7.9700
 8.431    7.9600
 8.445    7.7600
 8.459    7.6800
 8.473    7.6600
 8.487    7.6900
 8.501    7.6900
 8.515    7.6600
 8.529    7.6100
 8.543    7.5900
 8.557    7.5400
 8.571    7.5100
 8.585    7.4700
 8.599    7.5300
 8.614    7.5500
 8.628    7.6400
 8.642    7.6800
 8.657    7.8300
 8.671    7.9000
 8.686    7.9800
 8.700    7.9700
 8.715    8.1000
 8.730    8.1500
 8.744    8.2300
 8.759    8.3200
 8.774    8.4000
 8.789    8.3300
 8.804    8.4200
 8.819    8.5500
 8.834    8.6500
 8.849    8.6100
 8.864    8.6500
 8.879    8.6600
 8.894    8.6900
 8.909    8.6100
 8.925    8.6300
 8.940    8.6900
 8.956    8.7900
 8.971    8.7000
 8.987    8.6800
 9.002    8.6500
 9.018    8.5900
 9.034    8.5600
 9.049    8.6000
 9.065    8.5400
 9.081    8.5800
 9.097    8.5700
 9.113    8.6000
 9.129    8.4900
 9.145    8.3700
 9.161    8.0900
 9.178    7.8500
 9.194    7.6200
 9.210    7.5900
 9.226    7.7900
 9.243    8.1900
 9.259    8.2300
 9.276    8.1700
 9.293    8.1000
 9.309    8.1900
 9.326    8.1700
 9.343    8.1800
 9.360    8.0600
 9.377    8.1400
 9.394    8.1900
 9.411    8.1900
 9.428    8.1400
 9.445    8.1800
 9.462    8.0800
 9.479    7.9600
 9.497    7.8700
 9.514    7.8200
 9.532    7.7500
 9.549    7.8200
 9.567    7.8100
 9.585    7.7900
 9.602    7.7300
 9.620    7.6500
 9.638    7.5100
 9.656    7.4900
 9.674    7.3500
 9.692    7.2800
 9.710    7.1200
 9.728    7.0800
 9.747    7.0300
 9.765    6.9700
 9.783    6.8600
 9.802    6.8900
 9.821    6.9000
 9.839    6.8700
 9.858    6.7300
 9.877    6.7300
 9.895    6.7200
 9.914    6.7700
 9.933    6.6500
 9.952    6.5800
 9.972    6.5600
 9.991    6.6500
10.010    6.6600
10.029    6.6500
10.049    6.7500
10.068    6.8700
10.088    6.8600
10.108    6.9100
10.127    6.9200
10.147    6.9700
10.167    6.9400
10.187    6.9500
10.207    6.9500
10.227    7.1100
10.247    7.2000
10.268    7.2700
10.288    7.3000
10.309    7.3700
10.329    7.3200
10.350    7.3500
10.370    7.2800
10.391    7.2600
10.412    7.2300
10.433    7.2900
10.454    7.2300
10.475    7.1300
10.496    7.0700
10.518    7.1400
10.539    7.0900
10.560    7.1200
10.582    7.1700
10.604    7.2000
10.625    7.1400
10.647    7.1400
10.669    7.0700
10.691    7.0800
10.713    7.1700
10.735    7.3800
10.758    7.4500
10.780    7.5700
10.802    7.7500
10.825    7.9500
10.848    7.9200
10.870    7.9800
10.893    8.0300
10.916    8.1400
10.939    8.1800
10.962    8.2100
10.985    8.2500
11.009    8.3800
11.032    8.3900
11.056    8.4500
11.079    8.5100
11.103    8.7200
11.127    8.8900
11.151    9.2300
11.175    9.8800
11.199   11.5100
11.223   14.4000
11.248   16.7700
11.272   16.6200
11.297   15.7900
11.321   15.2600
11.346   14.2900
11.371   12.5000
11.396   10.6800
11.421    9.4000
11.446    8.7100
11.471    8.1800
11.497    7.9600
11.522    7.8900
11.548    7.9300
11.574    7.8700
11.600    7.8200
11.626    7.6300
11.652    7.5400
11.678    7.3800
11.704    7.1400
11.731    6.7400
11.757    6.4100
11.784    6.5800
11.811    6.9800
11.838    7.0900
11.865    7.2000
11.892    7.2000
11.920    7.2300
11.947    7.1700
11.975    7.2100
12.002    7.0900
12.030    7.0600
12.058    6.9800
12.086    6.9600
12.115    6.9300
12.143    6.8700
12.171    6.7200
12.200    6.6600
12.229    6.5900
12.258    6.5300
12.287    6.3600
12.316    6.4400
12.345    6.4200
12.375    6.4000
12.404    6.3100
12.434    6.3600
12.464    6.3300
12.494    6.2900
12.524    6.1500
12.554    6.1600
12.585    6.0800
12.616    6.0200
12.646    5.9100
12.677    5.8700
12.708    5.7400
12.739    5.7500
12.771    5.6800
12.802    5.7600
12.834    5.7400
12.866    5.7500
12.898    5.6700
12.930    5.7200
12.962    5.6800
12.995    5.7000
13.027    5.6600
13.060    5.7300
13.093    5.7000
13.126    5.7500
13.160    5.6900
13.193    5.6400
13.227    5.5700
13.261    5.6600
13.295    5.6800
13.329    5.7100
13.363    5.5900
13.398    5.4900
13.432    5.3500
13.467    5.3000
13.502    5.2000
13.538    5.2200
13.573    4.9900
13.609    4.8100
13.644    4.6100
13.680    4.4900
13.717    4.1900
13.753    4.0000
13.790    3.7000
13.826    3.3700
13.863    2.8900
13.900    2.5800
13.938    2.5400
13.975    3.7300
14.013    4.7400
