Name: Pinnoite MgB2O4 * 3H2O
Type: Mineral
Class: Borate
Subclass: None
Particle Size: Unsieved coarse powder
Sample No.: NMNH 123943
Owner: Smithsonian Institute, National Museum of Nat. History
Wavelength range: 0.40 - 14.05 um
Origin: Smithsonian Institute, National Museum of Nat. History

Description: Pinnoite - synthetic





Measurement: Directional Hemispherical Reflectance
First Column: X
Second Column: Y
X Units: Wavelength (micrometers)
Y Units: Reflectance (percent)
First X Value: 14.05105
Last X Value: 0.40000
Number of X Values: 2756
Additional Information: None
 0.400   55.5247
 0.402   55.5435
 0.404   55.5648
 0.406   55.5448
 0.408   55.5343
 0.410   55.5536
 0.412   55.5296
 0.414   55.5476
 0.416   55.6028
 0.418   55.5796
 0.420   55.5986
 0.422   55.6037
 0.424   55.6119
 0.426   55.6289
 0.428   55.6371
 0.430   55.6599
 0.432   55.6912
 0.434   55.7067
 0.436   55.7336
 0.438   55.7425
 0.440   55.7325
 0.442   55.7432
 0.444   55.7753
 0.446   55.8028
 0.448   55.8546
 0.450   55.8723
 0.452   55.8773
 0.454   55.9010
 0.456   55.9173
 0.458   55.9324
 0.460   55.9302
 0.462   55.9495
 0.464   55.9338
 0.466   55.9587
 0.468   55.9836
 0.470   55.9968
 0.472   56.0126
 0.474   56.0039
 0.476   56.0415
 0.478   56.0521
 0.480   56.0531
 0.482   56.0753
 0.484   56.1084
 0.486   56.1476
 0.488   56.1688
 0.490   56.1971
 0.492   56.2131
 0.494   56.2384
 0.496   56.2484
 0.498   56.2843
 0.500   56.2868
 0.502   56.2854
 0.504   56.2990
 0.506   56.3068
 0.508   56.3166
 0.510   56.3112
 0.512   56.3088
 0.514   56.3191
 0.516   56.3274
 0.518   56.3351
 0.520   56.3209
 0.522   56.3468
 0.524   56.3473
 0.526   56.3589
 0.528   56.3516
 0.530   56.3665
 0.532   56.3891
 0.534   56.3767
 0.536   56.3750
 0.538   56.3887
 0.540   56.3945
 0.542   56.3891
 0.544   56.3994
 0.546   56.4059
 0.548   56.4133
 0.550   56.4166
 0.552   56.4078
 0.554   56.3970
 0.556   56.4158
 0.558   56.4081
 0.560   56.4164
 0.562   56.4182
 0.564   56.4015
 0.566   56.4010
 0.568   56.4079
 0.570   56.4138
 0.572   56.4020
 0.574   56.4023
 0.576   56.4032
 0.578   56.4017
 0.580   56.4161
 0.582   56.4076
 0.584   56.3961
 0.586   56.4072
 0.588   56.4046
 0.590   56.3960
 0.592   56.3970
 0.594   56.4077
 0.596   56.3890
 0.598   56.3753
 0.600   56.4094
 0.602   56.4108
 0.604   56.3962
 0.606   56.3847
 0.608   56.3925
 0.610   56.3589
 0.612   56.3742
 0.614   56.3379
 0.616   56.3486
 0.618   56.3160
 0.620   56.3047
 0.622   56.3209
 0.624   56.3059
 0.626   56.3098
 0.628   56.3094
 0.630   56.2999
 0.632   56.2834
 0.634   56.2845
 0.636   56.2702
 0.638   56.2548
 0.640   56.2582
 0.642   56.2454
 0.644   56.2176
 0.646   56.2199
 0.648   56.1994
 0.650   56.1974
 0.652   56.1719
 0.654   56.1876
 0.656   56.1727
 0.658   56.1380
 0.660   56.1414
 0.662   56.1272
 0.664   56.0910
 0.666   56.0883
 0.668   56.0725
 0.670   56.0774
 0.672   56.0761
 0.674   56.0461
 0.676   56.0336
 0.678   56.0128
 0.680   56.0048
 0.682   56.0036
 0.684   55.9672
 0.686   55.9567
 0.688   55.9133
 0.690   55.9311
 0.692   55.9298
 0.694   55.9020
 0.696   55.9016
 0.698   55.8646
 0.700   55.8436
 0.702   55.8487
 0.704   55.8397
 0.706   55.7994
 0.708   55.8148
 0.710   55.7984
 0.712   55.7990
 0.714   55.7822
 0.716   55.7791
 0.718   55.7535
 0.720   55.7489
 0.722   55.7349
 0.724   55.7467
 0.726   55.6888
 0.728   55.6893
 0.730   55.6716
 0.732   55.7098
 0.734   55.6734
 0.736   55.6542
 0.738   55.6203
 0.740   55.6273
 0.742   55.5953
 0.744   55.5744
 0.746   55.5677
 0.748   55.5919
 0.750   55.5358
 0.752   55.5417
 0.754   55.5079
 0.756   55.4791
 0.758   55.4894
 0.760   55.4374
 0.762   55.4680
 0.764   55.4686
 0.766   55.4822
 0.768   55.4745
 0.770   55.4975
 0.772   55.4638
 0.774   55.4466
 0.776   55.4748
 0.778   55.4936
 0.780   55.4737
 0.782   55.4676
 0.784   55.4518
 0.786   55.4395
 0.788   55.4699
 0.790   55.4756
 0.792   55.4376
 0.794   55.4315
 0.796   55.3995
 0.798   55.4149
 0.800   55.4314
 0.802   55.4022
 0.804   55.3862
 0.806   55.3821
 0.808   55.3866
 0.810   55.3334
 0.812   55.3104
 0.814   55.3308
 0.816   55.3681
 0.818   55.3641
 0.820   55.3042
 0.822   55.2962
 0.824   55.2569
 0.826   55.3126
 0.828   55.3069
 0.830   55.3144
 0.832   55.3139
 0.834   55.3072
 0.836   55.3043
 0.838   55.2448
 0.840   55.2746
 0.842   55.2630
 0.844   55.2669
 0.846   55.2876
 0.848   55.2890
 0.850   55.2772
 0.852   55.1885
 0.854   55.2304
 0.856   55.2533
 0.858   55.3775
 0.860   55.4137
 0.862   55.3037
 0.864   55.3295
 0.866   55.2473
 0.868   55.5251
 0.870   55.5274
 0.872   55.6538
 0.874   55.6918
 0.876   55.5527
 0.878   55.7426
 0.880   55.6416
 0.882   55.6413
 0.884   55.6068
 0.886   55.5886
 0.888   55.5242
 0.890   55.4098
 0.892   55.5183
 0.894   55.5023
 0.896   55.5747
 0.898   55.6240
 0.900   55.5405
 0.902   55.5066
 0.904   55.5662
 0.906   55.5436
 0.908   55.5500
 0.910   55.5527
 0.912   55.5670
 0.914   55.5773
 0.916   55.4624
 0.918   55.4860
 0.920   55.4577
 0.922   55.4464
 0.924   55.5269
 0.926   55.5112
 0.928   55.4361
 0.930   55.4437
 0.932   55.5203
 0.934   55.5736
 0.936   55.4934
 0.938   55.3671
 0.940   55.4113
 0.942   55.4374
 0.944   55.4604
 0.946   55.5026
 0.948   55.3581
 0.950   55.3383
 0.952   55.4301
 0.954   55.3153
 0.956   55.2602
 0.958   55.1862
 0.960   55.1915
 0.962   55.2348
 0.964   55.1069
 0.966   55.0074
 0.968   55.0073
 0.970   54.9544
 0.972   54.7802
 0.974   54.6707
 0.976   54.7189
 0.978   54.6532
 0.980   54.4472
 0.982   54.2129
 0.984   54.0275
 0.986   53.8811
 0.988   53.5481
 0.990   53.2218
 0.992   53.3236
 0.994   53.7686
 0.996   54.2112
 0.998   54.5120
 1.000   54.8206
 1.002   54.9768
 1.004   54.9649
 1.006   55.0586
 1.008   54.9505
 1.010   55.0655
 1.012   55.0768
 1.014   55.1442
 1.016   55.1595
 1.018   55.2368
 1.020   55.4176
 1.022   55.2674
 1.024   55.2238
 1.026   55.2733
 1.028   55.2824
 1.030   55.3452
 1.032   55.3432
 1.034   55.3186
 1.036   55.2734
 1.038   55.4141
 1.040   55.3710
 1.042   55.3608
 1.044   55.3538
 1.046   55.2909
 1.048   55.3300
 1.050   55.4177
 1.052   55.4134
 1.054   55.3951
 1.056   55.3731
 1.058   55.4615
 1.060   55.5524
 1.062   55.4694
 1.064   55.5000
 1.066   55.3510
 1.068   55.4045
 1.070   55.4779
 1.072   55.4780
 1.074   55.4667
 1.076   55.4965
 1.078   55.4016
 1.080   55.3940
 1.082   55.4864
 1.084   55.3949
 1.086   55.4688
 1.088   55.4806
 1.090   55.4545
 1.092   55.4129
 1.094   55.3622
 1.096   55.4509
 1.098   55.3521
 1.100   55.3505
 1.102   55.4379
 1.104   55.4376
 1.106   55.3483
 1.108   55.4773
 1.110   55.4662
 1.112   55.4179
 1.114   55.4955
 1.116   55.5105
 1.118   55.3834
 1.120   55.4485
 1.122   55.2981
 1.124   55.3609
 1.126   55.3354
 1.128   55.4464
 1.130   55.4038
 1.132   55.4032
 1.134   55.4505
 1.136   55.4060
 1.138   55.3477
 1.140   55.2064
 1.142   55.3589
 1.144   55.2556
 1.146   55.1881
 1.148   55.1484
 1.150   55.1115
 1.152   55.1314
 1.154   55.0703
 1.156   54.9619
 1.158   54.8630
 1.160   54.8689
 1.162   54.7915
 1.164   54.5660
 1.166   54.7343
 1.168   54.6337
 1.170   54.6057
 1.172   54.5807
 1.174   54.7193
 1.176   54.5952
 1.178   54.5257
 1.180   54.5967
 1.182   54.4713
 1.184   54.5460
 1.186   54.5229
 1.188   54.4009
 1.190   54.5222
 1.192   54.5270
 1.194   54.4613
 1.196   54.3453
 1.198   54.2885
 1.200   54.3332
 1.202   54.2824
 1.204   54.2071
 1.206   54.1971
 1.208   54.1272
 1.210   54.1842
 1.212   54.1565
 1.214   53.9520
 1.216   54.0170
 1.218   53.8440
 1.220   53.9283
 1.222   53.8745
 1.224   53.7012
 1.226   53.8818
 1.228   53.7627
 1.230   53.7059
 1.232   53.5435
 1.234   53.5229
 1.236   53.4463
 1.238   53.4239
 1.240   53.2962
 1.242   53.4542
 1.244   53.2496
 1.246   53.3225
 1.248   53.4748
 1.250   53.5692
 1.252   53.3906
 1.254   53.3558
 1.256   53.4438
 1.258   53.2835
 1.260   53.3105
 1.262   52.9938
 1.264   53.1441
 1.266   53.2071
 1.268   53.0092
 1.270   53.0581
 1.272   52.9334
 1.274   52.9883
 1.276   52.9278
 1.278   52.9367
 1.280   53.0583
 1.282   53.1403
 1.284   53.1709
 1.286   53.1350
 1.288   53.1586
 1.290   53.2349
 1.292   53.1893
 1.294   53.2462
 1.296   53.3025
 1.298   53.2429
 1.300   53.2470
 1.302   53.1633
 1.304   53.0376
 1.306   53.0720
 1.308   53.0046
 1.310   53.0299
 1.312   52.7954
 1.314   52.9830
 1.316   52.7933
 1.318   52.5916
 1.320   52.4761
 1.322   52.3520
 1.324   52.1356
 1.326   52.0371
 1.328   51.9974
 1.330   51.7602
 1.332   51.7694
 1.334   51.6325
 1.336   51.3627
 1.338   51.3997
 1.340   51.1063
 1.342   50.9204
 1.344   50.8748
 1.346   50.6615
 1.348   50.5169
 1.350   50.3741
 1.352   50.1627
 1.354   49.9785
 1.356   49.7379
 1.358   49.7950
 1.360   49.5700
 1.362   49.4699
 1.364   49.4693
 1.366   49.2613
 1.368   49.0624
 1.370   49.0484
 1.372   49.0329
 1.374   48.9615
 1.376   48.9526
 1.378   48.7813
 1.380   48.6525
 1.382   48.5080
 1.384   48.2240
 1.386   48.0168
 1.388   47.6385
 1.390   47.3117
 1.392   47.0167
 1.394   46.4489
 1.396   46.0042
 1.398   45.3090
 1.400   44.5337
 1.402   42.9997
 1.404   40.7870
 1.406   38.3757
 1.408   37.9880
 1.410   39.2903
 1.412   40.4753
 1.414   40.5537
 1.416   40.1446
 1.418   39.6149
 1.420   39.0491
 1.422   38.6151
 1.424   38.0375
 1.426   37.2755
 1.428   36.2323
 1.430   35.1238
 1.432   33.9641
 1.434   32.8590
 1.436   31.9760
 1.438   31.5881
 1.440   31.2779
 1.442   30.1272
 1.444   28.6201
 1.446   28.0215
 1.448   29.8004
 1.450   32.5887
 1.452   34.7376
 1.454   35.8383
 1.456   36.3756
 1.458   36.7024
 1.460   36.8223
 1.462   36.8428
 1.464   36.8277
 1.466   36.6343
 1.468   36.6554
 1.470   36.4710
 1.472   36.4234
 1.474   36.4170
 1.476   36.3655
 1.478   36.3334
 1.480   36.2196
 1.482   36.0381
 1.484   36.0221
 1.486   35.9759
 1.488   36.0186
 1.490   35.9624
 1.492   35.9141
 1.494   35.8563
 1.496   35.7571
 1.498   35.7180
 1.500   35.6175
 1.502   35.5740
 1.504   35.4018
 1.506   35.3397
 1.508   35.2122
 1.510   35.0404
 1.512   34.9181
 1.514   34.8445
 1.516   34.7503
 1.518   34.7493
 1.520   34.9759
 1.522   35.1158
 1.524   35.3318
 1.526   35.4458
 1.528   35.6692
 1.530   35.9037
 1.532   36.0940
 1.534   36.4032
 1.536   36.5230
 1.538   36.5204
 1.540   36.6250
 1.542   36.6380
 1.544   36.6061
 1.546   36.5263
 1.548   36.5063
 1.550   36.5288
 1.552   36.5008
 1.554   36.5436
 1.556   36.5838
 1.558   36.5245
 1.560   36.6561
 1.562   36.9699
 1.564   37.3930
 1.566   37.9497
 1.568   38.4393
 1.570   38.8840
 1.572   39.3392
 1.574   39.5503
 1.576   39.7346
 1.578   39.9247
 1.580   40.0889
 1.582   40.2219
 1.584   40.3228
 1.586   40.3512
 1.588   40.3246
 1.590   40.3403
 1.592   40.2984
 1.594   40.3892
 1.596   40.3535
 1.598   40.2270
 1.600   40.1322
 1.602   40.2033
 1.604   40.1810
 1.606   39.9558
 1.608   39.7893
 1.610   39.7311
 1.612   39.6713
 1.614   39.5675
 1.616   39.4406
 1.618   39.2112
 1.620   39.0508
 1.622   38.9847
 1.624   38.7594
 1.626   38.5340
 1.628   38.3978
 1.630   38.2112
 1.632   38.0878
 1.634   37.8861
 1.636   37.6635
 1.638   37.6229
 1.640   37.5143
 1.642   37.3388
 1.644   37.2618
 1.646   37.1868
 1.648   37.1112
 1.650   37.1167
 1.652   37.1947
 1.654   37.1877
 1.656   37.2455
 1.658   37.3445
 1.660   37.3629
 1.662   37.4440
 1.664   37.4857
 1.666   37.5268
 1.668   37.4306
 1.670   37.5309
 1.672   37.6325
 1.674   37.6733
 1.676   37.8525
 1.678   37.8142
 1.680   37.8560
 1.682   37.8045
 1.684   37.9469
 1.686   38.0002
 1.688   38.1215
 1.690   38.1221
 1.692   38.0621
 1.694   38.2646
 1.696   38.3094
 1.698   38.3627
 1.700   38.3510
 1.702   38.3369
 1.704   38.6316
 1.706   38.6966
 1.708   38.6410
 1.710   38.7586
 1.712   38.6766
 1.714   38.7601
 1.716   38.6470
 1.718   38.7939
 1.720   38.8914
 1.722   38.8931
 1.724   38.9144
 1.726   39.2002
 1.728   39.1812
 1.730   39.2508
 1.732   38.9608
 1.734   38.8902
 1.736   38.7959
 1.738   38.7700
 1.740   38.6642
 1.742   38.4037
 1.744   38.3691
 1.746   38.3010
 1.748   38.2908
 1.750   38.1695
 1.752   38.1175
 1.754   37.9163
 1.756   37.9589
 1.758   38.0289
 1.760   37.9506
 1.762   37.9923
 1.764   37.9737
 1.766   38.0523
 1.768   38.0838
 1.770   38.0936
 1.772   38.1015
 1.774   37.9466
 1.776   38.0366
 1.778   37.9887
 1.780   38.0884
 1.782   37.9978
 1.784   37.9373
 1.786   38.0710
 1.788   38.0954
 1.790   38.1188
 1.792   38.1295
 1.794   38.0788
 1.796   38.2058
 1.798   38.0853
 1.800   38.0616
 1.802   38.0021
 1.804   38.2212
 1.806   38.1388
 1.808   38.1220
 1.810   38.2398
 1.812   38.3404
 1.814   38.3308
 1.816   38.2617
 1.818   38.2947
 1.820   38.3041
 1.822   38.2837
 1.824   38.1489
 1.826   38.2395
 1.828   38.2702
 1.830   38.3368
 1.832   38.2272
 1.834   38.2669
 1.836   38.2925
 1.838   38.4474
 1.840   38.3166
 1.842   38.2885
 1.844   38.2278
 1.846   38.2042
 1.848   38.2557
 1.850   38.1615
 1.852   38.1198
 1.854   38.1306
 1.856   37.9781
 1.858   37.9842
 1.860   37.8395
 1.862   37.8786
 1.864   37.7452
 1.866   37.7606
 1.868   37.6145
 1.870   37.4088
 1.872   37.2532
 1.874   37.1552
 1.876   36.8995
 1.878   36.7864
 1.880   36.5362
 1.882   36.4676
 1.884   36.0655
 1.886   35.6927
 1.888   35.4473
 1.890   35.0461
 1.892   34.7160
 1.894   34.3062
 1.896   34.0147
 1.898   33.5491
 1.900   33.1336
 1.902   32.5133
 1.904   32.2251
 1.906   31.5713
 1.908   31.2001
 1.910   30.6753
 1.912   30.1863
 1.914   29.7670
 1.916   29.5157
 1.918   29.1010
 1.920   28.8174
 1.922   28.5294
 1.924   28.1382
 1.926   27.9549
 1.928   27.7317
 1.930   27.4094
 1.932   27.3100
 1.934   27.2549
 1.936   27.0677
 1.938   26.9678
 1.940   26.8997
 1.942   26.7408
 1.944   26.7292
 1.946   26.5637
 1.948   26.6240
 1.950   26.5172
 1.952   26.4623
 1.954   26.4119
 1.956   26.4579
 1.958   26.4060
 1.960   26.5118
 1.962   26.5088
 1.964   26.4167
 1.966   26.4638
 1.968   26.6083
 1.970   26.4644
 1.972   26.5216
 1.974   26.4812
 1.976   26.5409
 1.978   26.5833
 1.980   26.6446
 1.982   26.5488
 1.984   26.6861
 1.986   26.8065
 1.988   26.8074
 1.990   26.8035
 1.992   26.9647
 1.994   27.0092
 1.996   26.9633
 1.998   27.0389
 2.000   27.1482
 2.002   27.2779
 2.004   27.2927
 2.006   27.3423
 2.008   27.3630
 2.010   27.4503
 2.012   27.6368
 2.014   27.6616
 2.016   27.7122
 2.018   27.8948
 2.020   27.9687
 2.022   27.9867
 2.024   28.1188
 2.026   28.1057
 2.028   28.3217
 2.030   28.2929
 2.032   28.3683
 2.034   28.3570
 2.036   28.3259
 2.038   28.4771
 2.040   28.2807
 2.042   28.2642
 2.044   28.1885
 2.046   27.9146
 2.048   27.6585
 2.050   27.2292
 2.052   26.9997
 2.054   26.5228
 2.056   26.2383
 2.058   25.8620
 2.060   25.7500
 2.062   25.6354
 2.064   25.6690
 2.066   25.8129
 2.068   25.9092
 2.070   26.0456
 2.072   26.1766
 2.074   26.4176
 2.076   26.5793
 2.078   26.6057
 2.080   26.7188
 2.082   26.7848
 2.084   26.8200
 2.086   26.8764
 2.088   26.8774
 2.090   26.8442
 2.092   26.8556
 2.094   26.7256
 2.096   26.4388
 2.098   26.0313
 2.100   25.6337
 2.102   25.0437
 2.104   24.4665
 2.106   23.9003
 2.108   23.2502
 2.110   22.6730
 2.112   22.3045
 2.114   21.8645
 2.116   21.2571
 2.118   20.7484
 2.120   20.2768
 2.122   19.8573
 2.124   19.4156
 2.126   19.1849
 2.128   19.1140
 2.130   19.0256
 2.132   19.2123
 2.134   19.6481
 2.136   20.2517
 2.138   20.9384
 2.140   21.5746
 2.142   22.2154
 2.144   22.8599
 2.146   23.3973
 2.148   23.8010
 2.150   24.1305
 2.152   24.3991
 2.154   24.4664
 2.156   24.4908
 2.158   24.4720
 2.160   24.3872
 2.162   24.3521
 2.164   24.1876
 2.166   24.0089
 2.168   23.9106
 2.170   23.6594
 2.172   23.4471
 2.174   23.3520
 2.176   23.1653
 2.178   23.0056
 2.180   22.8178
 2.182   22.6486
 2.184   22.5513
 2.186   22.4298
 2.188   22.4638
 2.190   22.3986
 2.192   22.3460
 2.194   22.3108
 2.196   22.1867
 2.198   22.1825
 2.200   22.1345
 2.202   22.0774
 2.204   21.9854
 2.206   21.8630
 2.208   21.8285
 2.210   21.8066
 2.212   21.7709
 2.214   21.7810
 2.216   21.7527
 2.218   21.8594
 2.220   22.0503
 2.222   22.1811
 2.224   22.3087
 2.226   22.5007
 2.228   22.7517
 2.230   22.9337
 2.232   23.1170
 2.234   23.2564
 2.236   23.3405
 2.238   23.5102
 2.240   23.7067
 2.242   23.8938
 2.244   23.9194
 2.246   24.0153
 2.248   24.1535
 2.250   24.2801
 2.252   24.4540
 2.254   24.6245
 2.256   24.7546
 2.258   24.8954
 2.260   25.0618
 2.262   25.2313
 2.264   25.3803
 2.266   25.5945
 2.268   25.6892
 2.270   25.8757
 2.272   26.1583
 2.274   26.2833
 2.276   26.4323
 2.278   26.4479
 2.280   26.5618
 2.282   26.5276
 2.284   26.5798
 2.286   26.6299
 2.288   26.5991
 2.290   26.5680
 2.292   26.5050
 2.294   26.4352
 2.296   26.4137
 2.298   26.3127
 2.300   26.3585
 2.302   26.4133
 2.304   26.4317
 2.306   26.3915
 2.308   26.3167
 2.310   26.3040
 2.312   26.2247
 2.314   26.2829
 2.316   26.1815
 2.318   26.0686
 2.320   25.9260
 2.322   25.9086
 2.324   25.7142
 2.326   25.6019
 2.328   25.4415
 2.330   25.3020
 2.332   25.2119
 2.334   25.1964
 2.336   25.0397
 2.338   24.9847
 2.340   24.9762
 2.342   24.8274
 2.344   24.7825
 2.346   24.7378
 2.348   24.7357
 2.350   24.5366
 2.352   24.4009
 2.354   24.2729
 2.356   24.0907
 2.358   23.9228
 2.360   23.7717
 2.362   23.5604
 2.364   23.3675
 2.366   23.3268
 2.368   23.0778
 2.370   22.8730
 2.372   22.7135
 2.374   22.5853
 2.376   22.4068
 2.378   22.1060
 2.380   21.8573
 2.382   21.6546
 2.384   21.5214
 2.386   21.3699
 2.388   21.1083
 2.390   21.0297
 2.392   20.8648
 2.394   20.7432
 2.396   20.4686
 2.398   20.5565
 2.400   20.2914
 2.402   20.2884
 2.404   20.3059
 2.406   20.1256
 2.408   20.1393
 2.410   20.0791
 2.412   19.9102
 2.414   19.6954
 2.416   19.7554
 2.418   19.5908
 2.420   19.5649
 2.422   19.3600
 2.424   19.3417
 2.426   19.4201
 2.428   19.2089
 2.430   18.9884
 2.432   18.8973
 2.434   18.7113
 2.436   18.7748
 2.438   18.3935
 2.440   18.3211
 2.442   18.0908
 2.444   17.9695
 2.446   17.8352
 2.448   17.6468
 2.450   17.6268
 2.452   17.4333
 2.454   17.4750
 2.456   17.3844
 2.458   17.0610
 2.460   17.1329
 2.462   17.4014
 2.464   17.1139
 2.466   17.1381
 2.468   16.9624
 2.470   16.9443
 2.472   16.7346
 2.474   16.7932
 2.476   16.7207
 2.478   16.6332
 2.480   16.5134
 2.482   16.5884
 2.484   16.4311
 2.486   16.5827
 2.488   16.3164
 2.490   16.2305
 2.492   16.2007
 2.494   16.0417
 2.496   16.2399
 2.498   16.2220
 2.500   16.0886
 2.502   15.8929
 2.503   15.9135
 2.504   16.0165
 2.505   16.0989
 2.506   15.8002
 2.508   15.6148
 2.509   15.6354
 2.510   15.6972
 2.511   15.7075
 2.513   15.6663
 2.514   15.5324
 2.515   15.4809
 2.516   15.3161
 2.517   15.2852
 2.519   15.1822
 2.520   15.1204
 2.521   15.1719
 2.522   15.0174
 2.524   14.6569
 2.525   14.5024
 2.526   14.4509
 2.527   14.5745
 2.528   14.6363
 2.530   14.5745
 2.531   14.3994
 2.532   14.4509
 2.533   14.6466
 2.535   14.6672
 2.536   14.6466
 2.537   14.8732
 2.538   14.8629
 2.540   14.9556
 2.541   14.8217
 2.542   14.6672
 2.543   14.9041
 2.545   15.1719
 2.546   15.1719
 2.547   15.1204
 2.548   15.2440
 2.550   15.3882
 2.551   15.3985
 2.552   15.3882
 2.553   15.5942
 2.555   15.9650
 2.556   16.0062
 2.557   15.8929
 2.558   15.5015
 2.560   14.7805
 2.561   14.2758
 2.562   14.2758
 2.563   14.3376
 2.565   14.6363
 2.566   15.1513
 2.567   15.3058
 2.569   14.7908
 2.570   14.7805
 2.571   15.0483
 2.572   14.5951
 2.574   14.7187
 2.575   15.0792
 2.576   14.8011
 2.577   15.2440
 2.579   15.7178
 2.580   15.1925
 2.581   14.8938
 2.583   14.5127
 2.584   14.4921
 2.585   15.0380
 2.586   14.7084
 2.588   14.8011
 2.589   15.1822
 2.590   15.4397
 2.592   15.1513
 2.593   14.1934
 2.594   12.9059
 2.596   13.6681
 2.597   14.8938
 2.598   15.4088
 2.599   15.2749
 2.601   14.7805
 2.602   14.3994
 2.603   14.0492
 2.605   13.6372
 2.606   13.8947
 2.607   14.2552
 2.609   14.4200
 2.610   14.6363
 2.611   14.6981
 2.613   14.4200
 2.614   14.4715
 2.615   13.7196
 2.617   12.9368
 2.618   13.3694
 2.619   13.3076
 2.620   13.2355
 2.622   14.1007
 2.623   14.3479
 2.624   14.0698
 2.626   13.2046
 2.627   13.1943
 2.628   13.0295
 2.630   12.3188
 2.631   12.6896
 2.632   13.0604
 2.634   13.1840
 2.635   13.5342
 2.636   13.6269
 2.638   13.6063
 2.639   13.3900
 2.640   13.2458
 2.642   13.0707
 2.643   13.1222
 2.645   12.7514
 2.646   12.7102
 2.647   13.1428
 2.649   13.2458
 2.650   12.8338
 2.651   12.2673
 2.653   12.1231
 2.654   12.2467
 2.655   12.0407
 2.657   11.9789
 2.658   11.5566
 2.659   11.3197
 2.661   11.3300
 2.662   11.3094
 2.664   10.5987
 2.665    9.8880
 2.666    9.7438
 2.668    9.9601
 2.669    9.5584
 2.670    9.4245
 2.672   10.1661
 2.673   10.3206
 2.675    9.8056
 2.676    9.0228
 2.677    8.8786
 2.679    9.1773
 2.680    9.7335
 2.681    9.8159
 2.683    9.4142
 2.684    9.3215
 2.686    9.1773
 2.687    9.2391
 2.688    9.2906
 2.690    9.1979
 2.691    8.7653
 2.693    8.0340
 2.694    7.7456
 2.695    8.0031
 2.697    8.2606
 2.698    8.2606
 2.700    7.9722
 2.701    7.6735
 2.702    7.5705
 2.704    7.4572
 2.705    7.2512
 2.707    6.9525
 2.708    6.4272
 2.709    5.9946
 2.711    5.8298
 2.712    6.0976
 2.714    5.9740
 2.715    5.7371
 2.717    5.4178
 2.718    5.0779
 2.719    4.5423
 2.721    4.5011
 2.722    4.6041
 2.724    4.2539
 2.725    4.0582
 2.727    4.2951
 2.728    4.2333
 2.729    4.0891
 2.731    3.9552
 2.732    3.8316
 2.734    3.6153
 2.735    3.4505
 2.737    3.2548
 2.738    2.9355
 2.740    2.6368
 2.741    2.6162
 2.742    2.6162
 2.744    2.6471
 2.745    2.5235
 2.747    2.4102
 2.748    2.4205
 2.750    2.3690
 2.751    2.1630
 2.753    2.0497
 2.754    1.9158
 2.756    1.8746
 2.757    1.8128
 2.758    1.7922
 2.760    1.6377
 2.761    1.5244
 2.763    1.4420
 2.764    1.3287
 2.766    1.2566
 2.767    1.3802
 2.769    1.3905
 2.770    1.2566
 2.772    1.1330
 2.773    0.9785
 2.775    0.9270
 2.776    1.0300
 2.778    0.8755
 2.779    0.7725
 2.781    0.7622
 2.782    0.7725
 2.784    0.6077
 2.785    0.4944
 2.787    0.4223
 2.788    0.4944
 2.790    0.5150
 2.791    0.5665
 2.793    0.7313
 2.794    1.1021
 2.796    1.2875
 2.797    1.2875
 2.799    1.3905
 2.800    1.3699
 2.802    1.1124
 2.803    1.1227
 2.805    1.0918
 2.806    1.0506
 2.808    1.1124
 2.809    1.2360
 2.811    1.0609
 2.812    1.0506
 2.814    1.0506
 2.815    1.0815
 2.817    1.1536
 2.818    1.2463
 2.820    1.1742
 2.821    1.0403
 2.823    1.0506
 2.825    1.2154
 2.826    1.1948
 2.828    1.2154
 2.829    1.2257
 2.831    1.0918
 2.832    1.0403
 2.834    1.0815
 2.835    1.0197
 2.837    1.0609
 2.838    1.1124
 2.840    1.0609
 2.842    0.9579
 2.843    0.9064
 2.845    0.9167
 2.846    0.9373
 2.848    0.9476
 2.849    0.9579
 2.851    0.9888
 2.853    0.9579
 2.854    0.8446
 2.856    0.8652
 2.857    0.8240
 2.859    0.7622
 2.860    0.7622
 2.862    0.8343
 2.864    0.7622
 2.865    0.7210
 2.867    0.7519
 2.868    0.7828
 2.870    0.7107
 2.871    0.6180
 2.873    0.5768
 2.875    0.6695
 2.876    0.6798
 2.878    0.7828
 2.879    0.6695
 2.881    0.6592
 2.883    0.7313
 2.884    0.8034
 2.886    0.6798
 2.887    0.5665
 2.889    0.5562
 2.891    0.5974
 2.892    0.5253
 2.894    0.4944
 2.896    0.5356
 2.897    0.6180
 2.899    0.4944
 2.900    0.3914
 2.902    0.4635
 2.904    0.6489
 2.905    0.7004
 2.907    0.6283
 2.909    0.5047
 2.910    0.4532
 2.912    0.4120
 2.913    0.4738
 2.915    0.5150
 2.917    0.5459
 2.918    0.5665
 2.920    0.7107
 2.922    0.6901
 2.923    0.6695
 2.925    0.5562
 2.927    0.6180
 2.928    0.7004
 2.930    0.7725
 2.932    0.8240
 2.933    0.8446
 2.935    0.7931
 2.937    0.7931
 2.938    0.7725
 2.940    0.7416
 2.942    0.7725
 2.943    0.8034
 2.945    0.7519
 2.947    0.8755
 2.948    0.9167
 2.950    0.9064
 2.952    0.9270
 2.953    0.8858
 2.955    0.8240
 2.957    0.8755
 2.958    0.7828
 2.960    0.7416
 2.962    0.7210
 2.963    0.7725
 2.965    0.8034
 2.967    0.8343
 2.968    0.8240
 2.970    0.7931
 2.972    0.7416
 2.974    0.8652
 2.975    0.8343
 2.977    0.8343
 2.979    0.9064
 2.980    0.9270
 2.982    0.8240
 2.984    0.7004
 2.986    0.6592
 2.987    0.7313
 2.989    0.8549
 2.991    0.9167
 2.992    0.8549
 2.994    0.8034
 2.996    0.7828
 2.998    0.8137
 2.999    0.7519
 3.001    0.7622
 3.003    0.8446
 3.005    0.8652
 3.006    0.7931
 3.008    0.8343
 3.010    0.8343
 3.012    0.8755
 3.013    0.8137
 3.015    0.7725
 3.017    0.7725
 3.019    0.8034
 3.020    0.7622
 3.022    0.7725
 3.024    0.7519
 3.026    0.7931
 3.027    0.8240
 3.029    0.8034
 3.031    0.7519
 3.033    0.8240
 3.034    0.9064
 3.036    0.9270
 3.038    0.7931
 3.040    0.7313
 3.042    0.7519
 3.043    0.8755
 3.045    0.9167
 3.047    0.8858
 3.049    0.8034
 3.051    0.8961
 3.052    0.9270
 3.054    0.8961
 3.056    0.8343
 3.058    0.6901
 3.060    0.6180
 3.061    0.8137
 3.063    0.9064
 3.065    0.9064
 3.067    0.8343
 3.069    0.8240
 3.070    0.7931
 3.072    0.8343
 3.074    0.8549
 3.076    0.8240
 3.078    0.7725
 3.079    0.8652
 3.081    0.8652
 3.083    0.8240
 3.085    0.8240
 3.087    0.8652
 3.089    0.8446
 3.091    0.8446
 3.092    0.8137
 3.094    0.8343
 3.096    0.8549
 3.098    0.8858
 3.100    0.8652
 3.102    0.8858
 3.103    0.9167
 3.105    0.9167
 3.107    0.8961
 3.109    0.9682
 3.111    0.9373
 3.113    0.9064
 3.115    0.9373
 3.117    0.9888
 3.118    0.9991
 3.120    1.0197
 3.122    1.0197
 3.124    1.0712
 3.126    1.1021
 3.128    1.0815
 3.130    1.0815
 3.132    1.1124
 3.133    1.1124
 3.135    1.1742
 3.137    1.1639
 3.139    1.1639
 3.141    1.1742
 3.143    1.1845
 3.145    1.1227
 3.147    1.0918
 3.149    1.1227
 3.151    1.2051
 3.152    1.2360
 3.154    1.2360
 3.156    1.1742
 3.158    1.1124
 3.160    1.1124
 3.162    1.1742
 3.164    1.1639
 3.166    1.2463
 3.168    1.2257
 3.170    1.2051
 3.172    1.2772
 3.174    1.3287
 3.176    1.3287
 3.178    1.3287
 3.180    1.3081
 3.182    1.3287
 3.183    1.3596
 3.185    1.4111
 3.187    1.4008
 3.189    1.3596
 3.191    1.3493
 3.193    1.4317
 3.195    1.4317
 3.197    1.4626
 3.199    1.4626
 3.201    1.4729
 3.203    1.4832
 3.205    1.4626
 3.207    1.4832
 3.209    1.5244
 3.211    1.5347
 3.213    1.5759
 3.215    1.5759
 3.217    1.5965
 3.219    1.5656
 3.221    1.5759
 3.223    1.6068
 3.225    1.6171
 3.227    1.5656
 3.229    1.6068
 3.231    1.6686
 3.233    1.6583
 3.235    1.6583
 3.237    1.7098
 3.239    1.7098
 3.241    1.7201
 3.243    1.7201
 3.245    1.6995
 3.247    1.6583
 3.249    1.6892
 3.251    1.7201
 3.253    1.7716
 3.255    1.8025
 3.257    1.8231
 3.259    1.7819
 3.262    1.7201
 3.264    1.7304
 3.266    1.7922
 3.268    1.8025
 3.270    1.8025
 3.272    1.8025
 3.274    1.7922
 3.276    1.7510
 3.278    1.7510
 3.280    1.8334
 3.282    1.8952
 3.284    1.8643
 3.286    1.8643
 3.288    1.8540
 3.291    1.8952
 3.293    1.9055
 3.295    1.8952
 3.297    1.9467
 3.299    2.0085
 3.301    1.9982
 3.303    2.0291
 3.305    2.0188
 3.307    2.0291
 3.309    2.0703
 3.312    2.1321
 3.314    2.1424
 3.316    2.1527
 3.318    2.1424
 3.320    2.2145
 3.322    2.2454
 3.324    2.2454
 3.326    2.2454
 3.329    2.2454
 3.331    2.2557
 3.333    2.2969
 3.335    2.3072
 3.337    2.3278
 3.339    2.3690
 3.341    2.4102
 3.344    2.3896
 3.346    2.3793
 3.348    2.4617
 3.350    2.4823
 3.352    2.4514
 3.354    2.4823
 3.357    2.4926
 3.359    2.5132
 3.361    2.5132
 3.363    2.5235
 3.365    2.5544
 3.367    2.5853
 3.370    2.5647
 3.372    2.6059
 3.374    2.6265
 3.376    2.6677
 3.378    2.6986
 3.381    2.6574
 3.383    2.6368
 3.385    2.7295
 3.387    2.8119
 3.389    2.8222
 3.392    2.7501
 3.394    2.7295
 3.396    2.7501
 3.398    2.8222
 3.401    2.8325
 3.403    2.8737
 3.405    2.9561
 3.407    2.9767
 3.409    2.9252
 3.412    2.9458
 3.414    2.9664
 3.416    3.0076
 3.418    3.0488
 3.421    3.0900
 3.423    3.0488
 3.425    3.0385
 3.428    3.1003
 3.430    3.1415
 3.432    3.1312
 3.434    3.1415
 3.437    3.2239
 3.439    3.2445
 3.441    3.1930
 3.443    3.2239
 3.446    3.2651
 3.448    3.3578
 3.450    3.3269
 3.453    3.3269
 3.455    3.3784
 3.457    3.4402
 3.460    3.4608
 3.462    3.4814
 3.464    3.4917
 3.466    3.5638
 3.469    3.6256
 3.471    3.6359
 3.473    3.6153
 3.476    3.6153
 3.478    3.5638
 3.480    3.5741
 3.483    3.6359
 3.485    3.7698
 3.487    3.8007
 3.490    3.7801
 3.492    3.7595
 3.494    3.7698
 3.497    3.7698
 3.499    3.8007
 3.502    3.7904
 3.504    3.8625
 3.506    3.9140
 3.509    3.9140
 3.511    3.8934
 3.513    3.9140
 3.516    3.9037
 3.518    3.9037
 3.521    3.8728
 3.523    3.9140
 3.525    3.9346
 3.528    3.9346
 3.530    3.9758
 3.533    4.0273
 3.535    4.0376
 3.537    4.0685
 3.540    4.0273
 3.542    4.0170
 3.545    4.0685
 3.547    4.0994
 3.549    4.0479
 3.552    4.0376
 3.554    4.0582
 3.557    4.0685
 3.559    4.0376
 3.562    4.0685
 3.564    4.1303
 3.567    4.1612
 3.569    4.0891
 3.571    4.0582
 3.574    4.0788
 3.576    4.1303
 3.579    4.1818
 3.581    4.2230
 3.584    4.2127
 3.586    4.2230
 3.589    4.2024
 3.591    4.1921
 3.594    4.1921
 3.596    4.2230
 3.599    4.2539
 3.601    4.3054
 3.604    4.2745
 3.606    4.2333
 3.609    4.2333
 3.611    4.3054
 3.614    4.3260
 3.616    4.3260
 3.619    4.3363
 3.621    4.3466
 3.624    4.3569
 3.626    4.3981
 3.629    4.3775
 3.632    4.3466
 3.634    4.3672
 3.637    4.4496
 3.639    4.4290
 3.642    4.3981
 3.644    4.4187
 3.647    4.4702
 3.649    4.4702
 3.652    4.4805
 3.655    4.4702
 3.657    4.4702
 3.660    4.4187
 3.662    4.4290
 3.665    4.4805
 3.667    4.5011
 3.670    4.4599
 3.673    4.4805
 3.675    4.5114
 3.678    4.4908
 3.680    4.4393
 3.683    4.4599
 3.686    4.4702
 3.688    4.4908
 3.691    4.4805
 3.694    4.5011
 3.696    4.4702
 3.699    4.4805
 3.702    4.4599
 3.704    4.4496
 3.707    4.4393
 3.709    4.4702
 3.712    4.4908
 3.715    4.5011
 3.717    4.5011
 3.720    4.5011
 3.723    4.4805
 3.725    4.5011
 3.728    4.4805
 3.731    4.4393
 3.733    4.4393
 3.736    4.4702
 3.739    4.4702
 3.742    4.4393
 3.744    4.3775
 3.747    4.3878
 3.750    4.4084
 3.752    4.3878
 3.755    4.3363
 3.758    4.3466
 3.761    4.3054
 3.763    4.2745
 3.766    4.2642
 3.769    4.2436
 3.771    4.2024
 3.774    4.2230
 3.777    4.1406
 3.780    4.1406
 3.782    4.1303
 3.785    4.0685
 3.788    4.0067
 3.791    4.0376
 3.794    4.0067
 3.796    3.9964
 3.799    3.9861
 3.802    3.9758
 3.805    3.9243
 3.807    3.8522
 3.810    3.8110
 3.813    3.8522
 3.816    3.8316
 3.819    3.7595
 3.822    3.7286
 3.824    3.7389
 3.827    3.7183
 3.830    3.6668
 3.833    3.6668
 3.836    3.6153
 3.838    3.5535
 3.841    3.5638
 3.844    3.4608
 3.847    3.4402
 3.850    3.4608
 3.853    3.4608
 3.856    3.4196
 3.858    3.4093
 3.861    3.4093
 3.864    3.4196
 3.867    3.3887
 3.870    3.3372
 3.873    3.2960
 3.876    3.2651
 3.879    3.2136
 3.882    3.1827
 3.884    3.1518
 3.887    3.1518
 3.890    3.0900
 3.893    3.0694
 3.896    3.0591
 3.899    2.9870
 3.902    2.8840
 3.905    2.8634
 3.908    2.9149
 3.911    2.9458
 3.914    2.8737
 3.917    2.8428
 3.920    2.8634
 3.923    2.8531
 3.926    2.8325
 3.929    2.8016
 3.932    2.7913
 3.935    2.7810
 3.938    2.7398
 3.941    2.7501
 3.944    2.7810
 3.947    2.7295
 3.950    2.6986
 3.953    2.7295
 3.956    2.7192
 3.959    2.7192
 3.962    2.7707
 3.965    2.8222
 3.968    2.8222
 3.971    2.8737
 3.974    2.9149
 3.977    2.9252
 3.980    2.9355
 3.983    2.9973
 3.986    3.0694
 3.989    3.1106
 3.992    3.1724
 3.995    3.2342
 3.998    3.2651
 4.001    3.3269
 4.004    3.3784
 4.008    3.4608
 4.011    3.4814
 4.014    3.5123
 4.017    3.5741
 4.020    3.6050
 4.023    3.6771
 4.026    3.7183
 4.029    3.6771
 4.032    3.6874
 4.036    3.7183
 4.039    3.7183
 4.042    3.7595
 4.045    3.7801
 4.048    3.7801
 4.051    3.8110
 4.055    3.8213
 4.058    3.8419
 4.061    3.8522
 4.064    3.8213
 4.067    3.8007
 4.070    3.8522
 4.074    3.9140
 4.077    3.9346
 4.080    3.9243
 4.083    3.9140
 4.086    3.8934
 4.090    3.8934
 4.093    3.9037
 4.096    3.9346
 4.099    4.0067
 4.103    4.0788
 4.106    4.0891
 4.109    4.0582
 4.112    3.9758
 4.116    4.0273
 4.119    4.0994
 4.122    4.1200
 4.126    4.0891
 4.129    4.0891
 4.132    4.1406
 4.135    4.2024
 4.139    4.2642
 4.142    4.2951
 4.145    4.2848
 4.149    4.2642
 4.152    4.2848
 4.155    4.3157
 4.159    4.3466
 4.162    4.3775
 4.165    4.3569
 4.169    4.3466
 4.172    4.3466
 4.175    4.3775
 4.179    4.4290
 4.182    4.4290
 4.185    4.4187
 4.189    4.4393
 4.192    4.3775
 4.196    4.3466
 4.199    4.3878
 4.202    4.4496
 4.206    4.4908
 4.209    4.5320
 4.213    4.5835
 4.216    4.6144
 4.219    4.6041
 4.223    4.6144
 4.226    4.6453
 4.230    4.6453
 4.233    4.6556
 4.237    4.7277
 4.240    4.6968
 4.244    4.6144
 4.247    4.5217
 4.251    4.4599
 4.254    4.4084
 4.258    4.4290
 4.261    4.4805
 4.265    4.4805
 4.268    4.5011
 4.272    4.5011
 4.275    4.4599
 4.279    4.4702
 4.282    4.4908
 4.286    4.4393
 4.289    4.3981
 4.293    4.3981
 4.296    4.3672
 4.300    4.3466
 4.304    4.3157
 4.307    4.2848
 4.311    4.2745
 4.314    4.2436
 4.318    4.1818
 4.321    4.1715
 4.325    4.2024
 4.329    4.1715
 4.332    4.0994
 4.336    4.1200
 4.340    4.1303
 4.343    4.1097
 4.347    4.1303
 4.350    4.1406
 4.354    4.1097
 4.358    4.0788
 4.361    4.0582
 4.365    4.0582
 4.369    4.0376
 4.372    4.0170
 4.376    4.0479
 4.380    4.1200
 4.384    4.1097
 4.387    4.1097
 4.391    4.1200
 4.395    4.1303
 4.398    4.1509
 4.402    4.1612
 4.406    4.1406
 4.410    4.1303
 4.413    4.1097
 4.417    4.1097
 4.421    4.1509
 4.425    4.1612
 4.428    4.1509
 4.432    4.1509
 4.436    4.1303
 4.440    4.1612
 4.444    4.1818
 4.447    4.2024
 4.451    4.1818
 4.455    4.1715
 4.459    4.1715
 4.463    4.1921
 4.467    4.1921
 4.470    4.1818
 4.474    4.1715
 4.478    4.1818
 4.482    4.1921
 4.486    4.1818
 4.490    4.1818
 4.494    4.1921
 4.498    4.2127
 4.502    4.2127
 4.505    4.2127
 4.509    4.2024
 4.513    4.2127
 4.517    4.2230
 4.521    4.2127
 4.525    4.2333
 4.529    4.2333
 4.533    4.2539
 4.537    4.2333
 4.541    4.2127
 4.545    4.2230
 4.549    4.2333
 4.553    4.2539
 4.557    4.2539
 4.561    4.2333
 4.565    4.2745
 4.569    4.2642
 4.573    4.2333
 4.577    4.2848
 4.581    4.3466
 4.585    4.3260
 4.589    4.3260
 4.593    4.3363
 4.597    4.3157
 4.601    4.3363
 4.605    4.3775
 4.610    4.3775
 4.614    4.3672
 4.618    4.3466
 4.622    4.3466
 4.626    4.3981
 4.630    4.4393
 4.634    4.4187
 4.638    4.4187
 4.643    4.4496
 4.647    4.4393
 4.651    4.4496
 4.655    4.5011
 4.659    4.5114
 4.663    4.4908
 4.668    4.4908
 4.672    4.5011
 4.676    4.5011
 4.680    4.4908
 4.684    4.4702
 4.689    4.4702
 4.693    4.4908
 4.697    4.4702
 4.701    4.4599
 4.706    4.4496
 4.710    4.4393
 4.714    4.4187
 4.719    4.4084
 4.723    4.3981
 4.727    4.3672
 4.731    4.3775
 4.736    4.3672
 4.740    4.3363
 4.744    4.3260
 4.749    4.3260
 4.753    4.2951
 4.758    4.2333
 4.762    4.2436
 4.766    4.2745
 4.771    4.2333
 4.775    4.2127
 4.779    4.2127
 4.784    4.1921
 4.788    4.1612
 4.793    4.1509
 4.797    4.1509
 4.802    4.1406
 4.806    4.1406
 4.810    4.1303
 4.815    4.1200
 4.819    4.1200
 4.824    4.0891
 4.828    4.0685
 4.833    4.0582
 4.837    4.0170
 4.842    4.0273
 4.846    4.0376
 4.851    4.0067
 4.856    3.9758
 4.860    3.9346
 4.865    3.9140
 4.869    3.9346
 4.874    3.9346
 4.878    3.9243
 4.883    3.9243
 4.888    3.9140
 4.892    3.8934
 4.897    3.8728
 4.901    3.8831
 4.906    3.8728
 4.911    3.8625
 4.915    3.9140
 4.920    3.9243
 4.925    3.9140
 4.929    3.9140
 4.934    3.8934
 4.939    3.8728
 4.943    3.9037
 4.948    3.8934
 4.953    3.8522
 4.958    3.8728
 4.962    3.9140
 4.967    3.9037
 4.972    3.8934
 4.977    3.9243
 4.981    3.9243
 4.986    3.9449
 4.991    3.9449
 4.996    3.9243
 5.001    3.9140
 5.005    3.9140
 5.010    3.9140
 5.015    3.8625
 5.020    3.8625
 5.025    3.9140
 5.030    3.9037
 5.035    3.8522
 5.040    3.8419
 5.044    3.8625
 5.049    3.8625
 5.054    3.8316
 5.059    3.7904
 5.064    3.7801
 5.069    3.7801
 5.074    3.7389
 5.079    3.6874
 5.084    3.6874
 5.089    3.6874
 5.094    3.6771
 5.099    3.6874
 5.104    3.6668
 5.109    3.6359
 5.114    3.6153
 5.119    3.6359
 5.124    3.6153
 5.129    3.5947
 5.134    3.5432
 5.139    3.4917
 5.145    3.4505
 5.150    3.4917
 5.155    3.5020
 5.160    3.4608
 5.165    3.4196
 5.170    3.4299
 5.175    3.4196
 5.180    3.3681
 5.186    3.3578
 5.191    3.3475
 5.196    3.3063
 5.201    3.3269
 5.206    3.2960
 5.212    3.2651
 5.217    3.3063
 5.222    3.3269
 5.227    3.2754
 5.233    3.2445
 5.238    3.3063
 5.243    3.3475
 5.249    3.3372
 5.254    3.3475
 5.259    3.3578
 5.265    3.3475
 5.270    3.3166
 5.275    3.3166
 5.281    3.3269
 5.286    3.2960
 5.291    3.3166
 5.297    3.3887
 5.302    3.3887
 5.308    3.3990
 5.313    3.3990
 5.319    3.4402
 5.324    3.4402
 5.330    3.4196
 5.335    3.4196
 5.341    3.3887
 5.346    3.2754
 5.352    3.3269
 5.357    3.4299
 5.363    3.4608
 5.368    3.4402
 5.374    3.4505
 5.379    3.4711
 5.385    3.4917
 5.390    3.4814
 5.396    3.4711
 5.402    3.4299
 5.407    3.3887
 5.413    3.2857
 5.419    3.2136
 5.424    3.3475
 5.430    3.4299
 5.436    3.4299
 5.441    3.3990
 5.447    3.3887
 5.453    3.3475
 5.459    3.1930
 5.464    3.2033
 5.470    3.2445
 5.476    3.2239
 5.482    3.3063
 5.487    3.3578
 5.493    3.3372
 5.499    3.2857
 5.505    3.2857
 5.511    3.2548
 5.517    3.1930
 5.523    3.1827
 5.528    3.1930
 5.534    3.1930
 5.540    3.1415
 5.546    3.0694
 5.552    3.0385
 5.558    3.0385
 5.564    3.0179
 5.570    2.9149
 5.576    2.7913
 5.582    2.8943
 5.588    2.9664
 5.594    2.9252
 5.600    2.9046
 5.606    2.8943
 5.612    2.8428
 5.618    2.8428
 5.624    2.7913
 5.630    2.6677
 5.637    2.5029
 5.643    2.5441
 5.649    2.6059
 5.655    2.6574
 5.661    2.6986
 5.667    2.6059
 5.674    2.5956
 5.680    2.6368
 5.686    2.5544
 5.692    2.5647
 5.698    2.5132
 5.705    2.3896
 5.711    2.3587
 5.717    2.3793
 5.724    2.4102
 5.730    2.4102
 5.736    2.3793
 5.743    2.3381
 5.749    2.3690
 5.755    2.2557
 5.762    2.0497
 5.768    2.1836
 5.775    2.2660
 5.781    2.2969
 5.788    2.3175
 5.794    2.2866
 5.800    2.2042
 5.807    2.1115
 5.813    1.9055
 5.820    1.8540
 5.827    1.9158
 5.833    1.9879
 5.840    1.9879
 5.846    1.9467
 5.853    1.8231
 5.859    1.7510
 5.866    1.7201
 5.873    1.4935
 5.879    1.4214
 5.886    1.5038
 5.893    1.4626
 5.899    1.5553
 5.906    1.5862
 5.913    1.5347
 5.920    1.4729
 5.926    1.3699
 5.933    1.2154
 5.940    1.2978
 5.947    1.3802
 5.954    1.4111
 5.960    1.3081
 5.967    1.2772
 5.974    1.2669
 5.981    1.1948
 5.988    1.1742
 5.995    1.2566
 6.002    1.2669
 6.009    1.2463
 6.016    1.2772
 6.023    1.2772
 6.030    1.2360
 6.037    1.1227
 6.044    0.9888
 6.051    1.1330
 6.058    1.1742
 6.065    1.0712
 6.072    1.1227
 6.079    1.2154
 6.086    1.1845
 6.094    1.2051
 6.101    1.1536
 6.108    1.0712
 6.115    1.1330
 6.122    1.2566
 6.130    1.2463
 6.137    1.2051
 6.144    1.1948
 6.151    1.2051
 6.159    1.2463
 6.166    1.3081
 6.173    1.2669
 6.181    1.2360
 6.188    1.3081
 6.195    1.3390
 6.203    1.3184
 6.210    1.3493
 6.218    1.3699
 6.225    1.4111
 6.233    1.4111
 6.240    1.4008
 6.248    1.3905
 6.255    1.4008
 6.263    1.4008
 6.270    1.3802
 6.278    1.3596
 6.286    1.3699
 6.293    1.3905
 6.301    1.4008
 6.308    1.3699
 6.316    1.3390
 6.324    1.2772
 6.332    1.2154
 6.339    1.1639
 6.347    1.2463
 6.355    1.2463
 6.363    1.1948
 6.370    1.2051
 6.378    1.2257
 6.386    1.2051
 6.394    1.2051
 6.402    1.0712
 6.410    0.9270
 6.418    0.9888
 6.426    1.0918
 6.434    1.1330
 6.442    1.1433
 6.450    1.1021
 6.458    1.0815
 6.466    1.0197
 6.474    0.9991
 6.482    0.9476
 6.490    0.9682
 6.498    1.0197
 6.506    1.0300
 6.514    0.9373
 6.523    0.9064
 6.531    0.8858
 6.539    0.8961
 6.547    0.8858
 6.556    0.8549
 6.564    0.7828
 6.572    0.7931
 6.581    0.7725
 6.589    0.7416
 6.597    0.7622
 6.606    0.8137
 6.614    0.7519
 6.623    0.6489
 6.631    0.5974
 6.640    0.6592
 6.648    0.7107
 6.657    0.7622
 6.665    0.7313
 6.674    0.6901
 6.682    0.6798
 6.691    0.7313
 6.700    0.7004
 6.708    0.6695
 6.717    0.6592
 6.726    0.7004
 6.734    0.7004
 6.743    0.6798
 6.752    0.6695
 6.761    0.7004
 6.770    0.6489
 6.778    0.5871
 6.787    0.5665
 6.796    0.6386
 6.805    0.6489
 6.814    0.6283
 6.823    0.5871
 6.832    0.6386
 6.841    0.6180
 6.850    0.5562
 6.859    0.5253
 6.868    0.5974
 6.877    0.6489
 6.886    0.6592
 6.896    0.6489
 6.905    0.6592
 6.914    0.6386
 6.923    0.6386
 6.932    0.6283
 6.942    0.6283
 6.951    0.5562
 6.960    0.5871
 6.970    0.5974
 6.979    0.6489
 6.989    0.6592
 6.998    0.6695
 7.007    0.6695
 7.017    0.6592
 7.026    0.6077
 7.036    0.5665
 7.046    0.5974
 7.055    0.6489
 7.065    0.6592
 7.074    0.6798
 7.084    0.6283
 7.094    0.6077
 7.103    0.5871
 7.113    0.5871
 7.123    0.5974
 7.133    0.5768
 7.143    0.5047
 7.152    0.5150
 7.162    0.5047
 7.172    0.5562
 7.182    0.5768
 7.192    0.5665
 7.202    0.5356
 7.212    0.5562
 7.222    0.5356
 7.232    0.5768
 7.242    0.5974
 7.252    0.6180
 7.263    0.5768
 7.273    0.5459
 7.283    0.5253
 7.293    0.5253
 7.303    0.5150
 7.314    0.5768
 7.324    0.5871
 7.334    0.5974
 7.345    0.6077
 7.355    0.6283
 7.366    0.6077
 7.376    0.6283
 7.387    0.6386
 7.397    0.6489
 7.408    0.6489
 7.418    0.6798
 7.429    0.6901
 7.440    0.7107
 7.450    0.7210
 7.461    0.7622
 7.472    0.7828
 7.483    0.8549
 7.493    0.9064
 7.504    0.9270
 7.515    0.9579
 7.526    1.0815
 7.537    1.1330
 7.548    1.1639
 7.559    1.1433
 7.570    1.1536
 7.581    1.1948
 7.592    1.2257
 7.603    1.2051
 7.614    1.2051
 7.626    1.1948
 7.637    1.1639
 7.648    1.1124
 7.659    1.1433
 7.671    1.1536
 7.682    1.1742
 7.694    1.1433
 7.705    1.1330
 7.716    1.0918
 7.728    1.0403
 7.739    1.0094
 7.751    0.9991
 7.763    0.9682
 7.774    0.9888
 7.786    0.9476
 7.798    0.9064
 7.809    0.8240
 7.821    0.8343
 7.833    0.8343
 7.845    0.8343
 7.857    0.7828
 7.869    0.8034
 7.881    0.7931
 7.893    0.8034
 7.905    0.7725
 7.917    0.7828
 7.929    0.7828
 7.941    0.7931
 7.953    0.7828
 7.965    0.8446
 7.978    0.8652
 7.990    0.8652
 8.002    0.8961
 8.015    0.9785
 8.027    0.9682
 8.039    0.9373
 8.052    0.9476
 8.064    1.0609
 8.077    1.1330
 8.090    1.1639
 8.102    1.1948
 8.115    1.2463
 8.128    1.2772
 8.140    1.3596
 8.153    1.3596
 8.166    1.4214
 8.179    1.4626
 8.192    1.5244
 8.205    1.6171
 8.218    1.7407
 8.231    1.7819
 8.244    1.8849
 8.257    1.9261
 8.270    1.9673
 8.283    1.9879
 8.297    2.0497
 8.310    2.0703
 8.323    2.0909
 8.337    2.0806
 8.350    2.1424
 8.363    2.1527
 8.377    2.1939
 8.391    2.1527
 8.404    2.1527
 8.418    2.1630
 8.431    2.2042
 8.445    2.2042
 8.459    2.1939
 8.473    2.0909
 8.487    2.0806
 8.501    2.0497
 8.515    2.0188
 8.529    1.9055
 8.543    1.8643
 8.557    1.7922
 8.571    1.7098
 8.585    1.6274
 8.599    1.5759
 8.614    1.4523
 8.628    1.3802
 8.642    1.3390
 8.657    1.3699
 8.671    1.3596
 8.686    1.3699
 8.700    1.2978
 8.715    1.2669
 8.730    1.2051
 8.744    1.1948
 8.759    1.1330
 8.774    1.0918
 8.789    1.0300
 8.804    1.0403
 8.819    0.9888
 8.834    1.0094
 8.849    0.9991
 8.864    0.9991
 8.879    0.9579
 8.894    0.9270
 8.909    0.8240
 8.925    0.8446
 8.940    0.8034
 8.956    0.7622
 8.971    0.7107
 8.987    0.7416
 9.002    0.6695
 9.018    0.6798
 9.034    0.6695
 9.049    0.7313
 9.065    0.7004
 9.081    0.7416
 9.097    0.7313
 9.113    0.7004
 9.129    0.7313
 9.145    0.9270
 9.161    1.0094
 9.178    1.1330
 9.194    1.2669
 9.210    1.4317
 9.226    1.5141
 9.243    1.6480
 9.259    1.6892
 9.276    1.7304
 9.293    1.7098
 9.309    1.7510
 9.326    1.7304
 9.343    1.7922
 9.360    1.7819
 9.377    1.6995
 9.394    1.6377
 9.411    1.6892
 9.428    1.6377
 9.445    1.6686
 9.462    1.6480
 9.479    1.6789
 9.497    1.6789
 9.514    1.6892
 9.532    1.6171
 9.549    1.6274
 9.567    1.6274
 9.585    1.6480
 9.602    1.6171
 9.620    1.6377
 9.638    1.5759
 9.656    1.6068
 9.674    1.6171
 9.692    1.6480
 9.710    1.5965
 9.728    1.5656
 9.747    1.4935
 9.765    1.4523
 9.783    1.3802
 9.802    1.3287
 9.821    1.2566
 9.839    1.2463
 9.858    1.2978
 9.877    1.3905
 9.895    1.3287
 9.914    1.3802
 9.933    1.4008
 9.952    1.4420
 9.972    1.4523
 9.991    1.5038
10.010    1.5347
10.029    1.6480
10.049    1.7201
10.068    1.8231
10.088    1.8849
10.108    1.9776
10.127    2.0394
10.147    2.1424
10.167    2.1836
10.187    2.2969
10.207    2.3999
10.227    2.5544
10.247    2.6368
10.268    2.7295
10.288    2.7707
10.309    2.8531
10.329    2.8943
10.350    2.9458
10.370    2.9149
10.391    2.9561
10.412    2.9664
10.433    2.9973
10.454    2.9252
10.475    2.9149
10.496    2.8531
10.518    2.8222
10.539    2.7398
10.560    2.6780
10.582    2.5441
10.604    2.4617
10.625    2.3587
10.647    2.3072
10.669    2.2042
10.691    2.1733
10.713    2.0600
10.735    2.0806
10.758    2.0806
10.780    2.0703
10.802    1.9776
10.825    1.9879
10.848    1.9673
10.870    1.9261
10.893    1.8746
10.916    1.8952
10.939    1.8334
10.962    1.8437
10.985    1.7716
11.009    1.7613
11.032    1.7407
11.056    1.7304
11.079    1.7098
11.103    1.7819
11.127    1.7716
11.151    1.7819
11.175    1.6892
11.199    1.6583
11.223    1.6377
11.248    1.6480
11.272    1.5965
11.297    1.6171
11.321    1.5759
11.346    1.5965
11.371    1.5862
11.396    1.6480
11.421    1.6274
11.446    1.7510
11.471    1.8025
11.497    1.8952
11.522    1.9261
11.548    1.9673
11.574    1.9673
11.600    2.1115
11.626    2.2042
11.652    2.2763
11.678    2.2557
11.704    2.3381
11.731    2.3484
11.757    2.3896
11.784    2.3690
11.811    2.4102
11.838    2.3381
11.865    2.2969
11.892    2.1939
11.920    2.2248
11.947    2.1321
11.975    2.0806
12.002    1.9982
12.030    1.9982
12.058    1.9570
12.086    1.9776
12.115    1.9158
12.143    1.8952
12.171    1.8025
12.200    1.7922
12.229    1.7304
12.258    1.7201
12.287    1.6274
12.316    1.5862
12.345    1.6068
12.375    1.7407
12.404    1.7098
12.434    1.7819
12.464    1.8025
12.494    1.8746
12.524    1.9364
12.554    2.0188
12.585    1.9673
12.616    1.9364
12.646    1.8952
12.677    1.9673
12.708    1.9467
12.739    2.0291
12.771    1.9982
12.802    2.0394
12.834    2.0394
12.866    2.0497
12.898    1.9364
12.930    1.8952
12.962    1.8540
12.995    1.9055
13.027    1.8643
13.060    1.8849
13.093    1.7922
13.126    1.8231
13.160    1.7510
13.193    1.7304
13.227    1.6892
13.261    1.7098
13.295    1.6583
13.329    1.6686
13.363    1.6583
13.398    1.6686
13.432    1.5656
13.467    1.5553
13.502    1.5141
13.538    1.5759
13.573    1.5553
13.609    1.5759
13.644    1.5553
13.680    1.6377
13.717    1.5553
13.753    1.5965
13.790    1.5244
13.826    1.5347
13.863    1.4420
13.900    1.4935
13.938    1.4111
13.975    1.5553
14.013    1.4317
14.051    1.4729
