Name:  Dolomite  CaMgCO3
Type:  Rock
Class:  Sedimentary
Subclass: dolomite 
Particle Size:  Whole rock chips
Sample No.:  ro368
Owner:  Larry Rowan, USGS
Wavelength range:  VNIR SWIR IR
Origin:  Ronda, Spain

Description: bluish gray dolomite





Measurement:  Reflectance
First Column:  X
Second Column:  Y
X Units:  Wavelength (micrometers)
Y Units:  Reflectance (percent)
First X Value:  0.4
Last X Value:  14.01309
Number of X Values:  2826
Additional Information:  dm368a.txt
 0.400   36.3000
 0.401   36.3000
 0.402   36.1000
 0.403   36.4000
 0.404   36.8000
 0.405   36.9000
 0.406   36.8000
 0.407   36.5000
 0.408   37.0000
 0.409   37.0000
 0.410   37.1000
 0.411   36.8000
 0.412   37.1000
 0.413   37.1000
 0.414   37.1000
 0.415   37.2000
 0.416   37.5000
 0.417   37.2000
 0.418   37.2000
 0.419   37.6000
 0.420   37.7000
 0.421   37.6000
 0.422   37.7000
 0.423   37.7000
 0.424   37.7000
 0.425   38.2000
 0.426   38.3000
 0.427   38.2000
 0.428   38.3000
 0.429   38.5000
 0.430   38.7000
 0.431   38.9000
 0.432   38.8000
 0.433   38.8000
 0.434   38.7000
 0.435   38.8000
 0.436   39.2000
 0.437   39.4000
 0.438   39.2000
 0.439   39.7000
 0.440   39.7000
 0.441   39.6000
 0.442   39.3000
 0.443   39.7000
 0.444   39.6000
 0.445   39.9000
 0.446   39.9000
 0.447   40.2000
 0.448   40.0000
 0.449   40.2000
 0.450   39.9000
 0.451   39.8000
 0.452   39.9000
 0.453   40.2000
 0.454   40.3000
 0.455   40.4000
 0.456   40.5000
 0.457   40.0000
 0.458   40.2000
 0.459   40.3000
 0.460   40.5000
 0.461   40.3000
 0.462   40.7000
 0.463   40.2000
 0.464   40.3000
 0.465   40.4000
 0.466   40.5000
 0.467   40.3000
 0.468   40.8000
 0.469   40.8000
 0.470   40.5000
 0.471   40.5000
 0.472   40.8000
 0.473   40.7000
 0.474   40.9000
 0.475   40.8000
 0.476   40.8000
 0.477   40.8000
 0.478   41.0000
 0.479   41.4000
 0.480   41.3000
 0.481   41.4000
 0.482   41.5000
 0.483   41.3000
 0.484   41.1000
 0.485   41.8000
 0.486   41.9000
 0.487   41.4000
 0.488   41.3000
 0.489   41.4000
 0.490   41.8000
 0.491   41.8000
 0.492   41.6000
 0.493   41.8000
 0.494   42.5000
 0.495   42.4000
 0.496   42.4000
 0.497   42.7000
 0.498   42.6000
 0.499   42.6000
 0.500   42.6000
 0.501   42.5000
 0.502   43.1000
 0.503   42.9000
 0.504   43.0000
 0.505   42.7000
 0.506   42.6000
 0.507   43.0000
 0.508   43.2000
 0.509   43.3000
 0.510   43.1000
 0.511   42.6000
 0.512   43.0000
 0.513   43.6000
 0.514   44.0000
 0.515   43.6000
 0.516   43.1000
 0.517   43.6000
 0.518   43.8000
 0.519   43.7000
 0.520   43.3000
 0.521   43.7000
 0.522   44.0000
 0.523   44.3000
 0.524   44.6000
 0.525   44.4000
 0.526   44.3000
 0.527   44.3000
 0.528   44.4000
 0.529   44.9000
 0.530   45.1000
 0.531   45.3000
 0.532   45.2000
 0.533   45.2000
 0.534   45.1000
 0.535   45.1000
 0.536   45.1000
 0.537   45.2000
 0.538   44.9000
 0.539   45.2000
 0.540   45.3000
 0.541   45.4000
 0.542   45.7000
 0.543   45.3000
 0.544   45.3000
 0.545   45.8000
 0.546   45.5000
 0.547   46.0000
 0.548   45.9000
 0.549   45.9000
 0.550   45.9000
 0.551   46.0000
 0.552   46.0000
 0.553   46.2000
 0.554   46.4000
 0.555   46.4000
 0.556   46.5000
 0.557   46.3000
 0.558   46.3000
 0.559   45.8000
 0.560   45.9000
 0.561   46.2000
 0.562   46.2000
 0.563   46.2000
 0.564   46.3000
 0.565   46.0000
 0.566   46.2000
 0.567   46.2000
 0.568   46.2000
 0.569   46.0000
 0.570   46.2000
 0.571   46.4000
 0.572   46.6000
 0.573   46.2000
 0.574   46.2000
 0.575   46.2000
 0.576   46.2000
 0.577   46.3000
 0.578   46.4000
 0.579   46.6000
 0.580   47.1000
 0.581   47.3000
 0.582   47.4000
 0.583   47.3000
 0.584   47.3000
 0.585   47.0000
 0.586   47.4000
 0.587   47.4000
 0.588   47.3000
 0.589   46.9000
 0.590   47.4000
 0.591   48.1000
 0.592   47.7000
 0.593   47.6000
 0.594   47.4000
 0.595   47.7000
 0.596   47.1000
 0.597   46.8000
 0.598   47.4000
 0.599   47.5000
 0.600   47.9000
 0.601   48.0000
 0.602   48.0000
 0.603   48.1000
 0.604   48.0000
 0.605   47.9000
 0.606   47.9000
 0.607   47.9000
 0.608   47.7000
 0.609   48.0000
 0.610   47.9000
 0.611   48.0000
 0.612   48.0000
 0.613   47.9000
 0.614   47.6000
 0.615   47.4000
 0.616   47.4000
 0.617   47.6000
 0.618   47.9000
 0.619   48.0000
 0.620   48.2000
 0.621   48.0000
 0.622   48.0000
 0.623   48.4000
 0.624   48.2000
 0.625   48.1000
 0.626   48.5000
 0.627   48.6000
 0.628   48.5000
 0.629   48.5000
 0.630   48.6000
 0.631   48.5000
 0.632   48.6000
 0.633   48.7000
 0.634   48.6000
 0.635   48.5000
 0.636   48.1000
 0.637   48.2000
 0.638   48.6000
 0.639   48.5000
 0.640   48.6000
 0.641   48.8000
 0.642   49.0000
 0.643   48.8000
 0.644   48.7000
 0.645   48.8000
 0.646   48.8000
 0.647   49.3000
 0.648   49.0000
 0.649   48.8000
 0.650   48.7000
 0.651   48.6000
 0.652   49.2000
 0.653   49.2000
 0.654   49.3000
 0.655   49.5000
 0.656   49.3000
 0.657   49.6000
 0.658   49.7000
 0.659   49.5000
 0.660   49.6000
 0.661   50.2000
 0.662   49.8000
 0.663   49.6000
 0.664   49.9000
 0.665   49.7000
 0.666   49.9000
 0.667   49.7000
 0.668   50.1000
 0.669   50.1000
 0.670   49.9000
 0.671   49.9000
 0.672   49.9000
 0.673   50.1000
 0.674   50.4000
 0.675   50.2000
 0.676   50.8000
 0.677   50.7000
 0.678   50.2000
 0.679   50.8000
 0.680   50.9000
 0.681   51.0000
 0.682   50.9000
 0.683   50.7000
 0.684   50.8000
 0.685   50.8000
 0.686   50.7000
 0.687   50.9000
 0.688   50.8000
 0.689   50.8000
 0.690   50.9000
 0.691   50.9000
 0.692   50.8000
 0.693   50.9000
 0.694   51.3000
 0.695   51.3000
 0.696   51.5000
 0.697   51.8000
 0.698   51.8000
 0.699   51.5000
 0.700   51.3000
 0.701   51.5000
 0.702   51.5000
 0.703   51.6000
 0.704   51.6000
 0.705   51.4000
 0.706   51.6000
 0.707   51.9000
 0.708   51.9000
 0.709   51.8000
 0.710   51.9000
 0.711   51.9000
 0.712   52.0000
 0.713   52.0000
 0.714   51.8000
 0.715   52.1000
 0.716   52.1000
 0.717   52.0000
 0.718   52.1000
 0.719   52.3000
 0.720   52.1000
 0.721   52.3000
 0.722   52.1000
 0.723   52.4000
 0.724   52.4000
 0.725   52.4000
 0.726   52.6000
 0.727   52.5000
 0.728   52.6000
 0.729   52.6000
 0.730   52.5000
 0.731   52.7000
 0.732   52.7000
 0.733   52.9000
 0.734   52.9000
 0.735   53.0000
 0.736   52.7000
 0.737   52.7000
 0.738   52.7000
 0.739   53.0000
 0.740   53.4000
 0.741   53.1000
 0.742   53.4000
 0.743   52.9000
 0.744   52.6000
 0.745   52.9000
 0.746   53.2000
 0.747   53.4000
 0.748   53.1000
 0.749   53.0000
 0.750   53.1000
 0.751   53.4000
 0.752   53.4000
 0.753   53.5000
 0.754   53.1000
 0.755   52.7000
 0.756   53.0000
 0.757   53.2000
 0.758   53.6000
 0.759   53.5000
 0.760   53.5000
 0.761   53.6000
 0.762   53.6000
 0.763   53.5000
 0.764   53.7000
 0.765   53.6000
 0.766   54.0000
 0.767   54.0000
 0.768   54.0000
 0.769   53.8000
 0.770   53.7000
 0.771   53.8000
 0.772   54.5000
 0.773   54.2000
 0.774   53.8000
 0.775   54.0000
 0.776   53.5000
 0.777   53.8000
 0.778   54.3000
 0.779   53.8000
 0.780   53.7000
 0.781   53.7000
 0.782   54.0000
 0.783   54.1000
 0.784   54.1000
 0.785   53.7000
 0.786   53.8000
 0.787   54.0000
 0.788   54.3000
 0.789   53.8000
 0.790   54.0000
 0.791   54.1000
 0.792   54.0000
 0.793   53.8000
 0.794   53.8000
 0.795   54.0000
 0.796   54.5000
 0.797   54.3000
 0.798   54.2000
 0.799   54.2000
 0.800   55.1000
 0.804   55.1000
 0.808   54.8000
 0.812   55.1000
 0.816   55.2000
 0.820   54.9000
 0.824   55.1000
 0.828   55.1000
 0.832   54.9000
 0.836   55.4000
 0.840   55.2000
 0.844   55.2000
 0.848   55.2000
 0.852   55.3000
 0.856   55.1000
 0.860   55.1000
 0.864   55.3000
 0.868   55.3000
 0.872   55.6000
 0.876   55.6000
 0.880   55.2000
 0.884   55.3000
 0.888   55.7000
 0.892   55.2000
 0.896   55.6000
 0.900   55.4000
 0.904   55.3000
 0.908   55.4000
 0.912   55.4000
 0.916   55.4000
 0.920   55.7000
 0.924   55.4000
 0.928   55.7000
 0.932   55.2000
 0.936   55.3000
 0.940   55.3000
 0.944   55.2000
 0.948   54.9000
 0.952   55.3000
 0.956   55.4000
 0.960   55.2000
 0.964   55.4000
 0.968   55.7000
 0.972   55.6000
 0.976   55.7000
 0.980   55.8000
 0.984   56.0000
 0.988   56.2000
 0.992   55.7000
 0.996   55.9000
 1.000   56.2000
 1.004   55.9000
 1.008   56.0000
 1.012   56.0000
 1.016   56.4000
 1.020   56.2000
 1.024   56.2000
 1.028   55.7000
 1.032   56.0000
 1.036   56.3000
 1.040   56.3000
 1.044   55.9000
 1.048   56.3000
 1.052   56.2000
 1.056   56.4000
 1.060   56.8000
 1.064   56.7000
 1.068   57.0000
 1.072   57.1000
 1.076   56.9000
 1.080   57.4000
 1.084   57.5000
 1.088   57.5000
 1.092   57.8000
 1.096   57.6000
 1.100   57.8000
 1.104   58.0000
 1.108   58.1000
 1.112   57.8000
 1.116   57.8000
 1.120   57.9000
 1.124   57.9000
 1.128   58.0000
 1.132   58.5000
 1.136   58.4000
 1.140   58.6000
 1.144   58.1000
 1.148   58.0000
 1.152   58.5000
 1.156   58.6000
 1.160   58.7000
 1.164   58.9000
 1.168   58.7000
 1.172   58.6000
 1.176   58.7000
 1.180   58.6000
 1.184   58.5000
 1.188   58.7000
 1.192   58.5000
 1.196   58.5000
 1.200   58.6000
 1.204   58.6000
 1.208   58.5000
 1.212   58.6000
 1.216   59.0000
 1.220   58.9000
 1.224   59.0000
 1.228   59.0000
 1.232   59.0000
 1.236   58.7000
 1.240   58.6000
 1.244   59.1000
 1.248   59.1000
 1.252   59.1000
 1.256   59.1000
 1.260   59.0000
 1.264   58.6000
 1.268   58.9000
 1.272   59.0000
 1.276   59.2000
 1.280   59.6000
 1.284   59.7000
 1.288   59.7000
 1.292   59.6000
 1.296   59.6000
 1.300   59.7000
 1.304   59.7000
 1.308   59.5000
 1.312   59.7000
 1.316   59.8000
 1.320   60.1000
 1.324   60.1000
 1.328   59.8000
 1.332   59.8000
 1.336   59.5000
 1.340   59.3000
 1.344   59.1000
 1.348   59.0000
 1.352   59.0000
 1.356   58.7000
 1.360   58.6000
 1.364   58.6000
 1.368   58.4000
 1.372   57.0000
 1.376   56.3000
 1.380   55.9000
 1.384   55.3000
 1.388   55.1000
 1.392   54.3000
 1.396   54.0000
 1.400   53.5000
 1.404   52.9000
 1.408   52.5000
 1.412   52.6000
 1.416   52.3000
 1.420   52.1000
 1.424   51.8000
 1.428   51.6000
 1.432   51.6000
 1.436   51.6000
 1.440   51.8000
 1.444   51.9000
 1.448   52.0000
 1.452   52.1000
 1.456   52.3000
 1.460   52.5000
 1.464   52.9000
 1.468   52.9000
 1.472   53.1000
 1.476   53.4000
 1.480   53.6000
 1.484   54.0000
 1.488   54.5000
 1.492   54.7000
 1.496   54.9000
 1.500   55.2000
 1.504   55.6000
 1.508   55.7000
 1.512   55.9000
 1.516   56.2000
 1.520   56.4000
 1.524   56.5000
 1.528   56.5000
 1.532   56.7000
 1.536   57.1000
 1.540   57.5000
 1.544   57.5000
 1.548   57.3000
 1.552   58.0000
 1.556   58.0000
 1.560   58.5000
 1.564   58.6000
 1.568   58.9000
 1.572   58.5000
 1.576   58.9000
 1.580   59.0000
 1.584   58.9000
 1.588   58.9000
 1.592   58.9000
 1.596   59.0000
 1.600   58.9000
 1.604   59.0000
 1.608   59.3000
 1.612   59.3000
 1.616   59.6000
 1.620   59.5000
 1.624   59.3000
 1.628   59.1000
 1.632   59.2000
 1.636   59.1000
 1.640   59.1000
 1.644   59.5000
 1.648   59.5000
 1.652   59.8000
 1.656   59.6000
 1.660   59.5000
 1.664   59.3000
 1.668   59.2000
 1.672   59.2000
 1.676   59.2000
 1.680   59.0000
 1.684   58.6000
 1.688   59.0000
 1.692   59.1000
 1.696   58.7000
 1.700   58.9000
 1.704   58.9000
 1.708   58.6000
 1.712   58.4000
 1.716   58.0000
 1.720   57.9000
 1.724   58.1000
 1.728   58.0000
 1.732   57.9000
 1.736   58.1000
 1.740   58.0000
 1.744   58.2000
 1.748   58.2000
 1.752   58.2000
 1.756   58.4000
 1.760   58.4000
 1.764   58.4000
 1.768   58.5000
 1.772   58.2000
 1.776   57.8000
 1.780   57.5000
 1.784   57.1000
 1.788   57.0000
 1.792   57.1000
 1.796   57.0000
 1.800   56.7000
 1.804   55.8000
 1.808   55.7000
 1.812   55.7000
 1.816   55.4000
 1.820   54.9000
 1.824   54.6000
 1.828   54.2000
 1.832   53.5000
 1.836   53.0000
 1.840   52.4000
 1.844   52.0000
 1.848   51.8000
 1.852   51.3000
 1.856   50.9000
 1.860   50.1000
 1.864   49.5000
 1.868   49.0000
 1.872   48.2000
 1.876   47.6000
 1.880   46.4000
 1.884   44.9000
 1.888   43.6000
 1.892   42.0000
 1.896   40.5000
 1.900   39.8000
 1.904   39.3000
 1.908   39.4000
 1.912   38.9000
 1.916   38.9000
 1.920   38.7000
 1.924   38.5000
 1.928   38.5000
 1.932   38.5000
 1.936   38.8000
 1.940   39.1000
 1.944   39.2000
 1.948   39.4000
 1.952   39.4000
 1.956   39.7000
 1.960   39.9000
 1.964   40.3000
 1.968   40.5000
 1.972   40.8000
 1.976   41.1000
 1.980   41.5000
 1.984   42.0000
 1.988   42.5000
 1.992   42.7000
 1.996   43.5000
 2.000   44.2000
 2.004   44.9000
 2.008   45.5000
 2.012   46.2000
 2.016   46.5000
 2.020   46.6000
 2.024   46.9000
 2.028   47.3000
 2.032   47.7000
 2.036   47.9000
 2.040   48.2000
 2.044   48.4000
 2.048   48.5000
 2.052   48.7000
 2.056   48.8000
 2.060   49.3000
 2.064   49.5000
 2.068   49.3000
 2.072   49.3000
 2.076   49.7000
 2.080   49.8000
 2.084   49.8000
 2.088   49.8000
 2.092   49.7000
 2.096   49.6000
 2.100   49.5000
 2.100   52.4800
 2.101   52.4500
 2.102   52.6400
 2.103   52.4000
 2.104   52.3300
 2.105   52.7000
 2.106   52.9200
 2.106   53.0300
 2.107   52.6300
 2.108   52.0900
 2.109   51.8800
 2.110   51.8600
 2.111   52.2700
 2.112   52.0500
 2.112   51.8700
 2.113   51.8300
 2.114   51.8900
 2.115   52.1900
 2.116   52.5000
 2.117   52.2500
 2.118   51.8800
 2.118   51.3000
 2.119   51.3100
 2.120   51.6200
 2.121   51.9000
 2.122   51.4500
 2.123   51.4500
 2.124   51.3500
 2.125   50.8700
 2.125   50.6800
 2.126   51.2400
 2.127   51.3200
 2.128   51.0100
 2.129   50.4500
 2.130   50.4900
 2.131   50.6400
 2.132   50.5100
 2.132   50.2900
 2.133   50.5000
 2.134   50.3300
 2.135   50.0800
 2.136   50.3000
 2.137   50.4500
 2.138   50.4000
 2.139   50.6500
 2.139   50.7200
 2.140   50.3700
 2.141   49.7500
 2.142   49.7200
 2.143   49.5100
 2.144   49.7600
 2.145   50.0900
 2.146   50.0600
 2.147   49.7800
 2.147   49.5600
 2.148   49.9100
 2.149   50.2000
 2.150   50.0800
 2.151   50.1000
 2.152   49.9500
 2.153   49.9600
 2.154   50.0300
 2.155   50.2200
 2.155   50.2900
 2.156   50.3600
 2.157   50.7200
 2.158   51.1800
 2.159   51.1900
 2.160   51.1400
 2.161   51.0900
 2.162   50.8800
 2.163   50.8000
 2.164   50.6600
 2.164   50.6500
 2.165   51.0500
 2.166   51.4000
 2.167   51.3600
 2.168   51.1600
 2.169   51.2300
 2.170   51.2400
 2.171   51.4700
 2.172   51.6800
 2.173   51.6800
 2.173   51.6100
 2.174   51.6700
 2.175   51.5100
 2.176   51.4900
 2.177   51.4000
 2.178   51.3300
 2.179   51.1900
 2.180   51.2600
 2.181   51.4000
 2.182   51.4100
 2.183   51.2700
 2.184   51.3200
 2.184   50.9200
 2.185   50.9800
 2.186   51.3500
 2.187   51.2800
 2.188   50.8800
 2.189   50.4900
 2.190   50.0800
 2.191   50.3100
 2.192   50.4400
 2.193   50.6100
 2.194   50.4200
 2.195   50.1500
 2.196   49.7400
 2.196   49.6800
 2.197   49.8300
 2.198   49.8900
 2.199   49.7100
 2.200   49.6500
 2.201   49.1700
 2.202   48.8400
 2.203   48.6200
 2.204   48.4300
 2.205   48.5600
 2.206   48.8200
 2.207   48.5200
 2.208   48.3300
 2.209   47.8900
 2.210   47.3900
 2.211   47.3300
 2.211   47.4600
 2.212   47.2200
 2.213   47.1400
 2.214   47.3000
 2.215   47.0800
 2.216   46.8100
 2.217   46.8300
 2.218   46.6900
 2.219   46.7000
 2.220   46.5800
 2.221   46.1100
 2.222   45.6100
 2.223   45.5400
 2.224   45.6500
 2.225   45.9100
 2.226   45.6900
 2.227   45.1700
 2.228   44.9600
 2.229   44.6900
 2.230   44.4200
 2.231   44.3900
 2.231   44.2400
 2.232   43.9600
 2.233   43.6000
 2.234   43.4700
 2.235   43.2700
 2.236   43.2000
 2.237   42.9500
 2.238   42.8400
 2.239   42.5700
 2.240   42.1000
 2.241   41.7800
 2.242   41.5600
 2.243   41.3400
 2.244   41.3200
 2.245   40.7800
 2.246   40.3800
 2.247   40.1000
 2.248   39.8800
 2.249   39.5400
 2.250   39.4300
 2.251   39.1700
 2.252   38.9900
 2.253   38.4000
 2.254   38.1600
 2.255   38.1800
 2.256   37.6000
 2.257   37.0700
 2.258   37.0800
 2.259   36.7900
 2.260   36.1300
 2.261   35.4600
 2.262   35.5300
 2.263   35.5200
 2.264   35.1500
 2.265   34.9600
 2.266   35.0600
 2.267   34.9500
 2.268   34.5700
 2.269   34.3600
 2.270   34.3700
 2.271   34.1400
 2.272   34.0400
 2.273   33.9600
 2.274   33.5700
 2.275   33.3700
 2.276   33.3500
 2.277   33.3500
 2.278   33.3200
 2.279   32.9500
 2.280   33.0500
 2.281   32.9600
 2.282   32.3600
 2.283   32.2000
 2.284   32.3200
 2.285   32.0200
 2.286   31.9900
 2.287   31.8200
 2.288   31.7000
 2.289   31.4600
 2.290   31.3700
 2.291   31.2500
 2.292   30.8500
 2.293   30.6400
 2.294   30.8000
 2.295   30.6300
 2.296   30.5200
 2.297   30.3100
 2.298   29.8600
 2.299   29.9100
 2.300   30.0600
 2.301   29.7500
 2.302   29.4800
 2.303   29.1600
 2.304   29.2900
 2.305   29.3600
 2.306   29.1400
 2.307   28.8400
 2.308   28.5400
 2.309   28.5400
 2.310   28.8000
 2.311   28.5500
 2.312   28.2900
 2.313   28.1700
 2.314   28.0300
 2.315   27.8800
 2.316   27.9200
 2.317   27.8900
 2.318   27.8500
 2.319   27.6200
 2.320   27.3000
 2.321   27.1800
 2.322   27.1300
 2.323   27.1000
 2.324   27.4300
 2.326   27.4600
 2.327   27.5300
 2.328   27.6100
 2.329   27.5700
 2.330   27.5100
 2.331   27.7700
 2.332   27.8900
 2.333   28.2000
 2.334   28.4400
 2.335   28.6800
 2.336   28.8900
 2.337   29.2600
 2.338   29.5500
 2.339   30.0300
 2.340   30.4000
 2.341   30.6500
 2.342   30.8700
 2.343   31.2700
 2.344   31.7700
 2.346   32.4800
 2.347   33.0800
 2.348   33.7500
 2.349   34.2400
 2.350   34.6000
 2.351   35.0700
 2.352   35.7100
 2.353   36.3100
 2.354   37.0800
 2.355   37.5300
 2.356   37.9800
 2.357   38.4600
 2.358   39.0300
 2.359   39.4500
 2.360   39.7500
 2.362   40.1700
 2.363   40.6800
 2.364   40.9800
 2.365   41.2400
 2.366   41.5900
 2.367   41.7900
 2.368   41.6300
 2.369   41.8600
 2.370   42.0800
 2.371   41.9100
 2.372   41.9200
 2.373   42.4800
 2.375   42.5400
 2.376   42.1500
 2.377   41.8500
 2.378   41.9200
 2.379   42.0100
 2.380   42.0400
 2.381   41.7500
 2.382   41.5400
 2.383   41.4000
 2.384   41.3700
 2.385   41.5500
 2.387   41.6000
 2.388   41.5300
 2.389   41.5400
 2.390   41.2400
 2.391   41.0300
 2.392   40.8800
 2.393   40.7600
 2.394   40.6500
 2.395   40.5000
 2.396   40.2500
 2.398   40.2600
 2.399   40.0300
 2.400   39.4900
 2.401   39.3300
 2.402   39.5900
 2.403   39.5500
 2.404   39.4000
 2.405   39.3900
 2.406   39.3500
 2.408   39.0200
 2.409   38.7300
 2.410   38.5700
 2.411   38.7000
 2.412   38.5800
 2.413   38.4300
 2.414   38.1300
 2.415   37.9000
 2.417   37.9400
 2.418   37.6400
 2.419   37.0000
 2.420   36.6100
 2.421   36.0400
 2.422   35.7300
 2.423   35.5500
 2.424   35.2700
 2.426   34.9200
 2.427   34.5400
 2.428   34.0700
 2.429   33.9000
 2.430   33.6700
 2.431   33.4400
 2.432   33.1800
 2.434   32.8600
 2.435   32.5300
 2.436   32.1900
 2.437   31.7700
 2.438   31.5300
 2.439   31.2200
 2.440   30.6300
 2.442   30.1500
 2.443   29.9700
 2.444   29.5400
 2.445   29.2400
 2.446   29.1400
 2.447   29.0200
 2.449   28.6800
 2.450   28.2700
 2.451   28.0400
 2.452   27.9000
 2.453   27.3700
 2.454   26.9200
 2.455   26.7400
 2.457   26.8500
 2.458   26.5700
 2.459   26.3300
 2.460   26.2800
 2.461   26.2500
 2.462   26.1000
 2.464   26.0600
 2.465   25.7300
 2.466   25.5700
 2.467   25.5300
 2.468   25.3700
 2.469   25.1500
 2.471   24.9100
 2.472   24.7100
 2.473   24.6600
 2.474   24.5700
 2.475   24.4700
 2.477   24.5300
 2.478   24.6200
 2.479   24.3500
 2.480   24.1200
 2.481   23.9500
 2.482   23.6900
 2.484   23.2400
 2.485   22.9400
 2.486   22.9400
 2.487   22.9500
 2.488   22.5800
 2.490   22.2700
 2.491   22.0200
 2.492   21.9600
 2.493   21.8400
 2.494   21.7700
 2.496   21.6000
 2.497   21.2500
 2.498   21.1100
 2.499   21.1400
 2.500   20.9400
 2.502   20.8600
 2.503   20.6700
 2.504   20.6000
 2.505   20.5900
 2.506   20.6400
 2.508   20.5600
 2.509   20.4400
 2.510   20.3200
 2.511   20.2500
 2.513   19.9700
 2.514   19.8500
 2.515   19.6800
 2.516   19.6800
 2.517   19.7700
 2.519   19.9100
 2.520   19.8700
 2.521   19.7900
 2.522   19.8500
 2.524   20.1200
 2.525   20.3500
 2.526   20.2700
 2.527   20.2200
 2.528   20.5400
 2.530   20.7500
 2.531   20.8400
 2.532   20.9900
 2.533   21.1300
 2.535   21.4900
 2.536   21.7600
 2.537   22.0500
 2.538   22.4900
 2.540   22.8900
 2.541   23.5200
 2.542   24.0400
 2.543   24.5000
 2.545   25.0100
 2.546   25.7500
 2.547   26.3100
 2.548   27.1400
 2.550   27.7800
 2.551   28.2400
 2.552   28.7500
 2.553   29.4400
 2.555   30.1500
 2.556   30.7100
 2.557   30.9200
 2.558   31.2800
 2.560   31.6100
 2.561   32.0000
 2.562   32.4100
 2.563   32.9000
 2.565   33.3300
 2.566   33.5900
 2.567   33.7400
 2.569   34.0400
 2.570   34.5100
 2.571   35.0100
 2.572   35.1400
 2.574   35.2400
 2.575   35.3400
 2.576   35.4700
 2.577   35.6000
 2.579   35.9000
 2.580   36.1300
 2.581   36.1100
 2.583   36.2200
 2.584   36.3800
 2.585   36.4000
 2.586   36.5000
 2.588   36.5500
 2.589   36.7300
 2.590   36.8000
 2.592   37.0000
 2.593   37.1500
 2.594   37.3000
 2.596   37.3800
 2.597   37.3800
 2.598   37.1000
 2.599   37.2100
 2.601   37.3600
 2.602   37.4200
 2.603   37.5100
 2.605   37.5100
 2.606   37.3800
 2.607   37.5100
 2.609   37.4000
 2.610   37.3100
 2.611   37.2800
 2.613   37.1900
 2.614   37.0000
 2.615   37.0700
 2.616   37.1400
 2.618   36.9200
 2.619   36.8600
 2.620   36.8000
 2.622   36.6400
 2.623   36.6100
 2.624   36.4800
 2.626   36.4000
 2.627   36.3100
 2.628   36.2000
 2.630   36.1200
 2.631   36.0300
 2.632   35.8700
 2.634   35.7500
 2.635   35.4700
 2.636   35.3200
 2.638   35.1600
 2.639   35.0700
 2.640   35.1100
 2.642   35.1400
 2.643   34.9900
 2.645   34.6900
 2.646   34.4200
 2.647   34.3300
 2.649   34.2000
 2.650   34.1600
 2.651   33.8900
 2.653   33.5200
 2.654   33.2600
 2.655   33.1100
 2.657   33.1400
 2.658   32.9600
 2.659   32.5300
 2.661   32.3400
 2.662   32.1800
 2.664   32.0100
 2.665   31.6400
 2.666   31.3500
 2.668   31.0600
 2.669   30.6100
 2.670   30.3300
 2.672   30.1000
 2.673   29.6900
 2.675   29.2800
 2.676   28.9400
 2.677   28.7000
 2.679   28.1700
 2.680   27.6700
 2.681   27.3400
 2.683   26.9600
 2.684   26.4900
 2.686   26.0300
 2.687   25.6400
 2.688   25.3000
 2.690   24.7000
 2.691   24.1600
 2.693   23.8500
 2.694   23.6800
 2.695   23.3000
 2.697   22.8600
 2.698   22.3800
 2.700   21.9700
 2.701   21.5700
 2.702   21.1900
 2.704   20.5600
 2.705   20.1400
 2.707   19.8400
 2.708   19.4000
 2.709   18.8400
 2.711   18.4100
 2.712   17.8600
 2.714   17.3400
 2.715   16.9300
 2.717   16.6300
 2.718   16.0800
 2.719   15.5000
 2.721   15.3100
 2.722   15.2900
 2.724   15.0900
 2.725   14.8600
 2.727   14.5100
 2.728   14.3800
 2.729   14.2000
 2.731   13.9400
 2.732   13.6100
 2.734   13.4200
 2.735   13.1800
 2.737   13.0800
 2.738   12.9100
 2.740   12.6700
 2.741   12.4300
 2.742   12.2400
 2.744   12.1300
 2.745   12.0500
 2.747   11.8000
 2.748   11.6700
 2.750   11.5500
 2.751   11.3900
 2.753   11.2900
 2.754   11.1500
 2.756   10.8900
 2.757   10.7300
 2.758   10.6900
 2.760   10.6900
 2.761   10.3600
 2.763   10.2700
 2.764   10.3700
 2.766   10.4000
 2.767   10.3300
 2.769   10.1700
 2.770    9.9300
 2.772   10.0100
 2.773    9.9800
 2.775    9.9400
 2.776    9.8900
 2.778    9.8300
 2.779    9.7100
 2.781    9.6600
 2.782    9.7100
 2.784    9.7600
 2.785    9.7300
 2.787    9.6500
 2.788    9.4300
 2.790    9.3500
 2.791    9.3100
 2.793    9.3100
 2.794    9.2300
 2.796    9.1800
 2.797    9.1700
 2.799    9.1500
 2.800    9.1900
 2.802    9.2500
 2.803    9.2700
 2.805    9.1900
 2.806    9.0600
 2.808    9.0900
 2.809    8.9400
 2.811    8.8700
 2.812    8.7700
 2.814    8.7000
 2.815    8.6600
 2.817    8.7000
 2.818    8.7000
 2.820    8.7900
 2.821    8.8400
 2.823    8.8000
 2.825    8.6200
 2.826    8.5700
 2.828    8.7400
 2.829    8.6800
 2.831    8.4600
 2.832    8.3600
 2.834    8.2400
 2.835    8.3400
 2.837    8.3500
 2.838    8.3600
 2.840    8.2700
 2.842    8.2500
 2.843    8.2400
 2.845    8.1700
 2.846    8.1100
 2.848    8.0100
 2.849    8.0700
 2.851    8.3300
 2.853    8.1700
 2.854    7.9400
 2.856    7.9100
 2.857    7.9300
 2.859    7.8700
 2.860    7.9200
 2.862    7.7900
 2.864    7.7300
 2.865    7.7800
 2.867    7.9100
 2.868    7.9100
 2.870    7.7600
 2.871    7.5500
 2.873    7.6300
 2.875    7.7300
 2.876    7.7900
 2.878    7.7100
 2.879    7.6200
 2.881    7.5200
 2.883    7.5300
 2.884    7.5400
 2.886    7.6000
 2.887    7.5100
 2.889    7.4100
 2.891    7.3800
 2.892    7.4400
 2.894    7.5100
 2.896    7.5800
 2.897    7.4500
 2.899    7.3200
 2.900    7.3300
 2.902    7.3400
 2.904    7.3500
 2.905    7.4400
 2.907    7.4000
 2.909    7.4000
 2.910    7.3700
 2.912    7.4100
 2.913    7.3600
 2.915    7.3100
 2.917    7.1600
 2.918    7.1700
 2.920    7.2000
 2.922    7.2600
 2.923    7.3400
 2.925    7.3200
 2.927    7.2600
 2.928    7.2700
 2.930    7.1400
 2.932    7.2400
 2.933    7.2400
 2.935    7.1600
 2.937    7.1600
 2.938    7.2000
 2.940    7.0800
 2.942    7.0600
 2.943    7.0900
 2.945    7.1600
 2.947    7.1800
 2.948    7.1700
 2.950    7.1800
 2.952    7.2400
 2.953    7.2400
 2.955    7.2600
 2.957    7.2300
 2.958    7.1600
 2.960    7.0700
 2.962    7.0900
 2.963    7.2000
 2.965    7.2400
 2.967    7.1300
 2.968    7.1300
 2.970    7.1300
 2.972    7.2100
 2.974    7.2100
 2.975    7.1800
 2.977    7.1500
 2.979    7.1800
 2.980    7.1100
 2.982    7.1900
 2.984    7.2800
 2.986    7.2300
 2.987    7.2200
 2.989    7.3100
 2.991    7.2700
 2.992    7.2300
 2.994    7.2600
 2.996    7.3400
 2.998    7.3100
 2.999    7.3600
 3.001    7.3100
 3.003    7.3500
 3.005    7.3700
 3.006    7.2900
 3.008    7.2600
 3.010    7.3000
 3.012    7.2400
 3.013    7.2900
 3.015    7.3100
 3.017    7.3300
 3.019    7.3300
 3.020    7.3500
 3.022    7.4500
 3.024    7.4200
 3.026    7.3500
 3.027    7.3100
 3.029    7.3200
 3.031    7.4100
 3.033    7.4400
 3.034    7.3800
 3.036    7.3600
 3.038    7.4500
 3.040    7.4600
 3.042    7.4200
 3.043    7.3800
 3.045    7.3900
 3.047    7.4100
 3.049    7.4200
 3.051    7.3300
 3.052    7.3700
 3.054    7.4400
 3.056    7.4100
 3.058    7.4700
 3.060    7.5600
 3.061    7.4600
 3.063    7.5000
 3.065    7.5300
 3.067    7.5200
 3.069    7.5500
 3.070    7.6100
 3.072    7.6100
 3.074    7.6400
 3.076    7.6500
 3.078    7.6200
 3.079    7.5100
 3.081    7.5300
 3.083    7.6400
 3.085    7.6900
 3.087    7.7500
 3.089    7.8100
 3.091    7.7300
 3.092    7.7100
 3.094    7.7400
 3.096    7.7400
 3.098    7.7000
 3.100    7.7000
 3.102    7.6800
 3.103    7.6900
 3.105    7.6800
 3.107    7.7900
 3.109    7.8000
 3.111    7.8700
 3.113    7.9500
 3.115    7.9900
 3.116    7.9800
 3.118    7.9700
 3.120    7.9400
 3.122    8.0500
 3.124    8.0900
 3.126    8.1600
 3.128    8.1800
 3.130    8.2300
 3.132    8.2600
 3.133    8.3500
 3.135    8.4000
 3.137    8.3600
 3.139    8.2500
 3.141    8.3000
 3.143    8.3600
 3.145    8.4400
 3.147    8.4800
 3.149    8.4800
 3.151    8.5200
 3.152    8.6000
 3.154    8.6900
 3.156    8.8100
 3.158    8.7700
 3.160    8.8100
 3.162    8.8200
 3.164    8.7800
 3.166    8.9200
 3.168    9.0800
 3.170    9.0500
 3.172    9.0200
 3.174    9.0100
 3.176    9.1000
 3.178    9.1200
 3.180    9.1400
 3.182    9.1200
 3.183    9.2100
 3.185    9.3000
 3.187    9.3100
 3.189    9.3200
 3.191    9.4100
 3.193    9.4200
 3.195    9.4500
 3.197    9.4800
 3.199    9.5200
 3.201    9.5400
 3.203    9.5500
 3.205    9.5400
 3.207    9.5700
 3.209    9.6500
 3.211    9.6900
 3.213    9.6200
 3.215    9.6000
 3.217    9.6100
 3.219    9.6200
 3.221    9.6500
 3.223    9.6900
 3.225    9.7500
 3.227    9.8200
 3.229    9.7800
 3.231    9.7500
 3.233    9.7700
 3.235    9.7200
 3.237    9.6100
 3.239    9.6900
 3.241    9.7300
 3.243    9.7400
 3.245    9.7500
 3.247    9.7900
 3.249    9.8100
 3.251    9.7800
 3.253    9.6300
 3.255    9.5500
 3.257    9.5400
 3.259    9.5900
 3.262    9.5300
 3.264    9.4300
 3.266    9.3900
 3.268    9.3200
 3.270    9.2400
 3.272    9.2600
 3.274    9.1800
 3.276    8.9900
 3.278    8.8600
 3.280    8.8100
 3.282    8.6800
 3.284    8.4800
 3.286    8.2200
 3.288    7.8900
 3.291    7.4400
 3.293    7.0600
 3.295    6.7100
 3.297    6.3500
 3.299    6.0600
 3.301    5.9000
 3.303    5.7800
 3.305    5.7300
 3.307    5.6600
 3.309    5.6500
 3.312    5.6600
 3.314    5.7400
 3.316    5.8200
 3.318    5.9000
 3.320    5.9000
 3.322    5.9000
 3.324    5.8800
 3.326    5.8000
 3.329    5.7400
 3.331    5.7300
 3.333    5.6100
 3.335    5.5900
 3.337    5.5700
 3.339    5.4300
 3.341    5.3400
 3.344    5.4100
 3.346    5.3600
 3.348    5.2400
 3.350    5.1800
 3.352    5.2900
 3.354    5.4500
 3.357    5.6000
 3.359    5.6200
 3.361    5.7000
 3.363    5.7600
 3.365    5.8200
 3.367    5.8300
 3.370    5.8900
 3.372    5.8700
 3.374    5.8900
 3.376    5.8400
 3.378    5.7800
 3.381    5.6900
 3.383    5.6500
 3.385    5.6300
 3.387    5.5600
 3.389    5.5200
 3.392    5.5300
 3.394    5.4900
 3.396    5.5100
 3.398    5.4400
 3.401    5.3800
 3.403    5.3300
 3.405    5.3000
 3.407    5.3500
 3.409    5.4300
 3.412    5.3800
 3.414    5.3600
 3.416    5.3200
 3.418    5.3100
 3.421    5.3300
 3.423    5.3300
 3.425    5.3000
 3.428    5.2300
 3.430    5.1000
 3.432    5.0600
 3.434    4.9900
 3.437    4.8700
 3.439    4.7700
 3.441    4.7000
 3.443    4.6900
 3.446    4.7600
 3.448    4.7700
 3.450    4.7700
 3.453    4.6900
 3.455    4.7200
 3.457    4.7700
 3.460    4.7800
 3.462    4.7600
 3.464    4.7700
 3.466    4.7200
 3.469    4.7500
 3.471    4.7900
 3.473    4.8000
 3.476    4.8100
 3.478    4.9200
 3.480    5.0200
 3.483    5.0400
 3.485    5.1200
 3.487    5.3100
 3.490    5.3700
 3.492    5.4400
 3.494    5.5700
 3.497    5.8100
 3.499    6.0300
 3.502    6.3000
 3.504    6.6000
 3.506    6.8100
 3.509    7.0500
 3.511    7.3700
 3.513    7.6000
 3.516    7.8200
 3.518    8.1100
 3.521    8.4500
 3.523    8.7400
 3.525    9.0200
 3.528    9.3300
 3.530    9.6900
 3.533    9.9300
 3.535   10.1600
 3.537   10.2300
 3.540   10.2500
 3.542   10.2500
 3.545   10.2600
 3.547   10.3000
 3.550   10.5400
 3.552   10.9000
 3.554   11.2600
 3.557   11.5800
 3.559   11.9300
 3.562   12.2100
 3.564   12.4000
 3.567   12.5200
 3.569   12.6100
 3.571   12.7100
 3.574   12.9000
 3.576   13.1300
 3.579   13.3700
 3.581   13.5600
 3.584   13.7800
 3.586   13.9100
 3.589   14.0600
 3.591   14.1900
 3.594   14.3500
 3.596   14.4900
 3.599   14.6000
 3.601   14.6200
 3.604   14.6400
 3.606   14.7200
 3.609   14.8700
 3.611   14.9700
 3.614   14.9900
 3.616   15.0000
 3.619   15.0200
 3.621   15.0400
 3.624   15.0800
 3.626   15.1500
 3.629   15.2000
 3.632   15.1400
 3.634   15.1700
 3.637   15.2400
 3.639   15.2700
 3.642   15.2100
 3.644   15.2000
 3.647   15.2600
 3.649   15.2800
 3.652   15.2600
 3.655   15.2100
 3.657   15.1100
 3.660   15.1200
 3.662   15.0700
 3.665   15.0200
 3.667   14.9900
 3.670   14.9800
 3.673   14.9100
 3.675   14.8100
 3.678   14.6700
 3.680   14.6100
 3.683   14.5200
 3.686   14.3500
 3.688   14.1800
 3.691   14.0800
 3.694   13.9500
 3.696   13.7800
 3.699   13.5600
 3.701   13.4200
 3.704   13.3100
 3.707   13.1400
 3.709   12.9700
 3.712   12.8500
 3.715   12.7300
 3.717   12.6100
 3.720   12.4100
 3.723   12.2900
 3.725   12.0800
 3.728   11.8400
 3.731   11.5700
 3.733   11.2700
 3.736   10.8900
 3.739   10.4700
 3.742   10.0500
 3.744    9.7200
 3.747    9.3500
 3.750    8.9600
 3.752    8.5100
 3.755    8.1600
 3.758    7.9200
 3.761    7.7300
 3.763    7.5200
 3.766    7.2800
 3.769    7.0300
 3.771    6.8200
 3.774    6.6700
 3.777    6.5200
 3.780    6.2900
 3.782    6.1100
 3.785    5.9400
 3.788    5.7900
 3.791    5.6500
 3.794    5.5400
 3.796    5.4200
 3.799    5.3800
 3.802    5.3300
 3.805    5.2400
 3.807    5.1900
 3.810    5.2000
 3.813    5.2800
 3.816    5.4100
 3.819    5.4800
 3.822    5.5200
 3.824    5.5600
 3.827    5.6600
 3.830    5.6800
 3.833    5.7100
 3.836    5.6900
 3.838    5.6900
 3.841    5.6700
 3.844    5.6100
 3.847    5.4400
 3.850    5.2500
 3.853    5.0800
 3.856    4.9500
 3.858    4.8500
 3.861    4.8200
 3.864    4.8100
 3.867    4.8100
 3.870    4.7300
 3.873    4.7000
 3.876    4.6300
 3.879    4.6500
 3.882    4.6300
 3.884    4.5900
 3.887    4.6100
 3.890    4.6400
 3.893    4.6100
 3.896    4.5100
 3.899    4.4100
 3.902    4.3500
 3.905    4.2800
 3.908    4.1900
 3.911    4.1200
 3.914    4.1000
 3.917    4.0700
 3.920    4.0900
 3.923    4.0900
 3.926    4.0600
 3.929    3.9600
 3.932    3.9300
 3.935    3.9100
 3.938    3.9100
 3.941    3.8900
 3.944    3.8200
 3.947    3.7700
 3.950    3.8300
 3.953    3.8500
 3.956    3.8000
 3.959    3.7700
 3.962    3.7600
 3.965    3.7700
 3.968    3.9000
 3.971    3.9800
 3.974    4.0600
 3.977    4.1000
 3.980    4.2700
 3.983    4.4600
 3.986    4.6000
 3.989    4.6700
 3.992    4.8000
 3.995    4.9600
 3.998    5.0900
 4.001    5.2600
 4.004    5.4800
 4.008    5.6000
 4.011    5.7900
 4.014    6.0500
 4.017    6.2300
 4.020    6.3400
 4.023    6.5500
 4.026    6.7700
 4.029    6.9100
 4.032    7.0300
 4.036    7.2600
 4.039    7.4700
 4.042    7.7200
 4.045    8.0100
 4.048    8.2300
 4.051    8.3900
 4.055    8.5100
 4.058    8.6600
 4.061    8.8800
 4.064    9.0900
 4.067    9.3200
 4.070    9.4500
 4.074    9.5700
 4.077    9.7700
 4.080    9.9300
 4.083   10.0200
 4.087   10.2100
 4.090   10.3600
 4.093   10.4800
 4.096   10.6100
 4.099   10.7500
 4.103   10.8200
 4.106   10.8800
 4.109   10.9900
 4.112   11.1100
 4.116   11.1500
 4.119   11.2200
 4.122   11.3100
 4.126   11.3500
 4.129   11.4100
 4.132   11.4700
 4.135   11.4800
 4.139   11.5800
 4.142   11.6200
 4.145   11.6500
 4.149   11.7100
 4.152   11.9000
 4.155   12.0800
 4.159   12.2200
 4.162   12.3100
 4.165   12.3900
 4.169   12.5000
 4.172   12.6600
 4.175   12.7300
 4.179   12.8300
 4.182   12.9400
 4.185   13.0100
 4.189   13.0600
 4.192   13.0800
 4.196   13.0100
 4.199   12.9600
 4.202   12.8300
 4.206   12.7100
 4.209   12.6000
 4.213   12.4600
 4.216   12.3700
 4.219   12.4200
 4.223   12.4000
 4.226   12.4000
 4.230   12.3600
 4.233   12.3100
 4.237   12.2400
 4.240   12.1600
 4.244   12.1600
 4.247   12.1800
 4.251   12.1200
 4.254   11.9300
 4.258   11.6200
 4.261   11.3200
 4.265   11.1000
 4.268   11.1000
 4.272   11.2300
 4.275   11.3000
 4.279   11.3400
 4.282   11.4400
 4.286   11.5200
 4.289   11.5600
 4.293   11.5500
 4.296   11.6100
 4.300   11.6500
 4.304   11.6500
 4.307   11.6800
 4.311   11.7500
 4.314   11.8000
 4.318   11.8700
 4.321   11.9500
 4.325   12.0700
 4.329   12.1700
 4.332   12.3500
 4.336   12.5600
 4.340   12.8300
 4.343   13.2000
 4.347   13.6000
 4.350   13.8000
 4.354   13.8700
 4.358   13.8300
 4.361   13.7800
 4.365   13.6700
 4.369   13.5500
 4.372   13.4300
 4.376   13.2400
 4.380   13.0000
 4.384   12.8300
 4.387   12.6100
 4.391   12.4100
 4.395   12.1700
 4.398   11.9400
 4.402   11.7500
 4.406   11.6600
 4.410   11.4500
 4.413   11.2100
 4.417   10.9600
 4.421   10.8000
 4.425   10.6600
 4.428   10.5500
 4.432   10.5100
 4.436   10.5200
 4.440   10.4800
 4.444   10.4200
 4.447   10.4300
 4.451   10.5400
 4.455   10.7400
 4.459   10.9600
 4.463   11.0400
 4.467   11.1300
 4.470   11.2200
 4.474   11.2900
 4.478   11.2500
 4.482   11.2700
 4.486   11.2000
 4.490   11.0400
 4.494   10.8600
 4.498   10.6700
 4.502   10.4000
 4.505   10.1700
 4.509    9.9900
 4.513    9.8900
 4.517    9.7700
 4.521    9.6300
 4.525    9.5000
 4.529    9.4400
 4.533    9.3700
 4.537    9.3600
 4.541    9.2700
 4.545    9.1600
 4.549    9.0600
 4.553    8.9200
 4.557    8.8200
 4.561    8.7400
 4.565    8.6200
 4.569    8.5000
 4.573    8.2700
 4.577    8.1300
 4.581    8.0300
 4.585    7.9000
 4.589    7.7000
 4.593    7.6200
 4.597    7.5300
 4.601    7.4000
 4.605    7.2800
 4.610    7.2100
 4.614    7.1700
 4.618    7.1200
 4.622    7.0700
 4.626    7.0300
 4.630    7.0100
 4.634    7.0000
 4.638    6.9000
 4.643    6.8800
 4.647    6.9400
 4.651    7.0000
 4.655    7.0700
 4.659    7.2300
 4.663    7.4000
 4.668    7.6000
 4.672    7.7800
 4.676    7.9600
 4.680    8.1400
 4.684    8.3700
 4.689    8.5800
 4.693    8.8400
 4.697    9.0600
 4.701    9.3300
 4.706    9.5500
 4.710    9.7800
 4.714   10.0300
 4.719   10.3300
 4.723   10.5500
 4.727   10.7100
 4.731   10.8500
 4.736   11.0000
 4.740   11.1200
 4.744   11.1900
 4.749   11.2700
 4.753   11.3500
 4.758   11.4300
 4.762   11.5300
 4.766   11.5200
 4.771   11.5700
 4.775   11.6200
 4.779   11.6200
 4.784   11.6000
 4.788   11.6200
 4.793   11.6200
 4.797   11.6300
 4.802   11.6200
 4.806   11.5900
 4.810   11.6100
 4.815   11.6600
 4.819   11.6100
 4.824   11.6000
 4.828   11.6300
 4.833   11.6200
 4.837   11.6000
 4.842   11.6000
 4.846   11.5700
 4.851   11.5900
 4.856   11.5800
 4.860   11.5700
 4.865   11.5200
 4.869   11.5100
 4.874   11.4600
 4.878   11.4200
 4.883   11.3800
 4.888   11.3600
 4.892   11.3200
 4.897   11.2800
 4.901   11.2200
 4.906   11.1700
 4.911   11.1500
 4.915   11.1800
 4.920   11.1400
 4.925   11.0900
 4.929   11.0300
 4.934   10.9800
 4.939   10.9500
 4.943   10.9300
 4.948   10.8800
 4.953   10.8600
 4.958   10.8100
 4.962   10.7700
 4.967   10.7400
 4.972   10.7500
 4.977   10.7200
 4.981   10.6800
 4.986   10.6200
 4.991   10.5600
 4.996   10.4900
 5.001   10.4200
 5.005   10.3600
 5.010   10.3100
 5.015   10.2300
 5.020   10.0800
 5.025    9.9100
 5.030    9.7200
 5.035    9.4200
 5.040    9.0700
 5.044    8.6500
 5.049    8.1800
 5.054    7.8100
 5.059    7.6700
 5.064    7.8300
 5.069    8.1600
 5.074    8.4700
 5.079    8.7000
 5.084    8.6500
 5.089    8.4000
 5.094    8.1900
 5.099    8.2500
 5.104    8.4500
 5.109    8.6500
 5.114    8.7200
 5.119    8.6900
 5.124    8.6000
 5.129    8.5100
 5.134    8.4300
 5.139    8.3500
 5.145    8.2700
 5.150    8.2100
 5.155    8.1100
 5.160    7.9900
 5.165    7.8300
 5.170    7.7300
 5.175    7.5900
 5.180    7.5000
 5.186    7.4100
 5.191    7.3100
 5.196    7.2200
 5.201    7.1000
 5.206    6.9900
 5.212    6.9000
 5.217    6.7900
 5.222    6.6700
 5.227    6.5300
 5.233    6.4200
 5.238    6.2800
 5.243    6.1700
 5.249    6.0600
 5.254    5.9300
 5.259    5.8000
 5.265    5.6700
 5.270    5.5600
 5.275    5.5100
 5.281    5.4200
 5.286    5.3000
 5.291    5.2100
 5.297    5.2000
 5.302    5.1100
 5.308    5.0200
 5.313    4.9100
 5.319    4.8700
 5.324    4.8400
 5.330    4.8100
 5.335    4.7300
 5.341    4.6500
 5.346    4.5700
 5.352    4.4800
 5.357    4.3900
 5.363    4.3400
 5.368    4.2700
 5.374    4.1900
 5.379    4.0700
 5.385    3.9800
 5.390    3.8900
 5.396    3.7700
 5.402    3.6400
 5.407    3.5600
 5.413    3.4600
 5.419    3.3200
 5.424    3.1800
 5.430    3.0800
 5.436    2.9700
 5.441    2.8300
 5.447    2.7200
 5.453    2.6500
 5.459    2.4900
 5.464    2.3700
 5.470    2.3100
 5.476    2.3000
 5.482    2.2500
 5.487    2.2500
 5.493    2.2500
 5.499    2.2400
 5.505    2.2000
 5.511    2.1900
 5.517    2.1700
 5.523    2.1700
 5.528    2.1700
 5.534    2.1900
 5.540    2.1700
 5.546    2.1500
 5.552    2.1500
 5.558    2.1800
 5.564    2.1700
 5.570    2.2100
 5.576    2.2400
 5.582    2.2600
 5.588    2.3100
 5.594    2.3700
 5.600    2.4000
 5.606    2.3900
 5.612    2.3700
 5.618    2.3700
 5.624    2.3700
 5.630    2.4000
 5.637    2.3700
 5.643    2.3400
 5.649    2.3200
 5.655    2.3200
 5.661    2.3400
 5.667    2.3200
 5.674    2.2600
 5.680    2.2300
 5.686    2.2200
 5.692    2.2400
 5.698    2.1900
 5.705    2.1600
 5.711    2.1200
 5.717    2.1100
 5.724    2.0900
 5.730    2.0900
 5.736    2.0100
 5.743    1.9900
 5.749    2.0000
 5.755    2.0200
 5.762    2.0000
 5.768    2.0100
 5.775    1.9800
 5.781    1.9600
 5.788    1.9300
 5.794    1.9200
 5.800    1.8800
 5.807    1.8400
 5.813    1.8200
 5.820    1.8800
 5.827    1.8800
 5.833    1.8400
 5.840    1.7700
 5.846    1.7500
 5.853    1.7700
 5.859    1.7900
 5.866    1.7700
 5.873    1.7300
 5.879    1.6500
 5.886    1.6900
 5.893    1.6900
 5.899    1.6000
 5.906    1.5400
 5.913    1.6000
 5.920    1.5700
 5.926    1.5500
 5.933    1.5300
 5.940    1.5300
 5.947    1.4700
 5.954    1.4200
 5.960    1.4000
 5.967    1.4300
 5.974    1.4100
 5.981    1.3700
 5.988    1.3300
 5.995    1.3500
 6.002    1.3600
 6.009    1.4200
 6.016    1.4100
 6.023    1.3400
 6.030    1.2700
 6.037    1.3300
 6.044    1.4300
 6.051    1.4200
 6.058    1.3900
 6.065    1.3800
 6.072    1.3700
 6.079    1.4100
 6.086    1.3900
 6.094    1.4600
 6.101    1.5400
 6.108    1.6100
 6.115    1.6800
 6.122    1.7700
 6.130    1.8600
 6.137    1.9500
 6.144    2.0300
 6.151    2.1400
 6.159    2.2600
 6.166    2.4100
 6.173    2.5900
 6.181    2.7700
 6.188    2.9400
 6.195    3.1700
 6.203    3.3700
 6.210    3.5800
 6.218    3.8500
 6.225    4.1500
 6.233    4.4800
 6.240    4.9000
 6.248    5.3300
 6.255    5.8600
 6.263    6.5000
 6.270    7.2400
 6.278    8.0600
 6.286    9.0300
 6.293   10.1600
 6.301   11.4400
 6.308   12.8800
 6.316   14.5900
 6.324   16.4300
 6.332   18.5600
 6.339   20.9900
 6.347   23.3800
 6.355   25.4000
 6.363   26.9300
 6.370   27.9300
 6.378   28.6200
 6.386   29.1900
 6.394   29.7800
 6.402   30.4100
 6.410   31.0000
 6.418   31.4600
 6.426   31.9500
 6.434   32.4200
 6.442   32.7800
 6.450   33.0300
 6.458   33.0700
 6.466   32.9800
 6.474   32.8500
 6.482   32.6300
 6.490   32.3200
 6.498   31.9600
 6.506   31.6300
 6.515   31.2800
 6.523   30.8700
 6.531   30.4700
 6.539   30.1100
 6.547   29.7400
 6.556   29.3800
 6.564   28.9600
 6.572   28.5200
 6.581   28.1100
 6.589   27.7100
 6.597   27.2600
 6.606   26.8300
 6.614   26.4000
 6.623   26.0400
 6.631   25.5900
 6.640   25.0400
 6.648   24.5200
 6.657   24.1500
 6.665   23.7900
 6.674   23.4900
 6.682   23.2100
 6.691   22.9300
 6.700   22.6200
 6.708   22.3500
 6.717   22.0800
 6.726   21.8400
 6.734   21.5700
 6.743   21.3600
 6.752   21.1500
 6.761   20.9200
 6.770   20.6700
 6.778   20.5400
 6.787   20.3500
 6.796   20.1700
 6.805   20.0300
 6.814   19.8600
 6.823   19.6100
 6.832   19.4900
 6.841   19.3100
 6.850   19.1800
 6.859   19.0300
 6.868   18.7900
 6.877   18.6500
 6.886   18.5600
 6.896   18.4400
 6.905   18.3600
 6.914   18.3100
 6.923   18.2900
 6.932   18.2100
 6.942   18.1900
 6.951   18.1600
 6.960   18.1700
 6.970   18.1500
 6.979   18.1600
 6.989   18.1200
 6.998   18.1000
 7.007   17.9800
 7.017   17.6200
 7.026   16.9900
 7.036   16.2500
 7.046   15.4400
 7.055   14.7100
 7.065   14.0400
 7.074   13.5500
 7.084   13.2900
 7.094   13.0200
 7.103   12.5900
 7.113   12.1300
 7.123   11.7200
 7.133   11.4800
 7.143   11.2400
 7.152   10.9600
 7.162   10.6600
 7.172   10.4800
 7.182   10.2100
 7.192    9.9800
 7.202    9.8100
 7.212    9.7300
 7.222    9.5800
 7.232    9.4400
 7.242    9.3100
 7.252    9.2200
 7.263    9.1200
 7.273    9.0600
 7.283    8.9600
 7.293    8.9000
 7.303    8.8700
 7.314    8.8700
 7.324    8.7400
 7.334    8.6400
 7.345    8.6100
 7.355    8.6600
 7.366    8.6600
 7.376    8.5900
 7.387    8.4700
 7.397    8.4100
 7.408    8.3100
 7.418    8.2800
 7.429    8.2100
 7.440    8.1400
 7.450    8.0900
 7.461    8.0600
 7.472    8.0000
 7.483    7.9900
 7.493    7.9200
 7.504    7.9200
 7.515    7.9100
 7.526    7.9100
 7.537    7.8800
 7.548    7.8800
 7.559    7.8500
 7.570    7.7900
 7.581    7.7300
 7.592    7.7000
 7.603    7.6700
 7.614    7.6800
 7.626    7.6200
 7.637    7.5300
 7.648    7.4500
 7.659    7.4800
 7.671    7.4600
 7.682    7.4200
 7.694    7.4000
 7.705    7.4200
 7.716    7.3900
 7.728    7.3900
 7.739    7.3500
 7.751    7.3200
 7.763    7.3200
 7.774    7.3400
 7.786    7.3400
 7.798    7.4000
 7.809    7.3900
 7.821    7.3800
 7.833    7.3200
 7.845    7.3900
 7.857    7.3800
 7.869    7.3300
 7.881    7.2300
 7.893    7.2000
 7.905    7.1400
 7.917    7.1000
 7.929    7.0800
 7.941    7.0600
 7.953    7.0000
 7.965    6.9600
 7.978    6.9300
 7.990    6.9500
 8.002    6.9300
 8.015    6.9100
 8.027    6.8800
 8.039    6.8800
 8.052    6.7400
 8.064    6.7400
 8.077    6.7100
 8.090    6.6400
 8.102    6.6300
 8.115    6.6200
 8.128    6.6100
 8.140    6.6400
 8.153    6.6500
 8.166    6.7800
 8.179    6.8700
 8.192    6.9100
 8.205    6.9100
 8.218    6.9200
 8.231    6.8800
 8.244    6.9000
 8.257    6.8800
 8.270    6.8700
 8.283    6.8100
 8.297    6.7800
 8.310    6.6400
 8.323    6.5600
 8.337    6.4800
 8.350    6.4300
 8.364    6.3600
 8.377    6.3000
 8.391    6.2900
 8.404    6.3000
 8.418    6.2100
 8.431    6.2800
 8.445    6.2800
 8.459    6.2800
 8.473    6.3200
 8.487    6.4000
 8.501    6.4000
 8.515    6.4100
 8.529    6.4800
 8.543    6.5400
 8.557    6.3900
 8.571    6.3900
 8.585    6.4600
 8.599    6.4700
 8.614    6.5000
 8.628    6.6200
 8.642    6.5400
 8.657    6.5500
 8.671    6.5600
 8.686    6.5500
 8.700    6.5200
 8.715    6.5000
 8.730    6.4100
 8.744    6.4900
 8.759    6.6500
 8.774    6.8400
 8.789    6.7800
 8.804    6.7400
 8.819    6.8500
 8.834    6.8300
 8.849    6.6300
 8.864    6.6200
 8.879    6.7200
 8.894    6.7700
 8.909    6.7300
 8.925    6.8000
 8.940    6.8000
 8.956    6.8400
 8.971    6.7700
 8.987    6.8000
 9.002    6.7700
 9.018    6.6600
 9.034    6.5600
 9.049    6.4100
 9.065    6.1300
 9.081    6.1300
 9.097    6.3700
 9.113    6.6400
 9.129    6.7700
 9.145    6.8300
 9.161    6.6900
 9.178    6.5700
 9.194    6.5000
 9.210    6.4700
 9.226    6.4700
 9.243    6.5400
 9.259    6.5100
 9.276    6.5600
 9.293    6.5100
 9.309    6.4900
 9.326    6.4300
 9.343    6.4900
 9.360    6.5300
 9.377    6.5400
 9.394    6.5400
 9.411    6.6100
 9.428    6.6300
 9.445    6.7200
 9.462    6.7000
 9.479    6.6100
 9.497    6.5100
 9.514    6.4700
 9.532    6.3300
 9.549    6.3200
 9.567    6.2500
 9.585    6.2300
 9.602    6.2700
 9.620    6.3500
 9.638    6.2500
 9.656    6.2100
 9.674    6.1200
 9.692    6.0300
 9.710    5.9500
 9.728    6.0500
 9.747    6.0700
 9.765    6.1300
 9.783    6.1800
 9.802    6.2100
 9.821    6.1000
 9.839    6.0400
 9.858    5.9700
 9.877    5.9400
 9.895    5.8900
 9.914    5.9300
 9.933    5.8900
 9.952    5.8600
 9.972    5.9200
 9.991    5.9300
10.010    5.8400
10.029    5.8000
10.049    5.7400
10.068    5.8000
10.088    5.8500
10.108    5.8600
10.127    5.8200
10.147    5.8900
10.167    5.9400
10.187    5.9300
10.207    5.9200
10.227    6.0000
10.247    6.0100
10.268    6.0300
10.288    5.9800
10.309    6.0100
10.329    5.9800
10.350    6.0300
10.370    6.0800
10.391    6.0900
10.412    6.0300
10.433    6.0200
10.454    5.9400
10.475    5.9600
10.496    5.9400
10.518    5.8600
10.539    5.8300
10.560    5.8800
10.582    5.8700
10.604    5.8600
10.625    5.7900
10.647    5.8500
10.669    5.8800
10.691    5.9700
10.713    6.0000
10.735    6.0300
10.758    5.9700
10.780    5.9300
10.802    5.9200
10.825    6.0700
10.848    6.1900
10.870    6.3400
10.893    6.3700
10.916    6.4300
10.939    6.5200
10.962    6.6900
10.985    6.9400
11.009    7.3600
11.032    8.0400
11.056    9.2800
11.079   11.4300
11.103   14.5600
11.127   16.8400
11.151   17.3100
11.175   16.8000
11.199   16.1600
11.223   15.8100
11.248   15.4500
11.272   14.4500
11.297   13.1100
11.321   11.8600
11.346   10.7400
11.371    9.5900
11.396    8.7700
11.421    8.0800
11.446    7.4100
11.471    6.8300
11.497    6.6100
11.522    6.5300
11.548    6.4900
11.574    6.3100
11.600    6.2300
11.626    6.0600
11.652    5.7700
11.678    5.3600
11.704    5.3100
11.731    5.4900
11.757    5.6700
11.784    5.8200
11.811    5.9500
11.838    6.0400
11.865    6.1200
11.892    6.0800
11.920    6.0800
11.947    6.0200
11.975    5.9500
12.002    5.7900
12.030    5.7700
12.058    5.7700
12.086    5.7900
12.115    5.7000
12.143    5.7000
12.171    5.6700
12.200    5.5900
12.229    5.4600
12.258    5.4700
12.287    5.4400
12.316    5.4800
12.345    5.4400
12.375    5.3900
12.404    5.2800
12.434    5.2900
12.464    5.2800
12.494    5.2500
12.524    5.2000
12.554    5.2000
12.585    5.1300
12.616    5.0700
12.646    4.9200
12.677    4.9400
12.708    4.9100
12.739    4.8400
12.771    4.7700
12.802    4.7600
12.834    4.7100
12.866    4.7900
12.898    4.7400
12.930    4.6500
12.962    4.5800
12.995    4.5300
13.027    4.4200
13.060    4.4400
13.093    4.4400
13.126    4.4200
13.160    4.2200
13.193    4.0900
13.227    4.0300
13.261    4.0000
13.295    3.8800
13.329    3.6900
13.363    3.5000
13.398    3.4400
13.432    3.2200
13.467    3.0100
13.502    2.7500
13.538    2.5900
13.573    2.4400
13.609    2.6300
13.644    3.1800
13.680    3.7400
13.717    3.7800
13.753    3.7500
13.790    3.7000
13.826    3.6100
13.863    3.3700
13.900    3.4200
13.938    3.4200
13.975    3.6900
14.013    3.8800
