Name:  Basalt
Type:  Rock
Class:  Igneous  
Subclass: Mafic 
Particle Size:  Whole rock chips
Sample No.:  ba1b1f2
Owner:  Larry Rowan, USGS
Wavelength range:  VNIR SWIR IR
Origin:  Sweimah, Jordan

Description:  dark gray basalt 





Measurement:  Reflectance
First Column:  X
Second Column:  Y
X Units:  Wavelength (micrometers)
Y Units:  Reflectance (percent)
First X Value:  0.4
Last X Value:  14.01309
Number of X Values:  2826
Additional Information:  ba1b1f2a.txt
 0.400   11.2000
 0.401   11.0000
 0.402   11.1000
 0.403   11.2000
 0.404   11.1000
 0.405   11.1000
 0.406   11.1000
 0.407   11.1000
 0.408   11.2000
 0.409   11.1000
 0.410   11.2000
 0.411   11.1000
 0.412   11.2000
 0.413   11.2000
 0.414   11.2000
 0.415   11.2000
 0.416   11.4000
 0.417   11.4000
 0.418   11.2000
 0.419   11.1000
 0.420   11.0000
 0.421   11.1000
 0.422   11.0000
 0.423   11.1000
 0.424   10.9000
 0.425   11.0000
 0.426   10.9000
 0.427   11.0000
 0.428   11.2000
 0.429   11.0000
 0.430   11.0000
 0.431   10.9000
 0.432   10.9000
 0.433   10.9000
 0.434   10.7000
 0.435   10.9000
 0.436   10.9000
 0.437   10.9000
 0.438   10.9000
 0.439   10.6000
 0.440   10.7000
 0.441   10.7000
 0.442   10.6000
 0.443   10.5000
 0.444   10.6000
 0.445   10.6000
 0.446   10.5000
 0.447   10.4000
 0.448   10.5000
 0.449   10.6000
 0.450   10.5000
 0.451   10.5000
 0.452   10.6000
 0.453   10.4000
 0.454   10.1000
 0.455   10.0000
 0.456   10.0000
 0.457   10.1000
 0.458   10.3000
 0.459    9.8000
 0.460    9.8000
 0.461    9.8000
 0.462    9.8000
 0.463    9.9000
 0.464    9.9000
 0.465    9.6000
 0.466    9.6000
 0.467    9.9000
 0.468    9.8000
 0.469    9.8000
 0.470    9.8000
 0.471    9.6000
 0.472    9.5000
 0.473    9.5000
 0.474    9.5000
 0.475    9.5000
 0.476    9.6000
 0.477    9.5000
 0.478    9.6000
 0.479    9.6000
 0.480    9.5000
 0.481    9.6000
 0.482    9.5000
 0.483    9.4000
 0.484    9.5000
 0.485    9.6000
 0.486    9.5000
 0.487    9.4000
 0.488    9.4000
 0.489    9.4000
 0.490    9.2000
 0.491    9.2000
 0.492    9.4000
 0.493    9.6000
 0.494    9.5000
 0.495    9.5000
 0.496    9.5000
 0.497    9.5000
 0.498    9.4000
 0.499    9.4000
 0.500    9.4000
 0.501    9.5000
 0.502    9.6000
 0.503    9.5000
 0.504    9.4000
 0.505    9.4000
 0.506    9.4000
 0.507    9.3000
 0.508    9.5000
 0.509    9.5000
 0.510    9.4000
 0.511    9.3000
 0.512    9.4000
 0.513    9.5000
 0.514    9.5000
 0.515    9.6000
 0.516    9.5000
 0.517    9.4000
 0.518    9.4000
 0.519    9.5000
 0.520    9.5000
 0.521    9.5000
 0.522    9.5000
 0.523    9.5000
 0.524    9.6000
 0.525    9.6000
 0.526    9.6000
 0.527    9.5000
 0.528    9.6000
 0.529    9.5000
 0.530    9.5000
 0.531    9.5000
 0.532    9.6000
 0.533    9.6000
 0.534    9.6000
 0.535    9.5000
 0.536    9.5000
 0.537    9.5000
 0.538    9.6000
 0.539    9.6000
 0.540    9.5000
 0.541    9.5000
 0.542    9.5000
 0.543    9.6000
 0.544    9.8000
 0.545    9.6000
 0.546    9.8000
 0.547    9.6000
 0.548    9.6000
 0.549    9.6000
 0.550    9.5000
 0.551    9.6000
 0.552    9.6000
 0.553    9.6000
 0.554    9.6000
 0.555    9.5000
 0.556   10.1000
 0.557   10.0000
 0.558   10.0000
 0.559    9.6000
 0.560    9.8000
 0.561    9.8000
 0.562    9.8000
 0.563    9.6000
 0.564    9.8000
 0.565    9.9000
 0.566    9.9000
 0.567    9.8000
 0.568    9.8000
 0.569    9.8000
 0.570   10.0000
 0.571   10.0000
 0.572   10.1000
 0.573    9.9000
 0.574    9.9000
 0.575    9.8000
 0.576    9.9000
 0.577    9.9000
 0.578    9.8000
 0.579    9.9000
 0.580    9.9000
 0.581    9.9000
 0.582   10.0000
 0.583   10.0000
 0.584    9.9000
 0.585    9.9000
 0.586    9.9000
 0.587    9.8000
 0.588    9.8000
 0.589    9.6000
 0.590    9.6000
 0.591    9.9000
 0.592    9.8000
 0.593    9.9000
 0.594    9.8000
 0.595    9.9000
 0.596    9.9000
 0.597    9.9000
 0.598    9.9000
 0.599   10.0000
 0.600    9.8000
 0.601    9.9000
 0.602   10.0000
 0.603    9.9000
 0.604    9.9000
 0.605   10.0000
 0.606    9.9000
 0.607    9.9000
 0.608   10.3000
 0.609   10.0000
 0.610   10.0000
 0.611    9.9000
 0.612    9.9000
 0.613   10.0000
 0.614   10.0000
 0.615   10.0000
 0.616   10.0000
 0.617   10.0000
 0.618   10.0000
 0.619   10.0000
 0.620   10.1000
 0.621   10.0000
 0.622   10.0000
 0.623   10.0000
 0.624   10.0000
 0.625   10.3000
 0.626   10.1000
 0.627   10.1000
 0.628   10.1000
 0.629   10.0000
 0.630   10.1000
 0.631   10.3000
 0.632   10.3000
 0.633   10.3000
 0.634   10.3000
 0.635   10.3000
 0.636   10.0000
 0.637   10.1000
 0.638   10.1000
 0.639   10.1000
 0.640   10.1000
 0.641   10.1000
 0.642   10.1000
 0.643   10.0000
 0.644   10.0000
 0.645    9.9000
 0.646   10.0000
 0.647   10.1000
 0.648   10.0000
 0.649   10.1000
 0.650   10.1000
 0.651   10.1000
 0.652   10.3000
 0.653   10.0000
 0.654   10.1000
 0.655   10.1000
 0.656   10.3000
 0.657   10.0000
 0.658   10.3000
 0.659   10.5000
 0.660   10.3000
 0.661   10.1000
 0.662   10.0000
 0.663   10.1000
 0.664   10.3000
 0.665   10.3000
 0.666   10.3000
 0.667   10.3000
 0.668   10.0000
 0.669   10.3000
 0.670   10.3000
 0.671   10.3000
 0.672   10.3000
 0.673   10.1000
 0.674   10.3000
 0.675   10.3000
 0.676   10.3000
 0.677   10.3000
 0.678   10.0000
 0.679   10.1000
 0.680   10.1000
 0.681   10.4000
 0.682   10.1000
 0.683   10.3000
 0.684   10.3000
 0.685   10.3000
 0.686   10.3000
 0.687   10.3000
 0.688   10.3000
 0.689   10.4000
 0.690   10.3000
 0.691   10.3000
 0.692   10.5000
 0.693   10.5000
 0.694   10.4000
 0.695   10.4000
 0.696   10.3000
 0.697   10.0000
 0.698   10.1000
 0.699   10.3000
 0.700   10.4000
 0.701   10.4000
 0.702   10.3000
 0.703   10.3000
 0.704   10.3000
 0.705   10.4000
 0.706   10.4000
 0.707   10.3000
 0.708   10.1000
 0.709   10.3000
 0.710   10.4000
 0.711   10.4000
 0.712   10.3000
 0.713   10.3000
 0.714   10.4000
 0.715   10.3000
 0.716   10.4000
 0.717   10.4000
 0.718   10.3000
 0.719   10.3000
 0.720   10.4000
 0.721   10.4000
 0.722   10.3000
 0.723   10.3000
 0.724   10.3000
 0.725   10.4000
 0.726   10.4000
 0.727   10.5000
 0.728   10.3000
 0.729   10.3000
 0.730   10.3000
 0.731   10.3000
 0.732   10.3000
 0.733   10.5000
 0.734   10.4000
 0.735   10.6000
 0.736   10.5000
 0.737   10.5000
 0.738   10.5000
 0.739   10.5000
 0.740   10.5000
 0.741   10.5000
 0.742   10.6000
 0.743   10.4000
 0.744   10.4000
 0.745   10.6000
 0.746   10.4000
 0.747   10.4000
 0.748   10.3000
 0.749   10.3000
 0.750   10.5000
 0.751   10.5000
 0.752   10.5000
 0.753   10.4000
 0.754   10.5000
 0.755   10.6000
 0.756   10.5000
 0.757   10.5000
 0.758   10.4000
 0.759   10.4000
 0.760   10.3000
 0.761   10.4000
 0.762   10.5000
 0.763   10.5000
 0.764   10.5000
 0.765   10.5000
 0.766   10.4000
 0.767   10.5000
 0.768   10.5000
 0.769   10.4000
 0.770   10.4000
 0.771   10.5000
 0.772   10.5000
 0.773   10.5000
 0.774   10.5000
 0.775   10.6000
 0.776   10.5000
 0.777   10.5000
 0.778   10.5000
 0.779   10.5000
 0.780   10.5000
 0.781   10.6000
 0.782   10.6000
 0.783   10.5000
 0.784   10.5000
 0.785   10.5000
 0.786   10.5000
 0.787   10.5000
 0.788   10.6000
 0.789   10.5000
 0.790   10.6000
 0.791   10.5000
 0.792   10.5000
 0.793   10.6000
 0.794   10.6000
 0.795   10.7000
 0.796   10.6000
 0.797   10.5000
 0.798    9.8000
 0.799    9.8000
 0.800   10.7000
 0.804   10.7000
 0.808   10.7000
 0.812   10.7000
 0.816   10.6000
 0.820   10.6000
 0.824   10.6000
 0.828   10.7000
 0.832   10.7000
 0.836   10.7000
 0.840   10.7000
 0.844   10.7000
 0.848   10.7000
 0.852   10.9000
 0.856   10.7000
 0.860   10.7000
 0.864   10.7000
 0.868   10.9000
 0.872   10.9000
 0.876   10.9000
 0.880   11.0000
 0.884   10.9000
 0.888   10.9000
 0.892   10.9000
 0.896   11.0000
 0.900   11.0000
 0.904   11.0000
 0.908   11.0000
 0.912   11.0000
 0.916   11.0000
 0.920   11.0000
 0.924   11.0000
 0.928   11.0000
 0.932   11.0000
 0.936   11.0000
 0.940   11.0000
 0.944   11.0000
 0.948   11.0000
 0.952   11.0000
 0.956   10.9000
 0.960   10.9000
 0.964   10.9000
 0.968   11.0000
 0.972   11.0000
 0.976   10.9000
 0.980   10.9000
 0.984   10.9000
 0.988   11.0000
 0.992   10.9000
 0.996   10.9000
 1.000   10.9000
 1.004   10.9000
 1.008   10.9000
 1.012   10.9000
 1.016   10.9000
 1.020   11.0000
 1.024   11.0000
 1.028   10.7000
 1.032   11.0000
 1.036   10.7000
 1.040   10.9000
 1.044   11.0000
 1.048   11.0000
 1.052   11.0000
 1.056   11.0000
 1.060   10.7000
 1.064   10.7000
 1.068   10.7000
 1.072   10.7000
 1.076   10.7000
 1.080   10.7000
 1.084   11.0000
 1.088   10.7000
 1.092   10.9000
 1.096   11.0000
 1.100   11.0000
 1.104   10.9000
 1.108   10.9000
 1.112   10.9000
 1.116   10.9000
 1.120   10.9000
 1.124   10.9000
 1.128   10.9000
 1.132   10.7000
 1.136   10.9000
 1.140   10.7000
 1.144   10.7000
 1.148   10.7000
 1.152   10.7000
 1.156   10.7000
 1.160   10.7000
 1.164   10.6000
 1.168   10.6000
 1.172   10.6000
 1.176   10.9000
 1.180   10.7000
 1.184   10.7000
 1.188   10.7000
 1.192   10.6000
 1.196   10.6000
 1.200   10.6000
 1.204   10.6000
 1.208   10.6000
 1.212   10.6000
 1.216   10.6000
 1.220   10.5000
 1.224   10.5000
 1.228   10.5000
 1.232   10.5000
 1.236   10.6000
 1.240   10.6000
 1.244   10.6000
 1.248   10.7000
 1.252   10.6000
 1.256   10.6000
 1.260   10.6000
 1.264   10.5000
 1.268   10.4000
 1.272   10.5000
 1.276   10.4000
 1.280   10.4000
 1.284   10.4000
 1.288   10.4000
 1.292   10.4000
 1.296   10.4000
 1.300   10.4000
 1.304   10.3000
 1.308   10.4000
 1.312   10.4000
 1.316   10.4000
 1.320   10.3000
 1.324   10.3000
 1.328   10.3000
 1.332   10.3000
 1.336   10.3000
 1.340   10.3000
 1.344   10.3000
 1.348   10.3000
 1.352   10.1000
 1.356   10.3000
 1.360   10.3000
 1.364   10.1000
 1.368   10.0000
 1.372   10.0000
 1.376   10.1000
 1.380   10.3000
 1.384   10.1000
 1.388   10.1000
 1.392   10.1000
 1.396   10.0000
 1.400   10.0000
 1.404    9.9000
 1.408    9.9000
 1.412    9.9000
 1.416    9.9000
 1.420    9.8000
 1.424    9.8000
 1.428    9.8000
 1.432    9.9000
 1.436    9.9000
 1.440    9.9000
 1.444    9.8000
 1.448    9.9000
 1.452    9.9000
 1.456    9.9000
 1.460    9.9000
 1.464    9.9000
 1.468    9.9000
 1.472    9.9000
 1.476    9.9000
 1.480    9.9000
 1.484    9.8000
 1.488    9.8000
 1.492    9.9000
 1.496    9.8000
 1.500    9.8000
 1.504    9.8000
 1.508    9.8000
 1.512    9.8000
 1.516    9.8000
 1.520   10.0000
 1.524   10.0000
 1.528   10.0000
 1.532   10.0000
 1.536   10.0000
 1.540   10.0000
 1.544   10.0000
 1.548    9.9000
 1.552    9.8000
 1.556    9.8000
 1.560    9.8000
 1.564    9.8000
 1.568    9.8000
 1.572    9.8000
 1.576    9.8000
 1.580    9.8000
 1.584    9.8000
 1.588    9.8000
 1.592    9.8000
 1.596    9.9000
 1.600    9.9000
 1.604    9.9000
 1.608    9.9000
 1.612    9.8000
 1.616    9.9000
 1.620    9.6000
 1.624    9.6000
 1.628    9.8000
 1.632    9.6000
 1.636    9.6000
 1.640    9.8000
 1.644    9.8000
 1.648    9.8000
 1.652    9.8000
 1.656    9.8000
 1.660    9.8000
 1.664    9.8000
 1.668    9.8000
 1.672    9.6000
 1.676    9.6000
 1.680    9.6000
 1.684    9.8000
 1.688    9.8000
 1.692    9.8000
 1.696    9.8000
 1.700    9.6000
 1.704    9.6000
 1.708    9.6000
 1.712    9.6000
 1.716    9.6000
 1.720    9.6000
 1.724    9.5000
 1.728    9.5000
 1.732    9.5000
 1.736    9.6000
 1.740    9.6000
 1.744    9.6000
 1.748    9.5000
 1.752    9.5000
 1.756    9.4000
 1.760    9.3000
 1.764    9.3000
 1.768    9.4000
 1.772    9.4000
 1.776    9.3000
 1.780    9.3000
 1.784    9.4000
 1.788    9.3000
 1.792    9.4000
 1.796    9.4000
 1.800    9.3000
 1.804    9.3000
 1.808    9.3000
 1.812    9.3000
 1.816    9.3000
 1.820    9.3000
 1.824    9.3000
 1.828    9.4000
 1.832    9.4000
 1.836    9.3000
 1.840    9.3000
 1.844    9.3000
 1.848    9.3000
 1.852    9.3000
 1.856    9.2000
 1.860    9.0000
 1.864    9.0000
 1.868    9.0000
 1.872    9.0000
 1.876    8.8000
 1.880    8.8000
 1.884    8.5000
 1.888    8.4000
 1.892    8.2000
 1.896    8.1000
 1.900    8.1000
 1.904    8.1000
 1.908    8.1000
 1.912    7.9000
 1.916    7.9000
 1.920    8.1000
 1.924    8.2000
 1.928    8.1000
 1.932    8.1000
 1.936    8.2000
 1.940    8.1000
 1.944    8.2000
 1.948    8.1000
 1.952    8.2000
 1.956    8.2000
 1.960    8.2000
 1.964    8.4000
 1.968    8.4000
 1.972    8.3000
 1.976    8.3000
 1.980    8.4000
 1.984    8.5000
 1.988    8.5000
 1.992    8.7000
 1.996    8.5000
 2.000    8.5000
 2.004    8.7000
 2.008    8.7000
 2.012    8.7000
 2.016    8.7000
 2.020    8.8000
 2.024    8.8000
 2.028    8.7000
 2.032    8.7000
 2.036    8.7000
 2.040    8.7000
 2.044    8.7000
 2.048    8.7000
 2.052    8.8000
 2.056    8.8000
 2.060    8.9000
 2.064    8.8000
 2.068    8.8000
 2.072    8.8000
 2.076    8.8000
 2.080    8.8000
 2.084    8.8000
 2.088    8.8000
 2.092    8.8000
 2.096    8.9000
 2.100    8.8000
 2.100    9.6100
 2.101    9.5100
 2.102    9.3600
 2.103    9.3200
 2.104    9.3500
 2.105    9.3000
 2.106    9.2600
 2.106    9.6600
 2.107    9.9000
 2.108    9.7800
 2.109    9.6100
 2.110    9.6900
 2.111    9.6900
 2.112    9.8000
 2.112    9.6800
 2.113    9.5300
 2.114    9.3500
 2.115    9.2700
 2.116    9.4200
 2.117    9.5800
 2.118    9.5500
 2.118    9.5000
 2.119    9.6200
 2.120    9.8600
 2.121    9.7100
 2.122    9.4900
 2.123    9.4500
 2.124    9.5400
 2.125    9.6300
 2.125    9.5600
 2.126    9.3800
 2.127    9.3300
 2.128    9.3700
 2.129    9.3300
 2.130    9.5500
 2.131    9.8800
 2.132    9.7200
 2.132    9.5200
 2.133    9.3800
 2.134    9.4500
 2.135    9.6100
 2.136    9.5300
 2.137    9.4800
 2.138    9.4900
 2.139    9.4400
 2.139    9.5100
 2.140    9.2900
 2.141    9.2400
 2.142    9.4300
 2.143    9.5100
 2.144    9.5200
 2.145    9.6200
 2.146    9.4900
 2.147    9.4600
 2.147    9.3200
 2.148    9.3800
 2.149    9.4800
 2.150    9.4800
 2.151    9.4600
 2.152    9.3300
 2.153    9.3300
 2.154    9.5900
 2.155    9.6500
 2.155    9.5500
 2.156    9.4600
 2.157    9.4900
 2.158    9.5900
 2.159    9.6300
 2.160    9.5600
 2.161    9.4700
 2.162    9.3700
 2.163    9.5100
 2.164    9.6400
 2.164    9.5500
 2.165    9.4200
 2.166    9.4400
 2.167    9.4000
 2.168    9.4300
 2.169    9.6200
 2.170    9.4700
 2.171    9.1500
 2.172    9.2700
 2.173    9.3800
 2.173    9.3500
 2.174    9.3700
 2.175    9.5900
 2.176    9.6700
 2.177    9.6700
 2.178    9.5300
 2.179    9.2900
 2.180    9.3300
 2.181    9.4900
 2.182    9.4000
 2.183    9.3600
 2.184    9.4000
 2.184    9.5500
 2.185    9.5300
 2.186    9.6100
 2.187    9.7000
 2.188    9.6500
 2.189    9.5500
 2.190    9.6300
 2.191    9.7500
 2.192    9.6100
 2.193    9.3600
 2.194    9.2900
 2.195    9.3200
 2.196    9.4600
 2.196    9.5400
 2.197    9.6100
 2.198    9.3500
 2.199    9.2800
 2.200    9.4000
 2.201    9.3800
 2.202    9.3300
 2.203    9.5500
 2.204    9.5600
 2.205    9.4100
 2.206    9.3100
 2.207    9.3800
 2.208    9.3400
 2.209    9.3300
 2.210    9.4500
 2.211    9.4200
 2.211    9.2900
 2.212    9.4500
 2.213    9.5800
 2.214    9.5700
 2.215    9.4500
 2.216    9.4900
 2.217    9.5100
 2.218    9.4300
 2.219    9.2800
 2.220    9.2100
 2.221    9.1800
 2.222    9.2500
 2.223    9.3500
 2.224    9.3900
 2.225    9.3200
 2.226    9.3900
 2.227    9.3700
 2.228    9.3600
 2.229    9.2200
 2.230    9.3200
 2.231    9.4000
 2.231    9.3100
 2.232    9.2600
 2.233    9.3700
 2.234    9.3400
 2.235    9.3200
 2.236    9.4100
 2.237    9.5100
 2.238    9.4600
 2.239    9.5000
 2.240    9.4200
 2.241    9.2900
 2.242    9.1400
 2.243    9.0700
 2.244    9.0000
 2.245    9.0700
 2.246    9.2200
 2.247    9.3900
 2.248    9.4800
 2.249    9.4600
 2.250    9.3800
 2.251    9.4100
 2.252    9.2500
 2.253    9.1900
 2.254    9.3400
 2.255    9.4100
 2.256    9.3300
 2.257    9.2600
 2.258    9.2100
 2.259    9.1600
 2.260    9.3700
 2.261    9.5000
 2.262    9.2100
 2.263    9.0300
 2.264    9.1300
 2.265    9.2900
 2.266    9.4100
 2.267    9.2400
 2.268    9.0500
 2.269    9.2600
 2.270    9.3500
 2.271    9.3200
 2.272    9.3000
 2.273    9.2900
 2.274    9.3700
 2.275    9.4600
 2.276    9.4900
 2.277    9.4600
 2.278    9.3400
 2.279    9.3100
 2.280    9.2200
 2.281    9.0900
 2.282    9.1800
 2.283    9.3700
 2.284    9.3800
 2.285    9.3800
 2.286    9.2200
 2.287    9.1000
 2.288    9.2300
 2.289    9.1600
 2.290    9.0000
 2.291    9.2500
 2.292    9.4100
 2.293    9.4200
 2.294    9.3400
 2.295    9.2400
 2.296    9.3500
 2.297    9.3600
 2.298    9.2600
 2.299    9.2800
 2.300    9.1700
 2.301    9.0100
 2.302    9.0200
 2.303    9.0300
 2.304    9.0900
 2.305    9.3000
 2.306    9.2800
 2.307    9.2900
 2.308    9.3500
 2.309    9.3900
 2.310    9.2700
 2.311    9.1100
 2.312    8.9800
 2.313    9.1000
 2.314    9.1800
 2.315    9.0800
 2.316    9.0700
 2.317    9.0700
 2.318    9.0200
 2.319    9.1000
 2.320    9.1200
 2.321    9.2700
 2.322    9.2100
 2.323    9.0500
 2.324    8.9700
 2.326    9.0700
 2.327    9.2000
 2.328    9.2500
 2.329    9.1400
 2.330    9.0400
 2.331    8.9600
 2.332    9.0900
 2.333    9.2800
 2.334    9.2000
 2.335    9.1200
 2.336    9.2200
 2.337    9.2800
 2.338    9.1800
 2.339    9.0100
 2.340    8.9600
 2.341    8.9300
 2.342    9.0200
 2.343    9.2400
 2.344    9.2100
 2.346    9.0100
 2.347    9.0400
 2.348    8.9500
 2.349    8.9600
 2.350    9.0700
 2.351    9.2000
 2.352    9.1100
 2.353    8.8900
 2.354    8.9800
 2.355    9.0800
 2.356    9.0100
 2.357    9.0600
 2.358    8.9500
 2.359    8.9200
 2.360    9.0600
 2.362    9.0400
 2.363    8.9900
 2.364    8.9500
 2.365    8.8900
 2.366    9.1100
 2.367    9.0600
 2.368    8.8500
 2.369    8.8800
 2.370    8.8900
 2.371    8.8100
 2.372    8.8500
 2.373    8.9300
 2.375    9.0000
 2.376    8.8600
 2.377    8.6800
 2.378    8.7500
 2.379    8.9300
 2.380    8.9300
 2.381    8.9000
 2.382    8.7000
 2.383    8.6200
 2.384    8.7100
 2.385    8.7800
 2.387    8.7600
 2.388    8.8500
 2.389    8.8500
 2.390    8.7600
 2.391    8.7500
 2.392    8.9600
 2.393    8.9800
 2.394    8.8700
 2.395    8.8200
 2.396    8.7700
 2.398    8.7100
 2.399    8.8600
 2.400    8.8200
 2.401    8.7700
 2.402    8.7900
 2.403    8.9100
 2.404    8.8500
 2.405    8.7600
 2.406    8.6800
 2.408    8.6100
 2.409    8.5700
 2.410    8.5100
 2.411    8.5100
 2.412    8.7500
 2.413    8.6900
 2.414    8.5300
 2.415    8.4700
 2.417    8.5200
 2.418    8.6500
 2.419    8.7200
 2.420    8.6400
 2.421    8.5000
 2.422    8.4500
 2.423    8.5700
 2.424    8.5500
 2.426    8.4300
 2.427    8.4600
 2.428    8.4800
 2.429    8.5100
 2.430    8.5900
 2.431    8.4400
 2.432    8.2400
 2.434    8.3400
 2.435    8.4400
 2.436    8.3400
 2.437    8.3400
 2.438    8.1900
 2.439    8.1500
 2.440    8.4000
 2.442    8.5300
 2.443    8.5300
 2.444    8.3700
 2.445    8.2100
 2.446    8.2600
 2.447    8.2700
 2.449    8.3200
 2.450    8.3400
 2.451    8.3600
 2.452    8.2600
 2.453    8.3300
 2.454    8.4400
 2.455    8.4200
 2.457    8.1600
 2.458    8.1700
 2.459    8.2800
 2.460    8.3800
 2.461    8.3300
 2.462    8.2500
 2.464    8.2000
 2.465    8.3300
 2.466    8.2600
 2.467    8.0000
 2.468    7.9900
 2.469    8.1500
 2.471    8.1400
 2.472    8.2400
 2.473    8.0500
 2.474    7.9200
 2.475    7.9700
 2.477    8.0400
 2.478    8.0700
 2.479    8.2000
 2.480    8.1600
 2.481    7.9800
 2.482    8.0300
 2.484    8.1300
 2.485    8.0900
 2.486    8.0200
 2.487    7.9400
 2.488    7.9700
 2.490    7.9300
 2.491    7.8800
 2.492    7.8200
 2.493    7.7500
 2.494    7.8600
 2.496    8.1000
 2.497    8.1700
 2.498    8.2300
 2.499    8.0900
 2.500    7.9300
 2.502    7.7900
 2.503    7.7200
 2.504    7.7600
 2.505    7.9600
 2.506    7.9500
 2.508    7.8900
 2.509    7.9400
 2.510    7.9900
 2.511    7.9300
 2.513    7.8700
 2.514    7.9200
 2.515    7.8500
 2.516    7.7300
 2.517    7.7500
 2.519    7.6900
 2.520    7.6900
 2.521    7.8000
 2.522    8.0300
 2.524    7.9700
 2.525    7.8700
 2.526    7.9300
 2.527    7.8600
 2.528    7.8700
 2.530    7.8400
 2.531    7.7900
 2.532    7.7700
 2.533    7.7900
 2.535    7.8000
 2.536    7.7000
 2.537    7.8200
 2.538    7.7600
 2.540    7.7700
 2.541    7.8300
 2.542    7.8300
 2.543    7.7100
 2.545    7.7200
 2.546    7.7200
 2.547    7.7900
 2.548    7.9000
 2.550    7.9300
 2.551    7.7500
 2.552    7.7000
 2.553    7.7500
 2.555    7.8800
 2.556    7.9500
 2.557    7.9300
 2.558    7.7900
 2.560    7.8800
 2.561    7.8500
 2.562    7.7200
 2.563    7.7000
 2.565    7.8100
 2.566    7.9100
 2.567    7.9300
 2.569    7.8400
 2.570    7.8400
 2.571    7.8100
 2.572    7.7300
 2.574    7.6100
 2.575    7.6500
 2.576    7.7400
 2.577    7.7400
 2.579    7.7400
 2.580    7.8000
 2.581    7.9100
 2.583    7.9600
 2.584    7.7500
 2.585    7.7400
 2.586    7.8100
 2.588    7.9700
 2.589    7.9000
 2.590    7.8300
 2.592    7.7800
 2.593    7.7000
 2.594    7.7100
 2.596    7.7300
 2.597    7.7600
 2.598    7.7800
 2.599    7.6900
 2.601    7.7000
 2.602    7.7700
 2.603    7.8100
 2.605    7.8500
 2.606    7.8400
 2.607    7.7100
 2.609    7.6900
 2.610    7.8700
 2.611    7.8900
 2.613    7.8500
 2.614    7.8400
 2.615    7.6800
 2.616    7.7900
 2.618    7.7700
 2.619    7.6000
 2.620    7.6300
 2.622    7.8200
 2.623    7.7800
 2.624    7.6000
 2.626    7.5100
 2.627    7.5900
 2.628    7.6600
 2.630    7.7400
 2.631    7.8700
 2.632    7.9200
 2.634    7.7800
 2.635    7.7000
 2.636    7.7700
 2.638    7.6800
 2.639    7.5500
 2.640    7.4600
 2.642    7.4000
 2.643    7.5600
 2.645    7.6500
 2.646    7.6100
 2.647    7.5100
 2.649    7.4800
 2.650    7.4600
 2.651    7.5300
 2.653    7.5800
 2.654    7.6000
 2.655    7.5600
 2.657    7.6200
 2.658    7.5500
 2.659    7.3900
 2.661    7.3100
 2.662    7.3500
 2.664    7.4000
 2.665    7.2800
 2.666    7.0800
 2.668    7.2200
 2.669    7.2900
 2.670    7.1200
 2.672    7.1400
 2.673    7.2900
 2.675    7.2400
 2.676    7.1100
 2.677    7.1200
 2.679    7.1700
 2.680    7.0100
 2.681    6.9800
 2.683    7.0200
 2.684    6.9400
 2.686    6.8300
 2.687    6.9100
 2.688    6.8600
 2.690    6.7600
 2.691    6.6100
 2.693    6.6700
 2.694    6.7600
 2.695    6.6500
 2.697    6.5600
 2.698    6.5000
 2.700    6.4400
 2.701    6.2800
 2.702    6.1100
 2.704    6.2200
 2.705    6.2800
 2.707    6.2100
 2.708    6.0600
 2.709    6.0000
 2.711    5.9000
 2.712    5.8500
 2.714    5.7300
 2.715    5.6100
 2.717    5.5000
 2.718    5.4900
 2.719    5.4500
 2.721    5.4000
 2.722    5.3000
 2.724    5.1700
 2.725    5.1000
 2.727    5.1800
 2.728    5.0300
 2.729    4.8700
 2.731    4.8200
 2.732    4.8800
 2.734    4.9300
 2.735    4.7900
 2.737    4.6500
 2.738    4.6700
 2.740    4.6400
 2.741    4.5800
 2.742    4.5700
 2.744    4.5600
 2.745    4.4000
 2.747    4.4400
 2.748    4.4400
 2.750    4.3300
 2.751    4.2900
 2.753    4.2600
 2.754    4.1900
 2.756    4.2000
 2.757    4.2100
 2.758    4.2200
 2.760    4.1400
 2.761    4.1500
 2.763    4.3400
 2.764    4.2800
 2.766    4.1400
 2.767    4.1700
 2.769    4.1400
 2.770    4.0400
 2.772    4.0300
 2.773    4.0800
 2.775    4.0000
 2.776    4.0700
 2.778    4.1200
 2.779    4.1300
 2.781    4.1300
 2.782    4.2300
 2.784    4.1300
 2.785    4.0500
 2.787    4.1300
 2.788    4.1800
 2.790    4.1400
 2.791    4.0200
 2.793    3.9400
 2.794    3.9800
 2.796    3.9800
 2.797    4.0100
 2.799    4.0400
 2.800    4.0800
 2.802    4.0800
 2.803    4.1500
 2.805    4.1300
 2.806    3.9800
 2.808    3.9100
 2.809    4.0100
 2.811    3.9500
 2.812    3.9300
 2.814    3.9900
 2.815    4.0100
 2.817    4.0300
 2.818    4.0700
 2.820    3.9600
 2.821    4.0300
 2.823    4.1400
 2.825    4.1800
 2.826    4.0700
 2.828    4.0100
 2.829    4.0600
 2.831    3.9900
 2.832    3.9200
 2.834    3.9400
 2.835    4.0600
 2.837    4.2200
 2.838    4.1300
 2.840    3.9900
 2.842    3.9300
 2.843    4.0400
 2.845    4.1300
 2.846    4.1900
 2.848    4.1000
 2.849    3.9800
 2.851    3.9700
 2.853    3.9700
 2.854    3.8400
 2.856    3.8400
 2.857    3.9200
 2.859    4.0300
 2.860    4.0400
 2.862    4.0300
 2.864    4.0400
 2.865    4.0700
 2.867    4.0700
 2.868    4.1500
 2.870    4.1700
 2.871    4.0900
 2.873    4.0200
 2.875    3.9900
 2.876    4.0700
 2.878    4.0600
 2.879    3.8700
 2.881    3.9300
 2.883    3.9800
 2.884    3.9100
 2.886    3.8800
 2.887    4.0100
 2.889    4.0500
 2.891    4.0200
 2.892    3.9500
 2.894    3.8100
 2.896    3.7700
 2.897    3.9800
 2.899    4.0000
 2.900    4.0200
 2.902    4.0500
 2.904    3.9900
 2.905    3.9000
 2.907    3.8700
 2.909    3.8800
 2.910    3.9700
 2.912    3.9400
 2.913    4.1200
 2.915    4.0600
 2.917    3.8900
 2.918    3.8900
 2.920    3.9800
 2.922    4.0300
 2.923    4.0800
 2.925    4.0600
 2.927    4.1300
 2.928    4.0900
 2.930    4.0000
 2.932    4.0000
 2.933    4.0300
 2.935    4.0300
 2.937    4.0200
 2.938    4.0500
 2.940    4.0300
 2.942    3.9700
 2.943    4.0100
 2.945    4.0400
 2.947    4.0300
 2.948    3.9900
 2.950    4.0500
 2.952    4.1200
 2.953    4.2100
 2.955    4.1700
 2.957    4.0200
 2.958    3.9800
 2.960    4.0000
 2.962    4.0400
 2.963    4.1200
 2.965    4.1700
 2.967    4.1000
 2.968    3.9100
 2.970    3.8900
 2.972    4.0300
 2.974    4.1100
 2.975    4.0700
 2.977    4.0900
 2.979    4.0700
 2.980    4.0900
 2.982    4.1000
 2.984    4.1600
 2.986    4.2300
 2.987    4.2000
 2.989    4.1400
 2.991    4.1600
 2.992    4.1600
 2.994    4.1100
 2.996    4.0900
 2.998    4.1200
 2.999    4.1600
 3.001    4.2100
 3.003    4.1100
 3.005    4.0800
 3.006    4.1300
 3.008    4.1400
 3.010    4.1400
 3.012    4.2000
 3.013    4.3000
 3.015    4.2800
 3.017    4.0900
 3.019    4.0600
 3.020    4.1300
 3.022    4.2100
 3.024    4.1800
 3.026    4.1300
 3.027    4.1200
 3.029    4.0900
 3.031    4.0800
 3.033    4.1600
 3.034    4.2000
 3.036    4.3200
 3.038    4.2300
 3.040    4.0800
 3.042    4.1200
 3.043    4.2000
 3.045    4.1100
 3.047    4.0800
 3.049    4.2000
 3.051    4.2900
 3.052    4.2600
 3.054    4.1800
 3.056    4.1300
 3.058    4.2000
 3.060    4.2300
 3.061    4.2000
 3.063    4.2000
 3.065    4.2300
 3.067    4.2000
 3.069    4.1800
 3.070    4.1900
 3.072    4.2400
 3.074    4.2200
 3.076    4.2500
 3.078    4.2900
 3.079    4.2400
 3.081    4.2000
 3.083    4.1700
 3.085    4.2100
 3.087    4.3200
 3.089    4.2500
 3.091    4.1600
 3.092    4.2500
 3.094    4.3000
 3.096    4.3000
 3.098    4.3000
 3.100    4.3000
 3.102    4.3900
 3.103    4.3600
 3.105    4.3000
 3.107    4.2400
 3.109    4.2500
 3.111    4.2400
 3.113    4.2000
 3.115    4.1700
 3.116    4.2300
 3.118    4.3100
 3.120    4.3500
 3.122    4.3400
 3.124    4.3700
 3.126    4.4200
 3.128    4.4900
 3.130    4.4600
 3.132    4.4200
 3.133    4.3800
 3.135    4.4200
 3.137    4.4700
 3.139    4.4500
 3.141    4.4100
 3.143    4.4600
 3.145    4.5300
 3.147    4.4900
 3.149    4.4400
 3.151    4.4100
 3.152    4.4300
 3.154    4.5400
 3.156    4.5600
 3.158    4.5200
 3.160    4.4900
 3.162    4.5200
 3.164    4.6000
 3.166    4.6400
 3.168    4.5700
 3.170    4.5800
 3.172    4.5600
 3.174    4.5200
 3.176    4.5200
 3.178    4.5500
 3.180    4.5600
 3.182    4.6600
 3.183    4.6300
 3.185    4.5800
 3.187    4.6400
 3.189    4.6600
 3.191    4.6300
 3.193    4.6500
 3.195    4.7100
 3.197    4.7000
 3.199    4.6700
 3.201    4.7200
 3.203    4.6800
 3.205    4.6400
 3.207    4.7200
 3.209    4.7800
 3.211    4.7600
 3.213    4.7300
 3.215    4.6800
 3.217    4.7200
 3.219    4.8100
 3.221    4.8200
 3.223    4.8200
 3.225    4.8100
 3.227    4.8000
 3.229    4.7700
 3.231    4.7700
 3.233    4.8000
 3.235    4.7900
 3.237    4.8000
 3.239    4.7700
 3.241    4.8500
 3.243    4.8800
 3.245    4.8200
 3.247    4.7500
 3.249    4.7700
 3.251    4.8300
 3.253    4.8900
 3.255    4.9400
 3.257    4.9500
 3.259    4.9300
 3.262    4.8800
 3.264    4.8700
 3.266    5.0300
 3.268    5.1000
 3.270    4.9800
 3.272    4.9100
 3.274    4.9400
 3.276    4.9800
 3.278    4.9800
 3.280    4.9800
 3.282    4.9900
 3.284    4.9700
 3.286    5.0300
 3.288    5.0500
 3.291    5.0100
 3.293    5.0200
 3.295    5.0800
 3.297    5.0700
 3.299    5.0600
 3.301    5.1000
 3.303    5.1200
 3.305    5.1100
 3.307    5.1400
 3.309    5.1400
 3.312    5.1300
 3.314    5.1100
 3.316    5.0900
 3.318    5.1100
 3.320    5.1000
 3.322    5.0600
 3.324    5.1400
 3.326    5.2000
 3.329    5.2000
 3.331    5.1800
 3.333    5.1400
 3.335    5.1700
 3.337    5.1800
 3.339    5.1300
 3.341    5.1600
 3.344    5.2300
 3.346    5.2400
 3.348    5.2200
 3.350    5.2900
 3.352    5.3100
 3.354    5.2400
 3.357    5.2100
 3.359    5.2200
 3.361    5.2400
 3.363    5.3500
 3.365    5.4100
 3.367    5.4400
 3.370    5.4400
 3.372    5.3900
 3.374    5.3100
 3.376    5.2800
 3.378    5.3100
 3.381    5.3900
 3.383    5.4500
 3.385    5.4800
 3.387    5.5000
 3.389    5.4300
 3.392    5.3700
 3.394    5.4100
 3.396    5.4500
 3.398    5.4800
 3.401    5.4800
 3.403    5.5400
 3.405    5.5800
 3.407    5.5900
 3.409    5.5900
 3.412    5.5800
 3.414    5.5900
 3.416    5.6200
 3.418    5.6400
 3.421    5.6800
 3.423    5.6900
 3.425    5.7000
 3.428    5.7500
 3.430    5.7200
 3.432    5.6800
 3.434    5.7500
 3.437    5.7700
 3.439    5.7400
 3.441    5.7200
 3.443    5.7400
 3.446    5.7100
 3.448    5.6800
 3.450    5.6400
 3.453    5.6400
 3.455    5.7300
 3.457    5.7700
 3.460    5.7900
 3.462    5.8100
 3.464    5.7800
 3.466    5.7100
 3.469    5.7000
 3.471    5.8200
 3.473    5.8400
 3.476    5.8400
 3.478    5.8000
 3.480    5.7700
 3.483    5.7600
 3.485    5.7700
 3.487    5.7700
 3.490    5.8100
 3.492    5.9000
 3.494    5.9400
 3.497    5.9300
 3.499    5.9200
 3.502    5.8700
 3.504    5.8900
 3.506    5.9800
 3.509    6.0500
 3.511    6.0500
 3.513    6.0400
 3.516    6.0400
 3.518    6.0100
 3.521    5.9600
 3.523    6.0100
 3.525    6.0400
 3.528    6.0100
 3.530    6.0500
 3.533    6.1200
 3.535    6.0600
 3.537    6.1200
 3.540    6.1800
 3.542    6.1500
 3.545    6.1200
 3.547    6.1400
 3.550    6.1300
 3.552    6.1600
 3.554    6.2200
 3.557    6.2800
 3.559    6.3000
 3.562    6.3200
 3.564    6.3600
 3.567    6.3200
 3.569    6.2300
 3.571    6.2200
 3.574    6.2300
 3.576    6.2500
 3.579    6.3200
 3.581    6.3500
 3.584    6.3500
 3.586    6.4300
 3.589    6.4600
 3.591    6.4300
 3.594    6.4600
 3.596    6.5200
 3.599    6.4700
 3.601    6.4200
 3.604    6.4500
 3.606    6.5100
 3.609    6.5000
 3.611    6.5000
 3.614    6.5000
 3.616    6.4900
 3.619    6.4900
 3.621    6.5300
 3.624    6.5200
 3.626    6.5600
 3.629    6.5800
 3.632    6.6100
 3.634    6.6000
 3.637    6.6300
 3.639    6.6300
 3.642    6.6400
 3.644    6.6400
 3.647    6.6400
 3.649    6.6500
 3.652    6.6600
 3.655    6.6300
 3.657    6.6600
 3.660    6.7100
 3.662    6.7200
 3.665    6.7200
 3.667    6.7100
 3.670    6.6200
 3.673    6.5900
 3.675    6.6800
 3.678    6.7400
 3.680    6.7600
 3.683    6.8400
 3.686    6.8400
 3.688    6.7700
 3.691    6.7100
 3.694    6.7400
 3.696    6.8000
 3.699    6.8000
 3.701    6.7200
 3.704    6.7400
 3.707    6.7700
 3.709    6.7900
 3.712    6.7800
 3.715    6.7900
 3.717    6.8400
 3.720    6.8400
 3.723    6.8100
 3.725    6.8000
 3.728    6.8000
 3.731    6.8100
 3.733    6.8400
 3.736    6.8800
 3.739    6.8400
 3.742    6.8500
 3.744    6.8200
 3.747    6.7800
 3.750    6.7900
 3.752    6.8100
 3.755    6.8800
 3.758    6.9300
 3.761    6.9200
 3.763    6.8700
 3.766    6.8200
 3.769    6.8100
 3.771    6.8100
 3.774    6.8400
 3.777    6.8800
 3.780    6.8500
 3.782    6.8400
 3.785    6.8500
 3.788    6.8300
 3.791    6.8000
 3.794    6.7600
 3.796    6.7900
 3.799    6.8200
 3.802    6.8100
 3.805    6.7300
 3.807    6.7200
 3.810    6.7000
 3.813    6.6700
 3.816    6.6600
 3.819    6.7000
 3.822    6.7100
 3.824    6.7300
 3.827    6.7600
 3.830    6.7100
 3.833    6.6200
 3.836    6.6800
 3.838    6.6800
 3.841    6.6800
 3.844    6.7200
 3.847    6.6900
 3.850    6.6800
 3.853    6.7200
 3.856    6.7200
 3.858    6.7600
 3.861    6.7400
 3.864    6.6600
 3.867    6.6400
 3.870    6.6400
 3.873    6.6300
 3.876    6.6200
 3.879    6.6400
 3.882    6.7100
 3.884    6.7300
 3.887    6.7400
 3.890    6.7400
 3.893    6.6800
 3.896    6.6600
 3.899    6.6700
 3.902    6.6500
 3.905    6.6600
 3.908    6.6600
 3.911    6.6300
 3.914    6.5900
 3.917    6.5900
 3.920    6.6000
 3.923    6.6700
 3.926    6.6900
 3.929    6.6500
 3.932    6.6200
 3.935    6.6100
 3.938    6.5700
 3.941    6.5800
 3.944    6.6300
 3.947    6.6100
 3.950    6.5800
 3.953    6.6000
 3.956    6.5800
 3.959    6.5200
 3.962    6.4800
 3.965    6.4800
 3.968    6.5400
 3.971    6.6100
 3.974    6.5700
 3.977    6.5100
 3.980    6.5200
 3.983    6.5500
 3.986    6.5700
 3.989    6.5900
 3.992    6.6200
 3.995    6.6000
 3.998    6.5800
 4.001    6.6000
 4.004    6.5500
 4.008    6.5100
 4.011    6.5300
 4.014    6.5400
 4.017    6.5400
 4.020    6.5600
 4.023    6.5500
 4.026    6.5500
 4.029    6.5100
 4.032    6.5200
 4.036    6.5400
 4.039    6.5000
 4.042    6.5500
 4.045    6.5900
 4.048    6.5600
 4.051    6.6100
 4.055    6.6200
 4.058    6.5800
 4.061    6.5500
 4.064    6.5900
 4.067    6.5700
 4.070    6.5000
 4.074    6.4600
 4.077    6.5500
 4.080    6.5900
 4.083    6.5500
 4.087    6.4900
 4.090    6.5600
 4.093    6.5900
 4.096    6.5500
 4.099    6.5400
 4.103    6.5700
 4.106    6.5900
 4.109    6.5700
 4.112    6.5200
 4.116    6.4500
 4.119    6.4200
 4.122    6.4700
 4.126    6.4900
 4.129    6.4600
 4.132    6.4000
 4.135    6.4300
 4.139    6.4600
 4.142    6.4800
 4.145    6.4600
 4.149    6.4400
 4.152    6.4100
 4.155    6.4200
 4.159    6.4200
 4.162    6.4300
 4.165    6.3700
 4.169    6.3700
 4.172    6.4100
 4.175    6.3700
 4.179    6.3300
 4.182    6.3600
 4.185    6.4200
 4.189    6.4400
 4.192    6.4000
 4.196    6.3900
 4.199    6.3500
 4.202    6.3100
 4.206    6.3300
 4.209    6.3700
 4.213    6.3600
 4.216    6.3000
 4.219    6.3000
 4.223    6.3000
 4.226    6.2800
 4.230    6.3100
 4.233    6.3400
 4.237    6.3600
 4.240    6.3500
 4.244    6.2900
 4.247    6.1900
 4.251    6.1600
 4.254    6.1800
 4.258    6.2400
 4.261    6.2500
 4.265    6.2400
 4.268    6.2100
 4.272    6.1900
 4.275    6.1600
 4.279    6.1800
 4.282    6.1700
 4.286    6.1600
 4.289    6.1700
 4.293    6.1700
 4.296    6.1600
 4.300    6.1500
 4.304    6.0600
 4.307    6.0800
 4.311    6.1400
 4.314    6.1000
 4.318    6.0700
 4.321    6.0200
 4.325    5.9600
 4.329    5.9900
 4.332    6.0200
 4.336    6.0200
 4.340    6.0000
 4.343    5.9800
 4.347    5.9800
 4.350    5.9500
 4.354    5.9800
 4.358    6.0000
 4.361    5.9700
 4.365    5.9300
 4.369    5.9100
 4.372    5.9000
 4.376    5.8900
 4.380    5.8500
 4.384    5.8400
 4.387    5.8800
 4.391    5.8700
 4.395    5.8500
 4.398    5.8300
 4.402    5.8200
 4.406    5.8600
 4.410    5.9000
 4.413    5.8600
 4.417    5.8000
 4.421    5.8100
 4.425    5.8100
 4.428    5.7900
 4.432    5.7800
 4.436    5.7600
 4.440    5.7300
 4.444    5.7400
 4.447    5.7400
 4.451    5.7100
 4.455    5.7100
 4.459    5.6900
 4.463    5.7000
 4.467    5.6700
 4.470    5.6700
 4.474    5.6600
 4.478    5.6400
 4.482    5.6200
 4.486    5.6400
 4.490    5.6300
 4.494    5.6200
 4.498    5.6000
 4.502    5.5700
 4.505    5.5700
 4.509    5.5500
 4.513    5.5600
 4.517    5.6000
 4.521    5.5800
 4.525    5.5600
 4.529    5.5500
 4.533    5.5200
 4.537    5.5100
 4.541    5.4700
 4.545    5.4600
 4.549    5.4800
 4.553    5.4700
 4.557    5.4300
 4.561    5.4400
 4.565    5.4000
 4.569    5.3900
 4.573    5.4100
 4.577    5.4200
 4.581    5.4100
 4.585    5.3900
 4.589    5.3700
 4.593    5.3600
 4.597    5.3300
 4.601    5.3100
 4.605    5.3200
 4.610    5.2900
 4.614    5.2800
 4.618    5.2600
 4.622    5.2600
 4.626    5.2700
 4.630    5.2900
 4.634    5.2600
 4.638    5.2500
 4.643    5.2300
 4.647    5.2000
 4.651    5.1600
 4.655    5.1800
 4.659    5.1900
 4.663    5.1600
 4.668    5.1400
 4.672    5.1100
 4.676    5.0900
 4.680    5.0500
 4.684    5.0500
 4.689    5.0500
 4.693    5.0800
 4.697    5.1000
 4.701    5.0600
 4.706    5.0300
 4.710    5.0300
 4.714    5.0300
 4.719    5.0500
 4.723    5.0400
 4.727    5.0600
 4.731    5.1100
 4.736    5.1300
 4.740    5.1000
 4.744    5.1000
 4.749    5.0700
 4.753    5.0600
 4.758    5.0700
 4.762    5.0700
 4.766    5.0600
 4.771    5.0600
 4.775    5.0400
 4.779    5.0000
 4.784    5.0100
 4.788    5.0300
 4.793    5.0500
 4.797    5.0300
 4.802    5.0400
 4.806    5.0300
 4.810    5.0200
 4.815    5.0300
 4.819    5.0200
 4.824    4.9900
 4.828    4.9500
 4.833    4.9300
 4.837    4.9300
 4.842    4.9900
 4.846    5.0200
 4.851    4.9900
 4.856    4.9700
 4.860    4.9700
 4.865    4.9700
 4.869    4.9700
 4.874    4.9800
 4.878    4.9900
 4.883    4.9800
 4.888    4.9700
 4.892    4.9400
 4.897    4.9000
 4.901    4.8900
 4.906    4.9400
 4.911    4.9200
 4.915    4.9100
 4.920    4.9300
 4.925    4.9300
 4.929    4.9100
 4.934    4.9200
 4.939    4.9100
 4.943    4.9000
 4.948    4.9000
 4.953    4.8700
 4.958    4.8500
 4.962    4.8700
 4.967    4.8700
 4.972    4.8500
 4.977    4.8500
 4.981    4.8900
 4.986    4.8900
 4.991    4.8600
 4.996    4.8700
 5.001    4.8500
 5.005    4.8400
 5.010    4.8500
 5.015    4.8100
 5.020    4.7900
 5.025    4.7900
 5.030    4.7800
 5.035    4.7700
 5.040    4.7800
 5.044    4.8000
 5.049    4.8000
 5.054    4.7800
 5.059    4.7700
 5.064    4.7500
 5.069    4.7400
 5.074    4.7000
 5.079    4.6600
 5.084    4.6700
 5.089    4.6700
 5.094    4.6800
 5.099    4.6700
 5.104    4.6700
 5.109    4.6700
 5.114    4.6700
 5.119    4.7000
 5.124    4.6800
 5.129    4.6500
 5.134    4.6400
 5.139    4.6800
 5.145    4.6800
 5.150    4.6600
 5.155    4.6700
 5.160    4.6600
 5.165    4.6500
 5.170    4.6400
 5.175    4.6300
 5.180    4.6300
 5.186    4.6200
 5.191    4.5900
 5.196    4.6000
 5.201    4.5900
 5.206    4.5500
 5.212    4.5400
 5.217    4.5200
 5.222    4.5200
 5.227    4.5200
 5.233    4.5300
 5.238    4.5400
 5.243    4.5300
 5.249    4.5000
 5.254    4.4800
 5.259    4.4700
 5.265    4.4600
 5.270    4.4600
 5.275    4.4500
 5.281    4.4300
 5.286    4.3900
 5.291    4.3700
 5.297    4.3800
 5.302    4.3900
 5.308    4.3900
 5.313    4.3600
 5.319    4.3400
 5.324    4.3800
 5.330    4.3800
 5.335    4.3400
 5.341    4.3400
 5.346    4.3000
 5.352    4.3000
 5.357    4.3100
 5.363    4.2900
 5.368    4.2800
 5.374    4.2900
 5.379    4.2700
 5.385    4.2400
 5.390    4.2200
 5.396    4.2300
 5.402    4.2200
 5.407    4.1800
 5.413    4.1300
 5.419    4.1100
 5.424    4.1100
 5.430    4.1400
 5.436    4.1400
 5.441    4.1000
 5.447    4.1000
 5.453    4.1200
 5.459    4.1200
 5.464    4.1000
 5.470    4.0600
 5.476    4.0000
 5.482    4.0000
 5.487    4.0000
 5.493    3.9500
 5.499    3.9300
 5.505    3.9500
 5.511    3.9400
 5.517    3.9400
 5.523    3.9100
 5.528    3.8600
 5.534    3.8400
 5.540    3.8500
 5.546    3.8400
 5.552    3.7800
 5.558    3.7900
 5.564    3.7900
 5.570    3.7700
 5.576    3.7400
 5.582    3.7200
 5.588    3.7300
 5.594    3.7400
 5.600    3.7200
 5.606    3.7000
 5.612    3.7000
 5.618    3.7000
 5.624    3.6700
 5.630    3.6600
 5.637    3.6600
 5.643    3.6700
 5.649    3.6700
 5.655    3.6800
 5.661    3.6400
 5.667    3.6000
 5.674    3.6100
 5.680    3.5800
 5.686    3.5700
 5.692    3.6000
 5.698    3.5900
 5.705    3.5600
 5.711    3.5800
 5.717    3.6100
 5.724    3.6100
 5.730    3.5900
 5.736    3.5700
 5.743    3.5400
 5.749    3.5100
 5.755    3.4600
 5.762    3.4500
 5.768    3.4900
 5.775    3.4600
 5.781    3.4500
 5.788    3.4400
 5.794    3.4100
 5.800    3.3900
 5.807    3.3800
 5.813    3.3300
 5.820    3.2900
 5.827    3.3200
 5.833    3.3500
 5.840    3.3100
 5.846    3.2700
 5.853    3.2100
 5.859    3.2000
 5.866    3.2000
 5.873    3.1400
 5.879    3.1300
 5.886    3.1000
 5.893    3.0600
 5.899    3.1200
 5.906    3.0900
 5.913    3.0400
 5.920    3.0200
 5.926    2.9600
 5.933    2.8900
 5.940    2.9500
 5.947    2.9700
 5.954    2.9500
 5.960    2.8900
 5.967    2.8200
 5.974    2.8100
 5.981    2.8100
 5.988    2.7700
 5.995    2.7700
 6.002    2.7600
 6.009    2.7700
 6.016    2.7400
 6.023    2.7000
 6.030    2.7000
 6.037    2.6800
 6.044    2.6400
 6.051    2.6400
 6.058    2.6100
 6.065    2.6200
 6.072    2.6400
 6.079    2.6200
 6.086    2.6500
 6.094    2.6700
 6.101    2.6600
 6.108    2.6700
 6.115    2.6900
 6.122    2.7200
 6.130    2.7300
 6.137    2.7200
 6.144    2.7100
 6.151    2.6900
 6.159    2.7500
 6.166    2.8100
 6.173    2.8300
 6.181    2.9000
 6.188    2.9200
 6.195    2.9200
 6.203    2.9200
 6.210    2.9100
 6.218    2.9300
 6.225    2.9600
 6.233    2.9900
 6.240    3.0400
 6.248    3.0500
 6.255    3.0400
 6.263    3.0100
 6.270    3.0400
 6.278    3.0900
 6.286    3.1500
 6.293    3.1700
 6.301    3.1200
 6.308    3.1300
 6.316    3.2200
 6.324    3.2200
 6.332    3.2200
 6.339    3.2400
 6.347    3.2400
 6.355    3.2200
 6.363    3.2400
 6.370    3.3200
 6.378    3.3900
 6.386    3.3700
 6.394    3.3400
 6.402    3.3600
 6.410    3.4000
 6.418    3.4300
 6.426    3.4800
 6.434    3.5200
 6.442    3.5500
 6.450    3.5200
 6.458    3.5300
 6.466    3.5400
 6.474    3.5300
 6.482    3.4900
 6.490    3.5000
 6.498    3.5300
 6.506    3.5300
 6.515    3.4700
 6.523    3.5100
 6.531    3.5200
 6.539    3.4900
 6.547    3.4100
 6.556    3.4000
 6.564    3.4300
 6.572    3.4400
 6.581    3.4200
 6.589    3.4100
 6.597    3.4200
 6.606    3.4200
 6.614    3.3600
 6.623    3.3200
 6.631    3.3100
 6.640    3.3200
 6.648    3.3000
 6.657    3.3100
 6.665    3.2700
 6.674    3.3100
 6.682    3.3500
 6.691    3.3400
 6.700    3.3200
 6.708    3.2900
 6.717    3.2500
 6.726    3.2800
 6.734    3.2800
 6.743    3.2800
 6.752    3.2700
 6.761    3.2300
 6.770    3.2100
 6.778    3.1800
 6.787    3.1700
 6.796    3.1700
 6.805    3.2100
 6.814    3.2600
 6.823    3.2800
 6.832    3.2600
 6.841    3.1900
 6.850    3.1900
 6.859    3.2000
 6.868    3.2300
 6.877    3.2600
 6.886    3.2500
 6.896    3.2100
 6.905    3.1800
 6.914    3.1300
 6.923    3.1700
 6.932    3.1700
 6.942    3.1900
 6.951    3.2100
 6.960    3.1700
 6.970    3.1300
 6.979    3.1600
 6.989    3.1800
 6.998    3.1800
 7.007    3.1600
 7.017    3.1700
 7.026    3.1500
 7.036    3.0700
 7.046    3.0400
 7.055    3.0900
 7.065    3.0900
 7.074    3.0600
 7.084    3.0100
 7.094    3.0500
 7.103    3.0500
 7.113    3.0000
 7.123    2.9700
 7.133    2.9800
 7.143    2.9400
 7.152    2.9200
 7.162    2.8900
 7.172    2.9500
 7.182    2.9500
 7.192    2.9200
 7.202    2.9100
 7.212    2.8800
 7.222    2.8100
 7.232    2.8100
 7.242    2.8000
 7.252    2.7900
 7.263    2.7600
 7.273    2.8000
 7.283    2.7700
 7.293    2.7000
 7.303    2.6700
 7.314    2.6700
 7.324    2.6000
 7.334    2.6100
 7.345    2.6400
 7.355    2.6900
 7.366    2.7000
 7.376    2.6600
 7.387    2.6100
 7.397    2.6400
 7.408    2.6000
 7.418    2.6000
 7.429    2.5800
 7.440    2.5500
 7.450    2.5400
 7.461    2.5400
 7.472    2.4700
 7.483    2.4900
 7.493    2.5200
 7.504    2.4900
 7.515    2.4800
 7.526    2.5000
 7.537    2.4500
 7.548    2.4500
 7.559    2.4600
 7.570    2.4500
 7.581    2.4200
 7.592    2.4000
 7.603    2.3600
 7.614    2.3800
 7.626    2.4100
 7.637    2.4000
 7.648    2.3700
 7.659    2.3900
 7.671    2.3400
 7.682    2.3000
 7.694    2.2700
 7.705    2.2700
 7.716    2.2700
 7.728    2.2500
 7.739    2.2200
 7.751    2.2500
 7.763    2.2600
 7.774    2.2600
 7.786    2.2600
 7.798    2.2800
 7.809    2.1900
 7.821    2.1300
 7.833    2.1500
 7.845    2.2100
 7.857    2.2300
 7.869    2.2400
 7.881    2.1500
 7.893    2.1200
 7.905    2.1200
 7.917    2.1800
 7.929    2.2300
 7.941    2.2500
 7.953    2.2200
 7.965    2.2400
 7.978    2.2400
 7.990    2.1900
 8.002    2.1500
 8.015    2.1900
 8.027    2.1900
 8.039    2.2200
 8.052    2.2200
 8.064    2.2700
 8.077    2.3000
 8.090    2.3500
 8.102    2.3700
 8.115    2.4000
 8.128    2.3800
 8.140    2.4400
 8.153    2.5300
 8.166    2.5600
 8.179    2.5400
 8.192    2.6200
 8.205    2.7300
 8.218    2.8500
 8.231    2.9700
 8.244    3.0500
 8.257    3.1000
 8.270    3.2200
 8.283    3.3500
 8.297    3.4900
 8.310    3.5800
 8.323    3.7100
 8.337    3.8000
 8.350    3.9500
 8.364    4.0800
 8.377    4.1600
 8.391    4.2300
 8.404    4.3100
 8.418    4.3600
 8.431    4.4900
 8.445    4.6100
 8.459    4.7100
 8.473    4.7400
 8.487    4.7800
 8.501    4.8900
 8.515    5.0400
 8.529    5.1400
 8.543    5.2500
 8.557    5.3100
 8.571    5.4700
 8.585    5.6100
 8.599    5.7000
 8.614    5.7900
 8.628    5.9500
 8.642    6.0000
 8.657    6.0200
 8.671    6.0700
 8.686    6.2100
 8.700    6.3100
 8.715    6.4700
 8.730    6.5000
 8.744    6.5200
 8.759    6.5500
 8.774    6.6700
 8.789    6.7100
 8.804    6.7600
 8.819    6.8400
 8.834    7.0000
 8.849    7.1300
 8.864    7.2100
 8.879    7.3500
 8.894    7.5300
 8.909    7.5800
 8.925    7.6900
 8.940    7.7400
 8.956    7.8500
 8.971    7.8800
 8.987    7.9400
 9.002    8.0300
 9.018    8.1100
 9.034    8.1600
 9.049    8.3400
 9.065    8.4400
 9.081    8.4100
 9.097    8.3800
 9.113    8.5100
 9.129    8.6300
 9.145    8.6700
 9.161    8.6100
 9.178    8.7100
 9.194    8.8600
 9.210    9.0900
 9.226    9.3000
 9.243    9.4900
 9.259    9.6800
 9.276    9.9700
 9.293   10.2000
 9.309   10.4100
 9.326   10.5400
 9.343   10.7200
 9.360   10.9200
 9.377   11.1800
 9.394   11.3900
 9.411   11.5900
 9.428   11.6700
 9.445   11.7500
 9.462   11.8000
 9.479   11.9300
 9.497   12.0000
 9.514   12.0000
 9.532   11.9800
 9.549   12.0100
 9.567   11.9600
 9.585   11.9600
 9.602   11.9900
 9.620   11.9300
 9.638   11.8900
 9.656   11.8200
 9.674   11.7000
 9.692   11.6800
 9.710   11.6000
 9.728   11.4600
 9.747   11.2500
 9.765   11.1800
 9.783   11.1200
 9.802   11.0800
 9.821   10.9400
 9.839   10.7700
 9.858   10.5900
 9.877   10.4900
 9.895   10.3500
 9.914   10.1700
 9.933   10.0400
 9.952   10.0100
 9.972    9.8400
 9.991    9.6400
10.010    9.5100
10.029    9.4000
10.049    9.2900
10.068    9.2100
10.088    9.0500
10.108    8.9100
10.127    8.8000
10.147    8.6800
10.167    8.5400
10.187    8.4900
10.207    8.4000
10.227    8.3700
10.247    8.3200
10.268    8.2500
10.288    8.1700
10.309    8.1400
10.329    8.0500
10.350    7.9500
10.370    7.8400
10.391    7.7200
10.412    7.5500
10.433    7.4600
10.454    7.3800
10.475    7.3400
10.496    7.3800
10.518    7.4000
10.539    7.3300
10.560    7.3500
10.582    7.3100
10.604    7.2800
10.625    7.2000
10.647    7.1600
10.669    7.1000
10.691    7.0700
10.713    7.0000
10.735    7.0600
10.758    7.0300
10.780    6.9800
10.802    6.9200
10.825    6.9200
10.848    6.9000
10.870    6.9400
10.893    6.8900
10.916    6.8300
10.939    6.7800
10.962    6.7800
10.985    6.6400
11.009    6.5400
11.032    6.4600
11.056    6.4700
11.079    6.4400
11.103    6.4100
11.127    6.3400
11.151    6.3400
11.175    6.3300
11.199    6.3600
11.223    6.4000
11.248    6.4300
11.272    6.3900
11.297    6.3500
11.321    6.2900
11.346    6.2100
11.371    6.0900
11.396    6.0200
11.421    5.8900
11.446    5.8000
11.471    5.6500
11.497    5.5300
11.522    5.3800
11.548    5.2700
11.574    5.0900
11.600    5.0400
11.626    4.9700
11.652    4.9400
11.678    4.8700
11.704    4.8000
11.731    4.7000
11.757    4.6600
11.784    4.4900
11.811    4.3900
11.838    4.3000
11.865    4.2300
11.892    4.1500
11.920    4.2400
11.947    4.2500
11.975    4.1600
12.002    4.0200
12.030    3.9700
12.058    3.9100
12.086    3.8900
12.115    3.7800
12.143    3.7700
12.171    3.7100
12.200    3.6300
12.229    3.5700
12.258    3.5300
12.287    3.4400
12.316    3.3900
12.345    3.2600
12.375    3.2800
12.404    3.2300
12.434    3.1900
12.464    3.0800
12.494    3.1200
12.524    3.0900
12.554    3.0400
12.585    2.9800
12.616    2.9900
12.646    2.9400
12.677    2.9600
12.708    2.9100
12.739    2.9200
12.771    2.9000
12.802    2.9100
12.834    2.8700
12.866    2.9000
12.898    2.8000
12.930    2.7600
12.962    2.7200
12.995    2.7400
13.027    2.7600
13.060    2.8700
13.093    2.8100
13.126    2.8800
13.160    2.8800
13.193    2.8400
13.227    2.7500
13.261    2.8300
13.295    2.8500
13.329    2.8800
13.363    2.8600
13.398    2.9000
13.432    2.8800
13.467    2.8900
13.502    2.8400
13.538    2.9500
13.573    2.8900
13.609    2.8200
13.644    2.8100
13.680    2.8300
13.717    2.8300
13.753    2.9000
13.790    2.9300
13.826    2.9600
13.863    2.9100
13.900    2.9000
13.938    2.7300
13.975    2.7300
14.013    2.5900
