Name:  Basalt
Type:  Rock
Class: Igneous   
Subclass: Mafic 
Particle Size:  Whole rock chips
Sample No.:  ba14d1f
Owner:  Larry Rowan, USGS
Wavelength range:  VNIR SWIR IR
Origin:  Kerak (near Samra), Jordan

Description:  dark gray vesicular basalt 





Measurement:  Reflectance
First Column:  X
Second Column:  Y
X Units:  Wavelength (micrometers)
Y Units:  Reflectance (percent)
First X Value:  0.4
Last X Value:  14.01309
Number of X Values:  2826
Additional Information:  ba14d1fa.txt
 0.400   10.7000
 0.401   10.7000
 0.402   10.5000
 0.403   10.5000
 0.404   10.7000
 0.405   10.7000
 0.406   10.5000
 0.407   10.5000
 0.408   10.5000
 0.409   10.5000
 0.410   10.5000
 0.411   10.4000
 0.412   10.4000
 0.413   10.4000
 0.414   10.4000
 0.415   10.4000
 0.416   10.5000
 0.417   10.4000
 0.418   10.2000
 0.419   10.4000
 0.420   10.2000
 0.421   10.2000
 0.422   10.1000
 0.423   10.1000
 0.424   10.1000
 0.425   10.1000
 0.426   10.0000
 0.427   10.0000
 0.428   10.1000
 0.429   10.1000
 0.430    9.8000
 0.431    9.8000
 0.432    9.7000
 0.433    9.7000
 0.434    9.7000
 0.435    9.7000
 0.436    9.8000
 0.437    9.7000
 0.438    9.7000
 0.439    9.7000
 0.440    9.7000
 0.441    9.7000
 0.442    9.7000
 0.443    9.7000
 0.444    9.6000
 0.445    9.6000
 0.446    9.6000
 0.447    9.4000
 0.448    9.4000
 0.449    9.4000
 0.450    9.3000
 0.451    9.1000
 0.452    9.1000
 0.453    9.1000
 0.454    9.0000
 0.455    8.7000
 0.456    8.7000
 0.457    8.6000
 0.458    8.7000
 0.459    8.6000
 0.460    8.7000
 0.461    8.7000
 0.462    8.6000
 0.463    8.6000
 0.464    8.6000
 0.465    8.6000
 0.466    8.6000
 0.467    8.6000
 0.468    8.6000
 0.469    8.5000
 0.470    8.5000
 0.471    8.3000
 0.472    8.5000
 0.473    8.6000
 0.474    8.6000
 0.475    8.3000
 0.476    8.3000
 0.477    8.0000
 0.478    8.3000
 0.479    8.2000
 0.480    8.2000
 0.481    8.3000
 0.482    8.5000
 0.483    8.3000
 0.484    8.3000
 0.485    8.3000
 0.486    8.2000
 0.487    8.3000
 0.488    8.2000
 0.489    7.9000
 0.490    7.9000
 0.491    8.0000
 0.492    7.8000
 0.493    8.2000
 0.494    8.2000
 0.495    8.3000
 0.496    8.2000
 0.497    8.0000
 0.498    8.0000
 0.499    8.0000
 0.500    7.9000
 0.501    7.9000
 0.502    7.9000
 0.503    7.9000
 0.504    8.0000
 0.505    7.9000
 0.506    7.8000
 0.507    7.8000
 0.508    7.8000
 0.509    7.9000
 0.510    7.9000
 0.511    7.9000
 0.512    7.9000
 0.513    7.8000
 0.514    7.8000
 0.515    7.9000
 0.516    7.9000
 0.517    7.9000
 0.518    7.9000
 0.519    7.8000
 0.520    7.9000
 0.521    7.8000
 0.522    7.8000
 0.523    7.8000
 0.524    7.9000
 0.525    7.8000
 0.526    7.8000
 0.527    7.9000
 0.528    7.9000
 0.529    7.8000
 0.530    7.8000
 0.531    7.8000
 0.532    7.9000
 0.533    7.8000
 0.534    7.9000
 0.535    7.6000
 0.536    7.8000
 0.537    7.6000
 0.538    7.8000
 0.539    7.9000
 0.540    7.8000
 0.541    7.6000
 0.542    7.6000
 0.543    7.6000
 0.544    7.8000
 0.545    7.8000
 0.546    7.9000
 0.547    7.8000
 0.548    7.6000
 0.549    7.6000
 0.550    7.8000
 0.551    7.6000
 0.552    7.8000
 0.553    7.8000
 0.554    7.8000
 0.555    7.6000
 0.556    8.0000
 0.557    8.0000
 0.558    8.0000
 0.559    7.9000
 0.560    7.8000
 0.561    7.9000
 0.562    7.9000
 0.563    7.9000
 0.564    7.9000
 0.565    7.9000
 0.566    7.9000
 0.567    7.8000
 0.568    7.9000
 0.569    8.0000
 0.570    8.0000
 0.571    8.2000
 0.572    8.0000
 0.573    7.9000
 0.574    7.9000
 0.575    8.0000
 0.576    8.0000
 0.577    8.2000
 0.578    7.9000
 0.579    7.9000
 0.580    8.0000
 0.581    8.0000
 0.582    8.0000
 0.583    7.9000
 0.584    8.0000
 0.585    7.9000
 0.586    8.0000
 0.587    7.9000
 0.588    7.9000
 0.589    7.9000
 0.590    7.9000
 0.591    7.9000
 0.592    7.9000
 0.593    7.8000
 0.594    7.9000
 0.595    8.0000
 0.596    8.0000
 0.597    7.9000
 0.598    7.8000
 0.599    7.8000
 0.600    7.9000
 0.601    7.9000
 0.602    7.9000
 0.603    7.9000
 0.604    7.9000
 0.605    7.9000
 0.606    7.9000
 0.607    7.9000
 0.608    7.9000
 0.609    7.8000
 0.610    7.8000
 0.611    7.9000
 0.612    8.0000
 0.613    8.0000
 0.614    8.0000
 0.615    8.0000
 0.616    8.0000
 0.617    8.2000
 0.618    8.0000
 0.619    8.0000
 0.620    8.0000
 0.621    8.2000
 0.622    8.0000
 0.623    7.9000
 0.624    7.9000
 0.625    7.9000
 0.626    8.2000
 0.627    8.0000
 0.628    8.0000
 0.629    8.0000
 0.630    8.2000
 0.631    8.0000
 0.632    8.0000
 0.633    8.0000
 0.634    8.2000
 0.635    8.2000
 0.636    7.9000
 0.637    7.9000
 0.638    7.9000
 0.639    7.9000
 0.640    8.2000
 0.641    8.0000
 0.642    8.0000
 0.643    8.0000
 0.644    8.0000
 0.645    8.0000
 0.646    8.2000
 0.647    7.8000
 0.648    7.9000
 0.649    8.2000
 0.650    8.3000
 0.651    8.2000
 0.652    8.2000
 0.653    8.0000
 0.654    8.0000
 0.655    8.2000
 0.656    8.0000
 0.657    8.0000
 0.658    8.0000
 0.659    7.9000
 0.660    7.9000
 0.661    7.9000
 0.662    8.0000
 0.663    8.0000
 0.664    8.0000
 0.665    7.8000
 0.666    7.9000
 0.667    7.8000
 0.668    7.8000
 0.669    8.2000
 0.670    8.2000
 0.671    8.0000
 0.672    8.0000
 0.673    8.2000
 0.674    8.2000
 0.675    8.2000
 0.676    8.2000
 0.677    8.2000
 0.678    7.9000
 0.679    7.9000
 0.680    7.9000
 0.681    8.2000
 0.682    7.9000
 0.683    8.0000
 0.684    8.0000
 0.685    8.3000
 0.686    8.2000
 0.687    8.2000
 0.688    8.2000
 0.689    8.2000
 0.690    8.2000
 0.691    8.0000
 0.692    8.0000
 0.693    8.3000
 0.694    8.3000
 0.695    8.5000
 0.696    8.2000
 0.697    8.0000
 0.698    8.0000
 0.699    8.0000
 0.700    8.0000
 0.701    8.2000
 0.702    8.2000
 0.703    8.0000
 0.704    8.2000
 0.705    8.3000
 0.706    8.2000
 0.707    8.2000
 0.708    8.3000
 0.709    8.2000
 0.710    8.0000
 0.711    8.2000
 0.712    8.0000
 0.713    8.2000
 0.714    8.2000
 0.715    8.2000
 0.716    8.0000
 0.717    8.5000
 0.718    8.3000
 0.719    8.3000
 0.720    8.2000
 0.721    8.2000
 0.722    8.3000
 0.723    8.2000
 0.724    8.3000
 0.725    8.3000
 0.726    8.2000
 0.727    8.3000
 0.728    8.3000
 0.729    8.3000
 0.730    8.0000
 0.731    8.3000
 0.732    8.3000
 0.733    8.3000
 0.734    8.3000
 0.735    8.5000
 0.736    8.3000
 0.737    8.3000
 0.738    8.5000
 0.739    8.3000
 0.740    8.5000
 0.741    8.5000
 0.742    8.5000
 0.743    8.5000
 0.744    8.5000
 0.745    8.3000
 0.746    8.3000
 0.747    8.3000
 0.748    8.5000
 0.749    8.5000
 0.750    8.5000
 0.751    8.5000
 0.752    8.5000
 0.753    8.6000
 0.754    8.5000
 0.755    8.5000
 0.756    8.5000
 0.757    8.5000
 0.758    8.5000
 0.759    8.5000
 0.760    8.5000
 0.761    8.5000
 0.762    8.5000
 0.763    8.6000
 0.764    8.6000
 0.765    8.6000
 0.766    8.5000
 0.767    8.6000
 0.768    8.5000
 0.769    8.5000
 0.770    8.6000
 0.771    8.6000
 0.772    8.3000
 0.773    8.3000
 0.774    8.6000
 0.775    8.6000
 0.776    8.6000
 0.777    8.5000
 0.778    8.6000
 0.779    8.5000
 0.780    8.3000
 0.781    8.6000
 0.782    8.6000
 0.783    8.6000
 0.784    8.6000
 0.785    8.6000
 0.786    8.6000
 0.787    8.6000
 0.788    8.6000
 0.789    8.5000
 0.790    8.6000
 0.791    8.6000
 0.792    8.6000
 0.793    8.6000
 0.794    8.6000
 0.795    8.6000
 0.796    8.6000
 0.797    8.6000
 0.798    7.9000
 0.799    7.6000
 0.800    8.9000
 0.804    8.8000
 0.808    8.8000
 0.812    8.8000
 0.816    8.9000
 0.820    8.8000
 0.824    8.9000
 0.828    8.9000
 0.832    8.9000
 0.836    8.9000
 0.840    8.9000
 0.844    8.9000
 0.848    8.9000
 0.852    8.9000
 0.856    8.9000
 0.860    9.0000
 0.864    8.8000
 0.868    8.9000
 0.872    8.9000
 0.876    8.9000
 0.880    8.9000
 0.884    9.0000
 0.888    9.0000
 0.892    9.0000
 0.896    9.0000
 0.900    8.9000
 0.904    9.0000
 0.908    8.9000
 0.912    9.0000
 0.916    8.9000
 0.920    8.9000
 0.924    8.9000
 0.928    8.9000
 0.932    8.8000
 0.936    8.8000
 0.940    8.9000
 0.944    8.9000
 0.948    8.9000
 0.952    8.8000
 0.956    8.8000
 0.960    8.8000
 0.964    8.7000
 0.968    8.7000
 0.972    8.8000
 0.976    8.8000
 0.980    8.8000
 0.984    8.8000
 0.988    8.9000
 0.992    8.8000
 0.996    8.8000
 1.000    8.8000
 1.004    8.8000
 1.008    8.8000
 1.012    8.7000
 1.016    8.7000
 1.020    8.7000
 1.024    8.7000
 1.028    8.7000
 1.032    8.7000
 1.036    8.7000
 1.040    8.5000
 1.044    8.8000
 1.048    8.7000
 1.052    8.7000
 1.056    8.7000
 1.060    8.7000
 1.064    8.7000
 1.068    8.7000
 1.072    8.7000
 1.076    8.7000
 1.080    8.5000
 1.084    8.7000
 1.088    8.7000
 1.092    8.8000
 1.096    8.9000
 1.100    8.9000
 1.104    8.8000
 1.108    8.9000
 1.112    8.9000
 1.116    8.9000
 1.120    8.8000
 1.124    8.7000
 1.128    8.8000
 1.132    8.8000
 1.136    8.8000
 1.140    8.9000
 1.144    8.9000
 1.148    8.9000
 1.152    8.8000
 1.156    8.8000
 1.160    8.8000
 1.164    8.8000
 1.168    8.9000
 1.172    8.9000
 1.176    8.9000
 1.180    8.9000
 1.184    8.9000
 1.188    8.9000
 1.192    8.9000
 1.196    8.8000
 1.200    8.8000
 1.204    8.8000
 1.208    8.8000
 1.212    8.8000
 1.216    8.8000
 1.220    8.7000
 1.224    8.7000
 1.228    8.8000
 1.232    8.7000
 1.236    8.8000
 1.240    8.9000
 1.244    8.8000
 1.248    8.8000
 1.252    8.8000
 1.256    8.9000
 1.260    8.9000
 1.264    8.7000
 1.268    8.7000
 1.272    8.7000
 1.276    8.8000
 1.280    8.5000
 1.284    8.7000
 1.288    8.5000
 1.292    8.7000
 1.296    8.7000
 1.300    8.7000
 1.304    8.7000
 1.308    8.7000
 1.312    8.7000
 1.316    8.7000
 1.320    8.7000
 1.324    8.7000
 1.328    8.8000
 1.332    8.8000
 1.336    8.8000
 1.340    8.8000
 1.344    8.7000
 1.348    8.8000
 1.352    8.7000
 1.356    8.7000
 1.360    8.7000
 1.364    8.7000
 1.368    8.7000
 1.372    8.7000
 1.376    8.7000
 1.380    8.8000
 1.384    8.8000
 1.388    8.9000
 1.392    8.9000
 1.396    8.8000
 1.400    8.9000
 1.404    8.9000
 1.408    8.8000
 1.412    8.9000
 1.416    8.8000
 1.420    8.8000
 1.424    8.9000
 1.428    8.9000
 1.432    8.9000
 1.436    8.9000
 1.440    8.9000
 1.444    8.9000
 1.448    8.9000
 1.452    8.9000
 1.456    9.0000
 1.460    9.0000
 1.464    9.0000
 1.468    8.9000
 1.472    8.9000
 1.476    8.9000
 1.480    9.0000
 1.484    9.0000
 1.488    9.0000
 1.492    9.0000
 1.496    9.2000
 1.500    9.2000
 1.504    9.2000
 1.508    9.3000
 1.512    9.3000
 1.516    9.2000
 1.520    9.2000
 1.524    9.0000
 1.528    9.0000
 1.532    9.2000
 1.536    9.0000
 1.540    9.0000
 1.544    9.0000
 1.548    9.2000
 1.552    9.2000
 1.556    9.2000
 1.560    9.2000
 1.564    9.2000
 1.568    9.3000
 1.572    9.2000
 1.576    9.2000
 1.580    9.2000
 1.584    9.2000
 1.588    9.2000
 1.592    9.2000
 1.596    9.3000
 1.600    9.2000
 1.604    9.2000
 1.608    9.3000
 1.612    9.3000
 1.616    9.2000
 1.620    9.2000
 1.624    9.2000
 1.628    9.3000
 1.632    9.2000
 1.636    9.3000
 1.640    9.3000
 1.644    9.3000
 1.648    9.3000
 1.652    9.3000
 1.656    9.3000
 1.660    9.3000
 1.664    9.3000
 1.668    9.3000
 1.672    9.4000
 1.676    9.4000
 1.680    9.4000
 1.684    9.3000
 1.688    9.4000
 1.692    9.5000
 1.696    9.4000
 1.700    9.4000
 1.704    9.4000
 1.708    9.4000
 1.712    9.4000
 1.716    9.4000
 1.720    9.4000
 1.724    9.3000
 1.728    9.4000
 1.732    9.3000
 1.736    9.3000
 1.740    9.3000
 1.744    9.3000
 1.748    9.4000
 1.752    9.3000
 1.756    9.2000
 1.760    9.2000
 1.764    9.2000
 1.768    9.2000
 1.772    9.2000
 1.776    9.2000
 1.780    9.3000
 1.784    9.3000
 1.788    9.3000
 1.792    9.3000
 1.796    9.2000
 1.800    9.2000
 1.804    9.2000
 1.808    9.2000
 1.812    9.2000
 1.816    9.2000
 1.820    9.3000
 1.824    9.2000
 1.828    9.3000
 1.832    9.3000
 1.836    9.3000
 1.840    9.3000
 1.844    9.3000
 1.848    9.3000
 1.852    9.3000
 1.856    9.2000
 1.860    9.2000
 1.864    9.2000
 1.868    9.3000
 1.872    9.2000
 1.876    9.2000
 1.880    9.0000
 1.884    8.9000
 1.888    8.9000
 1.892    8.8000
 1.896    8.7000
 1.900    8.8000
 1.904    8.7000
 1.908    8.8000
 1.912    8.5000
 1.916    8.5000
 1.920    8.7000
 1.924    8.7000
 1.928    8.8000
 1.932    8.8000
 1.936    8.7000
 1.940    8.7000
 1.944    8.7000
 1.948    8.5000
 1.952    8.5000
 1.956    8.5000
 1.960    8.8000
 1.964    8.8000
 1.968    8.8000
 1.972    8.7000
 1.976    8.7000
 1.980    8.8000
 1.984    8.8000
 1.988    8.8000
 1.992    8.9000
 1.996    8.7000
 2.000    8.9000
 2.004    8.8000
 2.008    8.8000
 2.012    8.8000
 2.016    8.8000
 2.020    8.9000
 2.024    8.9000
 2.028    8.9000
 2.032    8.9000
 2.036    8.9000
 2.040    8.9000
 2.044    8.8000
 2.048    8.9000
 2.052    8.9000
 2.056    9.0000
 2.060    9.0000
 2.064    8.9000
 2.068    8.9000
 2.072    8.9000
 2.076    8.9000
 2.080    8.9000
 2.084    8.9000
 2.088    8.9000
 2.092    8.9000
 2.096    9.0000
 2.100    9.0000
 2.100    9.9100
 2.101    9.8900
 2.102    9.8700
 2.103   10.0200
 2.104    9.9200
 2.105    9.8100
 2.106    9.7900
 2.106    9.8800
 2.107    9.8900
 2.108    9.7100
 2.109    9.8700
 2.110    9.9900
 2.111    9.8200
 2.112    9.8300
 2.112   10.0300
 2.113   10.1100
 2.114    9.8200
 2.115    9.7900
 2.116    9.9100
 2.117    9.9300
 2.118    9.8300
 2.118    9.9100
 2.119    9.8600
 2.120    9.7800
 2.121    9.8000
 2.122   10.0200
 2.123   10.0400
 2.124    9.8100
 2.125    9.6600
 2.125    9.7500
 2.126    9.7600
 2.127    9.8500
 2.128    9.9000
 2.129    9.7800
 2.130    9.6900
 2.131    9.8000
 2.132    9.9900
 2.132   10.0200
 2.133   10.1100
 2.134    9.9700
 2.135    9.6600
 2.136    9.7700
 2.137    9.8600
 2.138    9.6700
 2.139    9.6500
 2.139    9.8600
 2.140    9.9400
 2.141    9.9000
 2.142    9.8200
 2.143    9.9400
 2.144    9.9900
 2.145    9.8900
 2.146    9.6700
 2.147    9.6400
 2.147    9.7500
 2.148    9.7600
 2.149    9.8500
 2.150    9.8300
 2.151    9.8200
 2.152    9.9000
 2.153    9.9200
 2.154    9.8000
 2.155    9.7100
 2.155    9.7900
 2.156    9.9300
 2.157    9.9000
 2.158    9.6800
 2.159    9.6800
 2.160    9.8900
 2.161    9.8100
 2.162    9.6600
 2.163    9.8200
 2.164    9.9100
 2.164    9.7300
 2.165    9.6500
 2.166    9.7400
 2.167    9.6600
 2.168    9.7500
 2.169    9.7600
 2.170    9.7100
 2.171    9.7100
 2.172    9.7600
 2.173    9.7700
 2.173    9.7700
 2.174    9.7700
 2.175    9.7600
 2.176    9.5800
 2.177    9.7100
 2.178    9.9500
 2.179    9.8100
 2.180    9.4900
 2.181    9.4800
 2.182    9.7000
 2.183    9.8100
 2.184    9.5000
 2.184    9.4500
 2.185    9.6500
 2.186    9.6900
 2.187    9.5500
 2.188    9.6800
 2.189    9.7800
 2.190    9.8100
 2.191    9.7900
 2.192    9.6400
 2.193    9.6600
 2.194    9.7500
 2.195    9.7000
 2.196    9.7700
 2.196    9.8300
 2.197    9.7000
 2.198    9.6100
 2.199    9.6400
 2.200    9.5700
 2.201    9.5500
 2.202    9.5400
 2.203    9.5700
 2.204    9.4900
 2.205    9.4600
 2.206    9.4600
 2.207    9.4300
 2.208    9.4900
 2.209    9.5700
 2.210    9.7000
 2.211    9.8700
 2.211    9.8900
 2.212    9.7200
 2.213    9.6800
 2.214    9.6900
 2.215    9.7100
 2.216    9.6900
 2.217    9.5100
 2.218    9.6600
 2.219    9.8900
 2.220    9.8300
 2.221    9.6700
 2.222    9.6200
 2.223    9.6000
 2.224    9.4500
 2.225    9.3400
 2.226    9.5700
 2.227    9.6200
 2.228    9.5400
 2.229    9.5900
 2.230    9.6800
 2.231    9.5400
 2.231    9.6500
 2.232    9.6000
 2.233    9.4400
 2.234    9.5200
 2.235    9.6700
 2.236    9.7400
 2.237    9.7600
 2.238    9.7700
 2.239    9.6800
 2.240    9.5600
 2.241    9.4900
 2.242    9.5400
 2.243    9.6000
 2.244    9.6100
 2.245    9.6100
 2.246    9.5800
 2.247    9.6900
 2.248    9.5700
 2.249    9.3200
 2.250    9.3100
 2.251    9.5200
 2.252    9.6700
 2.253    9.4500
 2.254    9.3500
 2.255    9.4300
 2.256    9.5100
 2.257    9.8300
 2.258    9.8500
 2.259    9.6500
 2.260    9.6300
 2.261    9.6900
 2.262    9.5900
 2.263    9.5600
 2.264    9.5900
 2.265    9.4300
 2.266    9.3900
 2.267    9.4900
 2.268    9.4300
 2.269    9.4800
 2.270    9.4200
 2.271    9.5100
 2.272    9.6400
 2.273    9.6300
 2.274    9.3900
 2.275    9.4000
 2.276    9.5800
 2.277    9.6700
 2.278    9.5900
 2.279    9.5700
 2.280    9.5200
 2.281    9.5400
 2.282    9.6000
 2.283    9.5900
 2.284    9.5900
 2.285    9.5900
 2.286    9.5300
 2.287    9.4600
 2.288    9.3400
 2.289    9.4400
 2.290    9.6100
 2.291    9.4700
 2.292    9.4400
 2.293    9.6100
 2.294    9.5600
 2.295    9.5300
 2.296    9.5800
 2.297    9.4800
 2.298    9.4100
 2.299    9.3800
 2.300    9.2900
 2.301    9.3700
 2.302    9.4300
 2.303    9.5300
 2.304    9.5000
 2.305    9.5000
 2.306    9.6100
 2.307    9.5700
 2.308    9.3100
 2.309    9.3700
 2.310    9.4000
 2.311    9.3600
 2.312    9.4000
 2.313    9.5600
 2.314    9.5500
 2.315    9.4200
 2.316    9.3400
 2.317    9.5200
 2.318    9.5100
 2.319    9.5000
 2.320    9.5500
 2.321    9.5200
 2.322    9.5000
 2.323    9.4500
 2.324    9.3300
 2.326    9.4000
 2.327    9.3600
 2.328    9.4300
 2.329    9.4400
 2.330    9.3800
 2.331    9.4500
 2.332    9.5000
 2.333    9.4700
 2.334    9.5200
 2.335    9.3200
 2.336    9.2500
 2.337    9.4100
 2.338    9.5600
 2.339    9.5700
 2.340    9.5000
 2.341    9.4100
 2.342    9.3200
 2.343    9.3000
 2.344    9.4000
 2.346    9.4000
 2.347    9.3300
 2.348    9.3700
 2.349    9.4200
 2.350    9.3700
 2.351    9.3700
 2.352    9.4900
 2.353    9.5000
 2.354    9.3700
 2.355    9.3600
 2.356    9.4300
 2.357    9.4200
 2.358    9.4900
 2.359    9.5800
 2.360    9.6200
 2.362    9.6800
 2.363    9.5500
 2.364    9.4300
 2.365    9.3200
 2.366    9.3800
 2.367    9.4100
 2.368    9.3300
 2.369    9.2500
 2.370    9.2800
 2.371    9.3400
 2.372    9.4700
 2.373    9.5200
 2.375    9.4800
 2.376    9.3800
 2.377    9.3800
 2.378    9.2800
 2.379    9.1800
 2.380    9.3500
 2.381    9.6800
 2.382    9.5800
 2.383    9.3500
 2.384    9.2800
 2.385    9.4300
 2.387    9.3800
 2.388    9.2500
 2.389    9.2900
 2.390    9.3800
 2.391    9.4200
 2.392    9.5100
 2.393    9.5900
 2.394    9.6200
 2.395    9.4600
 2.396    9.3300
 2.398    9.2000
 2.399    9.3000
 2.400    9.2400
 2.401    9.1400
 2.402    9.3400
 2.403    9.5600
 2.404    9.4400
 2.405    9.3800
 2.406    9.4600
 2.408    9.4900
 2.409    9.5000
 2.410    9.4500
 2.411    9.3400
 2.412    9.3400
 2.413    9.3500
 2.414    9.2600
 2.415    9.2100
 2.417    9.2900
 2.418    9.2700
 2.419    9.2300
 2.420    9.2600
 2.421    9.3500
 2.422    9.4000
 2.423    9.4000
 2.424    9.4300
 2.426    9.4600
 2.427    9.3800
 2.428    9.3600
 2.429    9.4200
 2.430    9.5300
 2.431    9.3500
 2.432    9.2600
 2.434    9.3000
 2.435    9.4200
 2.436    9.4300
 2.437    9.4300
 2.438    9.3600
 2.439    9.2500
 2.440    9.2400
 2.442    9.3100
 2.443    9.2900
 2.444    9.4700
 2.445    9.5000
 2.446    9.3200
 2.447    9.3300
 2.449    9.4100
 2.450    9.2200
 2.451    9.1300
 2.452    9.2900
 2.453    9.4000
 2.454    9.4100
 2.455    9.4200
 2.457    9.3100
 2.458    9.3100
 2.459    9.2400
 2.460    9.2900
 2.461    9.3600
 2.462    9.4600
 2.464    9.4500
 2.465    9.3900
 2.466    9.3000
 2.467    9.3000
 2.468    9.2000
 2.469    9.1500
 2.471    9.3000
 2.472    9.3100
 2.473    9.2400
 2.474    9.1800
 2.475    9.0400
 2.477    9.1700
 2.478    9.3200
 2.479    9.3900
 2.480    9.2700
 2.481    9.2300
 2.482    9.2000
 2.484    9.1900
 2.485    9.1000
 2.486    9.1000
 2.487    9.1600
 2.488    9.2400
 2.490    9.1800
 2.491    8.9900
 2.492    9.0100
 2.493    9.1300
 2.494    9.2000
 2.496    9.3200
 2.497    9.2900
 2.498    9.3600
 2.499    9.4100
 2.500    9.2600
 2.502    9.1000
 2.503    9.2000
 2.504    9.2200
 2.505    9.2200
 2.506    9.2300
 2.508    9.1800
 2.509    9.1800
 2.510    9.2600
 2.511    9.3400
 2.513    9.4100
 2.514    9.2400
 2.515    9.1800
 2.516    9.2400
 2.517    9.2400
 2.519    9.1700
 2.520    9.1000
 2.521    9.0500
 2.522    9.0000
 2.524    9.0800
 2.525    9.1700
 2.526    9.1200
 2.527    9.1300
 2.528    9.0700
 2.530    9.1700
 2.531    9.2500
 2.532    9.1800
 2.533    9.1200
 2.535    9.1800
 2.536    9.2000
 2.537    9.0800
 2.538    9.0300
 2.540    9.1400
 2.541    9.0300
 2.542    9.0100
 2.543    9.2300
 2.545    9.2400
 2.546    9.0500
 2.547    9.0200
 2.548    9.1100
 2.550    9.2600
 2.551    9.2600
 2.552    9.2000
 2.553    9.2600
 2.555    9.2500
 2.556    9.2200
 2.557    9.2500
 2.558    9.2400
 2.560    9.2200
 2.561    9.0700
 2.562    9.0200
 2.563    9.2600
 2.565    9.3800
 2.566    9.2500
 2.567    9.1300
 2.569    9.1900
 2.570    9.2600
 2.571    9.2000
 2.572    9.2100
 2.574    9.3000
 2.575    9.2800
 2.576    9.1700
 2.577    9.1300
 2.579    9.2500
 2.580    9.3000
 2.581    9.2700
 2.583    9.2100
 2.584    9.0500
 2.585    9.1600
 2.586    9.2200
 2.588    9.3000
 2.589    9.3200
 2.590    9.3300
 2.592    9.3400
 2.593    9.2500
 2.594    9.2100
 2.596    9.1400
 2.597    9.0900
 2.598    9.2800
 2.599    9.4200
 2.601    9.3900
 2.602    9.1900
 2.603    9.2100
 2.605    9.2500
 2.606    9.3200
 2.607    9.3400
 2.609    9.3300
 2.610    9.3600
 2.611    9.3800
 2.613    9.3100
 2.614    9.2800
 2.615    9.2000
 2.616    9.1300
 2.618    9.1000
 2.619    8.9700
 2.620    9.0200
 2.622    9.1600
 2.623    9.1100
 2.624    9.1400
 2.626    9.2000
 2.627    9.3000
 2.628    9.3100
 2.630    9.3500
 2.631    9.3700
 2.632    9.3100
 2.634    9.1900
 2.635    9.2000
 2.636    9.0600
 2.638    9.0800
 2.639    9.1900
 2.640    9.2000
 2.642    9.1800
 2.643    9.2400
 2.645    9.3600
 2.646    9.2600
 2.647    9.0400
 2.649    9.1300
 2.650    9.1800
 2.651    9.0200
 2.653    8.9900
 2.654    8.9800
 2.655    8.9400
 2.657    9.0400
 2.658    9.1600
 2.659    9.1400
 2.661    8.9800
 2.662    8.9400
 2.664    8.7900
 2.665    8.8100
 2.666    8.9000
 2.668    8.7600
 2.669    8.7800
 2.670    8.9900
 2.672    8.8800
 2.673    8.8400
 2.675    8.8500
 2.676    8.7300
 2.677    8.6100
 2.679    8.7100
 2.680    8.7100
 2.681    8.6200
 2.683    8.5200
 2.684    8.3800
 2.686    8.2500
 2.687    8.2500
 2.688    8.1300
 2.690    8.1000
 2.691    8.0400
 2.693    7.8600
 2.694    7.6900
 2.695    7.5400
 2.697    7.3700
 2.698    7.1500
 2.700    6.9800
 2.701    6.9300
 2.702    6.8400
 2.704    6.7800
 2.705    6.8200
 2.707    6.8700
 2.708    6.7600
 2.709    6.6600
 2.711    6.5900
 2.712    6.6100
 2.714    6.6800
 2.715    6.8000
 2.717    6.7600
 2.718    6.7200
 2.719    6.7100
 2.721    6.6900
 2.722    6.5200
 2.724    6.4300
 2.725    6.4700
 2.727    6.6100
 2.728    6.5600
 2.729    6.3200
 2.731    6.1900
 2.732    6.2900
 2.734    6.2800
 2.735    6.1500
 2.737    6.0600
 2.738    6.0500
 2.740    5.9900
 2.741    6.0500
 2.742    6.0900
 2.744    6.0400
 2.745    5.9700
 2.747    5.9200
 2.748    5.7800
 2.750    5.6100
 2.751    5.5600
 2.753    5.6400
 2.754    5.6800
 2.756    5.6800
 2.757    5.5600
 2.758    5.5700
 2.760    5.5900
 2.761    5.5900
 2.763    5.6100
 2.764    5.6600
 2.766    5.6100
 2.767    5.6700
 2.769    5.5600
 2.770    5.4900
 2.772    5.5700
 2.773    5.7100
 2.775    5.7700
 2.776    5.8100
 2.778    5.7000
 2.779    5.6500
 2.781    5.6300
 2.782    5.6000
 2.784    5.5400
 2.785    5.5600
 2.787    5.6100
 2.788    5.8200
 2.790    5.9100
 2.791    5.7600
 2.793    5.6000
 2.794    5.5300
 2.796    5.6200
 2.797    5.8000
 2.799    5.8000
 2.800    5.7400
 2.802    5.7100
 2.803    5.6400
 2.805    5.7200
 2.806    5.7200
 2.808    5.6100
 2.809    5.6200
 2.811    5.6900
 2.812    5.7000
 2.814    5.6000
 2.815    5.7000
 2.817    5.7300
 2.818    5.6400
 2.820    5.6400
 2.821    5.6900
 2.823    5.7200
 2.825    5.7900
 2.826    5.6600
 2.828    5.5900
 2.829    5.6200
 2.831    5.7000
 2.832    5.7800
 2.834    5.6800
 2.835    5.5300
 2.837    5.5100
 2.838    5.5700
 2.840    5.7500
 2.842    5.7000
 2.843    5.6400
 2.845    5.6100
 2.846    5.6200
 2.848    5.6600
 2.849    5.6800
 2.851    5.7500
 2.853    5.8400
 2.854    5.7600
 2.856    5.7500
 2.857    5.6600
 2.859    5.5200
 2.860    5.5200
 2.862    5.6200
 2.864    5.6800
 2.865    5.6200
 2.867    5.5100
 2.868    5.5200
 2.870    5.5700
 2.871    5.7300
 2.873    5.7100
 2.875    5.6300
 2.876    5.5800
 2.878    5.5300
 2.879    5.5500
 2.881    5.6300
 2.883    5.6000
 2.884    5.7000
 2.886    5.6300
 2.887    5.5400
 2.889    5.5700
 2.891    5.5500
 2.892    5.6200
 2.894    5.6400
 2.896    5.6000
 2.897    5.6000
 2.899    5.5900
 2.900    5.6900
 2.902    5.6300
 2.904    5.5800
 2.905    5.5500
 2.907    5.5500
 2.909    5.5700
 2.910    5.5200
 2.912    5.5600
 2.913    5.7100
 2.915    5.6700
 2.917    5.6100
 2.918    5.5800
 2.920    5.5800
 2.922    5.5100
 2.923    5.4600
 2.925    5.4000
 2.927    5.4100
 2.928    5.5600
 2.930    5.6900
 2.932    5.7300
 2.933    5.7400
 2.935    5.7100
 2.937    5.6400
 2.938    5.5900
 2.940    5.6200
 2.942    5.6900
 2.943    5.6600
 2.945    5.4800
 2.947    5.5000
 2.948    5.7000
 2.950    5.7600
 2.952    5.6400
 2.953    5.6500
 2.955    5.7000
 2.957    5.7300
 2.958    5.5900
 2.960    5.5200
 2.962    5.5500
 2.963    5.5700
 2.965    5.5800
 2.967    5.6300
 2.968    5.5900
 2.970    5.6100
 2.972    5.7300
 2.974    5.8200
 2.975    5.6900
 2.977    5.5900
 2.979    5.5500
 2.980    5.5600
 2.982    5.6100
 2.984    5.7000
 2.986    5.6500
 2.987    5.6800
 2.989    5.7200
 2.991    5.7600
 2.992    5.6900
 2.994    5.5900
 2.996    5.6800
 2.998    5.8100
 2.999    5.7500
 3.001    5.6900
 3.003    5.6900
 3.005    5.6900
 3.006    5.7700
 3.008    5.7700
 3.010    5.7500
 3.012    5.7600
 3.013    5.7300
 3.015    5.7300
 3.017    5.8100
 3.019    5.8800
 3.020    5.8700
 3.022    5.8300
 3.024    5.7200
 3.026    5.7200
 3.027    5.7800
 3.029    5.7800
 3.031    5.7700
 3.033    5.8200
 3.034    5.8400
 3.036    5.7400
 3.038    5.6800
 3.040    5.7300
 3.042    5.7100
 3.043    5.7500
 3.045    5.7400
 3.047    5.7800
 3.049    5.8300
 3.051    5.8300
 3.052    5.8000
 3.054    5.7700
 3.056    5.7000
 3.058    5.7100
 3.060    5.7600
 3.061    5.8200
 3.063    5.7900
 3.065    5.7000
 3.067    5.7000
 3.069    5.7800
 3.070    5.8400
 3.072    5.8300
 3.074    5.7600
 3.076    5.7900
 3.078    5.7600
 3.079    5.7200
 3.081    5.7500
 3.083    5.8200
 3.085    5.8200
 3.087    5.7700
 3.089    5.8000
 3.091    5.8800
 3.092    5.8800
 3.094    5.8400
 3.096    5.8500
 3.098    5.8800
 3.100    5.8100
 3.102    5.8300
 3.103    5.9100
 3.105    5.9200
 3.107    5.8400
 3.109    5.7900
 3.111    5.7900
 3.113    5.8100
 3.115    5.8200
 3.116    5.9400
 3.118    6.0100
 3.120    5.9700
 3.122    5.9300
 3.124    5.9500
 3.126    5.9700
 3.128    6.0100
 3.130    6.0100
 3.132    5.9800
 3.133    5.9400
 3.135    5.9600
 3.137    6.0000
 3.139    6.0300
 3.141    6.0200
 3.143    6.0500
 3.145    6.0500
 3.147    6.0500
 3.149    5.9900
 3.151    5.9400
 3.152    5.9700
 3.154    6.0400
 3.156    6.1300
 3.158    6.1600
 3.160    6.1300
 3.162    6.1300
 3.164    6.1200
 3.166    6.0600
 3.168    6.0400
 3.170    6.1400
 3.172    6.1600
 3.174    6.2300
 3.176    6.2700
 3.178    6.2900
 3.180    6.2600
 3.182    6.2200
 3.183    6.2300
 3.185    6.2500
 3.187    6.2500
 3.189    6.2800
 3.191    6.3300
 3.193    6.2900
 3.195    6.2500
 3.197    6.2100
 3.199    6.2100
 3.201    6.3100
 3.203    6.2900
 3.205    6.3100
 3.207    6.4500
 3.209    6.4900
 3.211    6.3900
 3.213    6.3400
 3.215    6.3600
 3.217    6.3900
 3.219    6.3800
 3.221    6.4700
 3.223    6.5200
 3.225    6.4300
 3.227    6.3800
 3.229    6.3900
 3.231    6.4300
 3.233    6.4300
 3.235    6.4600
 3.237    6.5100
 3.239    6.5200
 3.241    6.6100
 3.243    6.5900
 3.245    6.4900
 3.247    6.4900
 3.249    6.5000
 3.251    6.4800
 3.253    6.5000
 3.255    6.5300
 3.257    6.5700
 3.259    6.5800
 3.262    6.6000
 3.264    6.5700
 3.266    6.5900
 3.268    6.6800
 3.270    6.7000
 3.272    6.6800
 3.274    6.6900
 3.276    6.6100
 3.278    6.5800
 3.280    6.6200
 3.282    6.6400
 3.284    6.6200
 3.286    6.6400
 3.288    6.7400
 3.291    6.8100
 3.293    6.7700
 3.295    6.7100
 3.297    6.6900
 3.299    6.7100
 3.301    6.7300
 3.303    6.7800
 3.305    6.7900
 3.307    6.7400
 3.309    6.7800
 3.312    6.8100
 3.314    6.7600
 3.316    6.7100
 3.318    6.7400
 3.320    6.8100
 3.322    6.7500
 3.324    6.7400
 3.326    6.7300
 3.329    6.7400
 3.331    6.7700
 3.333    6.8100
 3.335    6.7700
 3.337    6.7300
 3.339    6.7000
 3.341    6.6400
 3.344    6.6300
 3.346    6.6000
 3.348    6.5300
 3.350    6.6200
 3.352    6.6600
 3.354    6.5900
 3.357    6.5700
 3.359    6.6400
 3.361    6.6800
 3.363    6.7200
 3.365    6.7200
 3.367    6.7100
 3.370    6.7100
 3.372    6.7600
 3.374    6.7300
 3.376    6.7300
 3.378    6.7100
 3.381    6.6900
 3.383    6.7600
 3.385    6.8000
 3.387    6.8000
 3.389    6.8400
 3.392    6.8900
 3.394    6.8600
 3.396    6.8100
 3.398    6.8100
 3.401    6.8200
 3.403    6.8100
 3.405    6.7600
 3.407    6.8700
 3.409    6.9500
 3.412    6.9500
 3.414    6.8700
 3.416    6.8600
 3.418    6.9700
 3.421    7.0100
 3.423    6.9400
 3.425    6.9400
 3.428    7.0000
 3.430    7.0300
 3.432    7.0200
 3.434    6.9900
 3.437    6.9900
 3.439    7.0500
 3.441    7.0500
 3.443    7.0500
 3.446    6.9700
 3.448    6.9100
 3.450    6.9700
 3.453    7.0600
 3.455    7.0000
 3.457    7.0100
 3.460    7.0400
 3.462    7.0100
 3.464    6.9200
 3.466    6.8900
 3.469    6.9100
 3.471    6.8600
 3.473    6.8100
 3.476    6.8300
 3.478    6.8100
 3.480    6.8700
 3.483    6.9400
 3.485    6.9400
 3.487    6.9200
 3.490    6.9600
 3.492    7.0000
 3.494    6.9600
 3.497    7.0000
 3.499    7.0300
 3.502    7.0400
 3.504    7.1000
 3.506    7.1400
 3.509    7.1300
 3.511    7.0900
 3.513    7.1600
 3.516    7.2000
 3.518    7.1900
 3.521    7.1600
 3.523    7.2100
 3.525    7.3100
 3.528    7.3800
 3.530    7.3500
 3.533    7.3600
 3.535    7.4000
 3.537    7.4100
 3.540    7.3900
 3.542    7.4400
 3.545    7.4300
 3.547    7.4700
 3.550    7.5300
 3.552    7.4700
 3.554    7.4800
 3.557    7.5300
 3.559    7.5300
 3.562    7.5400
 3.564    7.5600
 3.567    7.5900
 3.569    7.5800
 3.571    7.6200
 3.574    7.6300
 3.576    7.6000
 3.579    7.6300
 3.581    7.6700
 3.584    7.7000
 3.586    7.7600
 3.589    7.7500
 3.591    7.7300
 3.594    7.7100
 3.596    7.7100
 3.599    7.6700
 3.601    7.6500
 3.604    7.7200
 3.606    7.7600
 3.609    7.7400
 3.611    7.7400
 3.614    7.7600
 3.616    7.7600
 3.619    7.7200
 3.621    7.7200
 3.624    7.7900
 3.626    7.8200
 3.629    7.7900
 3.632    7.8200
 3.634    7.7900
 3.637    7.7400
 3.639    7.7800
 3.642    7.8400
 3.644    7.8300
 3.647    7.8200
 3.649    7.7800
 3.652    7.8200
 3.655    7.8500
 3.657    7.8800
 3.660    7.8700
 3.662    7.8700
 3.665    7.8100
 3.667    7.8300
 3.670    7.8600
 3.673    7.8600
 3.675    7.8500
 3.678    7.9200
 3.680    7.9300
 3.683    7.9100
 3.686    7.9100
 3.688    7.9200
 3.691    7.9300
 3.694    7.8700
 3.696    7.8500
 3.699    7.9200
 3.701    7.9400
 3.704    7.8900
 3.707    7.8800
 3.709    7.9300
 3.712    7.9200
 3.715    7.9400
 3.717    7.9900
 3.720    7.9900
 3.723    7.9200
 3.725    7.9700
 3.728    8.0000
 3.731    7.9500
 3.733    7.9400
 3.736    7.9600
 3.739    7.9500
 3.742    7.9600
 3.744    7.9300
 3.747    7.9600
 3.750    7.9800
 3.752    7.9500
 3.755    7.8800
 3.758    7.8900
 3.761    7.9300
 3.763    7.9800
 3.766    7.9600
 3.769    7.9500
 3.771    7.9600
 3.774    7.9200
 3.777    7.8500
 3.780    7.8100
 3.782    7.8300
 3.785    7.8400
 3.788    7.8000
 3.791    7.8500
 3.794    7.8500
 3.796    7.7900
 3.799    7.7500
 3.802    7.7100
 3.805    7.6900
 3.807    7.6600
 3.810    7.6400
 3.813    7.6800
 3.816    7.6500
 3.819    7.6000
 3.822    7.5800
 3.824    7.5600
 3.827    7.5500
 3.830    7.5100
 3.833    7.4900
 3.836    7.5200
 3.838    7.5000
 3.841    7.4700
 3.844    7.4900
 3.847    7.4800
 3.850    7.4700
 3.853    7.4900
 3.856    7.4600
 3.858    7.4500
 3.861    7.4700
 3.864    7.5000
 3.867    7.5300
 3.870    7.5100
 3.873    7.4900
 3.876    7.5300
 3.879    7.4900
 3.882    7.4800
 3.884    7.4500
 3.887    7.4400
 3.890    7.4600
 3.893    7.4300
 3.896    7.4100
 3.899    7.4400
 3.902    7.5000
 3.905    7.4900
 3.908    7.4600
 3.911    7.5000
 3.914    7.4600
 3.917    7.4100
 3.920    7.3500
 3.923    7.3700
 3.926    7.4500
 3.929    7.4400
 3.932    7.3900
 3.935    7.3900
 3.938    7.3300
 3.941    7.2800
 3.944    7.3000
 3.947    7.2900
 3.950    7.2100
 3.953    7.1900
 3.956    7.1800
 3.959    7.2000
 3.962    7.1800
 3.965    7.1400
 3.968    7.1000
 3.971    7.0600
 3.974    7.0500
 3.977    7.0800
 3.980    7.1000
 3.983    7.1000
 3.986    7.1000
 3.989    7.1500
 3.992    7.1900
 3.995    7.2200
 3.998    7.2500
 4.001    7.2500
 4.004    7.2600
 4.008    7.3300
 4.011    7.3300
 4.014    7.3500
 4.017    7.3900
 4.020    7.4700
 4.023    7.5300
 4.026    7.5200
 4.029    7.5400
 4.032    7.5900
 4.036    7.6200
 4.039    7.6600
 4.042    7.6800
 4.045    7.6600
 4.048    7.6500
 4.051    7.6900
 4.055    7.7400
 4.058    7.7300
 4.061    7.7100
 4.064    7.7200
 4.067    7.7100
 4.070    7.7500
 4.074    7.8300
 4.077    7.8100
 4.080    7.7300
 4.083    7.7200
 4.087    7.7800
 4.090    7.8400
 4.093    7.8600
 4.096    7.8700
 4.099    7.8500
 4.103    7.8500
 4.106    7.8200
 4.109    7.8000
 4.112    7.8000
 4.116    7.7800
 4.119    7.7300
 4.122    7.7600
 4.126    7.8600
 4.129    7.8600
 4.132    7.8000
 4.135    7.7900
 4.139    7.8400
 4.142    7.8200
 4.145    7.7500
 4.149    7.7700
 4.152    7.7700
 4.155    7.7600
 4.159    7.8000
 4.162    7.8400
 4.165    7.8700
 4.169    7.8800
 4.172    7.8400
 4.175    7.7700
 4.179    7.7400
 4.182    7.7400
 4.185    7.7700
 4.189    7.7600
 4.192    7.7300
 4.196    7.7200
 4.199    7.7100
 4.202    7.7200
 4.206    7.7300
 4.209    7.6700
 4.213    7.6000
 4.216    7.6300
 4.219    7.6100
 4.223    7.5100
 4.226    7.4600
 4.230    7.4600
 4.233    7.4600
 4.237    7.4800
 4.240    7.4600
 4.244    7.4900
 4.247    7.5300
 4.251    7.5900
 4.254    7.6400
 4.258    7.6000
 4.261    7.5400
 4.265    7.5000
 4.268    7.4600
 4.272    7.4400
 4.275    7.4400
 4.279    7.4500
 4.282    7.4400
 4.286    7.3800
 4.289    7.3600
 4.293    7.4100
 4.296    7.4200
 4.300    7.4600
 4.304    7.4700
 4.307    7.4600
 4.311    7.4100
 4.314    7.4600
 4.318    7.5000
 4.321    7.4800
 4.325    7.4400
 4.329    7.4500
 4.332    7.4600
 4.336    7.4400
 4.340    7.4300
 4.343    7.4400
 4.347    7.5200
 4.350    7.5000
 4.354    7.4400
 4.358    7.4200
 4.361    7.3800
 4.365    7.3800
 4.369    7.4000
 4.372    7.4000
 4.376    7.3700
 4.380    7.3400
 4.384    7.3300
 4.387    7.3800
 4.391    7.3700
 4.395    7.3400
 4.398    7.3200
 4.402    7.3000
 4.406    7.2900
 4.410    7.3300
 4.413    7.3200
 4.417    7.2600
 4.421    7.2300
 4.425    7.2100
 4.428    7.2100
 4.432    7.2000
 4.436    7.1600
 4.440    7.1500
 4.444    7.1600
 4.447    7.1900
 4.451    7.1900
 4.455    7.1500
 4.459    7.1100
 4.463    7.1100
 4.467    7.0700
 4.470    7.0400
 4.474    7.0100
 4.478    7.0300
 4.482    7.0200
 4.486    7.0300
 4.490    7.0000
 4.494    6.9400
 4.498    6.9300
 4.502    6.9400
 4.505    6.9000
 4.509    6.8800
 4.513    6.8800
 4.517    6.8500
 4.521    6.8200
 4.525    6.8200
 4.529    6.8400
 4.533    6.8500
 4.537    6.8100
 4.541    6.7300
 4.545    6.7000
 4.549    6.7100
 4.553    6.6900
 4.557    6.6700
 4.561    6.6500
 4.565    6.6200
 4.569    6.6500
 4.573    6.6100
 4.577    6.5700
 4.581    6.5700
 4.585    6.5900
 4.589    6.6100
 4.593    6.5700
 4.597    6.4800
 4.601    6.4400
 4.605    6.4100
 4.610    6.3800
 4.614    6.3800
 4.618    6.3400
 4.622    6.3200
 4.626    6.3200
 4.630    6.2900
 4.634    6.2300
 4.638    6.2000
 4.643    6.2000
 4.647    6.2300
 4.651    6.1900
 4.655    6.1300
 4.659    6.0900
 4.663    6.0400
 4.668    6.0100
 4.672    6.0400
 4.676    6.0600
 4.680    6.0200
 4.684    5.9800
 4.689    5.9900
 4.693    5.9800
 4.697    5.9400
 4.701    5.9400
 4.706    5.9500
 4.710    5.9400
 4.714    5.9300
 4.719    5.9600
 4.723    5.9300
 4.727    5.9000
 4.731    5.9000
 4.736    5.9000
 4.740    5.8700
 4.744    5.8600
 4.749    5.8400
 4.753    5.7900
 4.758    5.7500
 4.762    5.7500
 4.766    5.7600
 4.771    5.8100
 4.775    5.8000
 4.779    5.7400
 4.784    5.7200
 4.788    5.7000
 4.793    5.6600
 4.797    5.6200
 4.802    5.6200
 4.806    5.6400
 4.810    5.6600
 4.815    5.6600
 4.819    5.6100
 4.824    5.5900
 4.828    5.5700
 4.833    5.5700
 4.837    5.5800
 4.842    5.5900
 4.846    5.5500
 4.851    5.4800
 4.856    5.4800
 4.860    5.5100
 4.865    5.5100
 4.869    5.4800
 4.874    5.4500
 4.878    5.4100
 4.883    5.4000
 4.888    5.4200
 4.892    5.3900
 4.897    5.3300
 4.901    5.3200
 4.906    5.3700
 4.911    5.3700
 4.915    5.3400
 4.920    5.2800
 4.925    5.2800
 4.929    5.2900
 4.934    5.2600
 4.939    5.2500
 4.943    5.2500
 4.948    5.2400
 4.953    5.2200
 4.958    5.1900
 4.962    5.2100
 4.967    5.1900
 4.972    5.1700
 4.977    5.1800
 4.981    5.1500
 4.986    5.1300
 4.991    5.1200
 4.996    5.1000
 5.001    5.0600
 5.005    5.0500
 5.010    5.0500
 5.015    5.0200
 5.020    5.0300
 5.025    5.0300
 5.030    5.0000
 5.035    4.9900
 5.040    5.0100
 5.044    5.0100
 5.049    4.9600
 5.054    4.9300
 5.059    4.9200
 5.064    4.8900
 5.069    4.8600
 5.074    4.8400
 5.079    4.8400
 5.084    4.8300
 5.089    4.8100
 5.094    4.7800
 5.099    4.7500
 5.104    4.7500
 5.109    4.7800
 5.114    4.7900
 5.119    4.8000
 5.124    4.7800
 5.129    4.7600
 5.134    4.7300
 5.139    4.7000
 5.145    4.6800
 5.150    4.7200
 5.155    4.7100
 5.160    4.6600
 5.165    4.6700
 5.170    4.7000
 5.175    4.6800
 5.180    4.6600
 5.186    4.6500
 5.191    4.6500
 5.196    4.6500
 5.201    4.6400
 5.206    4.5900
 5.212    4.5700
 5.217    4.6200
 5.222    4.6300
 5.227    4.5900
 5.233    4.5700
 5.238    4.5600
 5.243    4.5500
 5.249    4.5100
 5.254    4.5000
 5.259    4.5000
 5.265    4.5100
 5.270    4.4900
 5.275    4.4700
 5.281    4.4700
 5.286    4.4600
 5.291    4.4200
 5.297    4.4100
 5.302    4.4100
 5.308    4.4100
 5.313    4.4000
 5.319    4.3800
 5.324    4.3600
 5.330    4.3500
 5.335    4.3400
 5.341    4.3600
 5.346    4.3400
 5.352    4.3000
 5.357    4.3000
 5.363    4.2800
 5.368    4.2500
 5.374    4.2700
 5.379    4.2900
 5.385    4.2500
 5.390    4.2000
 5.396    4.1700
 5.402    4.1700
 5.407    4.1900
 5.413    4.1700
 5.419    4.1500
 5.424    4.1500
 5.430    4.1500
 5.436    4.1300
 5.441    4.1000
 5.447    4.0800
 5.453    4.0900
 5.459    4.0900
 5.464    4.0800
 5.470    4.0500
 5.476    4.0300
 5.482    4.0400
 5.487    4.0400
 5.493    4.0000
 5.499    3.9800
 5.505    3.9700
 5.511    3.9700
 5.517    3.9300
 5.523    3.8700
 5.528    3.8100
 5.534    3.7800
 5.540    3.7900
 5.546    3.7700
 5.552    3.7000
 5.558    3.6700
 5.564    3.6800
 5.570    3.7000
 5.576    3.7200
 5.582    3.7500
 5.588    3.7600
 5.594    3.7700
 5.600    3.7800
 5.606    3.7900
 5.612    3.7900
 5.618    3.7600
 5.624    3.7400
 5.630    3.7200
 5.637    3.7000
 5.643    3.7000
 5.649    3.7000
 5.655    3.7100
 5.661    3.7400
 5.667    3.7600
 5.674    3.7400
 5.680    3.6900
 5.686    3.6700
 5.692    3.6800
 5.698    3.6800
 5.705    3.6700
 5.711    3.6500
 5.717    3.6600
 5.724    3.6500
 5.730    3.6400
 5.736    3.6500
 5.743    3.6500
 5.749    3.6300
 5.755    3.6200
 5.762    3.5900
 5.768    3.5700
 5.775    3.5700
 5.781    3.5700
 5.788    3.5500
 5.794    3.4900
 5.800    3.4800
 5.807    3.5000
 5.813    3.4800
 5.820    3.4600
 5.827    3.4600
 5.833    3.4300
 5.840    3.4300
 5.846    3.4700
 5.853    3.4500
 5.859    3.3800
 5.866    3.3500
 5.873    3.3700
 5.879    3.3500
 5.886    3.3800
 5.893    3.3600
 5.899    3.3000
 5.906    3.2700
 5.913    3.2700
 5.920    3.2700
 5.926    3.2600
 5.933    3.2000
 5.940    3.1800
 5.947    3.2100
 5.954    3.2500
 5.960    3.1900
 5.967    3.1500
 5.974    3.1400
 5.981    3.0800
 5.988    3.0300
 5.995    3.0600
 6.002    3.0500
 6.009    3.0500
 6.016    3.0700
 6.023    3.0700
 6.030    3.0400
 6.037    3.0200
 6.044    2.9600
 6.051    2.9800
 6.058    3.0400
 6.065    3.0600
 6.072    3.0000
 6.079    2.9600
 6.086    2.9500
 6.094    2.9600
 6.101    2.9800
 6.108    3.0100
 6.115    2.9700
 6.122    2.9400
 6.130    2.9600
 6.137    2.9900
 6.144    3.0200
 6.151    3.0500
 6.159    3.0400
 6.166    3.0800
 6.173    3.1200
 6.181    3.1100
 6.188    3.0800
 6.195    3.1500
 6.203    3.1800
 6.210    3.1500
 6.218    3.1500
 6.225    3.1800
 6.233    3.2200
 6.240    3.2500
 6.248    3.2700
 6.255    3.2900
 6.263    3.2700
 6.270    3.2800
 6.278    3.3000
 6.286    3.3400
 6.293    3.3500
 6.301    3.3800
 6.308    3.4200
 6.316    3.4800
 6.324    3.5200
 6.332    3.5800
 6.339    3.7100
 6.347    3.8100
 6.355    3.8500
 6.363    3.8900
 6.370    4.0300
 6.378    4.1600
 6.386    4.2900
 6.394    4.4500
 6.402    4.5500
 6.410    4.6900
 6.418    4.9800
 6.426    5.2000
 6.434    5.3800
 6.442    5.6300
 6.450    5.8800
 6.458    6.0200
 6.466    6.0600
 6.474    6.0500
 6.482    6.0400
 6.490    6.0900
 6.498    6.1500
 6.506    6.1400
 6.515    6.1100
 6.523    6.1000
 6.531    6.0700
 6.539    6.0700
 6.547    6.0600
 6.556    6.0600
 6.564    6.0100
 6.572    5.9800
 6.581    5.9400
 6.589    5.9600
 6.597    6.0000
 6.606    5.9300
 6.614    5.8100
 6.623    5.7400
 6.631    5.6800
 6.640    5.6600
 6.648    5.6800
 6.657    5.6800
 6.665    5.6100
 6.674    5.6000
 6.682    5.6000
 6.691    5.5700
 6.700    5.5000
 6.708    5.4500
 6.717    5.3800
 6.726    5.3800
 6.734    5.4000
 6.743    5.3500
 6.752    5.2800
 6.761    5.2100
 6.770    5.2100
 6.778    5.2500
 6.787    5.2700
 6.796    5.2000
 6.805    5.1800
 6.814    5.1900
 6.823    5.1400
 6.832    5.0800
 6.841    5.0000
 6.850    4.9800
 6.859    4.9500
 6.868    4.9900
 6.877    5.0000
 6.886    4.9500
 6.896    4.8900
 6.905    4.9000
 6.914    4.9200
 6.923    4.9000
 6.932    4.9300
 6.942    4.9200
 6.951    4.8100
 6.960    4.7800
 6.970    4.7800
 6.979    4.8300
 6.989    4.8700
 6.998    4.8700
 7.007    4.8800
 7.017    4.8800
 7.026    4.8200
 7.036    4.7100
 7.046    4.7000
 7.055    4.7500
 7.065    4.7200
 7.074    4.6600
 7.084    4.5700
 7.094    4.5100
 7.103    4.3800
 7.113    4.2400
 7.123    4.1100
 7.133    4.0400
 7.143    4.0100
 7.152    3.9400
 7.162    3.8800
 7.172    3.8300
 7.182    3.7400
 7.192    3.6900
 7.202    3.5800
 7.212    3.5300
 7.222    3.5000
 7.232    3.4800
 7.242    3.4400
 7.252    3.4000
 7.263    3.3600
 7.273    3.3600
 7.283    3.3800
 7.293    3.3800
 7.303    3.3400
 7.314    3.3500
 7.324    3.3100
 7.334    3.2500
 7.345    3.2500
 7.355    3.2700
 7.366    3.2600
 7.376    3.1900
 7.387    3.1000
 7.397    3.0900
 7.408    3.1000
 7.418    3.1200
 7.429    3.1300
 7.440    3.1000
 7.450    3.0400
 7.461    3.0300
 7.472    3.0000
 7.483    3.0200
 7.493    3.0600
 7.504    3.0500
 7.515    3.0400
 7.526    2.9800
 7.537    2.8700
 7.548    2.9000
 7.559    2.9400
 7.570    2.9600
 7.581    2.9000
 7.592    2.9000
 7.603    2.8600
 7.614    2.8600
 7.626    2.8300
 7.637    2.8100
 7.648    2.8000
 7.659    2.8100
 7.671    2.8500
 7.682    2.8600
 7.694    2.8000
 7.705    2.7900
 7.716    2.7700
 7.728    2.7500
 7.739    2.7200
 7.751    2.7000
 7.763    2.6800
 7.774    2.6900
 7.786    2.6800
 7.798    2.6600
 7.809    2.6200
 7.821    2.6800
 7.833    2.7200
 7.845    2.7600
 7.857    2.7200
 7.869    2.6600
 7.881    2.6600
 7.893    2.7100
 7.905    2.6700
 7.917    2.6600
 7.929    2.6900
 7.941    2.7000
 7.953    2.6700
 7.965    2.7200
 7.978    2.7500
 7.990    2.7600
 8.002    2.7200
 8.015    2.7100
 8.027    2.7500
 8.039    2.7900
 8.052    2.8100
 8.064    2.8600
 8.077    2.8700
 8.090    2.9300
 8.102    2.9900
 8.115    3.1300
 8.128    3.2200
 8.140    3.3000
 8.153    3.4000
 8.166    3.5400
 8.179    3.6700
 8.192    3.8400
 8.205    4.0100
 8.218    4.2200
 8.231    4.4200
 8.244    4.6700
 8.257    4.8500
 8.270    5.0700
 8.283    5.3100
 8.297    5.5300
 8.310    5.7500
 8.323    5.9300
 8.337    6.0200
 8.350    6.1700
 8.364    6.3500
 8.377    6.4900
 8.391    6.5500
 8.404    6.6200
 8.418    6.6500
 8.431    6.7300
 8.445    6.7200
 8.459    6.7900
 8.473    6.9100
 8.487    7.0200
 8.501    7.0800
 8.515    7.1400
 8.529    7.2200
 8.543    7.3200
 8.557    7.3400
 8.571    7.3700
 8.585    7.4600
 8.599    7.5700
 8.614    7.6900
 8.628    7.7500
 8.642    7.8100
 8.657    7.9000
 8.671    7.9700
 8.686    8.0500
 8.700    8.1500
 8.715    8.2500
 8.730    8.2800
 8.744    8.4000
 8.759    8.5000
 8.774    8.6300
 8.789    8.7400
 8.804    8.8500
 8.819    8.9500
 8.834    9.0800
 8.849    9.2000
 8.864    9.3200
 8.879    9.3900
 8.894    9.5700
 8.909    9.7100
 8.925    9.8000
 8.940    9.8200
 8.956    9.8900
 8.971    9.9700
 8.987   10.0500
 9.002   10.0600
 9.018   10.0800
 9.034   10.0800
 9.049   10.0900
 9.065   10.0300
 9.081   10.0000
 9.097    9.9600
 9.113    9.9900
 9.129    9.8700
 9.145    9.8200
 9.161    9.8200
 9.178    9.7900
 9.194    9.7500
 9.210    9.7900
 9.226    9.8000
 9.243    9.9100
 9.259   10.0300
 9.276   10.1500
 9.293   10.2400
 9.309   10.3700
 9.326   10.5600
 9.343   10.7000
 9.360   10.7700
 9.377   10.9400
 9.394   11.0700
 9.411   11.2100
 9.428   11.2900
 9.445   11.3500
 9.462   11.3700
 9.479   11.4800
 9.497   11.5700
 9.514   11.6400
 9.532   11.6700
 9.549   11.7400
 9.567   11.8000
 9.585   11.8300
 9.602   11.8000
 9.620   11.8000
 9.638   11.8500
 9.656   11.9000
 9.674   11.8200
 9.692   11.8000
 9.710   11.7900
 9.728   11.8000
 9.747   11.7700
 9.765   11.7900
 9.783   11.7500
 9.802   11.8100
 9.821   11.8600
 9.839   11.8900
 9.858   11.8600
 9.877   11.8300
 9.895   11.7700
 9.914   11.7100
 9.933   11.6000
 9.952   11.5500
 9.972   11.4900
 9.991   11.4000
10.010   11.2900
10.029   11.2800
10.049   11.2900
10.068   11.2500
10.088   11.1300
10.108   11.1000
10.127   11.0500
10.147   11.0500
10.167   11.0800
10.187   11.1400
10.207   11.1500
10.227   11.1800
10.247   11.2200
10.268   11.3500
10.288   11.4000
10.309   11.3800
10.329   11.3600
10.350   11.4300
10.370   11.4200
10.391   11.4000
10.412   11.3700
10.433   11.3500
10.454   11.2900
10.475   11.2900
10.496   11.2900
10.518   11.4000
10.539   11.4100
10.560   11.4100
10.582   11.4200
10.604   11.4400
10.625   11.4500
10.647   11.4600
10.669   11.4200
10.691   11.4600
10.713   11.4600
10.735   11.5300
10.758   11.5300
10.780   11.5100
10.802   11.4400
10.825   11.4500
10.848   11.4300
10.870   11.3900
10.893   11.3300
10.916   11.3100
10.939   11.2200
10.962   11.1300
10.985   11.0400
11.009   10.9500
11.032   10.8200
11.056   10.7600
11.079   10.6600
11.103   10.5800
11.127   10.5000
11.151   10.4900
11.175   10.4800
11.199   10.5600
11.223   10.7700
11.248   11.0500
11.272   11.1000
11.297   10.9600
11.321   10.7600
11.346   10.5800
11.371   10.2300
11.396    9.9000
11.421    9.5800
11.446    9.3400
11.471    9.0900
11.497    8.9100
11.522    8.6900
11.548    8.4500
11.574    8.2100
11.600    8.0400
11.626    7.9000
11.652    7.8300
11.678    7.6200
11.704    7.4600
11.731    7.3400
11.757    7.2100
11.784    6.9700
11.811    6.8400
11.838    6.7400
11.865    6.6900
11.892    6.6000
11.920    6.5200
11.947    6.3900
11.975    6.3700
12.002    6.2700
12.030    6.1800
12.058    6.0700
12.086    6.0000
12.115    5.8800
12.143    5.8100
12.171    5.7000
12.200    5.5800
12.229    5.3800
12.258    5.2400
12.287    5.1700
12.316    5.2000
12.345    5.0300
12.375    4.9100
12.404    4.8500
12.434    4.8200
12.464    4.6500
12.494    4.6400
12.524    4.6300
12.554    4.5900
12.585    4.5100
12.616    4.5000
12.646    4.4700
12.677    4.5100
12.708    4.3900
12.739    4.3600
12.771    4.3200
12.802    4.2900
12.834    4.2300
12.866    4.2600
12.898    4.2600
12.930    4.3400
12.962    4.3400
12.995    4.3800
13.027    4.3400
13.060    4.2700
13.093    4.0900
13.126    4.0600
13.160    4.1100
13.193    4.2500
13.227    4.1400
13.261    4.0500
13.295    4.0100
13.329    4.1100
13.363    4.1300
13.398    4.1300
13.432    4.0700
13.467    4.0100
13.502    3.9800
13.538    4.1000
13.573    4.0600
13.609    4.0400
13.644    3.9800
13.680    3.9900
13.717    3.9600
13.753    3.9300
13.790    3.8900
13.826    3.7900
13.863    3.6100
13.900    3.7200
13.938    3.8700
13.975    3.9700
14.013    3.8600
